2.587121025022403842e+01
2.981738441345567736e+01
2.981709061561022978e+01
1.997583336896614270e+01
2.981692362850362343e+01
2.981828680923567987e+01
2.981907997392215037e+01
2.981949188231748593e+01
1.789195615808194617e+01
2.981830187294044165e+01
2.291152016541500913e+01
2.981781092413346812e+01
2.526827000479587682e+01
2.981859434804819742e+01
1.968845987845622147e+01
1.834878001033928996e+01
2.085437256962260832e+01
2.981784359281467545e+01
2.981823314043790063e+01
2.981710531479756554e+01
2.981798164280608177e+01
2.981713445181193478e+01
2.981847495927747005e+01
1.850812543767760587e+01
2.576565427241656181e+01
2.981861292327047863e+01
2.516337846980131232e+01
1.973532506172512413e+01
2.981736952369369220e+01
2.899189255003059174e+01
2.981780630511452301e+01
1.881642438849754129e+01
2.981755207890866188e+01
2.609244993127560619e+01
1.894814645055246061e+01
2.012247372190629235e+01
2.981803356193831078e+01
1.975466763320709518e+01
2.981759428139774215e+01
1.969088593254643982e+01
2.981765150586386426e+01
2.981875248235862941e+01
2.575362349014759999e+01
2.981867403054450705e+01
2.981937070575035875e+01
2.154109120131455413e+01
2.981871029976458587e+01
2.981657279977930486e+01
2.981891703757283452e+01
2.685250601564917616e+01
