-6.905840454955804175e-02 -1.260255586650040234e-03 -2.025914049432259390e+00 1.339607614633369845e-03 3.440371499042705825e-04 1.080051498539936622e-01 1.974085950567729508e+00 1.134297642635239377e-02 1.641759575106542524e-01 -6.702404475171895581e-02 -8.304219301798942965e-02 -1.984057816524777140e-02 5.211472368694738955e-02 3.268000121244649114e-02
-1.131692612717248164e-01 5.390325281767578691e-02 -4.374258750746609636e-02 2.591590322042017225e-02 -8.965585452542713246e-03 1.272664797121177416e-01 -9.194640135827925054e-02 2.768141628075496130e-01 -2.820382062512646892e-02 -3.850435805752278756e-02 -7.142176141155606728e-02 3.442742896795521895e-02 2.390423263343940258e-02 -6.832880595570273163e-02
-1.260313735110046296e-01 -8.280414423180299660e-03 2.482461889838107755e-02 6.726363201439916617e-02 -3.177170954138470310e-02 5.922902257675610738e-03 -9.793867835007487310e-02 1.220340864032713746e-01 -8.813495316212787908e-03 9.330284459534950170e-02 2.131544624146904099e-02 -3.838079556593480823e-03 1.372934202937853114e-02 6.229756777763516273e-03
-7.362567394470329041e-02 -3.493920557526705717e-02 2.968946370475675917e-02 -6.622572003539582697e-02 5.826907287453646916e-02 1.481673550482938417e-01 -1.544202022174721578e-01 1.390997973167154844e-01 -6.889879984085847675e-02 6.353223336038364699e-02 1.295083403484344475e-01 -8.786523518121733267e-02 -3.922828082783204329e-02 3.488573348886259140e-02
-1.489690152412506408e-01 -8.037787284687391079e-03 5.005760274687875988e-02 9.043774092503245599e-03 -8.518608530865517947e-02 3.646433858089914715e-02 3.918201048402891740e-02 1.025407480843074648e-01 4.185492660145286037e-02 1.256843434806120038e-03 -1.978323880564411552e-02 3.069895693343079740e-02 1.513357101839896135e-01 -1.225099059828225756e-01
-5.568211292554358510e-02 -2.941721537032877809e-03 -2.342156340965433070e-02 4.701754401864262356e-02 4.559497885772441361e-02 7.719844979660173134e-02 -1.289976431582834093e-01 1.040256173823917996e-01 -2.333258694621882096e-02 1.349783245298017721e-02 -3.150889013784911180e-02 3.790960427289696844e-02 3.995107977117241804e-02 -2.136170991859097368e-02
-3.400875831581222364e-02 1.730097001545563562e-02 -1.199206511008618636e-03 3.865713742679318526e-02 -1.431726550521420060e+00 4.581464078147692853e-02 -3.910373965337711477e-02 1.568273449478574610e+00 -4.623112668428958072e-02 4.221094586043316194e-02 -2.036261803997534148e-02 -9.061546101175602108e-02 2.315944265083709139e-02 5.779753043305677074e-03
1.455610648305687496e-02 -3.412994512598294117e-01 2.447082893300367989e-01 1.409727648658168353e-02 -7.969209292544410239e-03 1.536198730394683076e-01 -9.674917172585451031e-04 1.774063631066561397e-01 -7.975388581882834893e-02 -1.547587332974499630e-02 -8.834250814992027079e-02 -3.359942010444379457e-01 1.217766015655257356e-01 2.215869891204754472e-01
-7.053024311647526634e-02 -7.466578507134065401e-03 -6.467876254873088093e-02 -4.837486868065676848e-03 -9.593395289041281582e-03 -8.883026099570572320e-01 -1.254440615174821222e-02 1.111697390042951650e+00 -3.468441397544107241e-02 6.561297591118654682e-02 3.343767992159739355e-02 -6.568754014971574240e-02 8.186660397516080934e-02 -5.634033476825005271e-02
-9.957061081582292694e-02 -2.280722215906278577e-02 -2.089017006467933091e-02 -1.549330705413764164e+00 3.317849736400479282e-02 1.736028002460018593e-01 1.450669294586230285e+00 1.300051081229144923e-01 -1.045317371893559333e-01 -2.029542582920439847e-02 3.214500782222622088e-03 1.311932012365428502e-02 5.066747810026286242e-02 4.091775066583522996e-02
1.166232442535063418e-01 8.396807400089066620e-02 -3.229744659657118433e+00 2.812095709292835102e-02 -3.650808533896118119e-02 2.851587319755856664e-01 -1.049871935747884732e-01 -1.498306054623088635e-03 -1.753353136158467829e-01 -1.414479069498673636e-01 3.214275836948260245e+00 1.020413660558182117e-03 4.939085327751731314e-02 -1.108776749880481007e-02
-1.364871269946864030e-01 7.345224073560945033e-02 -3.697862976521260059e-02 -2.216973732444667278e-02 4.859647961687785234e-02 6.540514604757038941e-02 -4.731588234362166245e-02 2.248663884720032979e-01 -3.262310188381393333e-02 -3.381778393090739687e-02 2.351506824972743326e-02 -1.659179313667723948e-02 -1.040925564582943427e-02 -2.149313357735601476e-02
-1.089081201904033014e-01 -3.222141904599568410e-03 -7.646649417439506380e-02 3.273748012592126583e-02 4.469559641328990640e-02 7.600431624358615357e-02 -3.204238371095582405e-01 2.311004266657736839e-01 6.076426321283100174e-02 3.101557929801062596e-01 -5.760136011321959765e-02 2.532510064963685442e-02 1.927016514015270077e-02 -1.554823094198850286e-01
5.419771854984592463e-02 -3.740386724049715728e-02 -2.446911657319196021e+00 -3.015970416535508972e-03 1.045927558649037525e+00 1.198831476266841722e-01 1.012388911771691768e+00 -2.342770107571880533e+00 -6.067527094782118602e-02 -4.954128541045015044e-02 1.400691838677454282e+00 9.517963776701059420e-01 4.234919097477244931e-01 9.889574733073492468e-03
-8.283643189908253268e-02 -2.535096483745252982e+00 5.875274948888499493e-02 2.177273059548551215e-02 -8.297092671724019819e-02 1.680586806886748552e-01 2.464903516254762561e+00 1.180132189344666876e-01 -3.574876952811918696e-02 -1.323721339504335404e-01 5.504817180712424582e-04 4.056060705490061036e-02 8.488018316918836959e-02 -1.051854354506913912e-02
-1.104484304840464004e-01 -5.434880052688906282e-02 1.052856668340584612e-01 4.745414252189279064e-02 -3.718594037546251591e-02 -1.477702379209580474e+00 -2.209251696581317898e-02 6.754200827459411194e-02 1.522297620790423744e+00 8.503144707289779503e-04 5.073435125406037388e-02 -1.547639260428434471e-01 1.052233592322503741e-01 3.510340874586327653e-02
-1.566662259177290656e-02 6.582089787977810774e-03 -7.732341886405227904e-02 -4.822402836104879020e-02 -1.007542242414950495e-01 1.325921492130881785e-01 4.508861076812813347e-03 1.621722549269860314e-01 -9.062183774518556278e-02 3.936061210240704433e-02 6.547602643158845215e-02 -2.119009783320712631e-02 8.317187553767803332e-02 -6.213476092053957928e-02
7.243040554394962471e-02 -2.004222843760452080e-02 3.305051506623123136e-02 -1.368817084211436663e-01 4.700192484030788626e-02 2.455759977760278018e-02 -9.996456939448239432e-02 1.267932878422158294e-01 -1.228446093686355878e-01 -1.022833390066454073e-01 2.136819386070945015e-01 -3.655104171937591240e-02 2.687104092305611092e-01 -1.897097060408384495e-01
-1.227027173591413445e-01 2.859787261921958867e-04 1.213551527825671231e-02 -6.982418730913791949e-04 2.787926477291435834e-02 1.095056622455867629e-01 -4.553448809177773615e-02 2.539009567578821569e-01 -1.340799208710147239e-02 -2.306249400849384734e-02 -2.075456540418338380e-02 7.975046132980723179e-03 -8.577574990115452436e-02 -2.179729666963226009e-02
-5.835330838385135999e-02 -3.825356562675102934e-02 -1.425653806305246241e-01 2.830448118465921439e-02 2.464305204015079798e-02 1.501647034111169288e-01 3.573227138643771811e-03 7.831137548953559513e-02 6.646977776566757867e-02 4.903093992806552281e-02 2.232576317355697976e-02 -5.684931327469046336e-02 9.026595081587708569e-02 -1.391188245122189360e-01
-3.944858246651256617e-01 -3.239431792395956744e-02 6.051282103569456672e-02 -2.007867154410905575e-02 -8.399544864543434519e-02 3.208263731624102361e-02 -4.759221784838569419e-02 4.248230575724116775e-01 3.779016003476161623e-01 -7.188658550036367001e-02 4.199145667055725895e-02 7.939516589216402687e-02 1.698343477561736203e-01 -4.581591419442428981e-01
-1.287837242640510749e-01 3.539305876509366705e-02 -2.557102828475860123e-02 1.045678323473058988e-02 6.383080618552974816e-02 7.677630320159652133e-02 -5.248044054241163270e-02 2.184112239369406794e-01 -1.066040228098637244e-02 -5.485739143361034742e-02 4.819276389477700900e-02 4.918374386241718133e-02 2.248647910082061940e-02 -1.744292968568509905e-01
-5.430201561778168207e-02 2.342783316754486547e-02 8.434159692352463655e-03 -1.366266409956673478e-02 -4.338877394450130209e-03 9.138045492674297388e-02 -1.106138451537001188e+00 2.793506991272537432e-04 -3.171961934827920854e-02 -9.010876766186965564e-03 1.212509988612130885e+00 -1.160880699152128104e-02 5.008215712253961949e-02 -7.738375394641380800e-02
-7.964465278778870214e-03 -4.184589024735959478e-02 -7.942664306543245623e-02 -3.656049184499963328e-02 -1.890239461688973666e-03 9.329249425971013199e-02 1.240435065522451155e-02 8.297537210554238596e-02 -3.943141667604330158e-03 4.880097125848762568e-02 -5.352794043418535735e-02 -2.714927629985242064e-02 2.089319945735733930e-01 -1.161482160333994068e-01
-4.693031460809370115e-02 2.041599714019358414e-02 -6.313455839260752323e-02 3.067001137912858666e-02 1.305823696981718920e-02 6.311292740853081951e-02 -3.204541030335656543e-02 1.267236086968825393e-01 -7.224797709823152503e-02 -1.237246157268647936e-02 6.928053969519794297e-04 3.477131422922515036e-02 7.747105593276253088e-02 -6.223635665927955418e-02
-1.245344273543664282e-01 -2.946571555427652048e-02 -2.018693764952899983e+00 3.761674740810558304e-04 -8.401725781002072901e-02 1.381653345932921662e-01 1.981306235047097131e+00 1.202208424689655691e-01 3.864686672780701798e-02 -6.496008725033400322e-02 1.058048145235155300e-03 8.322588970366044669e-02 6.265862100990199357e-02 -2.603787372890573742e-02
-1.140193818699437867e-01 -2.045355500643178046e-02 -3.540675261044636812e-01 2.606215351429350680e-01 9.543347360892873166e-02 1.840917469215115343e-01 -6.298178422105123186e-02 1.270082893425106274e-01 6.480104505271790105e-02 -1.890264046060502467e-01 -8.850624054002366459e-03 4.991041058373942019e-02 2.129859232971403615e-01 -1.675042695683035543e-01
-4.748578060215563612e-02 -7.112668989577131118e-03 6.129707998985800196e-03 4.736654758876491372e-02 -3.047810367819397612e-02 7.837050282464630424e-02 -2.015983570858254081e-02 1.739055720911695246e-01 6.290897046115062619e-02 -1.087923162637046692e-01 -5.091248213281746038e-02 -8.557874702275695966e-02 1.952616368319822215e-01 -1.354741248796741959e-01
-1.421808893282047737e-01 -2.907231162420917045e-02 1.684855332728473973e-02 -3.903106717804263881e-02 9.946103301445216593e-02 9.487075098533900852e-02 -1.014019673319983550e-01 1.886749758783460573e-01 -2.834959449260898712e-02 9.769881278401004732e-02 -2.031367349513054504e-02 6.704229866915691061e-03 7.272698131231415675e-02 -1.386869551992303828e-01
-9.203716656058888446e-02 1.347756771600365777e-01 -2.718074676302525972e-01 -7.780084384085660110e-02 2.317833610735196836e-01 8.032657904153450712e-02 -3.356389944432890127e-02 1.215244495918000184e-01 9.068181397611715933e-02 -1.071232210158835213e-01 -5.463956069857633935e-02 1.932140942439978734e-02 2.730209053090600912e-01 -2.365131578667439283e-01
-1.377548215023481903e-01 3.252231825405638155e-02 1.597861207986709525e-02 2.354135895125145789e-02 1.830180913070921234e-01 1.396567084444766127e-01 -4.825863254470807440e-01 5.174136745529200887e-01 -4.046036972088248862e-02 -2.137925691601378353e-01 8.583748692073865649e-02 -3.539136443383421315e-02 -9.814812000833485206e-03 -2.191097260483641090e-04
-1.153088140024800812e-01 2.710952930976807673e-01 -3.639899993555232860e-01 4.459829744887683356e-02 1.537219382120271760e-01 2.302294356112748464e-01 -4.145182075404048039e-01 7.895737123041486616e-02 -1.740751297024195621e-03 -1.401878834140776568e-02 9.888711942819644607e-02 6.302259459869824498e-02 -6.249261461486813052e-03 5.326265089039472489e-02
-1.165063928336137616e-01 -2.267888862827014199e-02 -7.999115070046529385e-02 2.153420346269334026e-03 -1.657182144703652632e-02 8.740669253279477469e-02 6.054330537988744654e-02 1.147299195502819169e-01 2.790302045825349131e-02 6.595282347232610774e-03 -1.067052660241652184e-01 6.800504871456511391e-02 1.117989046544567711e-01 -5.873319583095349544e-02
-7.220924042580791069e-02 1.391972895629170481e-02 -9.283873147026011630e-02 -4.734083284518447905e-03 7.210885155734067520e-02 6.027985655774360796e-02 -9.945957271951624823e-02 3.074436862975634122e-01 9.325366779667237926e-02 -1.007127300862192404e-01 4.163712867818687713e-02 -1.089479851674935058e-02 -1.096637348260963152e-01 -2.018114999539399532e-02
-1.251691211570282458e-01 -4.934388498308166920e-02 -7.107700885242720923e-02 1.824066979287271295e-02 -1.543603400610273763e-02 1.651679421887306543e-01 -8.697672359040201084e-02 1.636570740327795981e-01 1.278210273280177833e-01 -5.945942010241396514e-02 -3.468063764105820679e-02 4.510582966166613861e-02 -3.019521994746560134e-02 3.029438579514982799e-02
-1.514731756973883292e-01 4.851535207997226262e-02 -8.057603404887797582e-02 -1.897648547926245710e+00 2.507120340060214891e-02 4.768354886673709103e-03 -1.016187901736233246e-01 2.102351452073753180e+00 2.695582839163229369e-02 -2.226290479714099768e-01 1.599026985152812719e-02 2.445678110726384746e-01 1.835996082574282151e-01 -1.199254056774458621e-01
1.614041181042064066e-02 -4.807021266527705672e-02 -2.928732279110567507e-02 -2.303268532770731680e-02 3.362709916071456723e-02 1.287631939694748318e-01 6.789892940364673779e-02 1.457466851118554840e-01 -4.971313451891116314e-02 -1.125515292675472040e-01 -6.848644917049864778e-02 7.649037614934155183e-02 5.077645315790097619e-02 -1.103529365030706255e-01
-5.988401345836160024e-03 -4.220502884011293615e-02 -2.486766338203916238e-02 2.375319187869388143e-02 7.896169541389344571e-02 1.615969418187702400e-01 -3.785783818427897185e-02 -9.377121442682159747e-02 -4.966036402753213480e-02 1.046170429365290283e-02 -5.624651196976154788e-02 2.636599254167065753e-02 1.107729125985438684e-01 -2.336653784960544822e-02
-6.741929715839919957e-02 8.723866535504110065e-04 5.665493784408704991e-01 -5.149841721702986819e-01 -3.342900460863528975e-03 1.250369347393010255e-01 -4.742459535724014713e-02 -3.431279284384957662e-01 -3.456750699800739679e-02 1.566783508049989643e-02 5.753368886975045449e-01 -2.361201605583345131e-01 8.726592587224760167e-02 -4.579390982309770874e-02
-1.784686623942416048e-02 2.120923236542438667e-02 -2.029023845367154133e-01 5.552164227587580436e-02 -1.964241741601246288e-02 5.245666762664916161e-02 -2.201319686526024555e-01 3.323497835713365434e-01 1.641015215263038340e-01 3.553372484542173526e-02 1.309973906466895266e-01 -5.759922525200648902e-02 -7.896355839563132251e-02 -1.171346638460716849e-01
-3.023505778397626909e+00 -2.647267956087793334e-02 -4.584640408215140406e-02 -4.651838754593438235e-03 -1.301387396665626764e-02 1.666229335590012905e-01 2.976494221602374424e+00 1.636267875520431292e-01 -3.948288229895745294e-02 -8.647588732050383309e-02 -3.140129869103385624e-02 2.612399797918612404e-02 6.015036164771288274e-02 -4.421878074868001995e-02
-5.262762215563909773e-02 1.570477591375001730e-02 -4.173818310299211298e-02 -1.156151327947828322e-02 -4.163082942206113024e-02 1.335936898591051913e-01 -4.788845832544466607e-02 2.362800062202387030e-01 -1.719991152471692791e-02 -1.032378536610394776e-02 1.386749860628928854e-03 2.775253390475222737e-02 3.613769454222817007e-02 -1.499362686050300097e-01
-9.312981510881487845e-02 1.644400423723161864e-01 8.019928712252946679e-02 -8.979673836860499470e-02 -1.188001962237228648e+00 -4.992657371543090389e-02 -1.320845815618302943e+00 1.308503952400752457e+00 1.182648393830916023e+00 -3.311516985554945058e-02 1.182682706734143607e-01 -9.679907995087980166e-02 7.206066618146550473e-02 2.344342079265493428e-02
-9.696250358885057097e-02 -4.423433998210308388e-02 6.592462854678156348e-02 5.089784658048109728e-02 -2.444482539900406579e-02 1.879225108644411724e-01 -7.150078354258192215e-02 1.199389299245282314e-01 -7.687359854453024166e-02 -4.888526961296461859e-02 6.532730599248989800e-02 -1.193032325844363001e-01 1.449144801242414626e-01 -7.477227025925561876e-02
-1.321789256009238689e-01 7.849563433972558957e-02 -2.715962637784824149e-02 -1.268469353635970354e-02 -8.011537419025868689e-02 1.260419502706539019e-01 -2.161009853772595871e-02 1.766316852140457361e-01 -9.455726033091419597e-03 4.432792894642243603e-02 -1.988209232551764460e-02 2.246973129790499554e-02 6.174334691195819402e-02 -1.286748618597482741e-01
-7.597596323212599256e-02 -2.159955679347465296e-02 2.133570384376891685e-02 9.816507929673158606e-02 -7.086158473599206420e-02 1.396296775398760126e-01 -1.040879499866960434e-01 2.516494188398948895e-01 -3.493365182461991708e-02 -5.559451998195106409e-03 -7.801885297183494550e-02 -6.236149970268281550e-02 3.023204432852082124e-02 -9.664534083933622871e-03
-6.383631377931936468e-02 7.982758984568648353e-02 1.723318712017040538e-02 7.769647810368013330e-02 -2.776471227756066584e-02 1.414966537227924370e-01 -2.433563697364726219e-01 1.005566228120766542e-01 -1.719277529336689092e-01 1.376105956959716714e-02 -5.470097939560614880e-02 1.501387110757481658e-01 8.090256014963875808e-02 -2.207785575752546636e-02
-8.462571403636057199e-02 6.413941044079621290e-03 -3.492839743300126365e+00 -1.807238429255449141e-02 1.002777695895321064e-02 1.047947969446701433e-01 -2.960124587760999404e+00 5.317168178272865808e-02 3.030845898961409546e-04 3.507160256699886958e+00 -3.392406038355706699e-02 -2.014308066092089511e-02 3.039875412239001040e+00 -3.406850130545918676e-02
-1.088369297552320980e-01 -1.192003205758412343e-01 -3.262334435850532122e-02 5.351727929844934950e-02 5.508083233705703130e-02 1.850473770138195417e-01 9.740119472453297178e-03 2.045300402686766050e-01 -4.721850036598029127e-02 -6.032259142575572414e-02 -1.658442019535642520e-01 1.019913992501509242e-01 6.670417810247139534e-02 -6.461645878896216111e-02
-6.800119435602908213e-02 1.019781859985760715e-02 -5.961686453142293896e-02 -2.476291313524861870e+00 -7.503030058428249160e-02 8.196361282799556613e-02 1.639698278608499316e-02 1.571965611302030830e-01 2.523708686475138574e+00 -1.992177900255532805e-02 9.449114315310172540e-02 -2.284960245320051195e-02 6.311009374376612413e-02 -1.474049657445579420e-01
