1.702480682852342830e-01
4.644163853529681973e-01
2.805845052284603458e-01
2.215083216555825685e-01
1.972829892812815455e-01
2.409188316091883664e-01
8.915352622295127372e-01
1.231571583270717918e+00
2.317650966947941704e-01
3.901733558339500196e-01
3.582983936551785153e-01
2.560089656333698338e-01
1.627709798107357830e+00
1.794741383189243089e-01
2.294653599177934655e+00
1.984498703917099149e-01
1.759199880389402115e-01
1.995976932845730245e-01
1.956781308729221291e-01
3.009627100957727452e-01
6.737910971759401013e-01
2.415533266155380221e-01
4.028456253527384900e-01
2.573832975392151390e+00
2.133581203671271465e-01
9.188383656966409019e-01
1.763512658024127544e-01
2.229008760608908735e-01
5.249280200322019585e-01
3.502727110876048267e-01
7.937001550148574669e-01
2.569276862503799275e-01
3.573828201727385911e-01
3.262002351979825243e-01
3.040168166968392760e-01
4.078783140896150017e-01
1.923819036219422129e-01
2.736113867396069432e-01
2.040977331099612102e-01
1.816409263763272497e+00
2.186217978234556714e-01
1.583519400684905154e-01
4.291981990371120048e+00
1.700109147245662811e-01
3.863356569210008584e-01
1.974592109147730035e-01
1.509660891774487368e+00
2.368731088904251214e-01
2.469373965237804669e-01
1.521256487213727138e-01
