1.416841079224298250e+00
7.735299680133522759e-01
9.037701229998592600e-01
6.174959011315515056e-01
7.173630707689520047e-01
6.636762989101281374e-01
9.768411688579228258e-01
7.236388046559564247e-01
4.968341162586117354e-01
7.062873665143172275e-01
2.604211402607932602e+00
6.027238738614612013e-01
9.471300260549091465e-01
1.398658006258550079e+00
2.075067458276750543e+00
4.651134479208033357e-01
8.034782445123994643e-01
5.880410801685398425e-01
8.429695480244604466e-01
8.335160250996361819e-01
1.599916193800720254e+00
1.080859452875663651e+00
6.531777643353087193e-01
8.910567349502529488e-01
9.930544641149436913e-01
1.046803445305801272e+00
1.120740564615245960e+00
2.525097970863058539e+00
7.628214751585925546e-01
6.439954135240464339e-01
1.283005678944771022e+00
1.489013602036786565e+00
1.039863149590879221e+00
1.382761693622469812e+00
8.064030783614389852e-01
4.770098143141001223e+00
6.168285514544717962e-01
1.589023592725586687e+00
5.650224161525333466e-01
7.841030562728482645e-01
3.793918369082614372e+00
1.856449026828891125e+00
7.833521362823717693e-01
6.793956058520642660e-01
2.062536798140177208e+00
6.996339482724451830e-01
4.626452631593366283e-01
8.912644928510320419e-01
6.501613693191929944e-01
9.466779415834893907e-01
