1.382880865513072433e+00
3.944757499677469692e+00
1.997088603958244946e+00
1.971607190837463719e+00
2.352862369443623258e+00
1.491682816877258233e+00
1.501468609628162643e+00
1.946257114875459493e+00
5.918522553191839286e+00
3.266744755937762701e+00
2.233786283041215626e+00
4.350105605001221676e+00
1.288295821977677003e+00
4.030118146343889762e+00
1.308168659527431332e+00
5.024915625558444177e+00
3.710810640391821291e+00
1.960955992565828421e+00
1.331098321599344381e+00
1.801891780133600740e+00
2.267865767936816379e+00
1.483714440671497714e+00
1.667507989228240284e+00
1.574394656146234306e+00
1.698630509512955467e+00
1.871401024490327636e+00
1.293831908046964685e+00
2.318190315682175928e+00
2.335834897982028924e+00
2.162041668722439525e+00
1.731582913310332872e+00
1.216022202879588843e+00
1.725739227951677890e+00
2.956606693480218873e+00
1.863477784734556719e+00
1.526261136248704631e+00
2.142179553265340264e+00
2.173313624866268778e+00
1.956712045221529639e+00
1.641047640782827832e+00
2.461918302995907748e+00
1.666717266766859495e+00
1.164537764412564513e+00
1.502565357929136702e+00
1.319662006909745777e+00
2.448389500838456634e+00
2.029434249228805331e+00
2.565049327505247501e+00
1.943856538224593589e+00
1.852621747823613108e+00
