-4.107817999016029342e-03 4.348271864615119164e-01 -1.741525017636677275e-01 3.524764191642894562e-01 1.553600425549580832e-01 5.801989984645108261e-02 1.076954288240024177e-01 6.051234832783043693e-02 -1.437636762864010209e-01 3.959016454766840082e-02 -1.746860054879297852e-01
6.562616634057373555e-02 3.493082877782509588e-01 1.171916444574967742e-01 3.627512263493614664e-01 -7.318816229055730149e-02 -6.106964933684445179e-02 2.895144570670216827e-02 -4.913595489216744661e-02 1.079131526201737162e-01 -3.133401386469644029e-02 -1.052426546785965589e-01
7.388757763056785777e-02 5.067069896578274557e-01 -3.994835339889195314e-02 3.268834011440083787e-01 -3.551875878648397267e-02 6.495786547667564692e-02 1.082493303400851037e-01 -1.124891224955487656e-01 -4.177307328928572816e-02 -7.912933344865862029e-04 -1.383930747547685580e-01
-7.528110273192233776e-03 4.417670450362111700e-01 1.461798753103091958e-02 3.531251028347307530e-01 -2.178531265122137656e-02 4.453380111066451014e-03 -3.919587513953361191e-02 -8.183746706785555158e-02 6.915398533399440273e-02 3.655617770736585559e-02 -5.755542523290029661e-02
4.586879467912705760e-02 5.514185788190143489e-01 -1.634909004632073559e-02 3.893249726189921822e-01 2.572273813017806818e-02 1.928814807480829863e-03 1.469315198694308607e-02 -1.200385860587243753e-01 -5.496105376876943283e-02 1.003098697286964984e-02 -1.358678199510942042e-01
-6.691040463581908633e-03 5.884348696680929969e-01 -2.857425774844128685e-02 3.801561427712503716e-01 -1.211119574412303224e-02 -1.326460778882394831e-02 1.097318959741375860e-01 -8.481186471101691271e-02 -1.854651437198197028e-01 9.176612346296067479e-02 -1.273994335109370213e-01
-6.445718692862753736e-03 1.962739574473411630e-01 1.813933213315502002e-01 4.063230310898081621e-01 3.295675337224824863e-01 -1.878784848092018289e-01 -8.593034817804197367e-02 -1.855797688502704712e-01 1.055018368727780875e-01 4.025208075788326567e-02 -8.170595250176938829e-02
1.856729469203860505e-01 5.136115497189263079e-01 2.306492304014477746e-02 2.167116615378023303e-01 3.131046407278958305e-02 -1.457488320422523076e-02 9.406988074856675874e-02 -1.226393835191160742e-01 -9.091170918971219761e-02 1.100636952669163844e-02 -1.355503314625551847e-01
1.883444526684949910e-02 5.339945707726898583e-01 -2.920598926366802309e-02 3.247428565172656989e-01 4.620784135673253190e-02 -1.258268207694845237e-02 3.356724514630353429e-02 -9.127287776153231169e-02 3.388333859115819080e-02 3.699937983971900851e-03 -1.500971983431246271e-01
-6.643877787685281006e-03 4.977226506013718299e-01 -5.789612930331479446e-02 3.247929221626098539e-01 -1.630115851846421215e-02 7.940891987911277705e-02 2.198792783213291899e-02 -9.332934162296414871e-02 3.700110396573675318e-03 -2.429743986344145082e-02 -1.737309558623487821e-02
4.506562972971889930e-02 4.904167674220956119e-01 1.052613305290879889e-02 3.065196124684871348e-01 -2.310361084632064355e-01 3.608586305367836866e-01 -1.648089166149306964e-02 -6.610896922234207884e-02 -1.496724034768806000e-01 1.134433538831350480e-01 -1.517602660795099867e-01
-1.107997104719653791e-01 3.911645165287546688e-01 -5.100862548090617787e-02 4.481430907395864138e-01 1.485695880251913514e-01 1.167678993263943921e-01 1.002587671778455980e-01 -1.191696554860400548e-01 -8.987671885650636017e-02 -2.568281557836082918e-02 -9.659484773429553861e-02
7.410239462461024051e-02 5.054339695362874973e-01 -3.238757876421977100e-01 6.761242123578022900e-01 2.148041905762465564e-02 3.222859098599517580e-02 5.006320985192073969e-02 -1.467419742135153693e-01 -1.255266343794002870e-01 3.295971884448124778e-02 -8.447663083391086791e-02
2.503442237596738978e-02 5.603019979403677242e-01 6.702299449996328151e-02 3.528024101200581408e-01 -5.448755181552276949e-02 4.402519140214242177e-02 5.337558427033931713e-02 -2.125092425891781933e-01 -1.161210166900557839e-01 5.205536553971903263e-02 -5.972866686410138043e-02
8.709581799413224079e-03 5.207649964961302835e-01 -6.709672758862102356e-03 3.622710170098468740e-01 5.188135420648533336e-03 -8.103335684355711388e-02 -1.431978193062621862e-02 -1.919159900191027071e-02 -2.169556373486439607e-02 7.124657219968417998e-02 -1.134588404662068284e-01
8.540692346572985316e-02 5.012948935625608504e-01 3.296837057849495017e-02 3.870758842634535735e-01 -5.335963259665276598e-02 3.211029910248306557e-02 2.271186597702800486e-02 -1.002740704787732640e-01 -7.117549545045996628e-02 -6.191005163323199875e-03 -1.187965450708445420e-01
7.864109015270286107e-03 5.160225177447747003e-01 -3.382608958796169407e-01 6.617391041203832813e-01 -7.434455467509123831e-03 2.485396742478061631e-03 3.120649954481009500e-02 -1.237042853409765775e-01 -2.103927665010668288e-02 5.584082552783977554e-02 -7.294805116765025466e-02
3.328298388597319187e-03 4.753920575708258101e-01 4.934424456170498352e-02 3.291500242626886896e-01 2.987448257008861949e-02 -3.362428472374500571e-02 1.069219704373008117e-01 -1.142200286141531879e-01 -9.830492910249497007e-02 1.363200621555324225e-02 -4.972235337666946337e-02
-7.450895975935749663e-03 4.105326330072988639e-01 1.119010875766488118e-04 4.251037354977960092e-01 -4.762635062935736963e-02 5.844254386211325189e-03 3.394934443690793974e-02 -8.462433214377707014e-02 -3.230613171368354464e-02 5.495098780587356901e-02 -4.671365756921361245e-02
4.148660169008834553e-02 4.389842632379286624e-01 -1.642617161292689310e-01 3.295767519630173892e-01 2.158360460962571448e-01 -1.865362389455981623e-02 -1.289739672463100471e-02 -6.901074004480525770e-02 5.711640226991710617e-02 4.462198399014154909e-02 -1.510270842643880451e-01
2.049232417201942921e-02 5.336328081436527704e-01 1.232548092844628317e-02 3.289528710660450939e-01 1.087456601018664398e-01 -5.453561183681977786e-02 -1.538695334768912758e-02 -9.124812105041152366e-02 -4.502938661406753057e-02 4.105750514126838002e-02 -1.272350885146134591e-01
-7.129405273468723478e-03 5.442022918564047851e-01 -2.490122129661237471e-04 3.595924133735815542e-01 5.999397421204893943e-02 -6.480420637496886460e-02 9.446707831613231077e-02 -8.557550489876764033e-02 -6.099150388088829533e-02 -2.748488612323246594e-02 -1.002497508041788332e-01
-3.465015692565751038e-01 4.510777976662678768e-01 1.808197683674211687e-01 5.511579417842077389e-01 3.132577967260718327e-02 1.414897075307635921e-01 1.631112439450617957e-01 -1.874696946984272597e-02 -5.084979120937492825e-01 -1.506893864101970515e-01 2.172250864537327020e-01
3.746688849318555170e-01 3.887744839136254016e-01 -5.879124324107897204e-01 1.099884191886864593e-01 -1.119075718468746761e+00 6.575186842707847479e-01 3.726275029116959403e-01 3.351339593651624371e-01 3.911127168032660917e-01 -3.362628347829336173e-01 1.251978224670902418e-01
7.130035436653914260e-03 4.483421741858603649e-01 -2.896243043717551882e-02 4.280025545201241455e-01 -1.118649132434272886e-01 1.145467499324193533e-01 5.330857726696279497e-02 -7.401276173895054988e-02 -1.704134083258568022e-01 6.538272433394774763e-02 -1.968781374086119376e-02
4.286009555935470922e-02 5.020425721591273982e-01 -9.238288683568206261e-03 2.955656365912092132e-01 1.448215047103967954e-03 5.015330395042727485e-02 3.426477863775001520e-02 -1.101578700264896765e-01 -5.422950176857563309e-02 1.197719028417396948e-02 -5.291464356081636289e-02
-4.656096990885107423e-01 1.489149582285631546e+00 -2.824199449050034394e-01 -2.242482750317985329e-01 -8.795355339820799534e-01 3.945384144360327139e-01 7.967521713352299084e-02 9.677807156185677662e-02 5.893636061285500993e-01 -4.312702837818989665e-01 3.453503334333937747e-01
2.608173678299910425e-02 4.943457143031801948e-01 2.638732226468026854e-02 4.150617614627244989e-01 -8.001791679588480394e-03 2.985325364837057224e-02 5.277433662401347786e-02 -1.398114529753656243e-01 -4.322544716287271549e-02 9.941243321755718204e-03 -1.516351884001997108e-01
1.749285473441536121e-01 6.497948496403046503e-01 -4.109175185618142989e-01 -1.783816618959711831e-01 2.111203848504716873e-02 -2.417960752915954969e-01 4.186549358196291482e-01 4.461948218883558803e-02 2.157964499928426982e-01 1.203035383681164694e-01 -1.023430978998494667e-01
-3.855048293496961959e-02 6.090644056228962100e-01 -6.670748453079825002e-02 4.597346346868327882e-01 -6.568417576714147277e-02 -2.816378713435437747e-02 1.471441132115618722e-01 -1.551575315443338154e-01 -8.237783826419647903e-02 -2.027601360549732834e-02 -4.725435155030256046e-02
2.842383029914095222e-02 5.226796608077510786e-01 3.281453464079886646e-03 3.299292610122520619e-01 1.472476590860404520e-02 -5.273210159957238824e-03 1.211089084287371442e-02 -1.140638456503679926e-01 8.580544574662334056e-03 2.981488982561582984e-02 -1.184367527349568655e-01
-5.603524109120258320e-03 3.713087538132124887e-01 -1.712162886833235032e-02 3.951134285087709030e-01 3.367923959803219291e-02 9.604644684839590274e-02 8.386477614230042343e-02 -1.816086548771746467e-01 5.340766578192688435e-03 2.438040322000625815e-02 -9.362851866458525574e-02
8.679536991076845787e-02 4.939496982100207156e-01 -5.048061526258371817e-02 3.306115932997627516e-01 2.859924538801996916e-02 3.625328960458014393e-02 6.209772449594430817e-03 -3.544225848411063085e-02 -2.388570923414261304e-02 -5.767744285865059051e-02 -1.031614548335606785e-01
3.839434205001149986e-02 5.468718234131151323e-01 1.122119637930157378e-02 3.985182155611491917e-01 -4.317773371653751968e-02 5.104695902390665035e-03 1.006093360442018581e-01 -1.582641371425390631e-01 -1.076448055088993355e-01 5.864987449765544925e-02 -1.385113192901527845e-01
1.304325069712860587e-02 4.899051603459411153e-01 -3.969341594324981431e-02 3.308678059809079808e-01 -9.149088546508594988e-03 1.332001216004987873e-02 7.009742682226037525e-02 -5.326516734414888515e-02 -3.736684916636986292e-02 2.497785518623578047e-02 -9.096550200254771568e-02
1.487359344229504700e-02 5.306988880316263479e-01 3.263528028119264124e-02 3.294750712765083800e-01 3.352908434175341443e-03 -2.235302283212971947e-03 2.309228420463700290e-02 -1.342636549706522353e-01 -1.561574093145744017e-02 3.898452061721360828e-02 -1.092263599126295087e-01
5.688081077509027361e-02 4.531446255245529797e-01 6.511652219719377827e-03 3.064790417777668030e-01 3.496931425863399057e-02 4.532845251596477609e-02 3.831361347048453658e-02 -7.531577277274961735e-02 -3.901660482148532755e-02 2.467440414078614710e-02 -1.401980488990670903e-01
-9.563758732953854536e-02 4.782093371367509005e-01 2.999747167934784658e-02 2.171593721104196906e-01 1.059599277310747933e-01 -1.106837708300716788e-01 1.870416974677076294e-02 -6.843920956625103302e-02 4.250543755481828861e-02 1.361701559971244813e-01 -4.217381604074807444e-02
1.546394401653475997e-02 4.636453604975116494e-01 3.143839849178053925e-02 3.614738947812666248e-01 -4.266792155169714384e-02 1.972369977865545340e-03 1.373968019948007269e-01 -1.347357553574148881e-01 -5.312950126074813401e-02 5.438265093231131608e-02 -1.234687543325130310e-01
6.013382503679092633e-02 4.873760437431273740e-01 1.608060446670172283e-01 1.741835493878603203e-02 -1.548633643370165777e-02 2.134770393958469181e-01 6.225194340003652183e-02 -6.317969814881362056e-02 -1.596863289635156447e-01 -1.743360012093290654e-02 -3.390579932494437038e-02
-3.282005622190271865e-02 2.194690615757758922e-01 -3.635007988958816744e-02 6.057550132209736926e-01 -8.986930920592109406e-02 5.848996932490886647e-02 1.310025074464271910e-01 4.694870802114748179e-03 1.922187754770625367e-02 3.125077677156926775e-02 -1.990731431823663800e-01
-1.194010413490685790e-01 4.831003020066845788e-01 2.026835934362974934e-02 4.674703223660872653e-01 1.098030966556783894e-01 1.743764822759540090e-02 7.172104873480053544e-02 -1.474908042545035047e-01 -9.941051291126840050e-02 -1.239355130369892560e-01 3.220858240705115616e-02
-7.980206152973366718e-03 4.506335197960900096e-01 7.331379663263791480e-02 3.629592714397648634e-01 1.857685651094558854e-01 -1.183726898799599275e-01 -5.739029868542368240e-02 -1.344921895246108112e-01 9.904414061385478918e-02 -2.033242402310012770e-02 -1.213799971360386698e-01
2.641801791409281036e-02 5.379865060328514748e-01 -4.838276904360017117e-02 4.032299394999637743e-01 3.650373796109848690e-02 -2.424193399687836828e-02 6.331526068244199001e-02 -1.482927916502652377e-01 -3.441351258371052463e-02 1.350428695648967468e-02 -1.138552535827854484e-01
-3.239896365745858486e-01 6.875800362445876335e-01 -6.257091917387475055e-02 7.153374951834881590e-02 2.323189002585362706e-01 2.926553229788367849e-01 1.400794976333830655e-01 -1.341258799757270026e-01 -2.398246895519691724e-01 2.955784183390832709e-01 -2.474633115069213851e-01
2.425778859219419187e-02 3.972071533996768267e-01 6.805785171908747613e-03 2.789951256391080547e-01 7.787846454408027530e-02 7.445698302805413282e-02 9.641945542608602870e-02 -1.184044313199536930e-01 -3.272684245892894250e-02 2.486061166191020494e-02 -1.179786054944386986e-01
-7.102127038832697220e-03 5.623153955778282809e-01 6.987720004801210860e-03 4.007209180461351883e-01 -2.031435721445555911e-03 3.711487057042972548e-02 5.917633604080848458e-02 -1.176706838772438035e-01 -1.153128322335945227e-01 -8.565955303827414713e-03 -1.038607178753611499e-01
3.469613822564994454e-02 5.670008652605517119e-01 -1.484065634326549032e-01 3.236547834497875420e-01 -7.829235899175206181e-02 6.039817860518420511e-02 2.366991038329986294e-02 -4.050130136775839662e-02 7.329299483239688773e-03 -3.609924685395358556e-03 -3.416753874045490302e-02
1.428154512454530567e-01 5.389125207888649793e-01 -8.625800583463574811e-02 2.824796165424829364e-01 -7.981209454085010091e-02 1.526618397315254172e-01 9.615536133856945888e-02 -1.608016113612778797e-01 1.177606532939413572e-02 -3.964757357197296744e-02 -1.465100814778563521e-01
-5.714811089946788408e-02 2.631735437791587473e-01 1.383866410847776895e-01 4.381405654646448045e-01 1.057523062660269964e-01 -1.375341348146917608e-02 1.460117442316275806e-02 -8.781383874284154345e-02 5.561750489844112522e-02 -8.007051603232531733e-02 -6.511436857041143222e-02
