-2.029984336546722945e-01 1.752031887922672337e-01 -2.494563778647166941e-01 -1.087601632788294526e-01 -3.041478327609552917e-02 -2.333551284802498849e+00 -9.615698947090468574e-01 3.843010529096073380e-02 1.352658276719267194e+00 1.352220276278374156e+00 2.906496740010834356e-01
-7.906098465102385786e-01 -2.677587422774700410e-01 9.056493734570693344e-02 -2.497368499901419236e-01 -2.072771526486139743e-02 -9.586109188322408103e-01 4.138908116775382590e-02 1.041389081167753750e+00 1.457668135466281711e+00 -9.463124239844492580e-01 -7.484415479200025312e-02
-7.503532138398406881e-02 2.272833863256880083e-01 -1.011381756121287889e-02 -1.091724267775254775e-01 1.625868186931988049e-02 -1.650156548041037174e+00 -1.222780552447282343e+00 1.265165823405682621e+00 -1.381024417278310101e-01 8.618975582721786211e-01 1.571662415620964925e-01
-1.625179329356641333e-01 9.238974280316701593e-02 -4.569650617240524348e-01 -1.021525590309288328e-01 1.013164020318833569e-01 -1.514949371433149450e+00 -5.149493714331471184e-01 4.850506285668582107e-01 1.485050628566856101e+00 -1.555199923477977586e-01 6.565747043206851541e-02
-1.746079225127929346e+00 -1.363793091839142990e+00 -1.939493574255866937e-01 -9.080654453048134234e-02 2.458916212965951524e-03 -1.669667187381401519e+00 5.986508188079333603e-01 3.303328126185943181e-01 1.020105251367434462e+00 3.908878363290185121e+00 -1.473720172496478131e+00
-3.662520032006049142e-01 2.325253314925708747e-01 1.455372097962892297e-01 -2.127957649858657485e-01 1.006601723418705796e-01 -1.976574215162913983e+00 1.904692752077024875e-01 2.342578483707813755e-02 1.023425784837081798e+00 5.383331442207392459e-02 1.081556939108113402e-01
1.680345792072172884e-01 -1.252918357244315294e-02 7.833418916948164945e-02 -1.136463374549226274e-01 1.600311504041235233e-01 -1.703170432347761887e+00 -7.031704323477556695e-01 -5.203724485093054186e-01 1.296829567652239223e+00 7.983579437003990309e-02 5.922341369251811205e-01
-3.837873018093819755e-01 4.842241115246764122e-02 -4.868687000907122031e-01 -4.621386458054068530e-02 4.345811482280365068e-02 -2.261895326713770360e-01 7.738104673286275714e-01 -3.425798790519961057e-01 -5.639894168974918243e-01 4.360105831024985168e-01 7.033770219119671319e-02
-1.509206888136064850e-01 2.095626173805124060e-01 -1.475970770825014156e-01 -1.040965089932307241e-01 6.899286710550206481e-02 -2.160170454243174998e+00 -1.173460605303412896e+00 -1.601704542431723055e-01 1.348953448819329326e+00 1.317415745588472964e+00 2.739016932813763683e-01
-1.612931537045166897e-01 1.839457113363208995e-01 -5.465988900179398480e-02 -1.839239933835018492e-01 6.752254888716675840e-02 -1.543704237819998548e+00 -1.232832180553116164e+00 1.269384727851549322e+00 -4.592114057223109502e-02 9.540788594277747059e-01 6.981333102843943761e-02
-6.728198747431506366e-01 2.062634618122424074e-02 -6.312318960390736478e-03 -1.229405867205768943e-01 3.419978234616125306e-03 -1.176518972320164114e+00 -3.990257596583627886e-01 8.234810276798342210e-01 1.600974240341635157e+00 -5.112214100380602089e-01 -2.372520865005086355e-01
-3.291629988845782284e-01 4.295244205449810782e-02 -2.927098987346983261e-01 -6.449703958424159167e-02 5.475051332694289702e-02 -1.515639434021503362e+00 -5.156394340215038063e-01 4.843605659785022999e-01 1.484360565978512625e+00 -1.404289558302025398e-01 1.140642572343659872e-01
-2.381908779028836243e-01 1.740129420995996656e-01 -2.895394337366564708e-01 -1.008876403872707439e-01 -6.989962522109705034e-02 -1.625864230239863595e+00 -6.258642302398579327e-01 -8.329112501262807555e-01 1.396229411977119250e+00 1.144995112472183330e+00 3.903304048011032035e-01
-6.416120681762309985e+00 9.219907081560818618e-02 -4.820851078087314834e-01 -1.266372160423498705e-01 3.982536931088766913e-02 -9.929178312651814053e-01 7.082168734817567701e-03 1.007082168734815264e+00 2.622400630315650100e-02 2.583879318237690015e+00 3.583879318237691347e+00
-7.194485143337034372e-02 5.486937504913513841e-02 2.673016031515755841e-01 -2.021393099544062100e-01 1.617470062638713679e-01 -8.848231878152210683e-01 -9.795316887490813640e-01 2.046831125091296000e-02 1.020468311250912530e+00 -2.367096617037662554e-01 1.727046761855314805e-01
4.332889606001917582e-02 8.547209244140126227e-02 2.959717116059488728e-01 -1.770749906617177793e-01 1.717322810439882164e-01 -2.266650899947586506e+00 -1.282244252583278454e+00 -2.822442525832816740e-01 1.458864416644726214e+00 9.922404598724623437e-01 2.830151216034126893e-01
3.262373648198162515e-03 8.095943670907654321e-02 1.456652962214386171e-01 -1.550617305832044934e-01 1.259763729576662272e-01 -2.253868573127746799e+00 -1.192520930790390565e+00 -1.925209307903951172e-01 1.408005635964903357e+00 1.145604871541463954e+00 2.069087617450833250e-01
-4.377262145950154282e-01 1.012476645937512576e-01 -3.767836037023346574e-01 -9.398749971507269763e-02 -6.650758350622754111e-02 -1.766394954254224103e+00 1.020504498601684795e-02 1.010205044986019374e+00 1.233605045745779449e+00 -5.713706254215167313e-01 2.799182643789169256e-01
-4.806858644193648389e-01 -2.102352380544695309e-01 -3.486422250999606787e-01 -7.841353471688833343e-02 1.963741125599458015e-01 -1.266858553908494667e+00 -2.668585539084993852e-01 7.364161309234491526e-01 1.733141446091506666e+00 -9.083337869687178046e-01 2.165066509975874520e-01
-6.074503657168528470e+00 1.536905549615718292e-01 -2.439253022906188728e-01 -1.176030708229444388e-01 -2.822850308406901071e-02 -1.683692773591187741e+00 -6.417101156191569178e-01 3.582898843808475231e-01 7.491008810672701301e-01 2.925496342831457319e+00 3.925496342831451990e+00
-2.265946418718110117e-02 5.186570245633213838e-02 4.861106194798512498e-02 -1.968383370918447839e-01 2.182815573280135757e-01 -1.316474134831149057e+00 -3.164741348311397307e-01 -1.608662955311634057e+00 1.288166112360708659e+00 7.866973339529742537e-01 3.898978417030287691e-01
-6.613616913495029337e+00 6.508026314827200509e-02 -1.313404980432801572e-01 -1.655496890886539452e-01 5.858270959759073054e-02 -8.226607211477244830e-01 -6.136169134950127946e-01 3.863830865049776575e-01 1.386383086504982431e+00 2.386383086504983542e+00 3.386383086504988427e+00
-5.990856175995311617e-01 -9.736321371874737118e-02 -2.355385250630787908e-01 -1.153970913007595495e-01 -1.275440226844721039e-02 -4.219581702275542190e-01 -5.449471127562339756e-01 4.550528872437642480e-01 1.455052887243765802e+00 -6.826801321699620395e-01 1.220290741128776529e-01
-1.850304011363753942e-01 1.623319823762975345e-01 -2.435949370652131518e-01 -1.176503652153811225e-01 -1.355732997688980923e-01 -1.188709362145289772e+00 -1.887093621452896886e-01 5.931687108693864952e-01 -4.216390219173615228e-01 5.783609780826367563e-01 4.694556615615824158e-01
-1.226328566957755467e-01 3.476177948837333442e-02 7.265162606034915316e-02 -1.292593098885926883e-01 1.521238739236099591e-01 -2.187096771070780044e+00 -1.133655785905006930e+00 -1.336557859050024610e-01 1.351932699950626704e+00 1.327314403919174657e+00 8.992670961911714000e-02
-4.959961223793355245e+00 7.296026546392722634e-02 -4.737562261349643200e-01 -6.772018472631488595e-02 4.779906294667789907e-02 -1.046937861687932791e+00 -4.693786168793503966e-02 9.530621383120643220e-01 -5.457982249202739111e-02 -1.415564789106711907e-01 5.040038776206625215e+00
-3.487106911392200415e-01 6.996619619720507999e-02 -3.897520122542670884e-01 -7.129929850855928897e-02 2.307327047381601409e-02 -1.010092435005800482e+00 -1.009243500580038130e-02 9.899075649941982968e-01 1.556747879335208806e-02 -1.589790730041845401e-01 2.128220179553547420e-01
-1.818815366017824398e-01 1.247534798246445753e-01 -7.303991369840052983e-02 -2.507602642049285291e-01 1.417998615295219533e-01 -1.781564709602911245e+00 5.935846878279010808e-01 2.184352903970813997e-01 1.218435290397078541e+00 -6.067051488005307247e-01 -8.064645357157977645e-02
-5.064812965375615761e-01 -1.574405134661960651e-02 -3.474719130807523704e-01 -1.393235943698635515e-01 -1.628947836455293119e-01 -1.446295115664004038e+00 -4.462951156640070360e-01 1.261378507171473151e+00 1.553704884335993075e+00 -6.840312673221745632e-01 2.558643296191380756e-01
3.492460381431292810e-02 1.023618821162818604e-01 -3.246217543325389254e-01 -1.930561807034195942e-01 1.137033679918390827e-01 -4.835236378195402196e-01 1.725972738549632068e-01 -1.170420354277101227e+00 -1.704203542771061397e-01 8.295796457228935550e-01 4.112860914055097017e-01
-6.690763534727810213e-02 3.352774185564885157e-01 3.015721169101671928e-02 -1.507052856839368460e-01 -3.203565662075737175e-02 -1.318171176988886417e+00 -3.181711769888856955e-01 6.818288230111148041e-01 -1.092511485943804261e-01 6.924979878208968598e-02 2.011394116795097997e-01
-4.490543952742836464e-01 1.565162844139114384e-01 -2.833705491248526553e-01 -1.027311531566408725e-01 -1.479935334781006806e-01 -1.560521577848047015e+00 -5.605215778480540090e-01 9.331627738103017711e-01 1.439478422151945658e+00 -3.629414846694046237e-01 2.603873745193185374e-01
-3.308038038301471806e-01 -3.697181341377051567e-01 2.131097459617783407e-01 -1.019928917574923766e-01 1.307709036521390311e-01 -1.454035026652116924e+00 -1.464371737651171124e-01 8.535628262348757822e-01 1.545964973347879745e+00 -9.364454554783162576e-01 -8.156538007968229531e-02
-2.535270607379108698e-01 1.066025699406658589e-01 -3.006200152485692390e-01 -1.211455055609849812e-01 1.764349221938476056e-02 -5.234390449750776497e-01 -7.518041379875625152e-01 2.481958620124387060e-01 1.248195862012440260e+00 -5.697085186801440493e-01 2.220170805014150262e-01
-3.308038038301471806e-01 -3.697181341377051567e-01 2.131097459617783407e-01 -1.019928917574923766e-01 1.307709036521390311e-01 -1.454035026652116924e+00 -1.464371737651171124e-01 8.535628262348757822e-01 1.545964973347879745e+00 -9.364454554783162576e-01 -8.156538007968229531e-02
-3.961628237276925146e-01 6.280549987715132454e-02 -2.875716277805510646e-01 -1.804161040067900068e-01 9.594154713293671921e-02 -4.719825574659279321e-01 2.062842278764201731e-01 -8.740726400039062760e-01 1.259273599960988310e-01 1.125927359996097943e+00 -8.426965839774407108e-02
-1.088869361395842228e+00 7.216884025880362930e-02 -5.884656265947697806e-02 -1.800838569994857585e-01 1.589816748105941646e-01 3.669814442422919543e-01 -1.280754546571314378e+00 -2.807545465713145449e-01 7.192454534286834011e-01 1.719245453428683401e+00 -8.249034084755280105e-01
-5.002346991577097945e-01 -4.668992295956191779e-02 -3.180471144092905655e-01 -1.375121684808759959e-01 5.629109760898838057e-03 -8.348287796233945235e-01 -4.604153798825756927e-01 1.165171220376606032e+00 1.539584620117423253e+00 -9.066201382573607637e-01 -1.836261639880639729e-01
-1.192098364293319307e-01 1.072159651082810333e-01 -4.627571198580530121e-01 -8.715195912293211000e-02 9.544612862561127620e-02 -1.518523248952661886e+00 -5.185232489526698796e-01 4.814767510473323964e-01 1.481476751047332341e+00 -1.565003084677897838e-01 1.946070945097495494e-02
-1.512162923055255237e-01 5.173417444795607584e-02 -3.355777119907046302e-01 -5.605605957836915648e-02 2.598711006563692028e-02 -9.731190253041683835e-01 2.688097469583106830e-02 1.026880974695831839e+00 -1.723374781374071851e-01 -4.772923641545385731e-01 3.565262810615505429e-01
-2.533877373862590821e-01 1.713877610341092012e-02 -2.809384540443566336e-01 -1.303387504697209598e-01 1.418312386182264961e-01 -1.403376702305431989e+00 -4.033767023054381506e-01 3.635204820714680873e-01 1.596623297694565791e+00 -6.099777073902109548e-01 2.846928429098402047e-01
-7.315349359473286572e-01 -1.302399872026721028e-01 -2.809789489114357108e-01 -1.891882292622352191e-01 -5.310167141983246353e-02 -5.832122146770112314e-01 4.167877853229884355e-01 3.702351178593702441e-01 1.370235117859370799e+00 -8.912207044175466386e-01 2.462925429242609696e-02
-1.341535012619778089e-01 1.527043799776104105e-01 -2.446915602325127892e-01 -1.182320080754588471e-01 -2.871405577038791540e-02 -2.406682336303805236e+00 -1.000173020205320507e+00 -1.730202053196825546e-04 1.474507395509401686e+00 1.118636747858629654e+00 5.093815622052351166e-01
-3.487106911392200415e-01 6.996619619720507999e-02 -3.897520122542670884e-01 -7.129929850855928897e-02 2.307327047381601409e-02 -1.010092435005800482e+00 -1.009243500580038130e-02 9.899075649941982968e-01 1.556747879335208806e-02 -1.589790730041845401e-01 2.128220179553547420e-01
2.379675413502275461e-01 6.672431616274064614e-02 6.131114651656778547e-02 -1.165086385468319524e-01 9.548711213722968494e-02 -4.529538109169983229e-01 5.470461890829906304e-01 -3.406452204969021014e-01 -1.055553687403048002e+00 -5.555368740304515024e-02 3.350893230131614109e-01
-1.365474685483353823e-01 -3.029685407607548772e-02 -1.725893703808517310e-01 -1.312320161884003022e-01 1.528892923710548357e-01 -1.360075032654055160e+00 -3.600750326540519408e-01 2.120883252487536230e-01 1.639924967345947060e+00 -6.351464735560886643e-01 1.434702465881960154e-01
-3.126309292621201608e-01 1.734869513803082297e-01 2.544293610841140141e-01 -1.882211141653883646e-01 -3.063435705691228313e-03 -1.753731397567221295e+00 -7.537313975672187416e-01 2.462686024327744028e-01 1.246268602432776262e+00 3.742170101121135295e-02 3.759136394225491284e-01
-1.070001123224170042e-01 -1.539307298574994765e-03 1.253157869226202703e-02 -1.174777857974119849e-01 1.063907021759170485e-01 -4.397555269115516752e-01 5.602444730884467150e-01 -2.517801683694369519e-01 -9.384201776909336656e-01 6.157982230906427351e-02 4.376370856207288940e-01
-5.248946776277242654e-02 1.693545783862628051e-02 1.319785667007013219e-01 -1.104763405154282202e-01 1.205899588682266543e-01 -1.869461200675958334e+00 -3.754178253826664369e-01 6.245821746173371158e-01 1.130538799324034782e+00 -4.383750734353100142e-01 1.440055339193012096e-01
-2.800458781382131335e-01 -9.404918635103379221e-02 -1.559557373460143392e-01 -7.724669844424440768e-02 1.465325739498475610e-01 -1.688236464151563254e+00 3.200437264521455161e-02 1.032004372645216383e+00 1.311763535848437634e+00 -9.142347336954720349e-01 9.874426533918689158e-03
