-5.282432072755659236e-02 6.241085980221961621e-02 -7.891019777041169414e-02 -1.335505515956159420e-02 3.049881636938309853e-02 -3.383700979946619447e-01 -1.220284030317162066e-01 2.522207903805367413e-01 1.678648759204239282e-01 6.354888029634320201e-02 6.200025829941019362e-01
-1.469308926287296035e-01 -8.384944516866325859e-02 -3.369593192656708449e-03 7.872063762773771900e-02 4.613133599137150126e-02 -2.265035687341337423e-01 -1.860078417077511703e-01 1.387300358958903634e-01 3.646356165901610269e-01 9.877819581412945749e-02 5.107242505917456432e-01
-1.135548341563312746e-01 -6.839543151819334199e-02 -1.283995435426415199e-01 7.791125615218885692e-02 3.954924915348124320e-02 -4.844880150552796638e-01 -2.948289392724344204e-01 2.944240695586445855e-01 3.192491565647094243e-01 1.048988488965992699e-01 8.446929142983585770e-01
1.238084397197225170e-02 -1.537047549463479643e-02 -9.852049764788858854e-02 1.377930635116598190e-01 3.869478949723611366e-02 -3.182090739390021628e-01 -2.156737707009708516e-01 2.988641549385439578e-01 1.179336864063463830e-01 7.341168782055641773e-02 5.597543227152832479e-01
-1.125373802530495529e-02 -6.077060018448423445e-02 -9.134738692974262927e-03 5.886794757487141122e-02 3.869993249485208231e-02 -1.991623388573589559e-01 -1.536585287499264880e-02 2.372683620463842680e-01 5.252286838980315536e-02 -2.562307718308676208e-02 5.250099663913928572e-01
7.242096237473985565e-02 -3.485090440587521737e-02 -1.301366755705689326e-01 -4.672771578433910361e-02 -9.737274604562363989e-02 -4.398941150660506394e-01 -9.678226644493033437e-02 4.377074369608919269e-01 1.148880834942239970e-01 1.724493216898809189e-01 6.393573498767534113e-01
7.154536778009848441e-02 6.075837055459420294e-02 2.370105490059886549e-02 -8.082226206156121334e-03 2.150420520995569018e-02 -5.747455048462783989e-01 -1.419262055684698820e-01 2.830546394176516323e-01 1.413278146994791373e-01 8.228290202763158256e-02 6.316383131099976289e-01
-1.491425717465354461e-01 1.431736789915111774e-01 -1.920017181810981521e-01 -1.554287401226098903e-04 2.527658029332677248e-02 -2.400630028390899617e-01 -8.541496447101183664e-02 2.987456175117056967e-01 1.546528154751496964e-01 6.574690049701339620e-03 6.294130347355654242e-01
-8.457607078421142122e-02 -9.214383338931035616e-02 -3.173688094300564089e-02 -6.510393500176597792e-02 2.400768357626465732e-01 -2.335629219039710991e-01 -1.925923047830246093e-01 3.134177444767985432e-01 2.362727874800906944e-02 1.589205460209424936e-01 5.547322728759965793e-01
3.612547773170006471e-02 -7.470397598333981815e-02 1.787942726119792075e-02 4.945357124066883381e-02 9.392325082191763097e-02 -4.187554127383393276e-01 -2.115176369014897251e-01 3.024933418121295570e-01 1.432655067465983811e-01 4.838813245812095473e-03 6.480563678422457397e-01
1.145912464366230683e-02 6.955644842634813030e-02 -1.999927851771909348e-01 -3.373101491169601396e-02 1.393846149787545119e-01 -3.635503789237342076e-01 -2.859384763208324687e-01 3.548080026122055752e-01 1.288810304886723324e-01 9.206354562449692303e-02 6.781186196384152431e-01
-2.310206522439129107e-01 2.897813918000278696e-02 -2.062704440432667208e-01 3.809252469315439066e-02 -1.149217389699743082e-02 -3.855199606862536599e-01 -9.770062585950987921e-02 4.223544007769255426e-01 2.363271402800343479e-01 1.421128829238143820e-01 6.551974999551115619e-01
-2.031784339838610745e-02 -5.924693962305817296e-02 -1.648391275179791060e-01 3.485451292252708666e-02 2.165871219380959833e-01 -4.125405562550559790e-01 -6.325607024426553246e-03 3.673147633864414230e-01 5.352906370931843211e-02 3.110245067401236352e-02 5.509408922676124476e-01
4.351611254003102253e-02 -2.247343587918954055e-02 -3.602863613638593310e-02 -6.823441013702503943e-04 9.144785042061763514e-02 -4.767613598350562421e-01 -1.215619327866622190e-01 3.818455614002460585e-01 1.982699618513610873e-01 -1.558570341824924016e-02 5.490726570237597359e-01
-2.267770517616574458e-02 -3.810619773774055752e-02 -1.267094158103685142e-01 -9.982168071923983727e-03 5.423339514103947545e-02 -3.674161002421839628e-01 -5.437206263422586505e-02 2.322919184116643554e-01 2.578618442293191260e-01 1.057133374413331967e-03 6.648780895952736136e-01
6.191447798546811238e-03 7.856529667887263146e-02 -3.248142607127685322e-01 5.151724020611478383e-02 2.942508186518510427e-01 -3.790587558532427792e-01 -1.216951856080528277e-01 1.991850947984206699e-01 1.873354778844031066e-01 1.275660401699909852e-01 4.720155170649666942e-01
-7.729437224844355747e-02 -7.105288872198992078e-02 -7.032314408370780867e-02 -5.596708228821977577e-03 3.319327086000176119e-01 -2.213766311891733340e-01 -3.068956061894099197e-01 3.163827280818812815e-01 2.267449260876108763e-01 1.218732809828694530e-01 3.466644379882699578e-01
-2.147455801749312970e-02 1.630341355068582604e-02 -1.738200021502911696e-01 1.276940677505719601e-01 -7.493058015878116540e-02 -3.317674517909486309e-01 -1.246508935095881759e-01 3.771523793218286014e-01 4.695507867380765976e-01 1.074595713655062020e-02 3.162556122084879684e-01
-2.634598080994339508e-02 3.028834137307489377e-02 -3.047435358355675694e-01 -2.019438908680166317e-02 1.640497346584202654e-01 -1.799950808781771716e-01 -9.597332374765604746e-02 6.819653404064517088e-02 1.373492437816434542e-01 8.109029173328372031e-02 7.373368958501805848e-01
-1.135493837595276667e-01 -1.242623541385453195e-01 3.092828157815717682e-04 7.718300350827804468e-02 1.380845187946430630e-01 -2.757036722102883530e-01 -6.343741236797179051e-02 1.156862759139404839e-01 1.519302797816924622e-01 2.215046165512828125e-02 6.626677310859721004e-01
-6.122186063841056347e-02 2.362408705630865968e-01 -1.806370240043396191e-01 8.105986301451878484e-02 1.095778284227241495e-01 -3.557866966213921178e-01 -2.180971156749740847e-01 2.598403749330592816e-01 4.791254081320361902e-02 1.082262887427929560e-01 5.639436615288335730e-01
8.338727015976364620e-02 -7.457557952698551373e-02 -1.799866772089038225e-01 9.427496566569761038e-02 1.684875921944267996e-01 -2.743456055641902425e-01 -2.378287973422546497e-01 2.377139660021161949e-01 5.355845555172967370e-02 -2.774011465023905505e-04 7.206505422942021122e-01
-3.277603780806077199e-02 1.310366172255880424e-01 -3.104277565574231623e-02 8.925881370297841788e-02 9.966650770742935261e-02 -2.278166007174810825e-01 -1.592974343461188713e-01 1.344709419318742272e-01 2.343557867292421493e-02 1.365036232419737094e-01 4.276194971237363696e-01
-1.665919364518250734e-02 -1.180851152155395489e-01 -1.065188096723213573e-01 5.472675270204362119e-02 1.281827968598653611e-01 -2.701405713147160270e-01 -8.250900795491283857e-02 2.282410288517918995e-01 1.563807325124574321e-01 1.149489250374420915e-03 6.162906287052417609e-01
9.560448024415177382e-02 -2.041666466844598363e-02 -3.836836285073818437e-02 -6.938989153491079143e-02 1.217657898061499794e-01 -1.825412077393836485e-01 -1.079048677142358664e-01 1.247748035029219160e-01 2.025618501058687737e-01 -1.015100286326247325e-01 5.664828305603483161e-01
1.245074431054403810e-02 2.829100882708218689e-02 -2.442783943364960908e-01 2.936168354268569106e-02 1.140015560167806363e-01 -2.852323557772916129e-01 -5.411954625982289685e-02 2.145542797494044696e-01 5.658227244648120907e-02 8.297238405923459958e-02 6.364750985004998807e-01
-1.709256345806464683e-01 1.428870450263474146e-01 -1.278507769179015041e-01 -7.692962019877060131e-02 1.764812874686181587e-01 -3.567140285514771025e-01 -4.596074011751648258e-02 2.722936370306813791e-01 1.337259192810063557e-01 8.964901588274704070e-02 5.544026267560128174e-01
-9.519199930097962947e-02 -3.927859633071126982e-02 -2.922492562095035940e-01 5.062703124868592891e-02 1.259474019451235494e-01 -2.985969587496082323e-01 -2.384242817143074344e-01 3.924093322899560032e-01 1.689204141900436662e-01 1.448740437509240253e-01 6.720215999594785217e-01
7.864364571962795258e-03 1.125804997447520800e-01 -1.390517494173837409e-01 -7.847392773296761603e-03 9.529846405350668459e-02 -3.306414582517389067e-01 -1.725689665688276697e-01 2.975137775278171581e-01 1.617758277120804888e-01 5.094695318241146409e-02 5.151884112978181163e-01
-2.378132194197823610e-02 9.348034883094648306e-02 -5.584582498032517051e-02 -3.494138548659893317e-02 9.481375258193712463e-02 -1.374394589572401904e-01 -1.882463447401157286e-01 4.861049275652062907e-02 7.731060231793496218e-02 8.365829184212381087e-02 6.334395788558966345e-01
4.271324617630514048e-02 6.925366887650873104e-02 -1.650596790095744670e-01 3.557738214239832691e-02 1.769409355236506443e-02 -3.052174372472681307e-01 -1.981393257939946528e-01 2.464637583885608552e-01 1.393989291372555450e-01 1.387843960568635737e-01 5.695896987996811323e-01
-2.202929697163913680e-01 3.221521069044663843e-02 4.204937205653937193e-02 -1.761841782374889281e-02 1.849265050223271589e-01 -4.559013584667660490e-01 -1.858015652174423715e-01 3.964355337673748925e-01 9.979221201100454963e-02 1.566719170974527342e-01 5.585822916583068620e-01
-9.069281101054461891e-02 -5.772652534962714049e-02 -2.163655268128013287e-01 1.170341462166832325e-01 8.809152428721596373e-02 -3.063451144871085496e-01 -1.106532974755897042e-01 4.211731580169205125e-01 1.827696172339905167e-01 9.009188680801945293e-02 4.736816736519426363e-01
1.664804370201097283e-01 2.211219684596076387e-02 -1.678596687891748818e-01 1.266122480670344996e-01 5.531622924055646512e-02 -2.547021566255464609e-01 -1.837386065710203686e-01 1.733868105258256354e-01 3.888160604469025755e-02 1.737233017607535401e-02 5.971973051445903513e-01
7.950036480486099427e-03 -1.436082847704727161e-01 -1.233208714819152285e-01 -3.565005208905555611e-03 7.033347379138979449e-02 -3.562836052649353547e-01 -1.676280303920813786e-01 3.345308379260216181e-01 2.145032084891357327e-01 1.200618441990288221e-01 6.380851273113489208e-01
-9.158543071058329599e-02 1.360113104355547275e-01 -2.039272471566169198e-01 -5.862076561695755278e-02 7.514932952136711697e-02 -3.592429275297021607e-01 -1.412838680794497315e-01 2.511017788301332376e-01 2.184030939710053798e-01 7.626992072955871005e-02 6.887835366847918639e-01
5.538733963485267808e-02 1.723408953297359825e-01 -4.044117483002181851e-02 -6.631196032138281238e-02 1.793013532691949130e-02 -2.596217887050278894e-01 -2.308811842629713840e-01 2.633472540570676590e-01 1.510106508989976781e-01 2.099571771746331500e-02 5.073028462334685518e-01
-6.178008488824582312e-02 4.259718271682468027e-02 -2.054638394026625792e-01 9.628703182505513047e-02 4.489706067606191037e-02 -3.854748417076827582e-01 -2.119597678329433466e-01 2.256586628529556049e-01 1.362887607750888352e-01 1.925968017382779229e-01 7.174117643263707711e-01
-3.642436321990957793e-02 1.939526878843660651e-01 -1.177429771095108990e-01 -2.690657322113342714e-02 2.305137862952184313e-01 -3.597194386480847550e-01 -2.723255105752488969e-01 1.613790612437687177e-01 2.958661282311528806e-01 1.937652189770130151e-01 3.287007112214702098e-01
-2.046009914742040817e-02 -5.004476167645578039e-02 -1.022292257600998788e-01 3.665089733641636871e-02 1.520444606867576154e-01 -2.618124649386804337e-01 -2.030461325956026963e-01 2.592485077694844375e-01 1.509325211515498144e-01 7.628154905319797785e-02 5.534934791999551740e-01
-1.427234620813740418e-01 1.616064520263867099e-01 -6.849167617006773900e-02 3.453838659055641358e-02 1.071597006450545897e-01 -3.461761507092273593e-01 -1.382294098506212654e-01 4.761688439007289581e-02 2.051571347640940846e-01 1.281757764660211574e-01 6.024250950082060685e-01
-1.098571366697572750e-02 -6.839115891745467524e-02 -2.026465239308843647e-01 7.027207966204304657e-02 1.106687456342767689e-01 -2.704749572153570814e-01 -2.206838409463267869e-01 3.742495527230587649e-01 1.709057654105800850e-01 4.609917745710370891e-03 6.335348645804323997e-01
-1.374267031037244291e-01 -5.541298068225381651e-02 -1.852056067687990748e-01 1.372030612453729592e-01 8.244710950934812377e-02 -2.151929975491995439e-01 -1.375748665818538330e-01 2.154074353598365577e-01 2.204177018116622311e-01 1.391072298292422293e-01 5.272893480094691387e-01
-3.923141504087288185e-03 4.728060433427760945e-02 -1.680766116729041915e-01 4.690469405212482207e-02 1.869366078950825960e-01 -3.018318753752661787e-01 -7.479881363297746777e-02 2.999038602328672476e-01 1.379538789036402480e-01 5.057284762866264688e-02 3.701366802176822568e-01
2.753592472292521950e-02 -5.948516672901537489e-02 -1.302337657493755074e-01 8.658549119659575410e-02 6.566999117065895619e-03 -4.454941267111008352e-01 -1.228699589597746639e-01 2.639763313775758125e-01 2.312186795232887560e-01 7.197464254433098840e-02 6.612836807465837241e-01
-7.369869479134789902e-02 -7.806717899933886262e-02 -1.695635191295710997e-01 2.431226396430625353e-02 1.499459545007688147e-02 -2.834176749230670200e-01 -1.971158425211273213e-01 3.664123817098643987e-01 1.975906760414048169e-01 1.067204279925464960e-01 6.828912962853533886e-01
-5.147568813603797810e-02 2.115780576449702577e-01 -1.817288328734352199e-01 -3.209902167335196288e-02 -1.398543982531652574e-02 -2.722789809510992587e-01 -1.592902817534101179e-01 2.848845973706676249e-01 2.015501492952772034e-01 1.355475507803349799e-01 4.683566212005030316e-01
2.163589700353528433e-02 -2.277831376057268611e-02 -6.550895339857794319e-02 1.503201517193145653e-01 6.001874023052670287e-02 -2.749341763013760098e-01 -1.478804619861032177e-01 2.082705974376791724e-01 3.136230002598330152e-02 1.740047086626175799e-02 6.131524792424306591e-01
6.510967720218700794e-02 2.905956483870806434e-02 -1.165672688696738346e-01 -8.893351793007302220e-02 1.334472235142734053e-01 -4.138829123956602740e-01 -1.269081591960938005e-01 3.584086331694245620e-01 1.516703026313410696e-01 -2.478134529493651074e-03 6.021333226441635267e-01
-2.762040967868557850e-02 -3.065277826086331217e-02 -4.551581649655062067e-02 -3.851342950369841117e-02 1.278312416806424712e-01 -3.141599995013829583e-01 -6.635165632868869623e-02 3.059709782218785201e-01 1.873452548515097404e-01 -3.860546026896731486e-02 5.313308063639068379e-01
