-7.411890622131202255e-02 3.709548881914172258e-02 -1.781524039752589994e-01 4.566334061424496410e-02 1.733437916085407982e-01 -3.175916414418687994e-01 -1.828826457746080270e-01 1.919611035768239715e-01 2.021596188836568275e-01 1.097165966670929499e-01 5.838643883226487530e-01
-1.161104706917620230e-02 2.259170858943172072e-02 -1.092348207092047052e-01 -3.975488161918992736e-02 1.378831137336282708e-01 -2.797224800524565902e-01 -2.128942036558048034e-01 2.433407561381423778e-01 1.515689829760395457e-01 6.240007084548643279e-02 6.264915319022060780e-01
-1.293680207869483678e-01 -4.746839720374634863e-02 -2.987749245948704835e-01 2.153236945402769442e-01 6.173283869559594017e-02 -3.902269994580075951e-01 -9.323368879920214403e-02 1.710263797471191782e-01 1.778577262488370003e-01 1.762029924406551540e-01 7.479871302493924512e-01
-6.369297417382185911e-02 -1.171539462661008897e-02 -1.304140305031964708e-01 -8.866476048274783348e-03 1.532758823441832396e-01 -2.010235401674627387e-01 -1.358541482008389090e-01 1.839356977463459941e-01 1.398903802173042110e-01 3.112515246295901455e-02 6.343981820285130580e-01
5.700312516752725767e-02 -1.063747350199316898e-02 -1.174387393469334684e-01 1.540859342051241823e-02 6.348623122125374163e-02 -2.704277646123193768e-01 -1.779044127862494107e-01 2.809730009187744182e-01 1.947942942089037066e-01 2.740206114751109895e-03 5.530616702748745173e-01
-6.745370172052471414e-02 5.251189166644009559e-02 -2.712025665914456762e-02 4.962303691460738519e-02 1.583900540008324059e-02 -4.928621435334224476e-01 -1.973599648870679735e-01 3.112918003753317175e-01 1.832564971531876197e-01 -8.156468551783958854e-02 8.448972518874510174e-01
-7.285218612161546703e-02 9.219045467466281674e-02 -1.673270290801738003e-01 6.187942082346040845e-02 9.106953324443944897e-02 -2.343542266944936281e-01 -1.381449384173745465e-01 2.464636187322210847e-01 6.482900151129804278e-02 8.221099791640290588e-02 5.650940844902736515e-01
-6.236553043923249301e-02 -2.259593539580923016e-01 -2.729810415164544701e-01 7.090338166780704547e-03 9.986547189255737256e-02 1.533199997383197233e-01 -3.509805300742514789e-02 5.036933333706963278e-01 -5.133521702906508610e-02 2.515819307041635144e-01 2.232468531568527481e-01
-2.745376783959630265e-02 9.152045731249882840e-03 -1.361862641207543523e-01 -2.035934826258409269e-02 1.508481966392566931e-01 -2.914746983740729713e-01 -5.683015293708380128e-02 2.190555323820657374e-01 1.762552439073336585e-01 2.263108042793048752e-02 5.454208635253564585e-01
-5.356064392070906954e-02 2.628736257600555737e-01 -1.795551750041459449e-01 -1.319836964855437833e-01 -2.433490673039339931e-03 -5.734690466404094300e-01 -2.057998013642157731e-01 4.050000349319252124e-01 2.589776759694282227e-01 4.955827775207546221e-02 7.614509707536799565e-01
5.637868252979069683e-02 1.057102127401196717e-01 -1.235901845954221340e-01 -9.218326238800585853e-03 1.273140420911947068e-01 -3.549962335387315537e-01 -1.233178215138386324e-01 1.412218337924830147e-01 1.918795359144825630e-01 2.390063314793456142e-02 5.557763567498883450e-01
-7.815496302435256948e-02 8.989429108813587477e-02 -1.288954419889263847e-01 1.711574571774562015e-01 9.446064538585609294e-02 -5.237547063817069581e-01 -2.661604954813654444e-01 3.844615826117473434e-01 1.796666446144161156e-01 6.271875473258060885e-02 6.056649623452614595e-01
-5.541404491074469058e-03 -2.778595731024713703e-02 -1.058451716869999448e-01 2.795920863120207600e-02 8.631253602479284359e-02 -2.931230519008198310e-01 -3.216250802121353725e-02 1.305163534644707968e-01 5.831313033458512124e-02 1.490640088205263947e-01 6.033515872138788261e-01
-2.785886580354656611e-02 1.608549283155659704e-01 -1.973505721282937855e-03 1.068801686387707284e-01 1.364613184830206979e-02 -3.896285282630621571e-01 -2.470823265653001033e-01 1.719776418961196096e-01 3.850747245133739893e-02 3.412966760694653434e-01 4.244389382127313759e-01
-2.424790501296845979e-02 -1.066333190033576239e-01 -1.970933246915269332e-01 -1.181068215020400318e-02 1.465719178078683238e-01 -3.506859275146811949e-01 -1.945850299622715884e-01 3.290340321229184295e-01 2.418109153249043686e-01 1.680207616550441208e-01 5.906772925033776378e-01
-5.334366446339286472e-02 6.892418852411243135e-02 -2.268629710085651521e-02 7.572769720911122493e-02 9.440173593339510824e-03 -3.663220374046343708e-01 -1.056133686201779220e-01 1.552928519014840913e-01 8.812266492350903646e-02 8.708801280816032275e-02 6.544285097084475700e-01
-2.306167368062238612e-02 1.623149003280758423e-02 -1.557702931316966855e-01 5.674221114633219709e-02 6.140110461190771696e-02 -3.253003933372496936e-01 -1.334974532866132213e-01 2.135662251436954151e-01 1.400802703822418283e-01 6.797551855390492059e-02 6.726917246443934184e-01
-2.415747637352385832e-02 -5.526936913292258835e-02 -1.098453308143021619e-02 -9.155694532755739856e-02 1.410429348114298487e-01 -4.710397820554190762e-01 -2.277857279114648137e-01 3.814485095268382864e-01 -5.845454122497383692e-02 1.807853498562593531e-01 8.270303119918663848e-01
-1.631812850339596499e-02 8.134854149774582710e-02 -1.555087007562215851e-01 6.371582666623737401e-02 1.246301023013697412e-01 -3.417956433434125585e-01 -1.633319126751108796e-01 2.162519292796696857e-01 1.805286234798999800e-01 1.686398565246976719e-02 5.846741074798508242e-01
-6.556914799530880189e-02 5.442810944328128897e-02 -1.060837767898449163e-01 1.055591566745058690e-01 2.264745216387888949e-01 -4.486326472754594286e-01 -1.312270320933766055e-01 2.150765413266668424e-01 1.459209104532123991e-01 7.104731256675153594e-02 5.240647831298835824e-01
-1.330489107014283245e-01 1.746504938866110662e-02 -2.112930823593570651e-01 4.454711867408756021e-04 1.080361592365281787e-01 -2.589502943605188068e-01 -9.736169521030303697e-02 3.390737435906316377e-01 1.053865996805438965e-01 1.645596717146705634e-01 5.567460189129327386e-01
8.440491047863020457e-02 6.399758612895110887e-02 -1.250510226503968036e-01 -2.114466792720846172e-02 8.201212195164298002e-02 -2.737147436991946847e-01 -1.635584235934992581e-01 1.946465281578063367e-01 6.082048842685131018e-02 1.063117164910811485e-01 5.823342373144384521e-01
-3.738298158495378942e-02 6.717030042028425407e-02 -2.278009594019911876e-01 -9.977084267739450008e-02 3.348811937273524220e-02 -2.677299596147630356e-01 -1.885539500824990888e-01 3.288772674271162599e-01 1.963825938823515471e-01 1.667581127876130165e-01 6.196210305506018035e-01
-1.087167612309958981e-02 1.145073479749896331e-02 -2.330535538655810479e-01 1.263532532304751377e-01 2.251413809592467397e-02 -3.431207187096319000e-01 -1.076124173328185940e-01 3.164304088744759880e-01 1.211566556013904949e-01 8.989519958795527677e-02 5.979167069225117537e-01
-1.398606301742409963e-01 3.157323408863947634e-02 -1.868148144833122470e-01 1.081458195766578645e-01 2.098538481701401892e-01 -3.747953341554670637e-01 -1.729367824612212667e-01 2.603340569334599564e-01 2.033626358689953895e-01 1.227345332495933250e-01 5.294621644658578097e-01
5.780154954591176786e-02 5.971404427344359500e-02 -2.155518566077428422e-01 1.345104945816095465e-01 9.372395839562927544e-02 -3.383640759857132196e-01 -2.844719442259684428e-01 2.595822961606814028e-01 1.437140517277090968e-01 2.349784606079265842e-02 6.569023671527489672e-01
3.826766186050270524e-02 -6.687813601034520161e-02 -3.227255514318144725e-02 8.552669832235998415e-02 2.382018349715314676e-02 -3.970158477520779328e-01 -1.012988004555034072e-01 2.019116188773469878e-01 7.665119750617438443e-02 1.094817315396232754e-01 6.528649788370486373e-01
4.841959913370573465e-02 5.063234410208258124e-02 -2.305444467440201928e-01 1.061597404341678985e-01 4.629753606207865496e-02 -4.462423685638823301e-01 -1.251811545881291732e-01 2.639730050201037903e-01 1.343976659882484825e-01 1.086832893193384747e-01 6.344635209154081412e-01
-7.497460087389169747e-02 4.980032240676244421e-02 -3.621057155429736191e-02 1.079247119278142764e-01 1.489527491792686786e-01 -3.986758790299992916e-01 -1.882178976365663503e-01 1.875341197942154425e-01 6.932642762173349404e-02 1.420968807588283422e-01 5.835024684852334609e-01
8.655306908031883129e-02 -2.013509786759557982e-02 -2.113416224627110152e-01 9.166355209814978922e-03 5.090482954427286155e-02 -2.717057418387865964e-01 -2.031143560764472333e-01 2.640580958708598214e-01 2.490353160909519192e-01 8.324039756151467573e-02 5.543974859669081878e-01
-8.014524448162127501e-03 6.782988779075341257e-02 -1.336801630452835177e-01 -1.136969386995162479e-02 1.738096932364974895e-02 -3.242509591697187998e-01 -1.717635803468555711e-01 2.829487154003152982e-01 1.652836692878646985e-01 4.760663038925730395e-02 6.590877797672325400e-01
3.395361654368795890e-01 -9.391212549090299788e-02 -1.286522950506054641e-01 4.991143318951241775e-02 -9.211201936395217726e-02 -3.842295024927581681e-01 -1.495109561140471055e-01 3.162647165281655126e-01 2.427021127967387837e-01 2.691391772962976880e-02 4.641472839104398562e-01
-2.175202930719367933e-02 -2.165126261026175183e-02 -1.800990056255194482e-01 3.577806389211862781e-02 1.022938697352936271e-01 -3.351919987800450196e-01 -1.229454544653715425e-01 3.207658963335792146e-01 1.405567652962014802e-01 4.754380962235311980e-02 6.257600769879470004e-01
8.524781319718349737e-02 -1.314116998013030446e-01 -1.348777542290179599e-01 6.238129253376111655e-02 3.346811176913278701e-02 -2.824983165481403380e-01 -2.138197429314619147e-01 2.333949857031905328e-01 2.043076247758494057e-01 8.894423280794437614e-02 6.459221838019626460e-01
-8.679938629044534060e-02 1.184321001106798388e-01 -1.683824515227148044e-01 8.142171992247174139e-02 2.009388909420175007e-01 -3.241688748234697326e-01 -2.138378605026316215e-01 1.399794672314825517e-01 1.484385957795446576e-01 1.124826468952851849e-01 5.825538833368801850e-01
-9.922406140655612092e-03 8.304557886024456492e-02 -6.671170379684711327e-02 9.161764231405047226e-03 1.114001275477588399e-01 -3.783718018750218404e-01 -1.735202265539198263e-01 1.998408622593099426e-01 1.573501909596942139e-01 4.313483192346549699e-02 6.156515136636694363e-01
-7.235474531003789622e-02 -2.799496213030479297e-02 -3.133656357079715044e-02 9.880713039840068046e-03 1.069087863338402666e-01 -9.477450585653381110e-02 -2.426361136189821299e-01 2.308316870250880504e-01 -8.042387966305509367e-03 2.206428012275880313e-01 4.999340219057070711e-01
2.691313489854837981e-02 -1.706696169954313594e-03 -1.060441014647982572e-01 7.624621566151431121e-03 4.477216252028112797e-02 -3.282476108036045392e-01 -2.127467227521804560e-01 2.569408117482859244e-01 1.593607939810498808e-01 4.350866402795396104e-02 7.006836735273679340e-01
-5.361495032653602888e-02 -9.941361825209577008e-03 -1.953492120349750727e-01 -1.896708845611632527e-02 1.417711071328707495e-01 -2.066708172550049682e-01 -1.680878757562528913e-01 2.147416622012978116e-01 2.629724080402235931e-01 4.269527050502201077e-02 5.815095888537817892e-01
7.429038054942739555e-02 4.611604462031336504e-02 -2.202708804691359268e-01 -1.432676965055388885e-01 2.055059935972117779e-01 -3.096434975935814515e-01 -2.611013849352570859e-01 2.742311158561109852e-01 1.392454649621458485e-01 1.518628806948224830e-01 6.340903103025813392e-01
-5.850782606843608208e-02 1.047028042341082849e-01 -2.050800261875387054e-01 7.413342112805257345e-02 9.214374307391426377e-02 -2.832235817397264488e-01 -2.042160654948970699e-01 1.589860889655878573e-01 9.197262851441317943e-02 1.824558098007441620e-01 6.376917348528776674e-01
-3.066301919660448932e-02 -1.954519987730236191e-02 -1.115948470164227352e-01 -3.092461481222442965e-02 1.027461660188264264e-01 -2.686292217719762898e-01 -5.391373392055404112e-02 2.111475855244643596e-01 1.691838271665662696e-01 7.509443001478376123e-02 5.481573589495447596e-01
1.351627458240889923e-01 -1.580433081397352169e-01 -1.009645003712122402e-01 -1.641853126769722282e-01 1.518818542923175141e-01 -2.498825392711194193e-01 4.181820196660175626e-02 2.865437374915858482e-01 -1.457454845414825340e-01 3.230705682734902329e-01 4.714027682315391488e-01
5.330873082913574479e-02 2.139207112163385785e-02 -1.261357167585918371e-01 5.298986718123602224e-02 2.148882665313689086e-02 -2.948662254676042149e-01 -1.701209541539194514e-01 3.023984855682820272e-01 1.091245428226447212e-01 3.917464211910026695e-02 5.823044611640481039e-01
3.211078196686906194e-02 -6.625413252114417673e-02 -9.827840128656170626e-02 -1.042553579905514394e-01 7.115529796985078925e-02 -1.462918927171748817e-01 -2.047643987074039829e-01 3.660676846729575273e-01 1.581055270352646480e-01 1.061401689293520190e-01 4.773234537276424549e-01
5.993492137548443038e-02 3.508003711054261120e-02 -9.547411326331702031e-02 3.245457649434341230e-02 3.026056595742958669e-02 -2.087308126196248115e-01 -1.939565802559771457e-01 2.360159678558477192e-01 1.466838561943482333e-01 5.392858018005171339e-02 4.948617320499725802e-01
-4.211598876321133444e-02 5.306558116407974340e-02 -1.867625128421745440e-01 4.299204417996738831e-02 1.636428714856315303e-01 -3.681805288389603525e-01 -1.738868956897580975e-01 2.743620831251963321e-01 1.261286176276292803e-01 1.013138080844537409e-01 6.004996515462481810e-01
2.097022377153858960e-03 -3.412780116856391377e+00 -2.537330412139930935e-01 6.954714361762812103e-02 1.108526131288024852e-01 -2.837780555055046672e-01 -6.084685882507697569e-02 1.941990409244020721e-01 3.587219883143605070e+00 -1.746089336597691360e-02 6.557419936544530703e-01
-1.592902895404315899e-01 6.199223796922201206e-04 -3.001893833351956808e-01 2.641135920147285043e-01 2.098352476241777398e-01 -2.939616829839809542e-01 -6.310852715989175021e-02 1.515904470578162966e-01 1.200055801270630690e-01 4.341258950164152836e-02 6.180312353934827030e-01
-1.159975812677106234e-02 3.776714604488298765e-02 -6.324672177024073805e-02 -3.435212580799160142e-02 5.152652310248149320e-02 -2.675706164015916322e-01 -1.145441487996604613e-01 2.025433408949839365e-01 1.490399598847068352e-01 1.012946669231739177e-01 5.402004651351259845e-01
