4.260049518316560979e-01
4.380146803448585757e-01
2.402947750121143256e-01
1.264232367471046281e+00
1.786938730242682905e+00
1.534567304296623469e-01
4.826057024126087502e-01
2.948369537259264428e-01
3.440553500316673174e-01
1.301129399421973698e+00
4.589617206499461699e-01
2.793824090886109501e-01
4.783353898203353549e-01
9.787702629999670556e-01
4.013661497716987103e-01
4.835776719801266887e-01
6.660507826158579281e-01
9.333053184757421628e-01
2.019399042263010369e-01
8.327626952281783623e-01
3.933499843485376291e-01
5.446299213670020567e-01
2.898649667872472135e-01
2.656969284483374216e-01
1.441934546921570082e+00
3.266983905085261708e-01
1.446439514650295521e+00
1.473049701854231841e-01
5.370710171914623299e-01
7.051568738528204427e-01
7.679193897348134401e-01
4.248008862520767370e-01
3.479490642101809028e-01
3.975477278514553681e-01
4.085760111904279124e-01
2.538387382280867244e-01
5.413015220290596785e-01
2.228419746270761670e-01
4.551886299639029132e-01
2.058158885448384989e+00
4.202514703867041290e-01
4.503753856915488907e-01
3.885142020799961515e-01
2.184334951182937690e-01
4.051007502933061111e-01
7.945016529379919090e-01
3.950943142495268456e-01
3.653628273129015946e-01
3.848256616188100998e-01
6.511132989660747272e-01
