2.198031477641483600e-01
6.551486212749170202e-01
5.052018485396612135e-01
5.517601123172021227e-01
3.666182013654549210e-01
4.478219870289785187e-01
6.905007067644971519e-01
2.075924154991205528e-01
5.219856574064501986e-01
6.096890513192284589e-01
4.186053138299458132e-01
2.317142882974413953e-01
4.526149925787358308e-01
7.085676931585641602e-01
3.682492883546384377e-01
5.298018276871209187e-01
2.205233590835654067e-01
3.312638232290593399e-01
7.076921947039399585e-01
8.151412150061512207e-01
9.125964685224295936e-01
5.921823193721966749e-01
1.010538353995359184e+00
5.054450145659207250e-01
3.256038386353686809e-01
8.329235429680535985e-01
5.144156924168100664e-01
3.153909980443843630e-01
4.278916869626199770e-01
6.456361459037458506e-01
4.164203674203049155e-01
5.303154323963444883e-01
2.618013260832544598e-01
2.570941923598180634e-01
8.007880300512670857e-01
5.415773114659389043e-01
3.355214607699279483e-01
3.837790978930084584e-01
7.523325650297686407e-01
6.474199587323600236e-01
1.812718869953846845e-01
3.896928106911938805e-01
5.767159418404327331e-01
4.224370645556999593e-01
8.160154096077413266e-01
2.002951948385071623e-01
5.369516610621049013e-01
4.484378692715276227e-01
5.089261720466013994e-01
2.965452406815992092e-01
