2.003796204254613134e+00
6.438806014327725258e+00
5.189322992973040449e+00
8.071857985979248085e+00
4.472280209441564125e+00
3.870667452916539020e+00
3.148943957303253605e+00
6.326999681509999363e+00
6.089029074370845507e+00
4.161601159202088063e+00
5.195329361651119804e+00
4.156485178171700490e+00
4.235895390964603102e+00
6.363249148538101529e+00
4.328162670733852302e+00
6.511294792380104113e+00
3.786594295141283428e+00
5.887653151295897835e+00
5.017800460950605945e+00
6.125993382837941148e+00
4.403852559348408136e+00
6.124683023255168557e+00
4.057214961530282160e+00
7.474906045521921172e+00
5.177356757818039057e+00
3.147928528280116378e+00
4.144892911826419279e+00
5.613607639269316607e+00
3.157973771996398948e+00
6.880473162712563706e+00
5.639259878259503367e+00
7.045682274178202142e+00
5.258245170058879481e+00
4.156333647277921983e+00
4.309749904675160614e+00
4.132466644004451517e+00
6.865373798360700164e+00
3.868707706309738370e+00
6.656791921034846737e+00
4.417755806134649355e+00
6.046238422187509620e+00
3.684135728511104713e+00
4.248562370672702926e+00
4.524666937969632485e+00
4.166455900247007627e+00
3.157551348838015581e+00
2.352909603524166116e+00
5.189479196028093710e+00
2.783371107251186416e+00
6.154958960684020930e+00
