4.533793904489779258e+00
4.298277605455615102e+00
4.442438542165124460e+00
4.300166980785840032e+00
3.102323300120445992e+00
2.234963512975586930e+00
3.648627772803440639e+00
4.071741789725908944e+00
4.344132240923938681e+00
4.352212055573781768e+00
3.814999227691336259e+00
4.233504903274526221e+00
4.297869303955820008e+00
2.302265438036585010e+00
7.245707839831466046e+00
6.391504827897500185e+00
4.731578373676015303e+00
5.204671073393881464e+00
1.108663435787056706e+01
4.280772096319597431e+00
2.967185968773649041e+00
5.748888932541765584e+00
4.232081000534508419e+00
3.681497196300682617e+00
6.299405260305631415e+00
3.869169312217563217e+00
7.298735803321765303e+00
5.672734263324140436e+00
7.287607137160299509e+00
3.283154692979177280e+00
4.196494319817998253e+00
4.300862946704432588e+00
4.040000463088771809e+00
4.425112526441436600e+00
4.575032958312923448e+00
1.086178661005927815e+01
5.011584166968916065e+00
4.731334366547071291e+00
6.059825684110141886e+00
5.242164034033305775e+00
5.174550277418207500e+00
4.452755750943470758e+00
2.373776729062635482e+00
4.513023544535527343e+00
3.174014371041882665e+00
4.329459842972059214e+00
4.608061641286472998e+00
7.427677764198067578e+00
6.386371432553973548e+00
4.238958191486824845e+00
