4.351824342504586163e+00
7.623375394847637487e+00
6.869824812745935816e+00
4.609478697436588668e+00
2.404925073595916452e+00
2.243176862104005576e+00
2.287010351243126571e+00
3.531895727825769438e+00
4.645413483812009581e+00
3.235230102109973416e+00
7.094784619453879060e+00
3.375119339024728937e+00
4.559948836342499590e+00
6.797647398724896206e+00
4.534413807999728263e+00
4.126591422630183636e+00
5.431234676073415812e+00
2.275175579441516494e+00
3.204809545154044148e+00
4.523405418501391217e+00
4.425808812020084915e+00
1.013895389062477470e+01
3.820104417699692334e+00
3.508873686950109594e+00
5.545642509088851035e+00
3.375481529359135369e+00
3.658523165926081511e+00
7.211047197920901652e+00
4.070236405847552419e+00
4.952533537985351231e+00
4.354126881566179108e+00
4.915891061031583575e+00
6.654759523844178126e+00
3.996600629419924111e+00
3.202063949935821441e+00
7.734156933238190312e+00
6.583903156701292225e+00
4.351293371540203125e+00
6.138904676873663924e+00
4.642250851748219276e+00
4.229017471392861438e+00
4.478228849133804701e+00
6.300689256879742572e+00
4.340391058059377194e+00
2.285483845299301375e+00
4.386254527537777115e+00
5.002399595099746854e+00
5.321759577822713361e+00
7.332802443032245598e+00
7.316182396993919035e+00
