4.275764180355120736e+00
4.356920685583912878e+00
4.265611588586260439e+00
4.402758620433858461e+00
4.271030013171710493e+00
4.516735250719226435e+00
4.279735398551118841e+00
4.396865998729285963e+00
2.357573813942442698e+00
1.016828125777095515e+01
2.425197880422713226e+00
4.190007353042576099e+00
2.349449647789734197e+00
5.094617574672009042e+00
3.104919987661060254e+00
4.836715510578293298e+00
3.943463856583747429e+00
5.432701436367133319e+00
3.408522799811161796e+00
4.324743599333924493e+00
4.352671720244324582e+00
2.397306390147790012e+00
2.452980280629494025e+00
2.442956930626468459e+00
3.985648966623125400e+00
1.020181214756009602e+01
3.885835044345562483e+00
4.346169964505559591e+00
6.395851489953511049e+00
4.774985075024764214e+00
6.221947303043169342e+00
4.257048317511352487e+00
4.532028156181887368e+00
3.449077996217935205e+00
5.956677651390360317e+00
7.532778473126232832e+00
4.195610368886534935e+00
5.676140842814707099e+00
6.805664456795658346e+00
3.720496999909244540e+00
6.146397769449871262e+00
3.638258767962355478e+00
4.396989981244808554e+00
3.857378361034574432e+00
5.324953985558400937e+00
7.629857151782344360e+00
4.416414442175358168e+00
2.051200628478858423e+00
4.842492450172724894e+00
3.977721840432115741e+00
