-1.024841251880742252e-02 1.364752531770287158e-01 -3.524932367303373892e-02 -1.302564382287517142e-01 2.338825292533915773e-02 1.256447314780313185e-01 2.585843137831791982e-01 2.118807527939304824e-01 -3.001620425141175372e-02 1.831279817042608671e-01 -3.937693744265431325e-03 5.485021571467522949e-02 -6.488911729097052682e-03 9.530927318084465860e-02
4.405714103559014994e-02 1.030038735220390467e-01 -2.323346723477531101e-02 -1.930810894823036805e-01 1.088084391396668821e-01 1.061762312566940786e-01 2.580778839412651293e-01 3.109919290628410660e-01 8.051588421143134056e-02 2.578349445425264994e-03 -1.098473453414093443e-01 4.892029732794087732e-02 -2.161156068090445276e-02 1.577072244084217478e-01
9.985472315031740376e-02 -1.334402112579803623e-01 1.108913991893319823e-02 8.773649828042395793e-02 1.167727183748501207e-01 2.699518741727985338e-02 1.806465053706808321e-01 2.853356178309676694e-01 3.167792079907813529e-02 -8.108679609226430995e-02 2.145842310938686492e-01 -1.926574487151933024e-02 -3.188983043040688470e-02 8.405383102769370396e-02
-8.303985237865171842e-02 6.081968460139419719e-03 1.130852834442041543e-01 -1.903412623066381704e-01 3.293678641748677416e-01 8.886788727510794295e-02 2.551828727319863099e-01 3.348639373104573269e-01 -2.444324611824087723e-01 -1.578285309705410033e-02 1.203943817000295612e-03 1.814606425859693062e-01 5.792201707137546729e-02 3.862380270556752676e-02
4.616444499381263666e-01 -2.012906642337032870e-01 -2.029345125971323827e-01 1.024847519411496433e-01 -4.195037883141444768e-01 -1.205396844224049246e-03 4.500696247030525066e-01 3.167311180513757707e-01 -1.860043145039352863e-02 -2.786512079334403369e-01 1.432954284970346381e-01 1.175948966055406081e-01 3.200683797934389396e-01 8.336114245524228750e-02
1.023483821543399869e-01 -1.242599457285767373e-01 -1.922638920874198895e-03 -1.316223834370384149e-01 4.030786980121745522e-01 2.017299192696912422e-02 1.425312168204795893e-01 2.801506664321454787e-01 -7.231908060073606592e-02 1.642253544732661386e-01 -1.204270196382904723e-01 -3.907560006247738638e-02 1.371587463669440565e-01 1.130244028135971024e-01
7.652875599593032818e-02 -4.879276535630678452e-02 2.129855410742642896e-01 -8.697734728355027700e-02 -3.589626024491698181e-02 -4.597059350998150551e-02 3.093495703665757324e-01 1.612583836589960573e-01 9.512954844908948215e-02 4.923397565219561622e-02 -7.722972354332077738e-02 -1.332327039307299454e-01 3.043380483981258933e-01 9.233936088555158572e-02
-6.225323504916019379e-02 2.069104782088585781e-01 -5.748063423659258153e-02 -1.202714529582732672e-01 7.993178973044870461e-02 1.017345278686840604e-01 1.485331335501499650e-01 4.627902116066899829e-01 -6.430305563849438022e-02 1.753210094669649041e-02 6.993714836676521995e-02 -2.317650931047252061e-01 3.067927256731462493e-01 1.497514564772895428e-02
3.628886312941136810e-02 -9.682225862969687236e-02 2.061897503865247894e-01 4.984435282602879547e-02 3.193257363783784664e-01 -1.357697629398746386e-03 -1.824585254403687795e-02 2.148584524637996429e-01 -1.993288915016854512e-01 6.884726583291161939e-02 -6.118606988388618217e-02 1.002668525195406779e-01 9.916672085404268366e-02 1.552165664099888209e-01
-2.953065000816216257e-01 4.695963574926317885e-01 -2.127969873959413560e-02 -3.260170410912129890e-01 1.570139867465862871e-01 -3.088511337032171303e-02 3.383298109436180257e-01 1.948146645635373542e-01 2.754718037038174083e-01 -2.618119598570977646e-01 4.512560530580835699e-02 4.284524306754257106e-01 7.341089761744214182e-02 -1.738514532970961424e-01
8.493887401053619446e-02 -4.401872907472329302e-03 3.885902180688481644e-02 1.968594408620243097e-01 -4.801336264827631151e-02 3.088964899927604257e-02 -1.005312300535178976e-01 3.516045060039633130e-01 8.485655982547926635e-02 -2.138822179906921250e-01 3.955364692376305003e-02 1.811987260348398854e-01 2.065658759415526791e-01 2.456617380356166183e-02
2.213533149068068751e-01 -5.122751695950250594e-03 -1.459318608187906707e-01 1.860740363382621387e-01 -2.434822358234458445e-02 -1.161514846253892674e-01 9.670687514306139376e-02 5.756597174842887910e-01 -2.631069527327982716e-01 2.453516586499496915e-02 7.344927157069985890e-02 3.890134082948457084e-02 -1.384871061506807999e-02 2.248940525446652128e-01
1.037348870860073900e-02 -3.873789821744196005e-02 1.058166831295398458e-01 -6.525924729851639849e-02 1.649891399897013000e-01 -1.172800485750420396e-01 2.349022495586010617e-01 4.356776292639907844e-01 1.547271935454899369e-02 -1.674745895592972406e-02 5.074841988525669728e-02 2.230436479773409419e-02 1.510088543113446979e-01 -8.020510534046537687e-02
2.894947237607909188e-02 -1.240557275269559556e-01 1.360711550506823742e-01 1.771565195952699498e-02 1.557901606313404630e-01 2.161358313836108519e-02 1.387484638804671322e-01 3.398019311226445627e-01 -7.446443248363410206e-02 1.972313858731452457e-02 1.960835048602574057e-02 9.231942081849101034e-02 2.022835558017178625e-01 -1.010409332301380886e-01
5.987680281505870089e-02 2.678110636125794961e-02 1.314209606184723877e-01 -1.296436207507346283e-01 3.153557785074982689e-02 8.309721443784540140e-02 1.319870464226924334e-01 3.322232955331344550e-01 1.849972858270681336e-02 -1.070945189564821154e-01 1.792180922470622828e-01 -7.447836479559659384e-02 1.027837729801926864e-01 8.685669726556323467e-02
2.358141645086836435e-01 -1.145489417523176401e-01 -5.126002239546157968e-01 4.315828718045974788e-02 5.854454719583607192e-01 -1.505748578092311329e-02 -5.516076640786904406e-02 4.788127826218831484e-01 -2.637990189310793210e-02 -1.472590514656361427e-01 -4.962329016475641730e-03 -2.738988796488484034e-02 2.759387060050964013e-01 1.572529665732692594e-01
-7.662843955057660472e-04 1.284537293370609512e-01 8.026452101690940977e-02 -7.197478381129293612e-02 7.282794373560733114e-02 6.703387593188285531e-02 1.573715697802584579e-01 3.242987649238864289e-01 -6.062312483484089132e-02 -1.058368692468205224e-01 4.580567989375641802e-02 1.969485095858317103e-02 1.782273498106576592e-01 3.828656751178020901e-02
6.249539444882253741e-02 -2.836884972482902056e-01 1.813524103098486384e-01 -3.324800800605470091e-02 3.032861461890836718e-01 8.268347575215292955e-02 -3.374873427735027714e-02 3.458367853953330240e-01 -1.777063972123510971e-01 8.274988368788999127e-02 1.047122834747817172e-01 -1.707995187639807233e-01 3.989000965090314654e-01 1.023847035300580119e-02
6.885719266759908475e-02 -2.866464756884020207e-02 8.067013264152361751e-02 -1.190080627288768594e-01 1.024543695211310029e-01 1.142970026088894892e-01 7.534984470465962147e-02 3.408398130347298216e-01 9.269922059024972294e-02 -1.604368118080915506e-01 1.391955372913443179e-01 1.061703280434470875e-01 1.579122238839505143e-01 -9.727235226979290272e-02
-3.088608410937651941e-02 3.587357566841520989e-02 1.482986227560326165e-01 -1.350592667636509037e-01 2.443065016199716388e-01 -5.608760160688052582e-02 1.854055570580687151e-01 3.680911891341407394e-01 -1.155893405946921415e-02 -1.302619831635340800e-02 -5.638155711238928419e-02 -1.014360727095977993e-01 1.491535779534083062e-01 1.463704810996031558e-01
8.397994558102667151e-02 -1.358904081315353007e-01 8.448472782957354432e-02 -4.536037365729106430e-02 1.147024081859742695e-01 5.951489654443442578e-02 2.302516775725243214e-01 3.695593860603306746e-01 -3.327029260854620640e-02 -8.885280974110121299e-02 1.175195569019815145e-01 5.089588317666548373e-02 1.100620196133505757e-01 -4.453282671546512222e-02
-8.504719870153362726e-02 6.690298881540203413e-02 -2.701501069543583156e-01 -5.957003135239521963e-02 4.008842021871437677e-01 2.899380618793344633e-01 -1.031370839511660809e-01 2.080083464381390079e-01 5.349796231727047685e-02 1.773710625548299835e-01 1.418829183868111077e-01 1.021911689654043665e-01 1.403465465762046838e-01 -1.900550465491638308e-01
2.054542863200823147e-02 -1.336337174359317204e-02 1.624799913246571803e-01 5.365045510847066268e-02 1.394150115064643203e-01 7.666664011819479541e-02 -4.990807357821791523e-02 1.098845568763401753e-01 -4.408499507991715805e-02 -1.283094507758374414e-01 -4.260531700007910705e-02 2.310788374150596347e-01 2.919102177256219233e-01 6.570386008275058698e-02
-1.852046262491870987e-01 -4.804392898879358831e-02 7.710174873561496944e-02 -1.703624794108511142e-01 1.537801659152017164e-01 3.676455182747474515e-01 8.458472850484760608e-02 3.507365919682247091e-01 3.590368900214277459e-02 3.898452110215594457e-01 -2.554980043426886560e-01 7.954355263533395559e-02 7.887162855451762544e-02 -8.584000500874711115e-02
-4.125410376531057910e-02 5.006003412103463002e-02 -3.766097322964977179e-02 -1.881005941724331887e-01 1.116456388632624114e-01 7.217834142460001490e-02 3.098142217752883343e-01 5.082994036576918839e-01 -7.551441364914987520e-02 2.124514080427688245e-01 6.330609050045628294e-02 -2.026335477163488108e-01 1.587439451891763942e-01 -6.827166042946372637e-02
-1.689735503981849574e-01 6.430647350094767511e-02 1.196969065724283743e-01 -2.710167786969875925e-01 4.247603635724078730e-01 5.231305728036020342e-02 1.894976796160546539e-01 2.479383881581755100e-01 2.141497687277609252e-01 -1.162643914342437468e-01 -1.719782787018827031e-01 -1.057628805710665310e-01 3.700656334461893127e-01 2.433139953996401456e-02
-7.836599737379132402e-02 3.231546063679680558e-01 9.164640802946667775e-02 -3.384963672957359004e-01 2.381292089870014339e-01 6.335857649897595756e-02 -2.016116910720244099e-02 1.571505214366252789e-01 -4.434883904031688973e-02 8.710819626706503560e-02 1.705773406957814264e-01 1.243863093686823212e-01 4.127570676201604977e-02 5.764928901538712153e-02
-5.651944648438642083e-03 -6.789077369055979139e-02 -2.711458151897411586e-02 -1.198364283587421697e-01 9.614541615626129301e-02 3.095182441346011615e-01 1.877571996418975764e-01 5.289955935274602838e-01 -1.823828497800084047e-01 -1.156406205433340578e-01 -1.060115508705227957e-02 1.600007262072273839e-01 -2.497988602462691138e-02 1.447448505962113663e-01
-4.131810838549347664e-02 -3.131226809116276905e-02 4.575110787621639030e-02 5.852606422024081434e-02 2.041969860299342465e-01 9.251343447218757232e-02 1.007310694343584723e-01 2.897800441008412942e-01 3.076043886854168755e-02 -5.144819628163705208e-03 1.143238873718522425e-02 -7.317706444111043290e-03 1.295059589802629585e-01 -5.040799558915033500e-03
1.120074463915556318e-01 -1.012026709163224292e-01 1.359225963107519308e-01 -3.263685329259316537e-02 1.616240479611181780e-01 -7.824034395138644571e-02 1.093865719971383876e-01 4.993150159779324304e-01 -1.477589134934452209e-01 -7.570112219087606065e-02 -1.979128204640716315e-01 -6.547655254455541154e-03 3.929507149008005795e-01 1.018577766357762066e-01
2.512174220074508968e-02 3.752428308666701240e-02 7.867216427999079720e-02 -3.890180569091016699e-02 8.995906058501081104e-02 -3.771341267285183846e-02 6.746018757445994274e-02 3.538479204825036861e-01 2.362165404665158425e-02 8.785622752255278778e-02 1.329913016844445628e-01 -6.390487389491646131e-02 6.811148289113919119e-02 4.841785851643572863e-02
-3.944455273148847474e-02 -1.380690103042221950e-01 3.086121636693411191e-02 1.069964115581337055e-01 2.677133661897521111e-01 -4.626842556628495140e-02 2.554237468102517616e-01 3.604345268443905903e-01 -2.996150356683378521e-02 -7.626620082701750236e-02 1.802229230743626343e-01 -1.663805560481852186e-01 1.002460616442880093e-01 6.755578716784196858e-02
-3.001129166364539715e-03 -4.095291702886263985e-01 -4.757882554760969329e-01 3.299744755605705376e-02 3.391551991900705887e-01 3.798191821960769654e-01 9.392740429788386247e-02 8.524438884368428226e-01 -8.856443888122250696e-02 -3.759984113635583131e-02 -3.296358535206253548e-01 4.227297640417781999e-01 5.912265935102245518e-01 -4.951170001477195881e-01
-9.901139004282276390e-02 1.832690863152506011e-01 -2.302716606328780446e-01 1.894382932946203357e-01 1.640800633856542845e-01 -9.681951711683020600e-02 1.117199774219664182e-01 5.751500658347536987e-01 -5.586993003384299605e-02 -7.335245796689400521e-02 2.244364564764498027e-01 -3.562951644960928865e-01 1.305316383426485538e-01 2.060583298299400457e-01
1.691934917903462066e-02 8.343182679009668312e-02 1.456898013320705870e-02 -5.453030544265556612e-02 1.412202723220473410e-01 1.328210233798486350e-01 1.106534948157743836e-01 2.934811707714028994e-01 -8.045494677110952286e-02 -7.188427154806580066e-02 1.360708746226732824e-01 -2.885377160864505131e-02 5.277183170024449255e-02 1.268482622680691674e-01
1.609642127851566157e-02 2.042014113240207818e-01 -3.035225377788353107e-01 3.389579888615766312e-01 -1.031998450621986196e-02 -1.958146239540965450e-01 -9.585788301646530618e-02 6.439244735078701876e-01 -2.750725022573581591e-02 -7.571530268319333346e-02 -1.068612009551291042e-01 -5.426820417881993153e-02 3.922655201759873145e-01 1.474849627624473247e-01
-9.538855069897618222e-01 3.402799220847456674e-01 4.524583565428627052e-01 -3.949410706557998085e-01 -3.554350459346296009e-01 8.249865240588132309e-01 5.487029089641351498e-02 1.864605044011846124e-01 2.106026925561318985e-03 3.300668178156607180e-01 -1.638992765782076866e-01 2.350266577792609057e-01 1.307027047092850780e-01 1.842668855565339492e-01
4.993943561856496738e-02 -1.557831276760619776e-01 -1.078920412955515495e-01 5.021868632026105228e-02 -2.057656090901796575e-02 1.854667236494738358e-01 2.329554085475830372e-01 2.817568773782561653e-01 2.765691507894122991e-01 1.157689417278738586e-02 8.811580425749427530e-04 1.972101543816308367e-03 -2.588462340057736538e-02 9.186370783040161137e-02
-7.757869412349810423e-02 2.024802611059034474e-01 -9.484756428950327778e-02 -4.228022711921968629e-02 2.578657972961943545e-01 -1.832026603268313292e-01 1.768326231964997275e-01 3.716901520760848010e-01 6.489050211073893459e-02 1.069546202896588249e-01 -9.664157096940658234e-03 -1.951465557431953865e-02 1.703237521666882024e-03 1.177345555454884368e-01
1.517608302864912467e-02 -6.647680128005076239e-02 -2.523323759496325439e-02 1.014896714774247977e-03 9.009571286820143576e-02 2.143835382447782101e-01 1.151108712086389846e-01 4.145658817539513707e-01 4.898102902779399859e-02 -1.476598811967090932e-02 -2.961597887240062163e-02 3.763626775494038207e-02 1.331134965992540886e-01 -6.092198072197359260e-02
2.936208583564726277e-02 -3.664331779975129461e-02 -1.701151635823616552e-03 -1.766155644219818965e-02 1.427104902297621769e-01 1.259187026702038303e-01 1.630148125932163183e-01 4.117605425583872880e-01 -5.160229446269236353e-02 -5.084429175780634524e-03 -5.261762715185176395e-03 9.049549703655295971e-03 1.324509530894327214e-01 -2.324883383695099115e-02
-1.710250425873612035e-02 1.151617090064472639e-02 8.484658744338818837e-03 4.708451827337602896e-02 1.855475757647313817e-01 3.520706078278110218e-02 -2.592362143232822963e-02 3.432249328512914088e-01 9.620536377288715912e-02 9.527065252535374396e-02 -7.416987305015745185e-03 1.356782929142102412e-01 -3.669473147435312055e-02 1.982408552741277835e-03
5.844322548312563814e-02 -7.290069437629231874e-02 -9.994204947659796057e-02 1.772762049372010318e-01 1.650347930658245255e-01 -1.367164863415885612e-01 2.662039216343354830e-01 1.742761213585291014e-01 8.198115363853261672e-02 -5.184761588833729229e-02 1.880846888759611923e-01 -1.469313944076525991e-01 3.634165903347713611e-01 -9.331466822588940779e-02
1.395116272842374452e-02 2.459140431385522726e-02 1.215416728279536118e-01 8.714261916522657303e-02 5.955007116426670744e-02 4.228539824321590757e-02 -5.193600736707378041e-02 4.086315414959332815e-01 -5.782151216424744056e-02 -1.964803549643746525e-02 -4.663663967243909803e-02 -4.811231348339347486e-02 2.013805824491320118e-01 1.381438464075068762e-01
8.323494769597128418e-02 -8.338087397325691374e-02 -3.846044006934373760e-02 -3.695758110441980937e-02 1.281092015643909843e-01 2.444302142657464594e-01 6.791336037415557358e-02 4.004849378992037523e-01 -5.080163624415047485e-02 3.964831838195978508e-02 -6.567311179713986036e-02 -9.626612257142667939e-02 4.159767569036343371e-01 -1.351941807134018902e-01
5.749230902271124100e-02 3.517197089477278743e-02 -8.346087679865381304e-03 -8.926374027062909666e-02 2.173299975572369203e-01 -5.405907867661039617e-02 4.179101554760161069e-02 4.401610479353967875e-01 4.991153932009610023e-02 8.637937627874268942e-02 -4.582741391176837001e-03 -3.446881189705454374e-02 1.342525319611331536e-01 1.294462009567787231e-03
-5.041967150914124923e-02 -1.034924755159406795e-01 -1.563054333539644070e-01 -2.961465972362817972e-02 2.194276847030709465e-01 3.642122890847317440e-01 1.550573097393594946e-01 4.942092071307810919e-01 -8.648658956395284536e-02 1.730945978724237472e-02 -2.888107924935982007e-01 1.630652408747624016e-01 2.705465612212407667e-01 -9.563433976904066325e-02
5.869573729645888305e-03 -1.054171336571034234e-01 6.473023755959714243e-02 2.077792917126983913e-02 1.739529115113880309e-01 2.014472450572585838e-01 1.526986732779581912e-01 3.874788813174754876e-01 -4.657430205580079252e-02 -8.651850303254597641e-03 -5.953380982198766547e-02 2.832933195928034192e-02 2.796641314621076471e-02 2.998968971998496741e-02
1.284320278217770117e-01 3.502772349186095147e-02 -1.575179430451150997e-01 1.793933405963562058e-02 1.095272928964651227e-01 6.980344906101507152e-02 1.383358282460901145e-01 1.359223544877737055e-01 8.767171608051639586e-02 2.112972148582856480e-01 1.683185150560428250e-02 -1.479262992374845778e-02 9.370417084298521271e-02 8.814002287771032298e-04
-1.555090920420773293e-01 1.001143186189919210e-01 -3.704245822489066753e-01 2.488870294013564022e-01 -3.394110550204724186e-01 -3.628619790540438261e-01 7.596053353973235556e-01 7.036902700920205644e-01 2.795624619632185448e-01 4.118268916990103917e-02 -2.956918296194623735e-03 -6.215399704361717487e-02 1.307027787231773708e-01 -9.736346904875452235e-02
