5.932546591921580292e-01
8.171744042335498115e-01
4.869676381486587879e-01
3.465193319844475650e-01
4.286835662875790876e-01
4.096751692195755856e-01
3.981918515481000509e-01
1.496320342284302551e+00
4.178199356644508033e-01
8.919345401266018936e-01
1.531108349431989701e+00
3.235842645542066909e-01
4.790651663049452225e-01
5.741869078775678759e-01
4.238822085663591643e-01
4.699626441876149641e-01
2.071699641191755870e+00
6.287227435435999157e-01
4.600704134755193575e-01
9.343391167312417034e-01
4.581953076671215763e-01
3.835931552323063598e-01
9.111111031632406210e-01
6.151215657234126999e-01
4.520120666185947766e-01
6.060613353437845907e-01
5.715152103820598795e-01
4.770158181113177687e-01
4.634405037245814540e-01
4.725150666728711313e-01
8.572616010366036488e-01
4.814209119829949146e-01
4.562074796906200325e-01
6.096199444971107662e-01
1.494209841801801719e+00
4.229632925144518052e-01
8.484959008285948290e-01
8.799779624833641289e-01
1.498669677161276415e+00
4.570711496946932573e-01
3.757158880706815141e-01
7.812819583732709683e-01
3.795750973744281276e-01
8.409261127406539860e-01
4.230581326288394561e-01
4.954630520454565978e-01
4.842346322958508420e-01
4.247006614101703215e-01
4.533183690376734187e-01
3.637460429091164404e-01
