2.967239648903199623e+01
2.967186919966563607e+01
2.967248982033827076e+01
2.967145749306365943e+01
2.492493999088518564e+01
2.533333217730204012e+01
2.967148313005569804e+01
2.967269000414465197e+01
2.105107381905428809e+01
2.524357760406813966e+01
2.243022315471877803e+01
2.364667149408733593e+01
2.288220837069027880e+01
2.651917304141957032e+01
2.207852255170856282e+01
2.622541413040969260e+01
2.967184724862123346e+01
2.018686147125794506e+01
2.043750438071818110e+01
2.967210815058668771e+01
2.967221344782779013e+01
2.529045758191486826e+01
2.448396547161468106e+01
2.967236068453968656e+01
2.967221564714200355e+01
2.967183887726431735e+01
2.643332316637490464e+01
2.967226574029883679e+01
2.967157434667452875e+01
1.993796643081619990e+01
2.724991217482315520e+01
2.967152370932111438e+01
2.967164595695750151e+01
2.967255302803339490e+01
2.967138766545339834e+01
2.967192208189882408e+01
2.967183458357121140e+01
2.967131226922749576e+01
2.077079458755228814e+01
1.684364839991273399e+01
2.967224830149897841e+01
2.967206083268350980e+01
2.685353989826596788e+01
2.967245415585436064e+01
2.967176232507172173e+01
2.967136984496654506e+01
2.634251307751674176e+01
2.623576271494776790e+01
2.967157902932619251e+01
2.967107543353080246e+01
