2.351704570900761126e+01
2.626759619214611874e+01
2.963002784551717639e+01
2.962964962693455107e+01
2.962892129492352922e+01
2.514252125845709784e+01
2.962955228927189566e+01
2.260617549413876759e+01
2.561167496576850056e+01
2.694777188662154543e+01
2.963008907241342982e+01
2.962979664729536822e+01
2.962976681957226077e+01
2.962919215221035429e+01
2.962910739271431027e+01
2.031033005418489168e+01
2.962983138070663003e+01
2.962983486172002046e+01
2.962915436806677150e+01
2.962964675515066304e+01
1.916691828104891115e+01
2.962949612784696996e+01
2.759465423877094281e+01
2.962960213250519104e+01
2.963003779004421290e+01
2.258611135970932438e+01
2.962944943816921750e+01
2.413430134307004948e+01
2.962955996057488051e+01
2.617211200237656143e+01
1.398456861264852868e+01
2.059143469902087276e+01
2.387446766567761358e+01
2.368611709253084285e+01
2.658388561260013461e+01
2.362499744085938502e+01
2.962970071383821136e+01
2.962992585218638197e+01
2.963007540166334408e+01
2.962951092202330727e+01
2.251360108849612729e+01
2.962961492239058359e+01
2.962925211686096105e+01
1.832842976962290393e+01
2.962952187314332164e+01
2.962969286750051623e+01
2.962961320164068724e+01
2.962955937892386871e+01
2.938092074399776621e+01
2.064272062887102166e+01
