4.406337080170820153e-01
2.822831927029374466e-01
3.330420626323294386e-01
8.397801499676982306e-01
4.760954611515184620e-01
5.004821185484130686e-01
7.363961590908666421e-01
3.867649999269388017e-01
4.680598394312781019e-01
4.432110350052786418e-01
4.269068831042287515e-01
3.903847627100865414e-01
8.840229194790948375e-01
4.330189614323722291e-01
7.536013042040952126e-01
5.245187585836482702e-01
1.130299309930520080e+00
4.782055773432136725e-01
2.621996260405476953e-01
5.507098348676299215e-01
3.595828752545290885e-01
7.207637953608807546e-01
4.126461993400988293e-01
1.814107381858147461e+00
5.559792065422735075e-01
5.891810218718067649e-01
4.053656470043479620e-01
2.783987756821741377e-01
4.256674458347097234e-01
4.398039212388040187e-01
8.213368284171064237e-01
3.970570181327242043e-01
3.638447280135697071e-01
2.282180471120371645e-01
2.482783018705609912e-01
4.574453381830342891e-01
8.112915156533413441e-01
3.222325645235045721e-01
3.559008804828784900e-01
3.611506270834448085e-01
2.573047086862964017e-01
7.762596789598668057e-01
6.657947567531585786e-01
7.978105304812295184e-01
3.673503204161982505e-01
9.657893812213966811e-01
9.981453833170143009e-01
2.656351652665559504e-01
6.581362727136095270e-01
5.290505294889809029e-01
