2.089272215170324271e-02 -2.308779938699152476e-02 3.769545434904458814e-02 -3.429214497781481186e-02 -1.019415819687211344e-01 6.379129126692809071e-02 4.260565338287125581e-02 2.892635347153036385e-01 2.812963243128499546e-02 -1.728875134702788710e-02 5.124021344976659176e-02 1.410813930659716303e-02 -2.548722904005153861e-02 -7.727077348289273021e-03
-4.826544377939494257e-03 1.354872600361335666e-02 -3.759637158830786419e-02 1.071704545469607528e-01 -1.200381343642239196e-01 1.313084134446367846e-01 1.394193289483254203e-02 3.090435804331335135e-01 -8.822037641846011691e-03 -1.309820257131137922e-01 2.673488469505345966e-02 -6.721112767992158676e-02 7.232565872594637346e-02 3.330464760577940553e-02
4.669944650582576184e-02 -1.673353234862263728e-01 1.779686731779186459e-01 -3.872081762233309937e-02 -1.283015153984319867e-01 6.167605332591105660e-02 -5.421453068186118246e-02 3.126465252414772911e-01 -1.389914522251003148e-01 1.624235473143650355e-01 1.840022240958989475e-01 -1.569397729358841254e-01 1.670333583956238321e-01 -9.004435872257984808e-02
-3.019009065687956739e-02 2.994749572993873898e-02 -1.146017139132218289e-02 8.481384919662299238e-03 -6.633470665733320892e-02 8.768487170794764252e-02 7.610944465657069891e-03 3.491273910551098147e-01 2.034840850988381411e-02 7.263117245397688855e-04 -3.475466572297791767e-02 4.621168625108385691e-02 -4.859407107316771751e-02 -2.090273187753897977e-02
2.897562501441381527e-02 -2.184852783490246961e-02 8.536539927723317545e-02 -8.592092131402932764e-02 -5.991821617506298131e-02 6.365769753372675643e-02 -1.714103565360865916e-02 2.655259804081251951e-01 2.918964328125320251e-02 -7.507669137537384407e-02 9.782594565648407292e-02 -2.883307261988830167e-02 3.824853065176550548e-02 1.785170013446723408e-02
3.872180390748951664e-03 9.324919837164040437e-02 1.195125758419704476e-02 -1.760921555918520259e-02 -1.109017170782746475e-01 1.921987374378558537e-03 1.004692563393940266e-02 3.087951881957251010e-01 1.853583136407144574e-02 -5.456337411081754046e-03 3.399494277677977266e-04 -4.813283748383950789e-02 -1.852395178051513547e-02 8.981359795503091048e-02
1.821502600725583010e-02 4.951120296071331861e-02 3.742286599290874094e-02 3.811426534402771737e-02 -8.555211053024364132e-02 1.080034322065603902e-03 -9.262008513039035607e-02 3.394794387590560625e-01 -9.517296529582300324e-02 4.992325641251047635e-04 -1.103830537578227161e-01 1.486084280083766751e-01 1.337174115533095176e-01 -4.501763381295556532e-02
4.996505461203971932e-02 6.506564713847344528e-02 1.162353507702867383e-01 3.056651932054781085e-03 -6.439859397702212274e-01 8.748601717107165610e-02 -3.956707447625203850e-02 2.974536287125462697e-01 5.138132692459924655e-01 7.421703065651185857e-03 -6.356804267001119335e-01 5.018808949092876670e-01 4.781062171623639417e-02 -3.305334134245175443e-02
1.742065453644593698e-02 3.202639427764208957e-02 3.964380795079474468e-02 -4.741792774346265116e-02 -1.505740744129696052e-01 -1.226787454228044638e-01 1.111475086198938228e-01 3.301260273398025080e-01 1.224866209146720231e-01 3.237065141492610765e-02 -3.649051578773111759e-02 -1.206591480702518121e-01 -3.039165973430828227e-02 1.608924631019542639e-01
1.106220212479089859e-01 2.817664817240495001e-02 -1.014486589667611544e-01 2.513880719845568157e-03 1.677836226440924863e-03 -1.697393756292850109e-01 -1.090535902058821227e-01 2.240648439270446213e-01 3.075821606955168180e-02 1.361111614014546278e-01 -8.411114730291543440e-01 7.595450294617803744e-01 1.423327895918569397e-01 1.234527279973974268e-01
3.279922383097658156e-02 8.220270864528013421e-03 -1.984979768247084261e-02 3.711393027597042170e-03 -5.959030968310018161e-02 2.220774959184472833e-02 7.874210922583632644e-02 2.763267771570894205e-01 1.619721889584312645e-03 -1.137025055544427753e-02 7.102540444833876920e-02 -5.013727347130537276e-02 -4.449641618574715074e-02 2.869345452687601869e-02
-2.394544165551206610e-02 -7.931122972135187799e-02 3.043373788013416237e-02 3.501638217902999783e-02 -1.073936257954165134e-02 6.584725371965827190e-02 -4.454307345736655682e-02 2.480670719096413068e-01 3.985767994685728705e-02 5.183877788966036182e-02 7.614267409130875963e-02 4.740594720686761021e-03 2.277301479674608692e-02 -7.827602273534751964e-02
-6.490137318661375922e-03 -9.408114318711593982e-03 8.377390785579441959e-03 9.100374472218036859e-03 -2.990215756403175745e-02 9.699562585869816317e-03 4.070545028462325271e-02 2.568319530292788588e-01 -4.924747755393069082e-02 -4.990559363783821784e-02 8.532341126195029657e-02 5.155651176092244936e-02 3.929705780169766294e-02 -1.803617460436277020e-02
-1.554683216154949255e-02 -1.789060010341755325e-01 8.156211166402793644e-02 -9.696508270843487431e-02 9.375155235338533677e-02 1.700779196778537117e-01 1.910596146375570514e-02 1.396466186835267909e-01 1.607480342669493634e-01 -2.037359181212731463e-01 5.360595018175279974e-02 1.481328350837257390e-01 1.117337190385854079e-01 -1.453088114035263889e-01
1.078389628248915683e-01 -7.390415237465224052e-02 -5.362713384572942443e-02 -1.487324509445385523e+00 -1.518622655828009704e-01 3.950967844460840511e-02 1.512675490554608038e+00 3.125724959922966395e-01 4.184179296643367879e-02 5.111661543936291824e-02 6.410445074608128735e-02 6.958134208224299455e-02 -7.143732385679253671e-02 -2.318338696056132867e-02
-2.394727759856327132e-02 -5.523512206177088810e-03 5.796062356007313648e-02 6.678409643298459375e-03 -4.918811045405094978e-02 -6.462788798464826068e-02 1.986619749150371483e-01 2.191545495016194445e-01 -4.333107634285267989e-02 -1.039084376346686156e-01 1.494360706355039314e-01 6.422734664430219953e-02 -1.034677863097802075e-02 -5.734383706329204689e-02
-3.848667753619972043e-03 -7.224412174595887248e-02 -6.446068702725252231e-02 4.289627149437128667e-02 3.384501524675797429e-02 7.668900163471491227e-02 8.969457311377780628e-02 2.710927154831591079e-01 -4.627037299427474992e-02 7.948133382327798868e-02 1.287353905657041137e-02 2.237707104507824507e-03 -1.119141454196552615e-01 2.782989496822743658e-02
1.890331337706886022e-02 3.485303160192139427e-03 6.148945634697849938e-02 -8.710601679833997191e-02 -1.792961342895792176e-01 1.170093521458695496e-01 1.844624320677298868e-01 1.107912625180415972e-01 7.681601408544924681e-02 2.088545841939712031e-02 -1.032314683468049943e-01 -7.447957380255929016e-02 1.546386440557174780e-01 3.353401404544248399e-02
-1.123241986036042830e-04 -1.494914375008890017e-01 5.863263926096053125e-02 9.947876311608358502e-02 -1.315480191354262418e-01 2.227190111589455457e-02 8.005530468288993284e-02 2.098995641805909140e-01 1.375600967917199775e-02 9.842628536485704960e-02 3.074206653348014046e-02 2.462747625358525927e-02 2.512544705682225876e-01 -2.700906429362143757e-01
3.705857739312459569e-04 1.425727716792451506e-02 2.313272717132339520e-02 2.037626895805008317e-02 -1.741508734642821174e-02 3.901010422950419027e-02 -2.372632183443422471e-02 2.994056620669105495e-01 -5.077305015000915106e-02 1.702374625642821826e-02 -1.046177766862864920e-02 1.569681288875428293e-02 4.895683985332452415e-03 6.109425485944750510e-03
6.098984373003958626e-02 -1.105695762871105187e-01 5.743351577302890920e-02 -2.174310230558361510e-03 -1.052625805504791984e-01 6.346856269418414687e-02 4.587673947514686601e-02 2.253961194848344285e-01 1.026026130141083764e-01 1.715428493262885837e-02 -1.179440074551936918e-01 1.323974504896932303e-01 4.322676728703357674e-02 -7.469336537275275689e-02
-1.373862661622424208e-01 -8.750305928838759961e-02 2.142711181289769923e-02 4.149150348931013310e-03 -1.672717989953233231e-01 3.225454518787403968e-01 3.658732104905123572e-01 2.051440899989281641e-01 -7.813784893597233716e-02 -1.500729132315660186e-01 -3.362990357140233089e-02 2.235731228512952140e-02 5.902732004565423851e-02 -8.619799691295938066e-03
4.822013801497042340e-02 6.518229212478655887e-02 -8.856976997944875085e-03 -9.528797797392828117e-02 -6.775739742424451151e-02 3.838579864925845131e-02 8.015315425127075843e-02 2.102018687544048858e-01 5.714864374455906615e-02 -6.017715825816444264e-02 8.383958720167808409e-02 -2.601916207062058076e-02 -4.333246898011213627e-02 5.620171594868991760e-02
-6.496452129601987258e-02 4.919250978010809155e-02 3.202650344423182971e-02 2.811028756346439783e-02 -1.191448765174561164e-01 -1.761731699108701199e-02 6.847746648490718457e-02 3.273385245352325446e-01 5.463125720883710290e-02 -2.466926780046750645e-02 -8.165007704871371508e-02 9.466936015322530151e-02 1.337363462929411773e-01 -1.422341388245999538e-01
-2.100023989605291977e-02 -1.692789094042810444e-02 3.975010714626745628e-02 1.305605938531822705e-02 -5.580111198106887938e-02 4.754644953577774613e-02 6.570373929984202332e-02 2.536008092334189890e-01 1.773411037844476248e-02 -2.383174718447021029e-02 3.826682900122970604e-02 -1.442626180717705188e-02 -2.489411662499704109e-02 1.912532143849867902e-02
7.137217784496694556e-03 7.805256650131182916e-02 -6.250553481514445342e-02 3.651373628948301892e-02 -1.290263300154349535e-01 4.985423978852179805e-02 4.430817270995086182e-02 2.873081198267650738e-01 -6.538771664616121332e-03 -7.927947091456787748e-03 4.040048797122387791e-02 2.227024683107714509e-02 3.623205732568139659e-02 -5.817620445725596445e-02
2.931563247964370442e-02 2.428419252042117449e-03 6.889168540713361266e-02 -2.959889873384811965e-02 -1.439242071006898271e+00 1.419803516749129080e-01 -1.469999893216546172e-01 1.560757928993093069e+00 -2.531736320124877704e-03 1.194503400823607453e-01 -1.064978158639243999e-01 3.852965294265988522e-02 1.812478616277190258e-01 -7.982930422851133856e-02
9.231997902344724061e-02 -4.532193120457955748e-02 2.865372515195169917e-02 -1.858043442241463783e-01 -1.566752215196218212e-02 -8.358925228120779316e-01 -6.405038452070555000e-02 1.164107477187920070e+00 -1.252535937961162665e-02 1.135324032598304667e-01 9.886299648274321505e-02 -1.527678837521213862e-01 1.538618460239466468e-01 -1.406422100031182176e-03
4.954250632174406199e-02 3.927860694824998611e-02 1.348300981328335799e-02 -5.140026073319734629e-02 -1.031930068334596662e-01 2.647443752548610599e-02 1.897379085664744128e-02 2.983814090607328495e-01 -2.269879520259662081e-02 2.031186655339687480e-02 3.738368445523615469e-02 -4.060573883663963490e-02 3.289883090198869597e-02 1.907171615373122117e-02
3.352430841961959174e-02 2.994117469638968992e-02 5.225793447463561447e-02 3.258567090952867173e-02 -3.960447333352628413e-02 -3.888941970049646091e-02 -9.596368113151040879e-02 3.105882077814851039e-01 -1.568247976187442938e-01 5.495270451765927461e-02 7.457681895125345406e-02 2.764474824156462618e-02 3.369264469630370989e-02 1.942021608044111267e-02
8.560893617383284748e-02 -7.406543844521858155e-02 7.069269415803144940e-03 -1.123308695601725055e-01 2.489756295161250910e-02 -1.029325604435845365e-01 -4.457941042778265639e-02 3.764469073747016559e-01 2.984149605177362219e-02 9.913754036071217857e-02 6.466786796939201498e-02 5.486253159306200833e-02 -7.700460639852671485e-02 6.282830368998473802e-03
9.423781336853874480e-02 8.603623991514672276e-02 8.932053510913821881e-02 1.126584710372893205e-01 -1.180425480629748725e-01 -2.702283185638441054e-01 -2.712631235756247650e-01 3.842784641086742226e-01 -8.760593031993521573e-02 5.113795953626313479e-02 7.439527617517967262e-02 1.417310396769128761e-02 4.451636457256495649e-02 1.342877497164961242e-01
5.785254715206151338e-02 4.437370752311264877e-03 5.170592032464166321e-02 4.428116042026952748e-02 -5.199429637683058991e-02 -2.953171196115834257e-02 2.752554317818416488e-03 2.076735991203199350e-01 2.338865605288749719e-02 -3.865668799472136152e-01 7.157302497503657823e-02 2.984979993247975916e-01 9.621234309413737029e-02 -5.238023026447541364e-02
-2.166380558434613524e-03 -8.459584652236160074e-03 2.718464086166688318e-02 -1.078032021589360543e-03 -1.011978435692158645e-01 5.832350123804387609e-02 8.810418534480443653e-02 2.870369572430305216e-01 8.297478284727828612e-03 -1.627976986073993021e-02 -2.980667145392615347e-02 7.277611556429310416e-03 1.019286065904149302e-02 1.047310391300110971e-02
3.451457376867957116e-02 4.592498260326983994e-02 4.766798553185390419e-02 -5.764289162148895918e-02 -6.344792081820943563e-02 -1.791995698472914969e-02 5.416349241286703975e-02 2.514531489877354087e-01 -1.076804976219657012e-01 4.209079723860235239e-02 2.183028457875036549e-02 3.923810670610886758e-02 3.071896259871069110e-02 1.699098960441865896e-02
4.207494191266729355e-02 -1.304762525130813942e-03 -4.292763695964634668e-02 5.843674605211831435e-02 -7.850975053750673671e-02 3.454648535796193271e-02 8.555832979742988842e-02 2.555822074444595304e-01 -2.539683752238244829e-04 -5.216548013660249339e-02 4.583923774598717797e-03 3.966622901994627803e-02 -5.878233548165472111e-02 5.139712764118635480e-02
4.417342774383549442e-02 -5.371715925056689406e-02 -2.943325208873701776e-02 -3.258852018465389910e-02 -2.592598217834386765e-02 8.901843517080834656e-02 9.643391374358670221e-02 2.501783689530317489e-01 -5.053370411896186687e-02 9.587370362042656191e-02 -1.279969049379769443e-02 3.241617876008968946e-03 7.382626950989453624e-03 -4.340172875902259531e-02
-4.048442807075479377e-02 -6.521370333952665292e-03 4.489372296324003336e-02 -7.146527628471133382e-03 -1.028771952248541330e-02 1.148984837344256132e-01 5.487729908977925092e-02 2.302435318512932594e-01 1.446624839070840239e-02 1.119463885345486562e-02 -2.795841514570589909e-02 -9.552843887992116135e-04 -5.220139576023945065e-04 -3.879610885052648533e-02
2.822234864741283294e-02 -1.544924144068192742e-02 1.089445235952661156e-01 -2.904814954261102922e-01 -2.068855941257765063e-01 1.109498300385432790e-01 4.856119791088237686e-02 3.467934496107812903e-01 2.704468988330098744e-01 3.259167885385526320e-02 1.179226831171456547e-03 1.833497986818244385e-02 -6.912939957360815513e-02 -4.617634663832461545e-02
-3.782139905996145107e-02 4.143145777796734819e-02 1.550010877715822001e-02 -2.114258295771088286e-02 -2.533059717059612040e-02 -2.485008204910527443e-02 1.547756641453673643e-02 3.427511069226260587e-01 1.045650767423112262e-02 1.967940360215040055e-02 2.253653007237784930e-02 1.478645475216928094e-03 -5.779943147958194367e-03 -1.648466534632934619e-02
-1.935423285939950541e-02 1.256682881839435162e-01 -1.435835647159423301e-01 5.933475274566776120e-03 -7.672575541444946745e-02 1.035936770542579960e-01 9.240235430772843206e-02 2.746559493725138079e-01 1.178028336490660223e-02 -1.116726429615286509e-01 -4.747690679406352254e-02 1.179370575751378103e-01 -1.343107759819938962e-01 1.390548505789258038e-01
4.142408614768032515e-02 -1.398702706769058141e-02 -2.687666600961732821e-02 -4.016480330365061052e-02 -2.604089473285362694e-02 4.940606314384128617e-02 6.251694756970242739e-02 2.759151793169288824e-01 -1.298267587727342789e-03 2.494354952713172605e-02 1.557316313877920091e-02 -6.414243030594622696e-02 4.355282682722695642e-02 -2.919669679201642581e-03
5.757448495804055877e-03 1.193303156562338513e-02 5.008429769038234836e-02 -5.451697003904066446e-02 -4.912705195278083137e-02 5.493595058139216780e-02 2.911190662028743936e-02 2.549782313500159048e-01 -2.069722029912217376e-02 -1.461624788854779325e-02 3.500892956212475760e-04 6.176116023373970365e-02 -1.125972932368380156e-02 1.920716065491251401e-02
1.249297929662578424e-02 -5.334655011346677023e-02 6.172839372346888842e-04 -5.849710622136174154e-02 -3.207206342904150853e-02 -9.552095519523656764e-03 8.322554324879012644e-02 4.237243752956651455e-01 3.168462140802191102e-02 -3.369993901840336037e-02 7.169413828347145912e-02 1.172070701188153985e-01 -1.209707030771870612e-01 -9.460549722503695802e-02
-1.412056338030912191e-02 5.983926977536865172e-02 -2.273028626106524119e-03 1.724007106928645769e-02 -8.083253657974745487e-02 -1.785149310423201630e-01 9.114968859171966586e-02 3.568484763047551356e-01 -3.955486109965283652e-03 -5.849958800189918734e-02 -1.066216208067821344e-02 -9.868807411806228280e-03 2.045459894463368122e-01 -3.299433497003111115e-02
-3.015911570721200446e-02 7.886272221405540850e-02 9.524417428791200069e-02 -2.763742555403268103e-02 -1.480971826692777937e-01 1.385281460901984993e-02 3.575847413001181918e-02 2.321302243787320696e-01 -4.472270007806887493e-02 7.618721279111696776e-02 -7.688973588801814585e-03 -4.512012886453062310e-02 5.772295221308730573e-02 5.156900882259177199e-02
1.017639625064572020e-02 -6.161959737389546832e-02 6.710351739615180722e-02 -1.941336945019279600e-02 -5.867927393013241955e-02 4.973841077595446414e-02 4.693396761551295315e-02 3.161617074939593874e-01 -1.125177720949417648e-02 -2.888830477332196903e-02 -2.216322587010747906e-03 3.267069975017289352e-02 1.083839420819469358e-02 -1.365239118194090315e-02
3.197924908227312707e-02 1.478520154783899768e-02 1.829787942614781449e-02 -2.236860187812553594e-02 7.056702924378529217e-03 3.764652627629178072e-02 4.323039372464806962e-02 2.202190041656000852e-01 -1.080739710632553224e-01 -2.121056040937225468e-02 3.992022455278204651e-02 3.792688129019732620e-04 -1.715985851300653661e-02 9.320059833550066453e-02
1.592052197653880813e-02 -1.505972329789549181e-02 -4.000804244288628908e+00 -1.946173209391586709e-02 -6.252717769857174535e-02 1.070874305641449087e-01 3.118893304129458782e-02 2.929693152500633113e-01 -2.069749549802423622e-02 -1.847061160755222387e-03 3.999195755711372424e+00 1.421721273214843033e-02 -3.438640307885476415e-05 -2.245291850087799586e-03
-6.253790651711362003e-02 1.126422359122398603e-01 8.099529259835377970e-02 2.907800613184683899e-03 -1.310000192235269978e-01 1.835107512219954357e-02 -3.451738603938513811e-02 2.386009605697238245e-01 1.798555538128562836e-03 6.034096142708449823e-02 1.086333807113267153e-03 5.745094413221814300e-02 -2.166525982052766586e-02 1.344846886491062564e-02
