-1.051579182442618787e+01 -9.515576256777752207e+00 -8.515718506987797198e+00 -7.515487952496538782e+00 -6.515552265908233665e+00 -5.515631480481157922e+00 -4.515907520766962335e+00 -3.515493231232889926e+00 -2.515372781421641335e+00 -1.515608353878970860e+00 -5.156367703933710800e-01 4.844276696782117142e-01 1.484460012648582961e+00 2.484198676083561708e+00 3.484163606200699093e+00 4.484188263897179283e+00 5.484175057743073012e+00 6.484349624846457161e+00 7.484104433689598324e+00 8.484237881038669826e+00 9.484041688625097777e+00 1.048431174609470062e+01
-1.051592568714505660e+01 -9.515196275304649731e+00 -8.515128095041603729e+00 -7.515208077024333022e+00 -6.515810583125439592e+00 -5.515625875781879017e+00 -4.515706818889469787e+00 -3.515768822621218703e+00 -2.515892763029425439e+00 -1.515164967964988563e+00 -5.160749669779356452e-01 4.842186156999055413e-01 1.483984175730844512e+00 2.484384048391472533e+00 3.484195906330246117e+00 4.484198379923006073e+00 5.484171379018919268e+00 6.484752569008964684e+00 7.484824541617534521e+00 8.483845498074193969e+00 9.483764994550837102e+00 1.048404454033484079e+01
-3.062140077172752939e+00 -8.157112642753331144e+00 -2.793751985623689205e+00 -3.403086484281582003e+00 -1.348892326858339707e+00 -5.808252565127998146e+00 -2.998013313819034131e+00 -5.314583152313273828e+00 1.424491945722113351e-01 1.627617437609409912e+00 -1.561014235153817431e+00 2.627592241653098348e+00 4.408414185942005403e+00 1.666217227678446600e+00 -1.582792502740580254e+00 -1.409945082539255656e+00 1.677536498604663029e+00 5.093028977940653235e+00 3.870230564924489691e+00 4.442148660328760990e+00 2.677109497965396656e+00 8.862121596939052992e+00
-1.119253088715427324e+01 -7.823959828209357426e+00 -8.966613831467931561e+00 -2.609248042593999450e+00 -2.649876521379711303e+00 -1.020224681247384968e+00 -4.311403115956577103e+00 -4.134876193454652515e+00 -4.861786546820065169e+00 -1.810159269717758646e+00 -2.422443295219012249e-01 3.615865116294160853e+00 4.532810772633504293e+00 3.883695894891951994e-01 2.141003013945789180e-01 2.861471852250849768e+00 3.943715948747337663e+00 4.036305278100352112e+00 5.680071047767942360e+00 7.759020552142278149e+00 8.286148517584949857e+00 7.959925986892996796e+00
-1.051591799983916786e+01 -9.515163874422947643e+00 -8.516015215014855144e+00 -7.515507368540234268e+00 -6.515593527054230449e+00 -5.515274619852952753e+00 -4.515390349721364771e+00 -3.515516815876416956e+00 -2.516051804816154203e+00 -1.516018835997027026e+00 -5.158098099583821039e-01 4.841103123670364994e-01 1.484355883503512885e+00 2.484540702605796625e+00 3.484470555389476587e+00 4.484384612942291071e+00 5.484106125140739252e+00 6.484383823180747797e+00 7.484304176474172010e+00 8.484324635768485834e+00 9.484239371324136414e+00 1.048392173817213013e+01
-1.051570351625024102e+01 -9.515580484812888429e+00 -8.515963534062548135e+00 -7.515216471796694719e+00 -6.515020968561808345e+00 -5.515605585818935452e+00 -4.516123982315694008e+00 -3.515131721442386947e+00 -2.515079522674712464e+00 -1.515760319476758156e+00 -5.150894244963417634e-01 4.840981492942102449e-01 1.483804924244239487e+00 2.484260393137288858e+00 3.484793444926097550e+00 4.484173847193074991e+00 5.483999183232141306e+00 6.484187966043299056e+00 7.484172625297857095e+00 8.483910990709613742e+00 9.484011968428447403e+00 1.048374375497754052e+01
-1.106532308348459637e+01 -5.619174473815463422e+00 -6.890376248442886542e+00 -4.543147269747418449e+00 -3.136046141210388161e+00 -3.512924662919863383e+00 -2.920823758304056383e-01 -1.484715901161212326e+00 -3.857564053090091871e+00 6.419427265849080300e-01 -9.693001190926037181e-02 -1.362946839856962411e+00 3.316597502912463469e+00 4.604841831107883365e+00 2.182780255254548329e-01 2.200976650342205687e+00 7.161882824374099066e+00 5.625571806733259628e+00 4.329995003402791198e+00 8.144208908719212658e-01 4.784296131594818036e+00 7.817309383793267230e+00
-5.377438908278607599e+00 -7.171009558614866108e+00 -4.478971913827294316e+00 -6.271279931427709897e+00 -2.111629080655910595e+00 -4.832719866580459822e+00 -3.249764168748542126e+00 -4.072644564440283332e+00 5.409119515165026204e-01 2.992185777033817828e-02 3.797442597819834731e+00 5.021678416284901303e+00 4.568168220195174101e+00 2.067309978497722689e+00 4.381617466633753288e+00 4.267004527345054754e+00 -1.459164043261311772e+00 4.464380232287803452e+00 1.578080917318346543e+00 8.499648685698586448e-01 5.893203279271750361e-01 6.523702389443066352e+00
-1.051614622094418650e+01 -9.513605647466404136e+00 -8.516179949722506137e+00 -7.516102009198906586e+00 -6.516334288499571414e+00 -5.516185336492281266e+00 -4.516283974728803940e+00 -3.516031452200650165e+00 -2.516147614202713712e+00 -1.513519675216890903e+00 -5.138938433744790757e-01 4.836024933240548052e-01 1.483689545907747487e+00 2.483715131201513771e+00 3.486234969713462917e+00 4.483783050694238881e+00 5.483541785993349293e+00 6.483740396120323268e+00 7.486040964045306723e+00 8.483709669925941554e+00 9.483661747791536811e+00 1.048359197310425195e+01
-3.659182199670347302e+00 -9.211127234335950931e+00 -8.927828976672421035e+00 -4.593245334739370911e+00 -5.307991793486372956e+00 -5.899258464644702826e+00 -2.357177010662409700e+00 1.207670226295040505e+00 -7.029619364908572976e+00 2.122963628452681384e+00 1.739415895709912840e+00 1.115921750379470279e+00 9.147464246377922104e-01 2.585750689147283676e+00 4.830723321542352622e+00 2.088732477314267033e+00 5.372181671372424638e+00 1.539679341879529151e+00 3.990763090111654421e+00 5.419470872326789923e+00 7.230485210369801408e+00 6.481807495355695892e+00
-3.316949460673327188e+00 -6.663948902624072801e+00 -7.457829985925359395e+00 -5.837591329719780120e-01 -9.179472858771147159e-01 -4.047050960633598926e+00 -2.014947337516806769e+00 1.254408548146087377e+00 -1.239841467221443505e+00 -1.219173100466413029e-01 -6.561675666946538144e+00 1.494513256653291045e+00 1.054550811468889737e+00 6.837791485329633545e+00 3.357843668001189830e+00 1.233134428834206098e+00 -4.430825826373663290e-01 5.014738973161389168e+00 1.467753580241770273e+00 6.209222764081130386e+00 1.878392969958843750e+00 3.221481322972357120e+00
-9.609318506765955448e+00 -8.613977886270241413e+00 -7.593908142030786124e+00 -9.628988723439887210e+00 -5.681014365857495640e+00 -4.332541828332715284e+00 -3.786004942794899186e+00 -3.056485498398657796e+00 -1.551066851745164898e+00 -1.253093959900112297e+00 -1.394985612431343669e-01 -2.310118256935268732e+00 1.946757408921989896e+00 2.933538390994613110e+00 4.121944110476208678e+00 4.922162190368868373e+00 5.805515261800863414e+00 6.863098014782655021e+00 4.434745063258081821e+00 8.844045186198604469e+00 6.568366840546682184e+00 1.077072677214029639e+01
-9.983980207258410289e+00 -9.333321151883504641e+00 -2.200662998242445045e+00 -1.013676856039195773e+00 -2.395405354059695568e+00 -7.261039892075249469e-02 -5.342309522806852229e+00 -5.894935378628759715e+00 -2.421265719723613596e+00 -3.157438856443923303e+00 -1.136297994601970895e+00 -1.030952477112933696e+00 -5.484961121417553098e-02 2.100368313624380256e+00 1.962783776251046053e+00 3.305982049367261588e+00 8.739166414669123029e+00 4.313887911949873200e+00 5.297376117365706349e+00 4.842272866363997785e+00 6.299683655996446419e+00 6.831067137122941446e+00
-7.070859400869085043e+00 -7.984018010859129433e+00 -6.560517974875074820e+00 -5.695469659321708455e+00 -4.754111731326017498e+00 -4.316432191945478891e+00 -2.781628759185077016e+00 -3.418515815091567767e+00 -1.334013242905736085e+00 -5.591551179663033722e+00 5.108901399335779026e-01 -2.558016260744343739e+00 2.492845719892159639e+00 3.467548799234095647e+00 4.759079037475857810e+00 1.504203393159332824e+00 1.473767597809477303e+00 6.257725810324465066e+00 7.486926501327040739e+00 3.715187453475583546e+00 9.930144014215438020e+00 1.012169747571375211e+01
-1.051571288061413156e+01 -9.515979603948911958e+00 -8.515991465273222261e+00 -7.515556969764578099e+00 -6.516440630975090187e+00 -5.516730056228968948e+00 -4.515706212344500869e+00 -3.514234245839450210e+00 -2.516740755262683038e+00 -1.513393984260886782e+00 -5.156845684078650294e-01 4.833423932167573156e-01 1.486460654911663681e+00 2.486372156915329867e+00 3.484296738085417289e+00 4.485655858096750492e+00 5.483943148431450254e+00 6.483286774632599503e+00 7.483983485874805552e+00 8.483249141750006217e+00 9.483329481360579294e+00 1.048313325541939989e+01
-3.697415307278575369e+00 -7.239728632397045338e+00 -5.026613562090068932e+00 -3.616334355563768810e+00 -9.671530786257025447e-01 1.340711911137023815e+00 -7.067684021236846803e+00 2.132872217728888575e+00 -3.845928048195234261e+00 -5.378403787323657870e-01 3.001558910980910433e+00 9.505294116241023161e-01 5.090187889821226719e+00 2.957250264459236000e+00 -2.911827871216448926e+00 3.198819105029327314e+00 2.267194255373214506e+00 -1.972435590335898770e+00 3.904295903898390208e+00 3.821630644648983388e+00 1.784356455924776874e+00 6.088435590820417076e+00
-5.205756131650513652e+00 -8.216289145226632229e+00 -1.032071496242229713e+01 -1.425102588212070476e+00 -5.369867630950992954e+00 -5.008027614168960362e+00 1.840469167134876738e+00 -4.380349212468394704e+00 2.344164769118004976e+00 -1.114981733368046291e+00 5.404338364304573261e+00 -3.404919622904634124e+00 -1.105483729934929382e+00 7.308038111645935864e-01 1.615915000258491885e+00 1.126635612792708629e+00 3.424661024851588742e+00 3.908955341266601380e+00 4.190399805569734681e+00 5.572366576442818520e+00 6.124206441319500982e+00 8.923458172858506288e+00
-1.051633504371746852e+01 -9.514371562410467220e+00 -8.514894205738183786e+00 -7.516737032343039360e+00 -6.516325939108009280e+00 -5.515498984266395510e+00 -4.516781676221954811e+00 -3.513952184129845335e+00 -2.516306418586847116e+00 -1.516479927707797160e+00 -5.164911929856632611e-01 4.835149611939080216e-01 1.486331414769997750e+00 2.484597545455804024e+00 3.483889755200261007e+00 4.485883634876122628e+00 5.483911913226952706e+00 6.484065097164023683e+00 7.485627677630301235e+00 8.484271329234950088e+00 9.483100917528981100e+00 1.048386163670908289e+01
-4.386718355148909509e+00 -3.660779735357960085e+00 -3.486385155467567998e+00 -6.513821353961303018e+00 -3.738787286117606801e+00 4.434564003251456610e-01 -7.021575781118185589e-01 -8.054143599367143969e-01 -1.030670045651079114e+00 -8.621013552743812980e+00 8.758933805273846351e-01 2.794669333800849476e+00 1.391070396163997858e+00 3.902944447036131415e+00 4.239226662297649106e+00 -1.619436374456694416e+00 3.856465357460491239e-01 3.436258424475503226e+00 -9.661610859485387781e-01 7.630295952821220418e+00 3.941899114919161562e+00 6.144865950563448642e+00
-1.051517398181285756e+01 -9.515851396051310473e+00 -8.515503699806599158e+00 -7.514730560508656509e+00 -6.515953692522904461e+00 -5.515617865053091151e+00 -4.516052561727423864e+00 -3.515691342678945119e+00 -2.516226450827980798e+00 -1.515039804306891114e+00 -5.157744017514307444e-01 4.849422844973467761e-01 1.484628130766482812e+00 2.484650489958848851e+00 3.484286171468820470e+00 4.483671200546350377e+00 5.484630626710977452e+00 6.484219488772478002e+00 7.484140527519318908e+00 8.483830359849065417e+00 9.483581182631580120e+00 1.048391701010140586e+01
-1.051584987274625860e+01 -9.515466465868728463e+00 -8.515445812859315566e+00 -7.515483445741933721e+00 -6.515581078150058048e+00 -5.515332280912195628e+00 -4.514786980368880265e+00 -3.515755891122607224e+00 -2.515914409675373165e+00 -1.515048696913508408e+00 -5.159544714472552585e-01 4.839631176807621671e-01 1.484116718850348349e+00 2.484561809084624429e+00 3.484305680475445754e+00 4.484519541940903409e+00 5.483979702673172696e+00 6.484343209049910683e+00 7.483871423385357602e+00 8.484032333574505813e+00 9.484075196764679916e+00 1.048373238810083663e+01
-1.051558477025138671e+01 -9.515917528082011856e+00 -8.515685978938222433e+00 -7.515033129264022449e+00 -6.514694910157803776e+00 -5.516200352121483519e+00 -4.515162799168717100e+00 -3.515846985984943274e+00 -2.516111883927450776e+00 -1.515352759171616270e+00 -5.149666849862448714e-01 4.849403168667425490e-01 1.484123912047254024e+00 2.484814104031434212e+00 3.483849760483613167e+00 4.484506320546973512e+00 5.483796310018407283e+00 6.483775165270671437e+00 7.484043952416293166e+00 8.483845178376542506e+00 9.483651671897277424e+00 1.048409280587326542e+01
-1.051558075912969770e+01 -9.515849270603856880e+00 -8.513958134434433944e+00 -7.515963897786360093e+00 -6.514729604802338869e+00 -5.516214028678152914e+00 -4.515704103491511745e+00 -3.516268201849678476e+00 -2.515890330753526527e+00 -1.516029939732764120e+00 -5.161223418333271695e-01 4.841458716175797150e-01 1.484625681557441013e+00 2.484202488579533963e+00 3.484013184227732651e+00 4.485337763347413187e+00 5.483621313490653293e+00 6.485182239928029446e+00 7.484074293889783291e+00 8.483292713084004788e+00 9.484731263735085349e+00 1.048396551541306643e+01
-7.962378352148997251e+00 -9.623419597832896244e+00 -8.448684032194060833e+00 -5.126494371048735843e+00 -6.447998479366882307e+00 -5.828468241579783715e+00 -4.848200873927875243e+00 -3.746142060151314013e+00 -2.906865592552357214e+00 -1.937681623094606120e+00 -7.167316866590216495e-01 -4.770129116732391705e-01 3.347623263529837079e+00 2.127326082284113351e+00 2.964772664663512636e+00 3.844430093571214790e+00 4.505407861997391628e+00 5.649932619219399044e+00 6.693988622044978243e+00 1.011331756202946153e+01 8.727656437229917685e+00 9.750504331434475702e+00
-1.051499821347277219e+01 -9.515512229028070479e+00 -8.515578017654748422e+00 -7.515419633212440331e+00 -6.515158058228820437e+00 -5.515922994437547189e+00 -4.515623436394067269e+00 -3.515904382887228508e+00 -2.515797601166097408e+00 -1.515976236286499912e+00 -5.158631066707215496e-01 4.840783541175266436e-01 1.484300984916343324e+00 2.484219080683837788e+00 3.484406880018370956e+00 4.484280167994159072e+00 5.484403810379163247e+00 6.484150296923770540e+00 7.484076066789294046e+00 8.484361841258664327e+00 9.484186745164054244e+00 1.048417139696802280e+01
-1.051604179733184452e+01 -9.515994337133379943e+00 -8.515314680270178016e+00 -7.515968714586735544e+00 -6.515948843888255126e+00 -5.515249621800402124e+00 -4.515876796773889978e+00 -3.515696708790295943e+00 -2.515931536189539131e+00 -1.515532579950319203e+00 -5.154213129796865189e-01 4.848283336243710551e-01 1.484011563726436833e+00 2.484521421857840195e+00 3.485041733153828147e+00 4.484466175802715782e+00 5.483937221833237174e+00 6.484120930799017302e+00 7.484528425403606633e+00 8.483862611719136027e+00 9.483871097930441252e+00 1.048466912961817599e+01
-1.051483878831972163e+01 -9.515215191651465787e+00 -8.515980388630515208e+00 -7.515522475947053138e+00 -6.515925962139251126e+00 -5.515356722880499163e+00 -4.516100253571162071e+00 -3.515139106322424212e+00 -2.516141447831278910e+00 -1.515679251063952293e+00 -5.159442384134678150e-01 4.842370342124517890e-01 1.484205078672273359e+00 2.484425839375358436e+00 3.484436478804452619e+00 4.485065084289416859e+00 5.483856778930524811e+00 6.483672496270042274e+00 7.484272320162162373e+00 8.483892303298812720e+00 9.484910358082158766e+00 1.048375177044759710e+01
-6.767323339450467934e+00 -4.442001780425133717e+00 -8.527470326207502893e+00 -7.460100158616155497e+00 -6.557110312332941504e+00 -5.443134587081502218e+00 -9.771293176014430593e-01 -4.346605650856258052e+00 -1.935450404468421093e+00 -2.939772822857539936e+00 -9.477767490064896716e-01 3.155816403809236226e-02 1.394975296841111989e+00 3.883507510671104779e-01 1.535851382682902777e+00 6.734609308814530237e+00 3.564820302293826515e+00 5.449998123802192396e+00 5.753581248429128436e+00 9.439164664690212092e+00 8.107609173526352464e+00 7.598238748492931904e+00
-5.376353867942439635e+00 -5.430252553072949517e+00 -8.408849762760528534e+00 -6.477570690524471431e+00 -7.102375552338051179e+00 -5.301383142202991117e+00 -5.592005486099825617e+00 5.584639867371099520e-01 -3.801720222359496582e+00 -3.120904996603999226e+00 -1.667188838626184832e+00 3.942527046144390646e+00 4.786791331927883197e-01 1.434262151775689720e+00 2.567934909591017334e+00 2.908369793185476837e+00 9.076306295922258016e+00 4.005808348672768915e+00 6.268315419594793880e+00 5.898666057052075473e+00 7.140299594871603261e+00 7.653854091565515105e+00
-1.051487198912289500e+01 -9.515718568793754883e+00 -8.514589776030994983e+00 -7.515814845196247873e+00 -6.516041611067260320e+00 -5.515969824723216064e+00 -4.515588183633306940e+00 -3.515930284492013058e+00 -2.515873324803331812e+00 -1.515779119662267860e+00 -5.159351273693939532e-01 4.847599670968154584e-01 1.484219278462896696e+00 2.483687292107109812e+00 3.485165204175478593e+00 4.484707708724505082e+00 5.484683583744534019e+00 6.484125371345053068e+00 7.483755427666675786e+00 8.484348337419994834e+00 9.483731190927985111e+00 1.048381100899792706e+01
-9.017056058322831191e+00 -1.268375997503131236e+00 -3.101646239434108221e+00 5.452189264894435894e-03 -7.053425705284145586e+00 -5.116996229293179432e+00 -5.731886810835660206e+00 1.810324298213623173e+00 3.256560061099324166e+00 -9.109713809442793186e-01 3.514366983117221288e+00 -1.242404139792387507e+00 4.611813994365733249e-01 8.464628950974932842e-01 3.312484048027772299e-02 -1.149090175155897509e+00 2.660897389119901479e+00 2.041543194242754211e+00 3.479935242850560773e+00 4.392999327963790890e+00 4.012513508267509188e+00 7.731373123186228824e+00
-5.869787155109073673e+00 -6.708908281580199251e+00 -5.918474387013610283e-01 1.219888931179776925e+00 -5.034624142666647373e+00 -3.785656904906531395e-02 -4.302885920753220184e+00 -3.625091755449957542e+00 -3.178443624681039470e+00 -3.099262652932796236e+00 3.486099488860062934e+00 1.888156440610589293e+00 2.542477885897007184e+00 4.552609793281388484e+00 -3.265994908651117079e+00 2.904005887804288921e+00 2.508462219969335383e+00 4.845407001794836077e+00 6.545282932847191759e-01 3.672789577165215924e+00 2.390511942533775525e+00 4.704646702968034333e+00
-1.051619428294621628e+01 -9.515252119776858919e+00 -8.516343525526190561e+00 -7.516233182427571435e+00 -6.515469289300099831e+00 -5.515709138390691990e+00 -4.515367290851736826e+00 -3.516328996894037218e+00 -2.514397642490511231e+00 -1.516383669254446787e+00 -5.143768628212512795e-01 4.845704669979529200e-01 1.484920517626138192e+00 2.483585135164586788e+00 3.485891514542432290e+00 4.484187522056434005e+00 5.483964503827424508e+00 6.484054581346837764e+00 7.484445945444441861e+00 8.483807348730895370e+00 9.483984747054909903e+00 1.048352543366227074e+01
-6.080095659698210753e+00 -8.325503115698355217e+00 -3.771005723902224105e+00 -8.732060918185506893e+00 -5.237267292227438809e+00 -3.747671181337997925e+00 -7.587378876415580287e-01 -2.773441832122378603e+00 -3.235497313416600740e+00 -4.571527842117432350e+00 2.178001566889123275e+00 -9.145468282827443618e-01 1.270111656897467078e+00 3.835729721052919761e+00 -5.389466958929194362e-01 5.843868716246223727e+00 6.284339359341533537e+00 2.104073560792677711e+00 6.518942624857724688e+00 9.282484705251594193e+00 5.904539852009163425e+00 5.119092242959480288e+00
-1.051540153981603964e+01 -9.515058485283075740e+00 -8.514952247454356637e+00 -7.515898456289020757e+00 -6.516054918481533065e+00 -5.515016821636391953e+00 -4.516217847778028371e+00 -3.515357901765534976e+00 -2.516344276680161585e+00 -1.515181024982149793e+00 -5.156725695864654568e-01 4.838897088034670446e-01 1.484338479624561558e+00 2.484172443435957334e+00 3.484342316673568973e+00 4.483668620274833927e+00 5.484609285877517948e+00 6.484355176375675711e+00 7.483706864105039713e+00 8.484726215289400741e+00 9.484219784425071964e+00 1.048400891064243368e+01
-1.051508584483107711e+01 -9.514951525764027807e+00 -8.515538765625521478e+00 -7.515879607336106716e+00 -6.515560759739445373e+00 -5.515903970734644446e+00 -4.515557056800890479e+00 -3.516066445545735775e+00 -2.515707469121975848e+00 -1.515084801749761567e+00 -5.157963619990901805e-01 4.840143858031638047e-01 1.484186605973665252e+00 2.484216222031536248e+00 3.484732733531421545e+00 4.484283463521427038e+00 5.484278277917328026e+00 6.484597252173845305e+00 7.484016837044178416e+00 8.483741970224798479e+00 9.483857707543789317e+00 1.048408886925739658e+01
-1.051533163474372401e+01 -9.515243971212349550e+00 -8.515732118351895252e+00 -7.515418925745944279e+00 -6.515939430757002881e+00 -5.515989908440570133e+00 -4.515417122705425612e+00 -3.515174054964045780e+00 -2.515693911774596003e+00 -1.515841902657005136e+00 -5.153409479694115447e-01 4.841397316618216706e-01 1.483989483253504105e+00 2.484286567704225845e+00 3.484366437928224869e+00 4.484021237628008194e+00 5.484114921228435691e+00 6.484335130588553042e+00 7.484306475655584379e+00 8.484400062398460562e+00 9.484017698602224655e+00 1.048402789844706362e+01
-1.051592664962470280e+01 -9.515072492713276375e+00 -8.516013761813006511e+00 -7.515442279929489544e+00 -6.515138326043432571e+00 -5.515651313418702628e+00 -4.514769105071389177e+00 -3.516005320305200854e+00 -2.515989487821398640e+00 -1.515854863280614140e+00 -5.157736743038512373e-01 4.841902127320008020e-01 1.484089644795101748e+00 2.484134094958941219e+00 3.485073002224609695e+00 4.484013037925404177e+00 5.484439158981485818e+00 6.484035166149775264e+00 7.484043592756433938e+00 8.483806939964930294e+00 9.484723018651651572e+00 1.048397112095896766e+01
-1.051566103507167327e+01 -9.515950095247125873e+00 -8.515847478400569770e+00 -7.515566934238785635e+00 -6.515076745640131506e+00 -5.515158269893037257e+00 -4.515986834060059962e+00 -3.516071815382350252e+00 -2.515785057436310979e+00 -1.515792098234991059e+00 -5.160544853318764780e-01 4.842884574424193289e-01 1.484476040710111633e+00 2.484963964332235875e+00 3.484510134566916051e+00 4.484689164568079534e+00 5.483868937600746563e+00 6.484167959202423503e+00 7.484214778650894573e+00 8.484521995891226354e+00 9.483878519047390654e+00 1.048425261269916575e+01
-8.096520617805236242e+00 -7.366639339767791839e+00 -6.772446563814654930e+00 -8.962878640314867695e+00 -4.162877177565965425e+00 -3.333115037389238644e+00 -2.464587432038981341e+00 -3.019665234695005918e+00 -1.796976786279956606e+00 1.680811925890000058e-01 1.233838453849702921e+00 8.644317890818491446e-01 1.676619511045868149e+00 -1.748907505285860919e+00 5.212172854031809521e+00 6.046223957717256070e-03 5.782263185146599760e+00 1.761555179164090212e+00 6.899109715208469495e+00 8.770914386042795385e+00 1.022168135033171765e+01 4.782782210282479518e+00
-1.070103550498103218e+01 -9.412490822648793554e+00 -8.867852486715841920e+00 -4.338884862884991200e+00 -7.401466731947428990e+00 -5.947309938849183908e+00 -4.842904512697250752e+00 3.471322407151222755e-01 4.145827805373227815e-01 -2.118015830197044203e+00 -1.438980288012552178e+00 3.306414777008309436e+00 1.466939659829169740e+00 1.582958269512690475e+00 2.267640316224166064e+00 3.776685625531662982e+00 4.510510908343133174e+00 5.845687272726665995e+00 6.484485736690271729e+00 7.428695023539300557e+00 8.152492676992061149e+00 9.139597407058788647e+00
-1.051641806485977781e+01 -9.516221935776139063e+00 -8.515798057344817096e+00 -7.513810436156683537e+00 -6.514382938769712084e+00 -5.515438179400826257e+00 -4.516141052273178857e+00 -3.515883888033314975e+00 -2.516332800415423065e+00 -1.514489347961811561e+00 -5.154611420902348584e-01 4.841372418132685596e-01 1.484508370133962529e+00 2.483282734724603813e+00 3.484430973502718132e+00 4.483708699318494695e+00 5.483539988371456175e+00 6.483479772779071837e+00 7.485418473455041521e+00 8.483521615239707714e+00 9.485235129567703538e+00 1.048399655995044277e+01
-1.051516925069422825e+01 -9.516439313915643794e+00 -8.514597210017134543e+00 -7.516216094520986601e+00 -6.515784735706718678e+00 -5.514976668086939426e+00 -4.515384416011260171e+00 -3.515926684168267258e+00 -2.516510444608593744e+00 -1.515832374719066067e+00 -5.150026557120508386e-01 4.836914363232409642e-01 1.484790627929285733e+00 2.483409752222611289e+00 3.484747354957182353e+00 4.485002954575136869e+00 5.485148583623487895e+00 6.483823184939934592e+00 7.484007333489971714e+00 8.484976825388987010e+00 9.483467605980951731e+00 1.048365590450437601e+01
-5.326252977257547983e+00 -5.192197260572825712e+00 -3.104034985079392683e+00 -4.018457495547987257e+00 -6.144740227606719785e+00 -3.251232120033721973e+00 -4.552541484242764724e+00 -4.111581814868148221e-01 -1.451944902337882537e+00 7.170536050585911703e-01 6.236868006687144028e-01 8.201374870698099340e-01 4.377255953188254445e+00 -3.448847066962017927e+00 6.262717535742062580e+00 5.904023304110770809e+00 1.359327654646699024e+00 2.085727941976237787e+00 6.366085845273508959e+00 1.083684853197608433e+00 6.695396244478176051e+00 2.611911914917781630e-01
-8.231199225520754226e+00 -6.853856536414624223e+00 -6.378825829490394561e+00 -5.744493544771689386e+00 -3.331119741800959488e+00 -3.760905827702448967e+00 -3.815686416074666631e+00 -6.713727336444108573e+00 -9.602311222103165900e-01 -5.220398386188196405e+00 7.284748335898505456e-01 1.864806024803732587e+00 2.040446546648877035e+00 -1.473479182370555085e+00 3.436733729396538983e+00 6.132007182271568269e+00 5.346011854479108649e+00 6.012218837537083971e+00 8.135481465026268566e+00 3.605308345672896930e+00 8.577617906572939432e+00 6.259698138764392183e+00
-1.051654849675568926e+01 -9.515859139236534148e+00 -8.515973282131277244e+00 -7.513231453570467622e+00 -6.516695705327112620e+00 -5.513300416144458538e+00 -4.516503957184879070e+00 -3.515658882531266016e+00 -2.516648483547289317e+00 -1.515980546447357469e+00 -5.158752771941159665e-01 4.858489585193659366e-01 1.486605348912148017e+00 2.483462694016360217e+00 3.483800145712763197e+00 4.484086665240200276e+00 5.485679211941629774e+00 6.483971032229328912e+00 7.484092297879126221e+00 8.483408021655945319e+00 9.483188780871298462e+00 1.048301419886675312e+01
-6.421903133136836139e+00 -3.328996708273838312e+00 -4.408875929839430441e+00 -3.826901675776364531e+00 -9.335509657867735456e+00 -5.736829700966833201e+00 5.861033706974438928e-02 5.513871134915671490e+00 -5.594646215338127782e+00 -3.047897839769436512e+00 3.268292969370111045e+00 3.189676214033096535e+00 3.500230283274352594e+00 -8.456332028837443282e-01 1.481456810005217228e-01 2.382005060281211506e+00 2.745837982214598405e+00 2.706665789456013105e+00 3.323485403377448577e+00 3.548989077874254328e+00 4.883547588998180089e+00 6.932718257761680825e+00
-1.051575308902700101e+01 -9.515191821889443347e+00 -8.516003860668710956e+00 -7.515619917349399159e+00 -6.515651984648261674e+00 -5.515987022356549474e+00 -4.515506079928451655e+00 -3.515582649545258676e+00 -2.516042573885478362e+00 -1.515732599930332825e+00 -5.153932408853076907e-01 4.843649430708367731e-01 1.484402404590083435e+00 2.484250606460994604e+00 3.484262795610852947e+00 4.484501542015498998e+00 5.484562830491492846e+00 6.484196902676055529e+00 7.484204919500781372e+00 8.484257222576570001e+00 9.484163911505174127e+00 1.048417847739023578e+01
-4.673968964062613196e+00 -7.746005965835058404e+00 -8.910945553386405038e+00 -7.287673024321078330e+00 -2.764818711386018535e+00 -2.150812108888711105e+00 -6.552802275085008787e+00 -4.895451508660910278e+00 1.523536098344992151e+00 2.080037740455944917e+00 -3.057187056544085291e+00 5.442345476138163995e-01 1.307638943514080054e+00 1.844688803162307433e+00 2.101575178318976000e+00 5.748998404316359334e+00 2.558869420213471635e+00 6.200755187328937268e+00 4.028080530671179105e+00 4.087789430622846609e+00 9.602576125725194700e+00 6.065766473656310609e+00
-1.051637272469028517e+01 -9.514781273224144797e+00 -8.515519640662455814e+00 -7.515697813846873743e+00 -6.514772533693088619e+00 -5.515898413278844004e+00 -4.516243643381383066e+00 -3.514853037216470355e+00 -2.515623688020484749e+00 -1.515840775587353306e+00 -5.157728784463770921e-01 4.849563918330304091e-01 1.485022821209634358e+00 2.484332182190623683e+00 3.484629207036697096e+00 4.483325012705529744e+00 5.483365752480233724e+00 6.484780409119334621e+00 7.483653315088956148e+00 8.484817617318833882e+00 9.483514168045720893e+00 1.048386126079341274e+01
