-1.034204021421344599e+01 -8.278740733694567311e+00 -8.026655861971777384e+00 -7.290892036868766191e+00 -7.728748161435643915e+00 -5.116759362487958818e+00 -3.364365116367540320e+00 -3.116621682110101599e+00 -2.128732312578302199e+00 -2.916077138268780455e+00 -2.183971147479141228e-01 7.383053599639978204e-01 2.482121021810866690e+00 2.514158334544327467e+00 1.859032443219532205e+00 4.593285929165739745e+00 5.563297443792637686e+00 6.581699465262185633e+00 7.437506063072083506e+00 8.356466962289708533e+00 1.021155630457683827e+01 8.671643865031812837e+00
-6.517343640915676417e+00 -9.044219983009204711e+00 -7.738634289274548550e+00 -3.858447329419772309e+00 -1.381184209917105665e+00 -6.408769668383863305e+00 -1.083213317323991287e+00 -1.528071861463550896e+00 -9.970821922691615047e-01 -2.920685453409126886e+00 -2.083255374519465075e+00 4.010110775899194735e+00 3.597603570699303255e+00 6.231129835326220112e-01 -4.704441113517155437e-01 2.622460274873707142e+00 3.099804530834262550e+00 2.918715318218089383e+00 4.171919149589880860e+00 5.392982777242213643e+00 1.074172147953431455e+01 7.333964028818517278e+00
-8.884503170895390767e+00 -8.102993206231175805e+00 -7.219324245426117947e+00 -8.375755546024572951e+00 -5.684463193100167899e+00 -5.242439080453753952e+00 -3.730939887443851077e+00 -1.119623374726731235e+00 -1.841268619815754404e+00 -4.225225297193130558e+00 8.656662955871101683e-01 2.003841229391871703e+00 -1.759600649756851043e+00 1.679122144906431080e+00 4.154189576699462982e+00 5.335717765872172613e+00 4.911458839369502449e+00 6.269534577325567959e+00 6.028780542941152731e+00 7.990213205800846374e+00 7.315829842185516796e+00 1.011282570897278354e+01
-1.047827633436426709e+01 -9.477648742158287121e+00 -8.477836139161464502e+00 -7.477817721326250222e+00 -6.478359974582074798e+00 -5.477901033718477919e+00 -4.478102512318972828e+00 -3.478044457394965150e+00 -2.478224388916359544e+00 -1.478270008821368720e+00 -4.783912074159459848e-01 5.220185447145659907e-01 1.521781944077128301e+00 2.521847464482894097e+00 3.521871514957060967e+00 4.521863028745766400e+00 5.521690242331137810e+00 6.521909900348298095e+00 7.521800048987982379e+00 8.521832131188025627e+00 9.521786377172581695e+00 1.052151478115807848e+01
-1.047793847153127444e+01 -9.477850182151234648e+00 -8.478499075567162535e+00 -7.478290802037175666e+00 -6.478510691022309587e+00 -5.478380961512964831e+00 -4.477817861532603416e+00 -3.478703929280690943e+00 -2.478137089108866320e+00 -1.477938136255176005e+00 -4.779158068651430114e-01 5.213424505835302369e-01 1.523093553090642871e+00 2.521295526826925482e+00 3.522025139833045770e+00 4.521966578269550396e+00 5.521901795471263696e+00 6.521962823176931323e+00 7.521658459508971717e+00 8.522988082671712817e+00 9.521266842091629101e+00 1.052152521332557278e+01
-7.060023344643636456e+00 -8.782623391782525601e+00 -6.858506239881017486e+00 -5.534610078548443113e+00 -3.303229112388673450e+00 -7.341685377979882965e+00 -1.883959425755868944e+00 -2.359102344572788557e+00 -4.445053922423733539e+00 -1.156337115913267377e+00 1.157317031919048667e+00 2.748283060165085168e+00 1.334468230612473771e+00 2.665323142456118788e+00 3.046715234222431512e+00 5.066387858682703360e+00 5.837530630051345426e+00 2.351240326556352400e+00 2.535442728556410952e+00 3.947576763226937846e+00 8.696803465419959522e+00 9.819085340005894835e+00
-1.047859265452078859e+01 -9.477257920259765100e+00 -8.477879015559484088e+00 -7.477545438165023484e+00 -6.477630106562898504e+00 -5.478070301765733063e+00 -4.477710624987409460e+00 -3.477147957140751089e+00 -2.478787993842884063e+00 -1.478166183287441982e+00 -4.779655018990656146e-01 5.214914401823822487e-01 1.522527488117868089e+00 2.521293433552441954e+00 3.521585727279839872e+00 4.522294135933575987e+00 5.521965535526929258e+00 6.520832168107686400e+00 7.522087978368464434e+00 8.521348724311049949e+00 9.521223651414564060e+00 1.052114687318151631e+01
-7.027387851439055311e+00 -6.403167333756746515e+00 -5.707059529553657029e+00 -7.964003664191124265e+00 -7.384405639383973430e+00 -2.801230391060753000e+00 -1.404369148513390453e+00 -9.629018774049311613e-01 -1.588653521057630247e+00 3.918712087719720127e-01 -4.406832637522323459e+00 2.205807244483313667e+00 6.176527632825179470e-01 2.801571855726600724e+00 3.448812243364327568e+00 5.436452079480334376e+00 5.953252110219275473e+00 2.018185326120336409e+00 5.521365794672392191e+00 1.850922300172953783e+00 9.959881711430588425e+00 5.925280414143903940e+00
-1.047804681448771902e+01 -9.478233987973480268e+00 -8.477726119147090955e+00 -7.478221172974878428e+00 -6.477413582192212971e+00 -5.478121543811107941e+00 -4.477851281450528020e+00 -3.477196099744599422e+00 -2.477717394517213734e+00 -1.478258530185977193e+00 -4.779168614609634602e-01 5.217968201772755776e-01 1.521936526014052049e+00 2.521532421423630765e+00 3.522132751955229679e+00 4.521763441576203135e+00 5.521878865970807126e+00 6.521396463228896323e+00 7.521236946298326842e+00 8.521236640824509934e+00 9.521678423001006308e+00 1.052115754546089477e+01
-1.047789796949783891e+01 -9.478090686215587368e+00 -8.478454021228976956e+00 -7.477603626860828356e+00 -6.478378427638233461e+00 -5.478622389449308017e+00 -4.477277351035299446e+00 -3.477349308742716971e+00 -2.478090611709777846e+00 -1.478219231082624319e+00 -4.772725156085009246e-01 5.214441740377431245e-01 1.521503838287161514e+00 2.521663541482253024e+00 3.521382274614143881e+00 4.521660442040728256e+00 5.522091003642843887e+00 6.521630699322983560e+00 7.521272087977692422e+00 8.521747755394745383e+00 9.521703267977995822e+00 1.052220051227646280e+01
-1.119164243428535421e+01 -7.155546408617871279e+00 -6.546686282241453547e+00 -5.780359441673255994e+00 -5.146387638143132826e+00 -2.248825757302001183e+00 -3.784568277152752458e+00 -1.531232793720110008e+00 -1.919635072195937653e+00 1.244404117528149223e-01 -5.626799873133611074e-01 2.514277105413068369e+00 -3.531222467374070639e+00 2.636624921170268365e+00 4.608688312492703609e+00 4.830773338458526744e+00 6.380623996303291356e+00 1.351289195499016937e+00 5.056636273435039186e+00 8.282814810722296528e+00 6.340802873791859362e+00 7.752858778965332043e+00
-1.827619428850076000e+00 -5.096321001514230176e+00 -6.144226367604294303e+00 -6.212276735111657899e+00 -2.675945309119474036e+00 -5.696095659265179911e+00 -3.797225108497748636e+00 3.385765897231679755e+00 -2.026096601006881492e+00 1.069364222254451269e+00 -4.589815401368690928e+00 -7.240924195786546669e-01 -5.140335150761861094e-01 -3.217785006094433964e+00 3.726661882097824230e-01 4.772461914844705611e+00 1.399633282692736680e+00 2.292571929855416801e+00 7.749347943889623558e+00 8.228294138904578503e+00 5.528847832245898708e+00 8.203622660943567624e+00
-1.047832162204107931e+01 -9.478097657588376634e+00 -8.478785346177478033e+00 -7.477046544578950460e+00 -6.477064232257257359e+00 -5.479254047301662212e+00 -4.477142940190692144e+00 -3.476320843127636451e+00 -2.476931045678503196e+00 -1.479502419856448370e+00 -4.796868068250645933e-01 5.216824757781992616e-01 1.522557755085562903e+00 2.520879526707265228e+00 3.520649452778437549e+00 4.520246480676268774e+00 5.523503978821375782e+00 6.522492637011145789e+00 7.522540246221163684e+00 8.520481576296424109e+00 9.523939569565392560e+00 1.052022326466713054e+01
-1.047747217762199057e+01 -9.478573135015631479e+00 -8.478923759338528043e+00 -7.478688417849223669e+00 -6.478016531941559464e+00 -5.476668885824356181e+00 -4.479005834934387309e+00 -3.478288209912459905e+00 -2.475999644872793226e+00 -1.477761126038696915e+00 -4.789232526990510053e-01 5.233439440754317218e-01 1.521317326548423665e+00 2.521246106448494118e+00 3.521446817639198201e+00 4.521820523860776930e+00 5.523016133430330044e+00 6.521021508696401625e+00 7.520871528508996207e+00 8.520936825397338765e+00 9.523382165553895717e+00 1.052096155387433463e+01
-7.426213664440830975e+00 -7.127405344226373174e+00 -6.329238132809631878e+00 -3.232115577633398296e+00 -4.356982642063518263e+00 -4.080275027509253860e+00 -2.613819212944047621e+00 -4.965524388633538955e+00 -3.024434235670029558e+00 -4.170574984434220589e+00 8.594922229779441425e-01 1.838220335250752457e+00 -4.352712394528108764e-01 3.428579525528098859e+00 5.769191100513276993e+00 -1.292603907290207133e+00 8.045739754999349458e+00 5.663275125635212071e-01 3.386198844888057558e+00 8.808909159286658408e+00 8.829501443049410980e+00 8.003341916035720871e+00
-4.939411367358696126e+00 -7.365234099421503977e+00 -1.358481235698600464e+00 -4.235705152550600872e+00 2.081431416168983084e+00 -9.618111983239741036e-01 -8.795555607381335683e-01 7.922500484877974536e-01 -2.217073166781902138e-01 -8.194740140371148396e-01 -3.034295728927892455e+00 -1.451288466622958628e+00 -1.835638719016043918e+00 -4.662270221213984378e-01 -2.317457722157019617e+00 3.646040350124743146e+00 3.992285905096906617e+00 6.412196132803789972e+00 1.417370277113111587e+00 1.181963103988355357e+00 4.866870910917774573e+00 5.976922916935585306e+00
-1.047784907777201369e+01 -9.477412794123988959e+00 -8.478190910409791670e+00 -7.478188258003118705e+00 -6.477820288728576514e+00 -5.478248637508261965e+00 -4.478013594042185019e+00 -3.478410054336903201e+00 -2.478532273660993823e+00 -1.478038270365100715e+00 -4.780802245844508747e-01 5.223125551234542030e-01 1.521539423276072611e+00 2.521445694972161533e+00 3.521649438549168565e+00 4.521854031492363646e+00 5.521497714925896361e+00 6.521981585432177653e+00 7.521884735335001793e+00 8.522063914347770108e+00 9.522271532226683988e+00 1.052132721583951103e+01
-5.552939345452553077e+00 -1.270515477606128130e+01 -7.335538153534112205e+00 -2.860190041879171918e+00 -6.168497234183279332e+00 -4.748282403216328440e+00 -4.714176225604964188e+00 1.160136963835667556e+00 -1.536211579667667859e+00 2.618543798679080048e+00 3.955703713405789745e+00 1.518640084304238580e-01 1.575080649118656861e+00 2.824460476274294418e+00 3.336625066314977683e+00 -5.315166432043285649e-01 4.088807927312154256e+00 3.116864783604895717e+00 6.631783750723982962e+00 3.310302393086579364e+00 8.475531800530182736e+00 5.387844529471920829e+00
-1.096775195968536920e+01 -2.053753541620830347e+00 -4.851157581581462708e+00 -6.346991615145288534e+00 -6.266612374404888719e+00 -1.607126218577441534e-01 -3.410450994612281406e+00 3.174604013798321134e-01 -2.427708615921685631e+00 -3.031779055156610170e+00 4.929097761375047071e+00 -1.507494602010266416e+00 2.917317367381116355e+00 2.103079636314356904e+00 2.039469257215188236e+00 1.199136354892746503e+00 1.623490539356954088e+00 2.006639612838274189e+00 4.488316416465497838e+00 4.981174607484510020e+00 6.183454179635175407e+00 8.716820285642656430e+00
-1.302786485716580778e+01 -8.636729275902469638e+00 -7.361835050686817539e+00 -6.674879938062153961e+00 -5.373344620128571059e+00 -4.718806914866815028e+00 -3.669288503112737132e+00 -3.098042178295740356e+00 -1.609637350709099302e+00 -5.942177350986621587e-01 4.064667615443791071e-01 8.379942417362868934e-01 1.313279451649675522e+00 3.156338472528613881e+00 3.892810967456539650e+00 1.832533309489037254e+00 5.787928428152543603e+00 4.545912006921667192e+00 7.935220670359846906e+00 5.465237815534639942e+00 9.253319167607326534e+00 1.081864858903324134e+01
-5.498588118037368133e+00 -6.404594477809265385e+00 -3.732964212060206677e+00 -9.588036552021032222e+00 -6.098458230486859755e+00 -2.954568897135800842e+00 -1.026544519015522905e+00 -1.734909669758607720e+00 -3.717592156742804299e+00 -1.059009059511676121e+00 -8.139519175180714994e-01 7.108512160419833137e-01 9.771627246990625126e-01 7.841136793768912483e-01 -2.537812078473948851e-01 6.641104168190777202e+00 6.098163721611221888e+00 5.025581197802232225e+00 5.403978628553211649e+00 5.850034593596809884e+00 8.091772645836492472e+00 3.781279900220856582e+00
-1.047213829595736989e+01 -8.945100778123872942e+00 -3.783313496132449938e+00 -6.803256920946211039e+00 -1.787782367139383766e+00 -6.400555860285890297e+00 -1.199483313688920250e+00 -4.168822160519219722e+00 -3.269576880320186341e+00 1.124311228094300175e-01 -6.258092256442634449e-01 1.252587882300277400e+00 3.103943375279122119e+00 2.571569664620931839e-02 3.180076789974081386e+00 2.655616929129269721e+00 4.036037509320028249e+00 2.946540024403163649e+00 4.954971619683972150e+00 8.979713295843259502e+00 8.218633558891539792e+00 8.470614952462337754e+00
-8.833520322993352991e+00 -8.248693184475570206e+00 -7.342136751301042707e+00 -5.747803703608385106e+00 -5.040706365770430963e+00 -4.058241700059991075e+00 -3.281527396409736674e+00 -2.054225342771356821e+00 -1.195072006143683696e+00 -2.612879747531011709e-01 7.363460218351769448e-01 -4.657171512337103358e+00 2.668076239181026210e+00 3.474324360560263614e+00 -1.814192385585935874e+00 5.632673048748152667e+00 6.327197287170110762e+00 1.124055076728313729e+00 8.382577019396268980e+00 9.461768053264323797e+00 1.029663923386143054e+01 4.911965763449554601e+00
-1.046759150773878133e+01 -9.421847695005610035e+00 -8.475534315342503788e+00 -7.570630745147671092e+00 -6.552288110641176111e+00 -5.507712453033437150e+00 -4.543308320092269703e+00 -2.901048191902375173e+00 -2.630160682252064674e+00 -1.514863653135513744e+00 -5.203815446149667734e-01 9.788820029840487047e-01 2.122144910198102696e+00 2.373415624727051476e+00 3.451870349851673403e+00 4.439961312942688920e+00 5.395039687128028838e+00 6.400201696177217237e+00 7.300066872874403145e+00 8.333658294933568911e+00 9.398974538441771998e+00 1.039219538663272857e+01
-1.047552308609548533e+01 -9.478383691812103606e+00 -8.479127147996972980e+00 -7.478475788438890604e+00 -6.475735599005762566e+00 -5.478330882096839716e+00 -4.479018905962062647e+00 -3.476284803653326705e+00 -2.478659884834844007e+00 -1.479148203337741663e+00 -4.789175408130468270e-01 5.214042497629307604e-01 1.521361885761658428e+00 2.521220376884377501e+00 3.523698670958912871e+00 4.521378128027357945e+00 5.521543501114287267e+00 6.521299345588126073e+00 7.521201936697408996e+00 8.521100109612378404e+00 9.523381618952193151e+00 1.052105916867200541e+01
-3.959293024128117455e+00 -9.765593263912171196e+00 -2.043751039566764405e+00 -5.616156814767501615e+00 -5.633601426641012822e-01 -6.022509802608721152e+00 -1.994349058166064781e+00 -3.720307524836961477e+00 -2.054325948187442741e+00 -3.996772293399981635e+00 1.348377909610515957e+00 -5.680992844310006618e-02 1.086775836886682445e+00 1.565527422802963642e-01 1.052457759586004959e+00 5.112450704112377231e+00 1.825226501342147145e+00 8.209283960678970260e+00 6.846002267538266572e+00 3.542713297984523280e+00 3.977880869862766566e+00 7.116550448783279137e+00
-7.045518244740615721e+00 -5.264444260714418178e+00 -8.138415263957552881e+00 -9.017907703758748283e+00 -5.335731585478695749e+00 -5.346299249485598537e+00 -2.929118765367069166e-01 5.749067228740512014e-01 -2.030152256492642415e+00 -2.391942265598690387e+00 3.516926578874445930e+00 1.116332733965819779e+00 4.413476542201214547e-01 3.459783693609840283e-01 3.139548236693834316e+00 4.281804751584401103e+00 2.767978888849144781e+00 9.218693156600096472e+00 2.955899455864249958e+00 5.244715524094629266e+00 6.533006560481275038e+00 5.207227531285544941e+00
-8.704139590279936556e+00 -7.952114232515600456e+00 -6.513775204315940037e+00 -5.694755337816866714e+00 -5.217304488224351111e+00 -4.083968000898867245e+00 -3.313479975232337615e+00 -1.697836947113225081e+00 -1.306861759046852534e+00 -7.125875982895141902e+00 5.773694533182814892e-01 1.479154883683013288e+00 2.719081796396358719e+00 3.390531101640024580e+00 4.688603939441046364e+00 -1.365992842189247991e+00 6.424200020831194458e+00 7.711961663610455986e+00 8.610140273149436752e+00 9.886896285151143715e+00 3.572718336490698920e+00 4.396490064801628961e+00
-1.047882573137224682e+01 -9.478422923182888482e+00 -8.476322269236485241e+00 -7.478065235709610903e+00 -6.476070782339013121e+00 -5.478828540241170941e+00 -4.478812163865018903e+00 -3.478341607546264314e+00 -2.478434046899703702e+00 -1.478673165833402692e+00 -4.783640561455992923e-01 5.215477960353585019e-01 1.521171064878057422e+00 2.521486589515752996e+00 3.520953120494434430e+00 4.523791247809482385e+00 5.522979521954610505e+00 6.521027112210340704e+00 7.520996445620603765e+00 8.521511750126428808e+00 9.521363416517322875e+00 1.052337591519410331e+01
-5.600755870645736323e+00 -1.036515909136062596e+01 -8.262257615021267654e+00 -2.900289333373673006e+00 -5.497330298947163740e+00 -8.501213843977195594e-01 1.361351851762504062e+00 -4.881010891682071140e+00 -3.913648506783629522e+00 -2.543465788880934220e+00 -1.560161099419592023e+00 -5.392457581941909606e-01 -8.007954426952710314e-01 1.823734526091330466e+00 2.071665737540942853e+00 7.738505203850175818e+00 3.554954656111725786e+00 3.496438405815563755e+00 5.034004108611716433e+00 6.173828484666197269e+00 8.886997078581286402e+00 8.053804486355350178e+00
-1.047856323522598387e+01 -9.476229117336584906e+00 -8.478713610294180469e+00 -7.478819669308988338e+00 -6.478331626477556782e+00 -5.478802518072447114e+00 -4.478729599240130810e+00 -3.478923522951932412e+00 -2.478387237611133997e+00 -1.475744412365274982e+00 -4.762397716668473890e-01 5.236076106402034469e-01 1.521663530645053442e+00 2.520870788869531864e+00 3.524132235822357018e+00 4.521318285641346080e+00 5.521230189976369829e+00 6.520907542583618266e+00 7.521165310320530040e+00 8.521240211007269139e+00 9.521120338616043455e+00 1.052127173441377295e+01
-1.047779911891979765e+01 -9.478421257300807312e+00 -8.477811807258564869e+00 -7.478395522995443301e+00 -6.477882617576550928e+00 -5.477801734073596052e+00 -4.477933296425783638e+00 -3.478116528554396680e+00 -2.478353583677236571e+00 -1.477918588979671100e+00 -4.779859720305950077e-01 5.216084034605454889e-01 1.521869881586594531e+00 2.522166876630352661e+00 3.521976678208872613e+00 4.521456992761656579e+00 5.522150612012909576e+00 6.521282194690266820e+00 7.522632083432245764e+00 8.521355955438181695e+00 9.521588651971386597e+00 1.052137515558437997e+01
-1.047832377458155406e+01 -9.478192391043341658e+00 -8.477896334772747622e+00 -7.478036867623989892e+00 -6.478203999047911665e+00 -5.478281082754781650e+00 -4.477587351744807265e+00 -3.477549279277983629e+00 -2.477623747831021461e+00 -1.478334920650167916e+00 -4.782651087099800691e-01 5.221897492354603543e-01 1.521945899183105411e+00 2.521707100624386300e+00 3.521665518934080197e+00 4.521984776312658383e+00 5.521567812020132138e+00 6.521981520408942856e+00 7.521404502744029941e+00 8.521294025534938754e+00 9.522066412324257101e+00 1.052153099870140807e+01
-1.047870694913646616e+01 -9.478325017473911984e+00 -8.477812581441616757e+00 -7.478229843757391748e+00 -6.478228077969756526e+00 -5.478043743155220469e+00 -4.477979519150467880e+00 -3.477290981195194419e+00 -2.478222117505270106e+00 -1.478246577761387570e+00 -4.782821170308366732e-01 5.221891023895981476e-01 1.521577216007493405e+00 2.521669811823148422e+00 3.521464935757894210e+00 4.521900019862435727e+00 5.522290311076426761e+00 6.522251642563128726e+00 7.521534956314352982e+00 8.521939969875592880e+00 9.521669185974378280e+00 1.052192383191802172e+01
-1.047822671637609204e+01 -9.478109515018067199e+00 -8.478151115334826571e+00 -7.478363143957473369e+00 -6.478014944798545116e+00 -5.477684139020041698e+00 -4.478185719556414313e+00 -3.477867639369584651e+00 -2.478155961937503093e+00 -1.478116444058027668e+00 -4.777284886010555454e-01 5.218924444846226862e-01 1.521920764141475146e+00 2.522014071487573617e+00 3.522138242863807278e+00 4.521782194518243259e+00 5.521976669572982388e+00 6.521503069692046850e+00 7.521794417195716065e+00 8.521626607768926220e+00 9.521518853747036104e+00 1.052147995054045460e+01
-3.183013633755118921e+00 -1.851307552666579870e+00 -9.342361469247407513e+00 -1.801143917084793156e+00 5.707624479153770025e-01 -7.147605934828309415e+00 -5.720279235249090100e+00 -4.838544968692737314e+00 -4.677471312707057294e+00 5.235325990872527591e+00 -1.617346856139495248e+00 -8.188256090891778971e-01 -1.617789841855027611e+00 6.807041178434017903e-01 2.110804289576921899e+00 2.572170926317399076e+00 1.840940671913402493e+00 4.570485689055884038e+00 5.175267649949911508e+00 4.630106310777373224e+00 7.916027407125208804e+00 7.794138287952311117e+00
-1.047908389906991289e+01 -9.478266309608105900e+00 -8.478641990233542813e+00 -7.476081702519561389e+00 -6.478762063790437509e+00 -5.478972259570259240e+00 -4.478977601636540129e+00 -3.476653288711208489e+00 -2.476086016405693258e+00 -1.478776547719135692e+00 -4.777790267359147691e-01 5.215661640871616100e-01 1.521625046025617323e+00 2.521904114972453925e+00 3.520891849290237019e+00 4.521444078873502193e+00 5.521489415656434474e+00 6.523295481096608839e+00 7.520879555832257424e+00 8.521475758742200313e+00 9.521342810582023475e+00 1.052320988882671138e+01
-1.047875243256044087e+01 -9.478491446172647272e+00 -8.476855850016537630e+00 -7.478567226027923454e+00 -6.477054773067882465e+00 -5.478231055831368934e+00 -4.477281538938935768e+00 -3.477976797317936075e+00 -2.477872414683766067e+00 -1.478500342165890657e+00 -4.777526913041576506e-01 5.220216380601403472e-01 1.521354967558915305e+00 2.523075463080930447e+00 3.521530801261000931e+00 4.521417001092959964e+00 5.521763743663360202e+00 6.521339000964685439e+00 7.521266581321292222e+00 8.521958859468030667e+00 9.521651970053243375e+00 1.052099999954753429e+01
-1.047834600609805733e+01 -9.478068807246991412e+00 -8.477813922884774200e+00 -7.478595399382435005e+00 -6.477826052429971782e+00 -5.477898285808869616e+00 -4.478233286264241997e+00 -3.476813555779783016e+00 -2.477765970948043517e+00 -1.478392438116383545e+00 -4.784766147759746957e-01 5.221021016213089894e-01 1.522018535909335668e+00 2.521442412314097936e+00 3.522659606215636785e+00 4.521216749128980084e+00 5.522285050627866454e+00 6.521459362384954161e+00 7.521372592923331268e+00 8.521313852545898015e+00 9.521231218156499310e+00 1.052217231589285618e+01
-5.285998334801698562e+00 -7.833135245964655269e+00 -5.217549407721294941e+00 -4.838761716277161895e+00 -5.853968269363264199e+00 -5.174860127747776595e+00 -2.530084640391770279e+00 -8.205571961914490231e+00 -6.309765789011103632e-01 -5.247586281216077841e-01 9.353280204099729822e-01 1.686772646259599107e+00 3.239828873537678788e+00 2.058357276331297392e-01 5.916863660748084008e-01 3.103168768548403289e+00 5.709990252681032885e+00 6.259904155248380064e+00 3.902353625319376906e+00 2.901794840230772721e+00 1.101806325135552456e+01 7.021981841891069109e+00
-9.157874563909514265e+00 -8.667688170283064153e+00 -3.196409376570127137e+00 -1.079557717459029043e+01 -6.179268857280140637e+00 -6.725615889802374348e-01 7.923537550436714483e-01 -3.036152943503805268e+00 -3.002242792261919924e+00 1.535379803549107969e+00 -7.985349396465456495e-01 7.204852479776860941e-01 1.340120913662895985e+00 2.691143671515110913e+00 -6.097411832214383320e-01 3.527900139660571366e+00 5.831238407867536999e+00 5.653155807614468564e+00 7.483648214148607813e+00 3.370774925201085903e+00 7.636994506565041974e+00 6.013899655426229174e+00
-3.433969608087186209e+00 3.325743664861828819e-01 -7.280828016978625250e+00 -1.318535133411865345e+00 -4.210824850231933425e+00 -6.032825975191244083e+00 -5.253378208980490349e-01 -2.294773092493048949e+00 -3.173914217787973335e+00 4.727563780193305476e+00 3.384731656956831536e+00 3.813917315815259501e-01 -4.070666769956291731e+00 6.466398928865386697e-01 -1.153285957780042725e+00 -1.967874278087000661e-02 1.934607267775117379e+00 2.651189278855910381e+00 3.466062633487458911e+00 5.726418278867948075e+00 4.352490379261586106e+00 6.392014377229656041e+00
-1.047650453041899254e+01 -9.478511672128318466e+00 -8.478343967009667637e+00 -7.478861804712909844e+00 -6.476341034878368319e+00 -5.475968408990990355e+00 -4.478477220643636514e+00 -3.479015443135393681e+00 -2.479185860265376462e+00 -1.478450882841237046e+00 -4.780738164078126573e-01 5.210275988687147475e-01 1.521530513059010659e+00 2.521944944154125068e+00 3.521246407519683430e+00 4.521698642860760842e+00 5.521154519509185121e+00 6.523482207547530720e+00 7.521227557550782095e+00 8.521287042986264382e+00 9.523310523818839357e+00 1.052086814154277405e+01
-7.254655713607478518e+00 -7.837466338841596603e+00 -5.969736867437877237e+00 -5.070055329297099789e+00 -4.430140750656724968e+00 -3.412362177832649834e+00 -4.977279062243484375e+00 -1.273782410436505641e+00 -5.275869318226629190e+00 1.977034683401630577e-01 1.150190662439398270e+00 1.282554071151324582e+00 -6.368526023864611307e-01 -3.505961742914944779e+00 2.568162572146074130e+00 7.567210092769887098e-01 6.619273837813584471e+00 5.111002901403824517e+00 6.500653515469466903e+00 1.000538827790710350e+01 1.044271645237164847e+01 5.490839003546808428e+00
-9.169037407251472871e+00 -8.551236506921123137e+00 -8.050464831431128232e+00 -6.652887605559840267e+00 -6.394685930940623209e+00 -4.548753076279388630e+00 -4.439868949399519593e+00 -4.188785940775984429e+00 -1.947280935981826389e+00 -2.971683401430370353e+00 -3.641657182812325644e-01 -7.859020405197025827e-01 1.651640860585335657e+00 2.695511519259850886e+00 3.808074131370440263e+00 4.682361686029588910e+00 5.650201355359268263e+00 6.920108881846161353e+00 7.501132629200560231e+00 6.699476919858337709e+00 8.955825884723685348e+00 9.981461934523917279e+00
-1.047698520293293711e+01 -9.477629119360981846e+00 -8.478101262653414238e+00 -7.478275159204574862e+00 -6.478314751589836717e+00 -5.478459307754587115e+00 -4.478450150991033496e+00 -3.477384837174973597e+00 -2.478090295398775567e+00 -1.478251794183801593e+00 -4.774341376667781134e-01 5.216543285006700614e-01 1.522675400769156084e+00 2.521326696669499157e+00 3.521265348588867639e+00 4.521655878221437774e+00 5.521789906715794061e+00 6.521539686417023418e+00 7.521474456583904455e+00 8.521389706229609118e+00 9.521603657102030382e+00 1.052204441109840616e+01
-7.934413834738532678e+00 -6.878583370932839003e+00 -6.144518816304286091e+00 -5.383192547063990752e+00 -5.689760010425099601e+00 -3.236906234835981166e+00 -2.190768172101773548e+00 -1.507819714354992735e+00 -5.615840610027882374e-01 7.107896598674223743e-02 1.627556315506060169e+00 1.643332870016539715e+00 -3.639315635318555398e+00 -2.333547041304229630e+00 4.579061974442812044e+00 5.244481294795830806e+00 6.577045871668407706e+00 7.292862889253628467e-01 9.631054248508300830e+00 2.316260351127529926e+00 9.624092005347330669e+00 3.938202710043068766e+00
-6.317492822829278154e+00 -1.007933530540489464e+01 -5.971694994888161467e+00 -6.940073204600790469e+00 -5.764257979228021966e+00 -5.314236585063396134e+00 -4.010262137791285930e+00 -3.797714346651968054e+00 7.687763985232616282e-01 -2.929345786687704845e+00 -5.100942865147750638e-01 -4.866374817042898315e-01 1.201901464010341813e+00 1.727888170799783518e+00 3.221354953180431302e+00 6.022665485085056503e+00 5.525555838563080080e+00 3.657739288872372985e+00 9.331664362497299692e+00 5.614966506565638227e+00 6.813988947790290851e+00 8.715686973461931331e+00
-9.764975776029942267e+00 -8.979972377154828322e+00 -2.935003382006865724e+00 -3.401749454499635394e+00 -6.831672223286441969e+00 -4.092497620468931174e+00 -5.255111854967472240e+00 -8.300734042399138257e-01 -3.147826360113360256e+00 2.627216448820878014e+00 -1.165542212338639860e+00 -9.645088073147123353e-01 -1.754260945264888294e-01 3.669426026840056920e-01 2.010024215695258132e+00 4.411932065864103691e+00 3.603821977327838599e+00 5.454586075620622587e+00 6.167003548379858202e+00 6.287941750077372660e+00 6.712358094792524099e+00 1.038357624566969406e+01
-9.967293374449839760e+00 -9.171759860269768083e+00 -8.236435593622415396e+00 -7.014873671998109295e+00 -6.241940449623626819e+00 -3.247380660001041530e+00 -3.714741743880432878e+00 -4.657800451770984118e+00 -2.351894956121272529e+00 -1.843154865437736323e+00 7.951507033344702435e-01 5.835030099098589274e-01 2.041935828563496980e-01 2.541842670683085448e+00 3.478998953072437228e+00 3.355273717420761415e+00 5.505072717853719766e+00 5.741207294808775785e+00 8.588706688053026284e+00 7.292415651882444116e+00 9.066903720750383755e+00 9.775050374534835385e+00
