-1.048369333317337038e+01 -9.484674753451885820e+00 -8.484917031431740142e+00 -7.484298253262608114e+00 -6.483921529555850327e+00 -5.484470525587148870e+00 -4.484055423939771856e+00 -3.483777465129445972e+00 -2.484410719776690257e+00 -1.483467543328355731e+00 -4.836492257362152714e-01 5.169051943177400688e-01 1.515836512839245032e+00 2.515897376632137750e+00 3.515092237090511773e+00 4.515163188969539831e+00 5.515002457594324170e+00 6.515229603444975481e+00 7.515408193861890851e+00 8.515884576534679340e+00 9.514683259820387207e+00 1.051536901125853163e+01
-4.310556779806122840e+00 -4.042453767790240349e+00 -4.034621264210207059e+00 -4.412536788039152391e+00 -7.398706637904890471e+00 -1.757858472137684203e+00 -4.046921641676328285e+00 4.843933129501776236e-02 -2.312353158500648487e+00 2.837789886356493874e+00 2.083530650126891093e+00 2.099862568330368884e+00 5.790326539381314142e+00 -6.188744885434818155e-01 1.664410849579781138e+00 -2.094148260154467422e+00 6.337924947679624665e+00 3.178204306853321004e+00 -3.508569086595698661e-01 6.018646790268941338e+00 3.293499092788602756e+00 2.372389012753465032e+00
-6.262321276014464644e+00 -5.851374420359113593e+00 -4.911634785340881493e+00 -3.188564516583547004e+00 -3.512898044015805077e+00 -2.882127091834528088e+00 -9.300643151255441055e-01 -2.830863209562853644e+00 1.280363859547520189e+00 -1.519544634158067176e+00 -2.919312068880592470e+00 3.388466365548504555e+00 3.690583674203349318e+00 -3.703939113902550595e+00 6.002898751529436971e+00 2.822817280654543737e-02 1.287275459245570186e+00 4.343044789288494911e+00 -3.600034514032408595e-01 8.599869011332142321e+00 2.031238364886993608e+00 8.565814286783673737e+00
-1.116002306654383247e+01 -4.622886476028680747e+00 -9.148914469618956602e+00 -8.158405861644206780e+00 -1.625215922585464323e+00 -6.188104337625929041e+00 -5.210357853630680935e+00 -4.243792641906566132e+00 -3.247923983695923944e+00 -2.350595519832954228e+00 -1.235374328762161911e+00 -3.383681783914072039e-01 6.217699371759865201e+00 1.792524644723022087e+00 2.820690351140687557e+00 3.805048565737755073e+00 4.751731042314745856e+00 5.682923849420086881e+00 6.669046935273724941e+00 7.677217661015809824e+00 8.723936542814833217e+00 9.734279484057264398e+00
-1.048427569154983274e+01 -9.484255545179943070e+00 -8.484036468308067569e+00 -7.483913287859079944e+00 -6.484463371675108334e+00 -5.484337747435672483e+00 -4.484603003006084165e+00 -3.483988367359748040e+00 -2.483862996440020510e+00 -1.484654911201095828e+00 -4.837659079242779825e-01 5.153470706533394008e-01 1.515975646335981253e+00 2.515431508083237233e+00 3.515816218812364724e+00 4.515564791519540933e+00 5.515885032374759689e+00 6.515373669226068643e+00 7.515834323723227683e+00 8.515329800207517508e+00 9.515505149621859005e+00 1.051522989537228625e+01
-9.893609803950798920e+00 -7.301040431522989316e+00 -5.898752807392163788e+00 -6.048026481479185534e+00 -4.648000322571010479e+00 -2.528556988596209365e+00 -6.583313681448336396e+00 -1.843688924547854491e+00 -1.029048533527028519e+00 -5.977477213947587353e-01 4.857666408118327395e-02 -2.264880223983947172e+00 -1.797789782229121780e+00 2.473387667741502760e+00 2.869158754385508381e+00 1.367278233415817112e+00 5.786042235697181901e+00 6.497554316755981496e+00 7.579324932805810100e+00 8.218995516422692660e+00 8.720518571218764947e+00 7.218754618109988641e+00
-9.882428468614421035e+00 -8.941751365621177783e+00 -8.379435206312201956e+00 -7.800256916903173909e+00 -2.568960964709967598e+00 -5.828957685074118267e+00 -1.591010652449723173e+00 -1.007404563128943664e+00 -2.481490250853406021e+00 -2.409444671189036047e+00 -1.527702031065195865e+00 3.163471827497327249e-02 3.573537368377363244e+00 1.323503784944674688e+00 5.150580520900800430e+00 3.669014411952991050e+00 4.089802721769266292e+00 5.111456517664549004e+00 5.899949219743217732e+00 6.863777309875707999e+00 8.294772494219094128e+00 8.755949516189748039e+00
-1.048311950943694626e+01 -9.484939313747664968e+00 -8.482672832228924875e+00 -7.482193998315139538e+00 -6.485727942802686385e+00 -5.485728553750313097e+00 -4.485104746439247947e+00 -3.482343278147979504e+00 -2.482407353141093509e+00 -1.484603203155799633e+00 -4.852889843962593375e-01 5.163655213334159555e-01 1.514044754884439570e+00 2.514259495518405885e+00 3.514330201528272468e+00 4.516728975556102199e+00 5.517362915656764955e+00 6.515090041539862042e+00 7.513796263120381624e+00 8.514794044873914558e+00 9.516300403259002394e+00 1.051619290628214820e+01
-1.024445159252622162e+01 -9.460084628335128087e+00 -6.690610635410491724e+00 -5.594481332008326646e+00 -6.398781274058565671e+00 -5.478033742650908700e+00 -4.399184562956038214e+00 -3.942172704768979408e+00 -2.683053452852603993e+00 -1.532390516639049904e+00 -1.012259758750262417e+00 5.100963122352386581e-01 1.186552736153489551e+00 2.269672413768701880e+00 4.737088640540176421e+00 4.374977256083869115e+00 5.095419253715516739e+00 5.645257511120114202e+00 6.894555885027496167e+00 9.151743569809426049e+00 8.727090535740012811e+00 9.188185894753544858e+00
-1.048385986177752471e+01 -9.484093474732192774e+00 -8.484594198451787861e+00 -7.483860368417079911e+00 -6.484339224682596381e+00 -5.484098906205456814e+00 -4.484145941720758088e+00 -3.484327482567595169e+00 -2.484475831077835650e+00 -1.484825024889257605e+00 -4.844672778113245926e-01 5.155884003774762192e-01 1.516053458167757384e+00 2.516291541470723203e+00 3.515190263702118401e+00 4.516170804812160711e+00 5.515521784736357347e+00 6.516035397960388664e+00 7.515281309797012810e+00 8.515320216728889946e+00 9.515218814326958707e+00 1.051555140824481427e+01
-1.048460328409612430e+01 -9.484348876571107922e+00 -8.484328566288393603e+00 -7.484269840812148189e+00 -6.484059235250391851e+00 -5.484376756643699835e+00 -4.484376853501247595e+00 -3.484314887022430085e+00 -2.484207092022337804e+00 -1.484309388493935344e+00 -4.840949309820423707e-01 5.162109749561061278e-01 1.516020925546238018e+00 2.515329064632004119e+00 3.515562990511011066e+00 4.515554996038030566e+00 5.515810513699603845e+00 6.515578241849491192e+00 7.515459315682011976e+00 8.515850605273797669e+00 9.515451321209024371e+00 1.051559657027775962e+01
-9.083274036916748173e+00 -2.176255324648534106e+00 -3.218393785912696092e+00 -5.691559878314752297e+00 -7.860786090748183241e+00 -4.984647650912517491e+00 -3.637586346837571316e+00 -3.432929045768537968e+00 2.688326958028171010e-01 -1.712036937005209536e+00 -9.623063493797382462e-01 -7.844360329133130971e-01 5.622765691589619585e+00 2.412378753853081370e-01 2.129887902387117116e+00 3.865771878810314810e+00 2.818444674667749172e+00 4.780832507706335832e+00 5.895999755509520490e+00 7.248812382710155156e+00 7.501479180248141532e+00 3.515282742531748550e+00
-1.048456244610919441e+01 -9.484875489703616935e+00 -8.484631319276292771e+00 -7.483971108428459473e+00 -6.483294260434103506e+00 -5.483190436593492478e+00 -4.484303016892877025e+00 -3.484251905909991009e+00 -2.484017123214199430e+00 -1.484164495698415465e+00 -4.846539392389921375e-01 5.150327191434218577e-01 1.515979270704782778e+00 2.515308912166149824e+00 3.515799443491491871e+00 4.516036379405051093e+00 5.515712942250759809e+00 6.516111473806887489e+00 7.516176554628408724e+00 8.515045608647854536e+00 9.514884556897671430e+00 1.051496348834851879e+01
-1.048393737050626129e+01 -9.484300839630039448e+00 -8.484265389767561061e+00 -7.484240907159742662e+00 -6.484515364197166676e+00 -5.484191502359790249e+00 -4.484054940668022127e+00 -3.483915525403912028e+00 -2.484537723389530939e+00 -1.484281006184508200e+00 -4.843906638297319489e-01 5.154375704851901219e-01 1.515782971951081137e+00 2.515663501891213016e+00 3.515531522306512002e+00 4.515562412413670401e+00 5.515333903106760971e+00 6.515736614438607077e+00 7.515676354142744486e+00 8.515541617843222610e+00 9.515723583373139505e+00 1.051577698913485825e+01
-1.048406464809715288e+01 -9.484384725039637587e+00 -8.482977191155594454e+00 -7.483429918234996592e+00 -6.484941372817193184e+00 -5.484471509402418121e+00 -4.484395766800084004e+00 -3.483869852667499600e+00 -2.483245307748946473e+00 -1.483395831828747902e+00 -4.844387566501353604e-01 5.152449065988768950e-01 1.514937853271318247e+00 2.516080153936695041e+00 3.515385469252422013e+00 4.514809718186210574e+00 5.515092952007606186e+00 6.515124713832689096e+00 7.515094136649924650e+00 8.515459691936330344e+00 9.515913894230680015e+00 1.051560719853098114e+01
-1.048438752798190876e+01 -9.483789328316380107e+00 -8.484272371808227575e+00 -7.483790851960137047e+00 -6.484051640907459557e+00 -5.484148371795363630e+00 -4.484423741528921425e+00 -3.484367772767491545e+00 -2.484552468935190106e+00 -1.484239738265209496e+00 -4.844525864517130742e-01 5.155469106340930807e-01 1.515879426320847045e+00 2.515902448614886211e+00 3.515964601358231079e+00 4.515773926099596380e+00 5.515455324372108947e+00 6.515318505635313784e+00 7.515399865975441074e+00 8.515688199719246398e+00 9.515518505295572638e+00 1.051516449468379655e+01
-1.043363448052106790e+01 -1.004997908818595143e+01 -3.615637177595461438e+00 -2.558629173934363177e+00 -6.777411058495404816e+00 9.098919264699780740e-01 7.804837402067859031e-01 -4.712111223049980424e+00 -3.400566614481302707e+00 -2.966369361148550432e+00 -2.310538365734759125e+00 4.696456445004049129e+00 8.792522436984442358e-01 2.182530664276509658e-01 2.580587931646490585e+00 1.858276247320312713e+00 3.800143042829715156e+00 3.673150270711252219e+00 4.909083563305523867e+00 5.684705952580380917e+00 7.960322224144039893e+00 9.219405696793241844e+00
-1.048436465757809088e+01 -9.483922294256350582e+00 -8.484152755615367525e+00 -7.484218454835087186e+00 -6.483477390286578768e+00 -5.484718962487832528e+00 -4.483623168346539956e+00 -3.484678274867203385e+00 -2.484822696921474616e+00 -1.484349115667004781e+00 -4.845572923394723119e-01 5.154832537201379239e-01 1.515864201906058639e+00 2.515753590586514932e+00 3.515318849208687979e+00 4.515807249667975753e+00 5.515531049194665414e+00 6.515487478199332827e+00 7.515320682051513046e+00 8.515624159100390500e+00 9.515972339632837063e+00 1.051585801792416142e+01
-8.892024926484538128e+00 -9.511197034874967926e+00 -7.131508508008802316e+00 -5.787902389920686730e+00 -4.536278651608160573e+00 -2.922555117772263067e+00 -1.606442856383299311e+00 -6.461414910909807574e+00 -1.379494003068837849e+00 -9.167013261768437449e-01 -7.497693331769981206e-01 4.184817810863895593e-01 4.769512802478124147e-01 3.367661332166579591e+00 4.381428490603769710e+00 4.856374852880906978e+00 5.717225402982191618e+00 2.760620789368149808e+00 4.137540686605682971e+00 5.607647078986081723e+00 9.156611295629316416e+00 9.359881875819352715e+00
-1.008049127176847648e+01 -9.320291485501032369e+00 -8.326673540716090116e+00 -7.487296337523674516e+00 -5.329355347530818854e+00 -5.778369152108390416e+00 -4.473324384195749737e+00 -2.101554295440116515e+00 -2.273496147137498813e+00 -2.227915263993749395e-01 -1.101662933537502331e+00 2.212793724634732340e-01 1.039151482107228741e+00 2.624640380470165457e+00 3.164946183300243021e+00 4.406572131427994421e+00 5.023835615013823919e+00 5.726822768809870290e+00 7.119803078482026315e+00 9.052414954287756998e+00 8.459079197105277004e+00 1.000189706638189513e+01
-4.394096928100049482e+00 -2.143527957917249260e+00 7.449323449932654384e-01 -2.029724114373244070e+00 2.938827065383525117e+00 -6.936845665643947889e+00 -7.344999531419760253e-02 -2.670817102575204771e-01 -3.772105016140968381e+00 -2.426414822354423961e+00 -2.480824651351213106e+00 -2.050187770495075945e+00 -5.156452100114419235e-01 4.057151726313270590e-01 1.357281953523082896e+00 2.630354369348788968e+00 3.806704738853935233e+00 1.534361360066136104e+00 3.491818958044911270e+00 5.173159874319607887e+00 -8.188122205459316127e-01 6.170696033331707575e+00
-1.048372159661223435e+01 -9.484247406436640659e+00 -8.484232661737639347e+00 -7.484135997904996174e+00 -6.483571541918948355e+00 -5.484360059215280359e+00 -4.484262419356536356e+00 -3.484409039332128089e+00 -2.484402609481051627e+00 -1.484504578127115337e+00 -4.843951141969871088e-01 5.157453515990049198e-01 1.515420886264594813e+00 2.515591802583481140e+00 3.515346924351009150e+00 4.515682289884837886e+00 5.515392216430456074e+00 6.515969271348266645e+00 7.515884558246886726e+00 8.515550056980401905e+00 9.515442485497741743e+00 1.051535298912361505e+01
-1.048280903358347160e+01 -9.485742297362184772e+00 -8.483712610195969006e+00 -7.483289968561049221e+00 -6.482978027652592345e+00 -5.483670305799353883e+00 -4.485658075999115368e+00 -3.484221902083270095e+00 -2.482845735143511590e+00 -1.485196408223004028e+00 -4.841369058598132824e-01 5.164046619426176932e-01 1.513561043549673357e+00 2.516864422370090892e+00 3.516104805875913897e+00 4.516496184874675635e+00 5.516142788935798791e+00 6.514481756497517040e+00 7.513545233417652014e+00 8.513429943133493438e+00 9.516094643283977916e+00 1.051627159457316019e+01
-3.599025837822129148e+00 -8.834347170553147777e+00 -8.461793524324994209e+00 -1.872040852031845670e+00 -3.061189187491133445e-01 -3.438298417982270649e-01 -5.874322938548797168e+00 -4.857979799368535190e+00 -4.676220333399132123e+00 -3.266794057860575862e+00 -2.504110815939582846e+00 -2.052729049144567330e+00 -5.965880572945355675e-01 7.625775848289482184e+00 2.697719707153716229e+00 2.255695252811774854e+00 2.933303980914711673e+00 3.976075767748963763e+00 5.015623522223517483e+00 6.153985210892166435e+00 7.133085652768967222e+00 9.799772062022912067e+00
-1.509067764929156175e+00 -5.329332354318704112e+00 4.664878929899229920e-01 -9.313483513029662930e+00 -7.913039134555456044e+00 -6.711422859637845129e+00 -2.476736110487296028e+00 -2.910190714553208657e+00 -3.155327997287129982e+00 1.224045899884884880e+00 -1.400775853732949328e+00 2.277529052230669926e+00 4.397529389680843614e+00 2.505866821780031728e+00 6.710704146060992858e-01 4.993455882779407884e-01 2.814371197522605339e+00 2.961361710244395873e+00 5.747886743199571491e+00 4.916656352994773549e+00 6.364184974914947723e+00 6.218176072195747750e+00
-1.086295038982273553e+01 -5.202135757006988825e+00 -9.768535906038700034e+00 -2.921500614014867825e+00 -6.519913834500633776e+00 -5.068733006214412029e+00 -1.051205514055010504e+00 -3.009620666489168705e+00 -2.876326952967722672e+00 -1.126277208461039958e+00 -2.188496292066704818e+00 -6.345849766116571367e-01 -1.631699712539191882e-02 1.102345461897196843e+00 6.191302898529764676e+00 4.051943031526950456e+00 7.579763823978047377e+00 6.268697736684392119e+00 6.512214551919388583e+00 5.200234136598658630e+00 6.090186960626993162e+00 8.595045321604674271e+00
-1.048397012342774559e+01 -9.484334810721582798e+00 -8.483876257288171630e+00 -7.484182025390591519e+00 -6.484221994030187730e+00 -5.484220109033305590e+00 -4.484514958309841148e+00 -3.484555213796811657e+00 -2.484168118881882492e+00 -1.484504594552227275e+00 -4.845103389498746083e-01 5.155604415657961681e-01 1.515537128699111946e+00 2.515775808048523743e+00 3.515750528228561933e+00 4.515618127686067851e+00 5.515404974025770457e+00 6.516273529184143598e+00 7.515826758843941136e+00 8.515447591346783085e+00 9.515424043786808284e+00 1.051557542095808451e+01
-1.048386323621334526e+01 -9.484370888972831537e+00 -8.483670757914127947e+00 -7.484032200480070784e+00 -6.484176875854080535e+00 -5.483858542347517684e+00 -4.483955824578350402e+00 -3.484669657254780617e+00 -2.484590606594627715e+00 -1.484011607075290229e+00 -4.847871678119499705e-01 5.153623653406285143e-01 1.515041900967995403e+00 2.516038878058829198e+00 3.515478572046200512e+00 4.515801472758695922e+00 5.515072001313605199e+00 6.515448978340065977e+00 7.515407813882280408e+00 8.516500858759325610e+00 9.515345556830796525e+00 1.051562477478925040e+01
-1.048464519598266520e+01 -9.484074451706623776e+00 -8.484293282709339579e+00 -7.484357573769324645e+00 -6.483911149881089742e+00 -5.484302037141540964e+00 -4.483934380791405161e+00 -3.484181084416135832e+00 -2.483901031992632014e+00 -1.484076135537838681e+00 -4.838821820237431126e-01 5.153436430475935026e-01 1.515473163940690426e+00 2.515806882896205465e+00 3.515490181066770248e+00 4.515357143499633352e+00 5.515682003714823978e+00 6.515522792258042983e+00 7.515504568137911789e+00 8.515840410508891622e+00 9.515381000258706479e+00 1.051529252461411446e+01
-1.231404740809671550e+00 -2.878250563726178157e+00 5.526447429768164277e-01 -6.137912567557807009e+00 -3.814641030525462551e+00 -4.609925697035188175e-01 -5.491208459660138708e+00 -1.829058480186814606e+00 -2.656256893485853254e+00 1.913393591263153226e+00 7.753954797951049249e-01 1.168128600943626472e+00 -4.353502049677649421e-01 -2.184936741157802231e+00 3.181184657440759178e+00 5.559068330456770290e+00 1.613520382298855305e+00 3.440343308015236801e+00 3.042251406626427901e+00 2.251314631319248249e+00 4.216278209223284001e+00 -2.483752805872394553e-01
-7.489285815907331667e+00 -9.882031627852491340e+00 -8.410164448034496587e+00 -5.555668939326343647e+00 -4.810323996156843585e+00 -4.272246015606310010e+00 -4.030234877382167014e+00 -1.758728358832125860e+00 -8.950847280727465272e-01 -3.122291661422520459e-01 -3.521288293816240866e+00 5.505736494485216070e-01 4.082816090150077848e+00 1.322191482560718612e+00 5.081429740804806805e+00 5.003419445572055757e+00 2.411132801243856427e+00 5.605867986060054875e+00 6.628504505913483058e+00 4.299859750897636168e+00 8.326299523948367920e+00 7.970327098520794351e+00
-1.048398324237621182e+01 -9.484151193364080967e+00 -8.483800002797073248e+00 -7.484527909620245723e+00 -6.483261497183258726e+00 -5.484668844802795817e+00 -4.484695942564441040e+00 -3.483826660974459699e+00 -2.484391355379040434e+00 -1.483949968083328130e+00 -4.846584139899690058e-01 5.159746245904486273e-01 1.515154934064923964e+00 2.515344052152206800e+00 3.515619440512232075e+00 4.515937759117653272e+00 5.515417529778055439e+00 6.516046098010113141e+00 7.515297508375224922e+00 8.514921134845785389e+00 9.516231490807109950e+00 1.051510626687246130e+01
-1.048491631414410108e+01 -9.484791107137096944e+00 -8.484137564558880129e+00 -7.484868496317789166e+00 -6.484815895218744686e+00 -5.482517547566795102e+00 -4.482849202711472358e+00 -3.484584211964522282e+00 -2.484996840019130460e+00 -1.484698086638351455e+00 -4.849563684653315221e-01 5.147953558374354088e-01 1.515082329850290677e+00 2.515086911957356008e+00 3.517138630490398654e+00 4.517945215444658658e+00 5.514980763535596964e+00 6.515305534343813321e+00 7.514787905256847367e+00 8.515182599763964078e+00 9.515524201433750662e+00 1.051743799481878483e+01
-7.885916384776794352e+00 -7.662848895850119746e+00 -6.571285699478665698e+00 -6.029153257593664605e+00 -3.792730313858793334e+00 -4.324493388566164498e+00 -1.926768853082333033e+00 -1.960632963462348499e+00 -4.100226203545509485e-01 -1.561719538460690782e-01 1.270133132512746510e+00 1.920195423506514620e+00 2.986119086133712131e+00 3.996484475500786004e+00 4.684911617380231874e+00 5.506794889866274190e+00 -2.004632095335627362e+00 -1.181078632987507149e+00 -2.234251163031988341e-01 1.055602705045844658e+01 1.074895719677486206e+01 2.804673111353312542e+00
-1.048353807492682677e+01 -9.484434841708688779e+00 -8.484512268142250235e+00 -7.484296380118900416e+00 -6.484558640555878384e+00 -5.484531751410523626e+00 -4.484522460536512156e+00 -3.483854009346526226e+00 -2.484134940938496072e+00 -1.483301817016153379e+00 -4.846430854363763530e-01 5.152662558989167252e-01 1.515510843558754317e+00 2.515268774195156709e+00 3.515268789096321456e+00 4.516535633666958205e+00 5.515287206931558828e+00 6.515797258778057710e+00 7.516472065313305251e+00 8.515637622638193349e+00 9.515254677696669106e+00 1.051516495035454213e+01
-1.048364875804295338e+01 -9.484777930785309508e+00 -8.484012175012727752e+00 -7.483626436103495649e+00 -6.484665546227585509e+00 -5.484485912729393675e+00 -4.484835963357586053e+00 -3.484430376101634863e+00 -2.483257803727269675e+00 -1.484232026744976451e+00 -4.839692149650023367e-01 5.155724998224808786e-01 1.515789803456170759e+00 2.515855890106061921e+00 3.514951315115798280e+00 4.515568491410117957e+00 5.515504520725118098e+00 6.516626369546751008e+00 7.515934545885430751e+00 8.515000101517538056e+00 9.515091654251920161e+00 1.051518275995145757e+01
-7.030415580257304065e+00 -5.702741352695854360e+00 -4.410756770886178124e+00 -5.073258620289056608e+00 -4.157621726846555177e+00 -3.247348936396821983e+00 -3.237996184257935450e+00 -1.756436303651319975e+00 1.876744904728578911e+00 9.368447878186700883e-01 -7.412605413076602368e+00 -1.681002697629626397e+00 4.253454620331448943e+00 6.175256819147527665e+00 4.586971355917894400e+00 8.238061222480970169e-01 2.967483403340789749e+00 2.243232958872162008e+00 -5.238863521061762896e-01 4.436708438449878500e+00 9.436729418369417033e+00 6.841972916859994314e+00
-1.057634751103377724e+01 -7.851954303428573922e+00 -8.606914026119213190e+00 -7.636795354800089086e+00 -6.766253510696894402e+00 -5.579380122093662742e+00 -4.766896588940294777e+00 -3.763609808451904293e+00 -2.759238859884513673e+00 3.632793518088750506e-02 -7.555710334751439827e-01 4.821381016187592516e-01 1.155980272143192877e+00 3.693925335526351272e+00 4.711808810334487951e+00 4.137621256472035824e+00 5.104341357661444256e+00 6.225544597460180185e+00 6.947690824153450961e+00 8.207844333460002417e+00 8.837346257574065334e+00 9.867527845330211989e+00
-9.889109655841291868e+00 -8.658930210750295231e+00 -7.912643866568521034e+00 -6.888729667727897521e+00 -6.008083918406391888e+00 -5.081309259298674164e+00 -4.024322100228409305e+00 -2.960188172025634223e+00 -4.521107862014799750e+00 -9.815599592999280087e-01 -1.406460716758956009e-02 1.039331596877173025e+00 -4.734109656372146313e-01 3.707333240020103116e-01 4.095416633378790472e+00 5.004198633242592287e+00 5.809802181207277982e+00 4.335553756826922012e+00 7.888541537839262041e+00 8.903018804936568387e+00 9.683755906916312384e+00 1.062824367773075096e+01
-1.048410288346086361e+01 -9.484074899080118470e+00 -8.483996079387987166e+00 -7.484320388260236712e+00 -6.484371245923361116e+00 -5.484392323615871589e+00 -4.484216519716106575e+00 -3.484652713957169468e+00 -2.484369465234603780e+00 -1.483993821862064522e+00 -4.843582148579077540e-01 5.152006362649466098e-01 1.515879607674744278e+00 2.515627100047732156e+00 3.515245645222334403e+00 4.515707357701922220e+00 5.515811419961119455e+00 6.515537856993340426e+00 7.515531397339973552e+00 8.515343508598473221e+00 9.516116454181343443e+00 1.051598337936130179e+01
-7.542646320702649732e+00 -8.500526215206877012e+00 -3.440972462203371052e+00 -6.198785346633828297e+00 -4.868865985922957051e+00 -5.242958672346631488e+00 1.780423421616855073e+00 1.873090735636194770e+00 1.464726361204758298e+00 -2.071311271362795026e+00 -2.327065851174215272e+00 3.375588462996770289e-02 7.566399568152599731e-01 2.396386637876667614e+00 1.233184284977704381e+00 3.241438387759811413e+00 -4.875438941723508890e-02 6.446333479508076891e+00 3.768126033745134329e+00 6.849689869907361839e+00 5.305613172761487917e+00 5.437614096522312757e+00
-1.048434947566555309e+01 -9.483989463611081305e+00 -8.484507547183469001e+00 -7.484580272300700443e+00 -6.483600647612050238e+00 -5.483647258444268147e+00 -4.484665588899080291e+00 -3.484074132008990077e+00 -2.483835936947302869e+00 -1.484616623683404413e+00 -4.846364869312864698e-01 5.163710625334161364e-01 1.515852390365164837e+00 2.515458470718419548e+00 3.515399976210154875e+00 4.515747650103126176e+00 5.515310628847634788e+00 6.515502987937482615e+00 7.515245510773215898e+00 8.515464751557860978e+00 9.515057592229400285e+00 1.051622822000221369e+01
-9.444290981808221019e+00 -2.135721708957894371e+00 -2.893245329424551926e+00 1.356076327835043394e+00 -4.403228720056868717e+00 -6.474391666507520071e+00 -1.899871548073511107e+00 -1.215683089496004676e+00 5.335087517983987393e-01 -4.011115466864543677e+00 4.018317217329572255e-01 2.250967356332864711e-01 2.209371258587338183e+00 1.579275365013044663e+00 7.647612292723346528e+00 1.669165044751466098e+00 1.249939651381533512e+00 3.085267890233720944e+00 1.771822176959892303e+00 1.449345543492853494e+00 1.905509017083799606e+00 7.738862541953448471e+00
-1.048289345170964282e+01 -9.484493270177717150e+00 -8.484119407493947662e+00 -7.484549700875186673e+00 -6.484068870205762281e+00 -5.484058640558616915e+00 -4.484226017851712598e+00 -3.484680629928007534e+00 -2.483795873482115724e+00 -1.483777537603261365e+00 -4.841720607470438864e-01 5.153171870518757913e-01 1.515895277600392888e+00 2.515391156416038498e+00 3.515216552059754918e+00 4.515332125465972624e+00 5.516345158557998118e+00 6.515553176741700980e+00 7.515025124292478154e+00 8.515016630630595884e+00 9.515465684573751304e+00 1.051541319523345486e+01
-1.048372432995920178e+01 -9.484871361743303808e+00 -8.484528731893393072e+00 -7.483224254440179024e+00 -6.484557304869975169e+00 -5.484051902185774097e+00 -4.483998444269984063e+00 -3.483144078742368421e+00 -2.484519947658872852e+00 -1.484541047703123340e+00 -4.848138060082014533e-01 5.152497846971915152e-01 1.516161512244840637e+00 2.516052875329151561e+00 3.516264300454750469e+00 4.514979224313396600e+00 5.515291671861309197e+00 6.515687804330482891e+00 7.515656884421012762e+00 8.515354308892389312e+00 9.515355232764379778e+00 1.051505741815675954e+01
-5.270418668114262850e+00 -6.272943041476372272e+00 -5.184871315063286801e+00 -5.386945965239346101e+00 -6.288861329365605712e+00 -2.661173333365426164e+00 -6.615058137380666281e+00 -3.442225383964081509e+00 2.164645294400480591e+00 2.165017691075991291e+00 3.736788456821676929e-01 4.230811973196699327e+00 3.125790324878567006e+00 5.541074199439361081e+00 3.439256686517342843e+00 3.995919525925341276e+00 -1.542395972986003727e+00 1.630369799792054764e+00 9.940372360505792315e+00 9.301834631603087544e-01 1.870477420240725053e+00 3.602431370131253807e+00
-1.048371780765326378e+01 -9.483959415080864375e+00 -8.484344326975667983e+00 -7.484043211760861070e+00 -6.484116413715200977e+00 -5.484485373916951900e+00 -4.483956956389269166e+00 -3.484279171648362095e+00 -2.484397211196736066e+00 -1.484196373346170716e+00 -4.844939346340577657e-01 5.153680731627048317e-01 1.515133901414545292e+00 2.515446296808388382e+00 3.515344194051889914e+00 4.515778175470504863e+00 5.516133366999298460e+00 6.515361062166363126e+00 7.515588438985018271e+00 8.515680699524553532e+00 9.515886342999609226e+00 1.051540545272555960e+01
-6.604981023290334541e+00 -6.065131615313426039e+00 -5.865591936945362406e+00 -6.078907045800209019e+00 -3.503503277998534227e+00 -3.255460468666269591e+00 -2.980852581894199105e+00 -8.166141361541772170e+00 -7.943000256484578081e-01 1.612342171532276547e+00 -6.517179502723384754e-01 2.133760711480605643e+00 3.678859028566804579e+00 4.209429809347958518e+00 -2.327440473470404392e+00 4.942706829449187822e+00 5.900679606868454385e+00 3.730167112437317023e-01 7.313456154865248138e+00 2.347358097648320818e+00 9.279984724647388106e+00 4.847569723182344248e+00
-8.058668729230882732e+00 -5.059652680110310996e+00 -8.675204895504604607e+00 -7.930400817841167793e+00 -6.571316651411053478e+00 -3.457486083602386184e+00 -2.628135125636769764e+00 1.864074018620351936e-01 -2.401312132093497809e+00 4.152355260798627157e+00 -3.284103516753610563e+00 -1.243104653409323190e-01 1.925646133744520094e+00 1.397122270052214565e+00 3.291808101370267359e+00 3.106172656880708871e+00 3.510984216321125118e+00 4.045559809163439269e+00 5.703448487404299883e+00 1.129136529786405418e+01 4.024669695009623460e+00 5.900187575045321431e+00
-1.048170793564482750e+01 -9.484598120166486623e+00 -8.485269559039304355e+00 -7.484685448421686260e+00 -6.481852864338581099e+00 -5.484766980125144187e+00 -4.485128325833514396e+00 -3.482640420510026757e+00 -2.484806647016242209e+00 -1.484858570112425724e+00 -4.853248050944394265e-01 5.149408528073227131e-01 1.515773112462321492e+00 2.517332630739964827e+00 3.514475117014210781e+00 4.514862115071570869e+00 5.515066871927535530e+00 6.514998296783723220e+00 7.515289696441454836e+00 8.515543187545095094e+00 9.517525742338452943e+00 1.051496786116198656e+01
