1.123905078818880909e+00
1.123905078818880909e+00
1.123905078818880909e+00
1.123905078818880909e+00
1.123905078818880909e+00
1.123905078818880909e+00
1.123905078818880909e+00
1.123905078818880909e+00
1.123905078818880909e+00
1.123905078818880909e+00
1.123905078818880909e+00
1.123905078818880909e+00
1.123905078818880909e+00
1.123905078818880909e+00
1.123905078818880909e+00
1.123905078818880909e+00
1.123905078818880909e+00
1.123905078818880909e+00
1.123905078818880909e+00
1.123905078818880909e+00
1.123905078818880909e+00
1.123905078818880909e+00
1.123905078818880909e+00
1.123905078818880909e+00
1.123905078818880909e+00
1.123905078818880909e+00
1.123905078818880909e+00
1.123905078818880909e+00
1.123905078818880909e+00
1.123905078818880909e+00
1.123905078818880909e+00
1.123905078818880909e+00
1.123905078818880909e+00
1.123905078818880909e+00
1.123905078818880909e+00
1.123905078818880909e+00
1.123905078818880909e+00
1.123905078818880909e+00
1.123905078818880909e+00
1.123905078818880909e+00
1.123905078818880909e+00
1.123905078818880909e+00
1.123905078818880909e+00
1.123905078818880909e+00
1.123905078818880909e+00
1.123905078818880909e+00
1.123905078818880909e+00
1.123905078818880909e+00
1.123905078818880909e+00
1.123905078818880909e+00
