-1.012345338358648839e+01 -9.036393689117954153e+00 -7.676284693419882288e+00 -7.063362912717873421e+00 -8.823339402753228811e+00 -5.018348192517904316e+00 -4.107407882251360220e+00 -3.118819269985674492e+00 -2.105204344704013408e+00 -1.227100037921971420e+00 -1.976602831804973037e-01 8.257869408730782457e-01 1.735294003272638941e+00 2.791023238032937837e+00 4.224673384888297356e+00 1.802836341302499701e+00 5.796644069489336637e+00 7.078224240574471082e+00 7.715832877410774060e+00 8.718218039695001309e+00 6.671456443746887288e+00 1.079226622864547203e+01
-1.051640867137097501e+01 -9.516071078113531811e+00 -8.516609278253529425e+00 -7.513119314543239113e+00 -6.515720885924304540e+00 -5.516226653686977954e+00 -4.512691636315793176e+00 -3.513648432425483747e+00 -2.515858319334004278e+00 -1.516173411838039442e+00 -5.160296454348411999e-01 4.830112934789791979e-01 1.482723105021495513e+00 2.483574296601783971e+00 3.483338411220087139e+00 4.483534957536235765e+00 5.483422587879674737e+00 6.483382980593214384e+00 7.486223633655088250e+00 8.483632254668254546e+00 9.486869159408584551e+00 1.048372636295177251e+01
-9.377748173866214287e+00 -9.876257518903342358e+00 -8.523135794538658772e+00 -6.076669728649050306e+00 -5.988720162021516025e+00 -3.155229691133560888e+00 -1.688918664624983190e+00 8.691038104734167824e-01 -2.205828184057772923e+00 -2.431696743717101317e+00 1.443503947556535438e+00 -1.401780306084356553e+00 2.336635795026499318e-01 2.258281773666631409e+00 4.583931794212967148e+00 3.494838986964899252e+00 2.810172367655130010e+00 3.869310729262005921e+00 4.999763024177431348e+00 6.549645518755229823e+00 8.583342060105252358e+00 1.068530909103894722e+01
-9.044806387472450027e+00 -8.234986961975382158e+00 -6.605749741561528943e+00 -6.441588113965904583e+00 -5.020451061277418248e+00 -3.929638249372617409e+00 -6.506447964308136989e+00 -5.442203656251138888e+00 -1.213786211837170725e+00 -1.521765251828803622e+00 1.394250258438463064e+00 -2.100103975984744797e-01 1.167588630187182952e+00 3.029211054293194483e+00 4.232654717747617035e+00 4.554998652195279440e+00 4.784871075820904096e+00 3.666752147416885155e+00 7.642125792427691522e+00 5.223327510783235539e+00 9.827011054811855217e+00 8.303524819101248511e+00
-1.051431089639658722e+01 -9.516807809472068058e+00 -8.513711974024761986e+00 -7.516229152679445136e+00 -6.517390474677073442e+00 -5.512198209762560808e+00 -4.516526117920877326e+00 -3.516965597867969251e+00 -2.517315819859481607e+00 -1.517011493444433867e+00 -5.142097026109659907e-01 4.848949313163792851e-01 1.488356009125711310e+00 2.483240768313407898e+00 3.485485136508943427e+00 4.483994171023370612e+00 5.483456268906598652e+00 6.485749438405040479e+00 7.481994792819030238e+00 8.485055997967723584e+00 9.482227236032489515e+00 1.048310421407222748e+01
-1.051529068702996028e+01 -9.514781931584515462e+00 -8.515308516269366024e+00 -7.516322167759595274e+00 -6.515025990253127119e+00 -5.516034530645049117e+00 -4.514475548809214089e+00 -3.514833243733100687e+00 -2.515892343764933869e+00 -1.515736865049044368e+00 -5.201770236546305881e-01 4.839572364633770718e-01 1.484101040119480075e+00 2.483548072928734030e+00 3.486476799303838803e+00 4.484271494502378275e+00 5.485574422234844150e+00 6.484713567251512600e+00 7.484488135034395029e+00 8.483408992940734805e+00 9.483667744154287149e+00 1.048455305939371485e+01
-1.051423581350928771e+01 -9.515321661125511810e+00 -8.515538040887211224e+00 -7.515761714767334567e+00 -6.515520561825129064e+00 -5.515758034180505476e+00 -4.516146127473218641e+00 -3.514729064296600924e+00 -2.516308721493572875e+00 -1.515879992734289416e+00 -5.150908421386297675e-01 4.848853756081048516e-01 1.484261791814464715e+00 2.484238635409967699e+00 3.483359586108822015e+00 4.483554813672203210e+00 5.484508465636864116e+00 6.484055783260956218e+00 7.484271149743698004e+00 8.484229694713246062e+00 9.483965944160113182e+00 1.048384105007757050e+01
-8.785101116309419922e+00 -7.902215190764718677e+00 -7.260066149698380933e+00 -6.471819784983818380e+00 -5.945082306221992852e+00 -3.938312185686748457e+00 -3.347687170512252397e+00 -6.452269050557787544e+00 -1.043309985284803343e+00 -4.894003635582937051e+00 6.916472373761198278e-02 1.664356009875727072e+00 1.637383109693680616e+00 3.118840976602210713e+00 4.028649413515140942e+00 4.819175575569679459e+00 5.589872565930571469e+00 6.647298403148226065e+00 3.975438970858856003e+00 8.483345765036350627e+00 9.382987716592369409e+00 6.278235060816979463e+00
-3.660376260986901720e+00 -4.015799540425121883e+00 -7.989671678135774613e+00 -2.156686865615882187e+00 -6.718053370513271005e+00 -6.309532749982621702e+00 -4.870492927218206702e+00 -3.076828301014213896e+00 -1.861564452388714042e+00 -3.187571522145955960e+00 -1.469031553656638067e+00 4.822930298328853560e+00 8.906833088465228032e-01 6.765272514222154143e+00 2.956393639785690475e-01 2.528194561853948308e+00 2.476271307615675710e+00 3.346665508596669003e+00 5.586412782291889201e+00 5.101122409956707848e+00 7.758208189690117607e+00 5.399090692476736564e+00
-1.051537004519592955e+01 -9.515903760086400709e+00 -8.515681494366033277e+00 -7.515884194861772727e+00 -6.515233952890737257e+00 -5.515468616377237510e+00 -4.515584264289241645e+00 -3.515834171663636099e+00 -2.515957121144632325e+00 -1.515464302491054127e+00 -5.158141594041509848e-01 4.840191338549910682e-01 1.484068836678156700e+00 2.485126327384596934e+00 3.483708556402808298e+00 4.483954313803799607e+00 5.484443176199082615e+00 6.484894316304808726e+00 7.484297949482094481e+00 8.485137384046208098e+00 9.484382118691096153e+00 1.048304568569768591e+01
-1.051594792374157095e+01 -9.514914066276757509e+00 -8.516040906987401016e+00 -7.515377775511971947e+00 -6.515110985121937759e+00 -5.515113667330950875e+00 -4.516358003697611423e+00 -3.515798912129625364e+00 -2.515108302912917537e+00 -1.515108302912928195e+00 -5.159527368166259009e-01 4.842671074650475305e-01 1.486216872253200094e+00 2.483682810582889644e+00 3.484133049168368856e+00 4.484622224488038711e+00 5.483767344870347671e+00 6.484106063165443246e+00 7.481378934600135366e+00 8.483587845482603029e+00 9.485194630243555025e+00 1.048475641689516991e+01
-1.051672702214931121e+01 -9.517542324282889155e+00 -8.516852698542841438e+00 -7.516673109748147397e+00 -6.514239049770601753e+00 -5.517691723325029329e+00 -4.516355387189157966e+00 -3.514561823823235898e+00 -2.513080633499388483e+00 -1.516473955728777412e+00 -5.107046880505272668e-01 4.860894761302283484e-01 1.486560442230919321e+00 2.484972127459268876e+00 3.482363276860933610e+00 4.482496806166393455e+00 5.483457975766876658e+00 6.486485474488954850e+00 7.485693522474988981e+00 8.481499501250009843e+00 9.482724793932653995e+00 1.048344073512337538e+01
-8.345788242178063143e+00 -7.063850231388233425e+00 -4.814413510341233327e+00 -3.998580618944217679e+00 -2.270401782322983841e+00 -3.471519014116991819e+00 -4.125334026501303875e+00 -1.306050156063331746e+00 -8.244083523426093407e-02 -5.548381411366573701e+00 1.245161424239118908e+00 -1.468768165025401196e+00 1.253083228678244065e+00 3.475285369073924713e+00 -1.777816128395335760e+00 5.826793332011505733e+00 8.997367774111966199e-01 5.373073363387814716e+00 7.727560108958815732e+00 7.574303233946231728e+00 2.651936834895906259e+00 7.901292165049710547e+00
-7.070249287017382755e+00 -6.956672434964264795e+00 -3.014360755382190504e+00 1.225733564805355336e+00 -5.817248971315670758e+00 1.012231041735087267e+00 -1.684445261913925851e+00 -4.724928097101336100e+00 1.212485035262920618e+00 1.043327565035731208e+00 -1.803487640995833363e+00 1.903864748766027848e+00 -1.978700645510966138e+00 -1.093857884990866003e+00 -4.108495608855959880e-01 5.830594863402813743e-01 2.993320174494098929e+00 2.519493534742068164e+00 4.946459876533564781e+00 2.815025478404832526e+00 5.823598563916463355e+00 8.131083185816134318e+00
-5.994859814870669545e+00 -7.855376546709287311e+00 -9.148720174736668653e+00 -4.438105678741483651e+00 -7.096635484747570999e+00 -6.096940035055951945e+00 -5.110895411228707275e+00 -2.546029374099502363e+00 -3.488680958136793908e+00 2.855594303169992187e+00 -1.276819757410620593e+00 -3.258696675948353771e-01 9.818246710064304494e-02 1.103257316202863603e+00 2.362229378156552428e+00 4.775004120857395229e+00 3.942330622644418359e+00 5.081764341930886886e+00 6.208231904070302676e+00 1.032335554855774262e+01 7.784493689113487491e+00 8.499370927302328127e+00
-9.021119950623440076e+00 -8.199156738384660414e+00 -9.514144979079437903e+00 -6.606370414729358487e+00 -6.040161949356563476e+00 -5.041747907208476320e+00 -3.850915640342238433e+00 -2.842464223838475412e+00 -2.334877232666696667e+00 -2.807162716818433212e-01 7.192837283181447994e-01 -2.596385825676831960e+00 1.545113624926693241e+00 2.568218861044520906e+00 3.318831532731387757e+00 4.959838050643419649e+00 3.785207029952678770e+00 6.764778912264097777e+00 7.610111292535803429e+00 8.115475626393905628e+00 6.227882571201178941e+00 1.036820161935072626e+01
-2.225362756162369671e+00 -8.913493389476064621e+00 -9.212656506849601357e+00 -1.001946601405498072e+00 -6.963948008240095078e-02 -4.820404784437831935e+00 -4.331218095804115542e+00 -2.946444968017397414e+00 -3.042705840689314378e+00 9.044054214673291625e-02 -1.081043464429757295e-01 -1.337703306301052386e-01 1.232772066972504632e+00 2.222635828418003001e+00 -8.679556262875021133e-02 4.897657854859476245e-01 3.142836938139024205e+00 7.353683659824536534e+00 5.000378717855072708e+00 7.441098632312318273e+00 5.520443901376317797e+00 4.053368305870499455e+00
-1.051517895270471570e+01 -9.515665162693357715e+00 -8.515990067612028369e+00 -7.515913132916800521e+00 -6.515986327420561608e+00 -5.515173923562855407e+00 -4.515685480426647302e+00 -3.514764104377135823e+00 -2.516206693242878600e+00 -1.515031297098492047e+00 -5.162037577141322942e-01 4.839716960083428887e-01 1.482336293567319885e+00 2.485979761589661052e+00 3.485095943916936889e+00 4.485355358232155254e+00 5.483152884651325110e+00 6.483925822783607629e+00 7.484088506210946790e+00 8.484765234995981231e+00 9.484705056656498101e+00 1.048330405693163314e+01
-1.051576577634978094e+01 -9.516246294094752756e+00 -8.515763846649363700e+00 -7.516919908537118999e+00 -6.515059088780112972e+00 -5.514912126077845755e+00 -4.516727035357199327e+00 -3.515565772964212243e+00 -2.515654487027362052e+00 -1.515270499004557792e+00 -5.157941258089202563e-01 4.835812547667330819e-01 1.484594682739531990e+00 2.484190719710142048e+00 3.484856823967252382e+00 4.483780252323898097e+00 5.483800339089187403e+00 6.483284103260787745e+00 7.483666504309933742e+00 8.484563166783607002e+00 9.484696860001834651e+00 1.048754596947267892e+01
-5.534018382587822416e+00 -2.617867501629540516e+00 -5.842008948285251080e+00 -4.607412246733212591e+00 -4.546642607012514326e-01 -4.359643918537254415e+00 -1.086740834138931522e+00 -2.142202227359411459e+00 6.251222661042278306e-01 2.160622824027193190e+00 3.881623810562964572e+00 1.781105430139893642e+00 4.344725645152538007e+00 9.956072144738129515e-01 5.063108380176283063e+00 6.354404628163790036e-01 1.635440462816385221e+00 -1.582068493844615897e+00 -8.196474719511499529e-01 4.854751475829286456e-01 1.420952353547266789e+00 5.671932004143108941e+00
-9.042465056993640005e+00 -8.166915463311983814e+00 -7.274837119296378773e+00 -6.579307241274153562e+00 -5.087323556095360466e+00 -4.323230940569039227e+00 -5.747221573563630059e+00 -3.586303550885687752e+00 -1.477141144384433336e+00 -1.022209242204180857e+00 1.999809122855344401e-01 -1.418450336942546741e+00 1.990514653893576735e+00 2.520019949468492726e+00 3.032195763729101934e+00 2.241732462040908480e+00 2.560064410444431893e+00 6.975189541923587200e+00 7.304043968425688149e+00 8.029215982634092086e+00 8.934343494224240345e+00 9.592985802225932446e+00
-1.051533304764473087e+01 -9.516431196169424567e+00 -8.515278658406305823e+00 -7.515698535875870334e+00 -6.515073558823630151e+00 -5.516435293988756428e+00 -4.516251622275881061e+00 -3.516629374162732802e+00 -2.516393160955471942e+00 -1.515427431599672303e+00 -5.154001028700445630e-01 4.895087345079804919e-01 1.484733173115669658e+00 2.484666952355322422e+00 3.484301464124142100e+00 4.484419250352802422e+00 5.485416562719763078e+00 6.483476416631159367e+00 7.483719804747522630e+00 8.482861080630243578e+00 9.481989690525951531e+00 1.048414056883615508e+01
-5.832180595095445952e+00 -8.056649649658680801e+00 -2.464969109763607946e+00 -7.665165622358036224e+00 -2.021307600390430892e+00 -3.978283646526467265e+00 -3.824596260032030681e+00 -2.095734735804819948e+00 -1.520081603164667339e+00 -2.396115535667328267e+00 -1.008856742844847165e+00 -4.000345377266022462e-01 7.512611524868318957e-01 5.099157440260125185e+00 -3.091811433455998070e+00 3.440168603799126590e+00 5.672654802422503195e-01 6.282635543314484039e+00 6.946832320270178052e+00 3.262897397411999911e+00 6.714298613707844865e+00 1.094615223677065963e+01
-1.051341073621396305e+01 -9.515766296874376806e+00 -8.514519501816128155e+00 -7.511388812552805661e+00 -6.516073901544899627e+00 -5.514621813188906430e+00 -4.515917409550052497e+00 -3.516089845787389478e+00 -2.518147606741282019e+00 -1.516021300445892450e+00 -5.170836340297242373e-01 4.864782352339194205e-01 1.483179416168828979e+00 2.483699421991008904e+00 3.486190449107787970e+00 4.482884537089963928e+00 5.481074105609556213e+00 6.483609970320362237e+00 7.483116488565112689e+00 8.487143184651037231e+00 9.483017187226909783e+00 1.048352957855572676e+01
-1.051581208001488221e+01 -9.515454556454310264e+00 -8.515377785671846667e+00 -7.515585172582781581e+00 -6.516272578049795428e+00 -5.515832002867362860e+00 -4.515633385289817170e+00 -3.515209782529980842e+00 -2.515703189779404880e+00 -1.516006525267258098e+00 -5.154624093662700801e-01 4.840140755880852907e-01 1.483884860168791064e+00 2.484504152428009149e+00 3.484577168117859003e+00 4.483990606259203204e+00 5.484593469988203296e+00 6.484082173894737622e+00 7.485269371758795032e+00 8.484203759919498822e+00 9.484503809701299915e+00 1.048360773582349204e+01
-1.051540614325884349e+01 -9.516655188392494580e+00 -8.515266370366907367e+00 -7.516017672013161288e+00 -6.516284052621216460e+00 -5.515946042131288252e+00 -4.515142348002290973e+00 -3.516194779764518330e+00 -2.515608188103520604e+00 -1.513954390179000242e+00 -5.162937905300601926e-01 4.849121157418725403e-01 1.484334539283420185e+00 2.485138754953045037e+00 3.483969661999843481e+00 4.484315197576188794e+00 5.483600023795270673e+00 6.485036428679130438e+00 7.486656035889295069e+00 8.482879373837613812e+00 9.483381691981453088e+00 1.048342685740103519e+01
-5.924934340597967974e+00 -5.040801638637999460e+00 -1.004546667577788099e-01 -2.703155763259630806e+00 -6.937446491273804305e-01 -3.625943582884294525e-01 1.246656082372856744e-01 -2.145179899935071077e+00 -2.409813377701414794e+00 6.502306519356400027e-01 1.878354384036157732e-01 -5.942287858776018616e-01 3.359770367045689543e+00 3.558877702114584540e+00 2.388775469017472730e+00 -2.577905364872992156e+00 2.963043475473428057e+00 1.939851572021151327e+00 -1.540641150647168445e-01 -2.267992880523721499e+00 6.847888524231502849e+00 2.608812747938872523e+00
-1.051570163904271737e+01 -9.516014012084770712e+00 -8.515976535664377067e+00 -7.515507968650643633e+00 -6.515974792228506729e+00 -5.515504854307947014e+00 -4.516179452226927182e+00 -3.515203381465253685e+00 -2.519961091266422315e+00 -1.515740545974539444e+00 -5.162806981666623329e-01 4.857369190589828634e-01 1.484350313855827608e+00 2.485221145166576662e+00 3.485039306296533468e+00 4.484640111638732662e+00 5.483923000706855788e+00 6.485628706826393142e+00 7.484112007035443881e+00 8.484981266273681655e+00 9.484621887518590810e+00 1.048467202247542573e+01
-8.883146780102501694e+00 -7.441719215885728822e+00 -6.535579969188239247e+00 -5.989951289818387536e+00 -5.093838122430941695e+00 -4.133113603651961121e+00 -3.372466349618206127e+00 -2.606558949774122613e+00 -9.464724929636529893e-01 -7.503003708149158513e-04 3.778656020797885318e-02 -4.166998855625116960e+00 2.193272699083652189e+00 -2.030694384212238468e+00 3.598893791572500334e+00 5.044434753157560181e+00 6.116572810290222151e+00 1.781432817887206088e+00 7.548789416016018272e+00 9.128894086179430545e+00 1.015398388990484335e+01 5.252111205117047987e+00
-7.896433616591148841e+00 -7.396906320923766209e+00 -5.974599767116369975e+00 -1.233065371360346774e+01 -3.936472673641098208e+00 -3.237144433952860556e+00 -2.951967741863019246e+00 -1.377367884078446902e+00 -7.716652034742634836e-01 -8.349169629583250707e-01 -4.814125654390953857e-01 2.090256208183507880e+00 1.264124366863661253e+00 2.590105880236251767e+00 3.327099205575570817e+00 5.341310072934818187e+00 5.020147513070963186e+00 7.675687222071107207e+00 2.259016544408614102e+00 8.944787213369668422e+00 3.497002910307918544e+00 4.834885462394314715e+00
-1.125459583635603522e+01 -3.279323054241997326e+00 -2.332418313370157037e+00 -8.244997094996387332e+00 -7.304485684143077862e+00 -6.124387433717643603e+00 -5.405441296990041167e+00 -4.482229860952271494e+00 -3.369941128726054558e+00 -2.401029881076734984e+00 5.497916602078988468e+00 -5.311358668937357086e-01 5.063753469681262498e-01 1.516839628935578110e+00 2.396888371584964705e+00 3.338895685451277018e+00 4.488931955041753241e+00 5.349911560490465234e+00 6.293904635121482904e+00 7.234956975060559792e+00 8.352216817344155331e+00 9.408029589161333917e+00
-7.546659399893458797e+00 -6.360244105138059822e+00 -6.156044359586349657e+00 -4.516614814390503163e+00 -4.492782016558047431e+00 -3.888043451514079152e+00 -3.325663093831881412e+00 -1.421165031065993789e+00 -1.112258049245595126e+00 -4.867596453634012832e+00 1.482415810502842879e-01 1.772813888454054965e+00 -2.061556169464313193e+00 2.748326790416157017e+00 3.288013382945958796e+00 4.614853438726325585e+00 5.912225411700697819e+00 1.911482860522762728e+00 2.064193814367085267e+00 8.813034387638877476e+00 3.510345944204978252e+00 1.061997716006964687e+01
-1.051585365933453176e+01 -9.516860635104492872e+00 -8.517098532142959755e+00 -7.515989245000223917e+00 -6.513064042749714844e+00 -5.515862227502186244e+00 -4.515508615496482747e+00 -3.516511247578003818e+00 -2.516918816688383131e+00 -1.512826145711269277e+00 -5.135153542188106712e-01 4.835257073017604768e-01 1.483444138345388907e+00 2.483826606449751395e+00 3.484181805429127365e+00 4.486907995221283585e+00 5.482924959537655241e+00 6.483278608796263498e+00 7.483351840552964873e+00 8.486725895580910617e+00 9.483044638213780075e+00 1.048367804187264873e+01
-1.051579063182520457e+01 -9.516207029873660517e+00 -8.515421723777587104e+00 -7.515080233866523685e+00 -6.515005228871634912e+00 -5.515690451318558729e+00 -4.514891033822831190e+00 -3.516175744885744692e+00 -2.515929540449898028e+00 -1.515256499702264392e+00 -5.159906650131294015e-01 4.844864627177134508e-01 1.485003465955914592e+00 2.486014994030655956e+00 3.484350690787495708e+00 4.483153665607630955e+00 5.484095113521282983e+00 6.483996624296368694e+00 7.483953545039360833e+00 8.483812013810339892e+00 9.484328219836418938e+00 1.048312570357865248e+01
-1.051490675996649315e+01 -9.516010429371478452e+00 -8.516204531897193064e+00 -7.515033717859889606e+00 -6.515149529684668650e+00 -5.514912482012395145e+00 -4.513910617340695097e+00 -3.514912482012409356e+00 -2.516374785114402712e+00 -1.516336787153370835e+00 -5.156066153537146590e-01 4.841921519149412489e-01 1.484695960174908791e+00 2.484105561267240248e+00 3.484286602925172005e+00 4.483100246976720271e+00 5.483560864220965669e+00 6.483328890394080446e+00 7.484098706733098183e+00 8.484374154697764681e+00 9.483635489236222682e+00 1.048486182500016106e+01
-1.051721623607653555e+01 -9.517121166668140120e+00 -8.513825014910905153e+00 -7.514689401469453855e+00 -6.514460489831177981e+00 -5.514158592305392403e+00 -4.516151771626681466e+00 -3.517192230305884237e+00 -2.516724497757154566e+00 -1.517201290211879439e+00 -5.139958716251591397e-01 4.838526093147041962e-01 1.485671489753507046e+00 2.483678653158925442e+00 3.483361943878916733e+00 4.483183383264323751e+00 5.482541575350548868e+00 6.482336833395741849e+00 7.483772798695358830e+00 8.485384359278466349e+00 9.485278113999155991e+00 1.048855651847341441e+01
-5.399479959569135623e+00 -5.822924976313234247e+00 -4.581807238778098146e+00 -3.368474479902737517e+00 -2.243182624089900212e+00 -7.296902333588816347e+00 -9.836119888297720770e-01 -3.263569832993919562e+00 1.177075023686771527e+00 -7.634132859281761441e-02 8.380955590693957014e-01 -3.383138956810767262e+00 2.802843765011822086e+00 3.485079977691699860e+00 -1.191868464154919760e+00 4.291484738378288810e+00 4.674267439391861956e+00 3.832013813396302648e+00 5.309653094323928180e+00 7.287483575332069918e+00 1.078116072888442467e+00 2.490070840228071347e+00
-5.086078042165500079e+00 -6.358266772532360278e+00 -5.240713385632824739e+00 -4.622218095486031686e+00 -3.850762700265343508e+00 -3.954453882149008948e+00 -3.475907194499885389e+00 -5.127323465543261349e+00 -9.646026535311355010e-01 2.050798088148398257e+00 2.759286614367172596e+00 1.472902312323443708e+00 1.362021300849772132e+00 6.042352373276675515e+00 4.177752823664894422e+00 3.889716213402246492e+00 -5.817622921358296395e-01 5.605940828721410973e+00 -1.027236496675548505e+00 9.080718004228875984e-01 8.597687806341497208e+00 3.077676534872868963e+00
-8.380470469466999361e+00 -7.414562904642356678e+00 -7.150789192841217279e+00 -7.851958727854228215e+00 -4.697643054878904323e+00 -4.385592605278429090e+00 -3.316292371849821397e+00 -2.108309414174646346e+00 -4.145629046423365827e-01 -5.090173336875005283e+00 6.514418661225008789e-01 -5.709356492820000240e-01 3.119939501540748950e+00 3.608612363712387694e+00 -1.853255820448359792e+00 6.955820499790914546e-01 6.252529471968904851e+00 7.089286033060345993e+00 8.302241311873007845e+00 8.775812429521046454e+00 8.159016303074452026e+00 6.234966837156339814e+00
-5.664843157248188987e+00 -4.836372716348760648e+00 -5.731659774227047421e+00 -5.049237233089501231e+00 -3.999431297361785820e+00 -1.095858921610410874e+00 -3.186436019726461844e+00 -4.452345698287443199e+00 -5.408550611646400164e+00 -5.789881493339985141e+00 1.244577767496340082e+00 1.241314031528965467e+00 2.926519693180812620e+00 3.007991920700462618e+00 4.742860893137342160e+00 1.091576464828732718e+00 5.328356804274037017e+00 5.797372573897912496e+00 4.372694413466426511e+00 1.494546078745830009e+00 8.278298498979548725e+00 5.343389498424105710e+00
-1.051642592725431768e+01 -9.516064372929664117e+00 -8.512983542951674920e+00 -7.516488854858026869e+00 -6.513681468638502281e+00 -5.516822581264110070e+00 -4.516791333529086572e+00 -3.514642094346625001e+00 -2.515770380469875889e+00 -1.513427686962218743e+00 -5.133130895820627870e-01 4.832086664709098756e-01 1.484430934217842335e+00 2.483709837225346106e+00 3.483240510252381128e+00 4.483711163428688806e+00 5.483403029766941827e+00 6.483611854639912409e+00 7.483792136338614398e+00 8.483227725056075030e+00 9.487105528739354199e+00 1.048185166242446975e+01
-8.203854608285144678e+00 -3.580873940859663485e-01 -7.229740157875657935e+00 -3.142062310857478113e+00 -5.377358978608894446e+00 -2.649238551928951857e+00 -2.475888573891198430e+00 -6.046664626942857002e-01 -4.013580411621687993e+00 3.453460858977581704e+00 4.160797984398112437e-01 1.770259842124366045e+00 1.419851960148862613e+00 1.599043232059996544e+00 -2.864309274341432676e+00 1.836188205055208744e+00 2.707462909445684129e+00 5.365537211968038456e+00 2.755644175987080224e+00 5.445159462825328589e-01 6.250381827602167206e+00 8.455242471873903654e+00
-8.535829505856929345e+00 -8.250762582937529288e+00 -7.851599237323924285e+00 -6.737176002006848741e+00 -5.016501261672075884e+00 -4.178630319542773641e+00 -3.329849874364422924e+00 -4.553115192928904875e+00 -1.720629479243626969e+00 -5.528256422829227468e-01 2.524074322664490166e-01 1.983498738327910127e+00 2.376675677301373746e+00 -5.659459796389895159e-01 -5.706674914487906980e-01 5.368277711596713964e+00 5.959119872095905990e+00 1.722208386328837104e+00 7.352857336759961449e+00 7.321699168858890161e+00 9.213112704232045758e+00 9.968557257254184734e+00
-5.828689277843245087e+00 -7.130789856746465816e+00 -3.372713652113189298e+00 -4.882745450563442446e+00 -2.882684020220747101e+00 -3.273829554044832335e+00 -2.349000543649740091e+00 -1.031899835502842588e+00 4.273526153731617150e-01 -4.276148586503858873e+00 1.344896917951260207e+00 -3.741599154520731219e+00 3.059629916850280296e+00 3.355504673417144090e+00 3.805189095616777983e+00 4.272373752867625107e+00 -1.894754542613181769e-01 4.938751714540679849e+00 5.407992471797041567e+00 3.792982298629787863e-01 8.188754952903693152e+00 3.434712760564297085e+00
-6.887769829097187824e-01 -4.237788553680672976e+00 -2.736925963281183982e+00 -2.662704197016784402e+00 -6.881053081818670591e+00 -4.563241491874219236e-01 -4.033008014699976940e-01 -5.821582564945614990e+00 -4.304345311779279371e+00 -1.249365081273288602e+00 3.051022638106894114e+00 -1.431973731635791447e+00 8.650983260706635036e-02 7.372678036235136290e-02 6.149025524910527452e-01 4.289100704584347112e-01 1.064365008227653675e+00 3.028972483566047202e+00 4.244486589080539218e+00 5.719725595313381206e+00 8.646400403533640144e+00 3.570000181025904329e+00
-8.737395210995405392e+00 -8.734268724739182588e+00 -7.349615845026089112e+00 -6.432800787728470304e+00 -4.765282769741483904e+00 -4.461973094459430911e+00 -6.948783555227130648e+00 -2.742728960806037897e+00 -1.736406336999222200e+00 -1.167797448707657226e+00 2.572710391939589947e-01 1.112873030214528880e+00 1.695695845553051084e+00 -1.489606178865487296e+00 4.457669879781655631e+00 4.445428428423266354e+00 2.510281123685904170e+00 6.333548362928962838e+00 8.264718238623746771e+00 4.922268981161067813e+00 9.674367090496017951e+00 1.054741860900799466e+01
-9.247387262504975780e+00 -7.243499751757600968e+00 -7.741271913324799137e+00 -6.502664695927727223e+00 -5.253972969641460544e+00 -7.512803822167673395e+00 -3.025535595930461508e+00 -2.552463730763467886e+00 -1.241921756968168200e+00 -1.457305620239087940e+00 7.326255910181221909e-01 1.372650703641222769e+00 -2.529168469555820309e+00 3.659085986331252816e+00 3.900775081266413036e+00 4.979508257990737263e+00 5.736028026189154083e+00 7.059413600065871819e+00 3.097207233931675407e+00 4.600346649973632296e+00 8.443406962495625834e+00 1.038182921165206096e+01
-1.051849072900682813e+01 -9.519107607277952354e+00 -8.518176076087078386e+00 -7.518529948863131196e+00 -6.516487118872722917e+00 -5.518064019354914862e+00 -4.502197531136593156e+00 -3.517562714490031439e+00 -2.501432088288369826e+00 -1.517556873234829240e+00 -5.180541249838732654e-01 4.965389696034527844e-01 1.480533572760496241e+00 2.479913624850185627e+00 3.482009115544233424e+00 4.480261328545482868e+00 5.496820482340726954e+00 6.481582376089964015e+00 7.480708363381303627e+00 8.480358215895567042e+00 9.480369898405943019e+00 1.048144459995356748e+01
-7.334426416294306250e+00 -3.347972055115542744e+00 -5.262970712996764888e+00 -1.860371719162901005e+00 -8.691005210217296550e+00 -2.745053384610266711e+00 5.452920627784574314e-01 -3.329113231343473700e+00 -4.676721641582644473e+00 3.430443953515097899e+00 -3.481876362361353117e+00 -1.858723256423979064e+00 -1.189189598590679298e+00 8.134308369461024313e+00 5.009579273531954424e-01 1.516235832348389989e+00 2.450176469615818142e+00 5.382651895682032617e+00 4.341924835977510888e+00 5.254249865207702541e+00 5.706026895589850767e+00 6.170037196944655022e+00
-9.235226542953473228e+00 -7.780469862008511761e+00 -6.677909551046604442e+00 -6.145137403022765454e+00 -5.242214927306993566e+00 -4.302480448407836278e+00 -3.352883695759050209e+00 -2.815632871370557844e+00 -2.504127300337608553e+00 -1.297482291484852446e-01 -3.359545054894019334e+00 1.469523374107015501e+00 2.713841000328511832e+00 -4.681676877002838300e-01 -1.077567922341947870e+00 3.615729703371763026e+00 6.085169074835365066e+00 5.759861792734468189e+00 8.062745819427831862e+00 3.806452075756556752e+00 9.856936127677869308e+00 1.137573424383329623e+01
