2.212489843870908501e+01
2.982827221451281474e+01
2.982893173601683046e+01
2.982729234487807801e+01
2.982776958857290950e+01
2.982848205126868990e+01
2.740443316576802957e+01
2.517130192050360193e+01
2.982814746201074385e+01
2.982776586880071434e+01
1.936959070417972484e+01
1.861050358625987045e+01
2.982834529844152627e+01
2.112887885215801376e+01
2.982848638931487173e+01
2.982779752426001352e+01
2.982990156877528065e+01
1.910234079224164816e+01
2.982781643397609628e+01
2.510599482342098199e+01
2.982955496331781831e+01
2.982658362327273593e+01
1.929993144748786449e+01
2.960757729505086289e+01
2.982882989717533917e+01
1.818415305244171165e+01
2.982779367173218077e+01
2.290990778203219591e+01
2.982858350869172526e+01
2.968474482619365062e+01
1.809297480852809414e+01
2.139114147288713497e+01
2.700759930928681030e+01
2.359657274260815996e+01
2.738963974721409755e+01
2.982785694416594779e+01
2.982896470062978622e+01
1.855618099716623348e+01
2.279031938332730078e+01
2.982930527003474808e+01
2.982943963400023080e+01
2.210600206500306086e+01
1.924966163475005843e+01
2.982893548958751495e+01
2.982846548630418226e+01
1.144531750314997964e+01
1.804577380448563773e+01
2.982767129215492119e+01
2.815381342976379386e+01
2.982837423922049425e+01
