3.145276536797826927e-01
1.573758477230641217e-01
4.558296344532434263e-01
7.844438081180976630e-01
3.880235421917700434e-01
3.299481886600468261e-01
3.445721933553871352e-01
2.250710266234743628e-01
6.887689817607159926e-01
4.342709951987677175e-01
4.161295326132863903e-01
6.408139125728919971e-01
2.053563047654419549e+00
6.065917951447539203e-01
2.410275528639594655e-01
5.346300496674304403e-01
4.502841965825382653e-01
8.492740271737617697e-01
3.406144753904863931e-01
1.161912473235023890e+00
6.550001031771175430e-01
4.889065589994519567e-01
5.438866582182021459e-01
4.566484875208534078e-01
6.696634911909562504e-01
9.087965500829959797e-01
3.386673654188950278e-01
7.795134976472138932e-01
5.121265090645182871e-01
8.738211049720255863e-01
1.679556512223033260e-01
5.604899628802444411e-01
5.524804305808703742e-01
9.193915589554273460e-01
6.015121629489856847e-01
5.168379543236009122e-01
3.717197471523944752e-01
9.855670738083186500e-01
4.619905223320013854e-01
5.817458179529522155e-01
4.155844845480072824e-01
2.924673917559956760e-01
5.977713887462964282e-01
5.176335414924676526e-01
3.906565143550669306e-01
1.027977628123063925e+00
3.503291191169170538e-01
4.478045309905543947e-01
5.987434059697864797e-01
3.811133945254370214e-01
