-1.052417231317263457e+01 -9.525066531855932439e+00 -8.524684436280601574e+00 -7.525217942554842665e+00 -6.525055683810583318e+00 -5.524788073856701232e+00 -4.524010292847034265e+00 -3.524028174240473987e+00 -2.523962817747465337e+00 -1.524811125953064561e+00 -5.243770253251796021e-01 4.750023711134225834e-01 1.474990412931560968e+00 2.474622078578589068e+00 3.475541390817282306e+00 4.475098736922857867e+00 5.475002006034971558e+00 6.474732227962133990e+00 7.475468077104208575e+00 8.474907093088742016e+00 9.474488653581255804e+00 1.047487267140638423e+01
-1.052335656298831879e+01 -9.525208598510772617e+00 -8.524903608994048199e+00 -7.525379179553560505e+00 -6.525312750176938792e+00 -5.524864187972120533e+00 -4.524286194281131657e+00 -3.525826840238146076e+00 -2.524508944289236112e+00 -1.524654714898630914e+00 -5.232837559147345274e-01 4.760059876875430973e-01 1.475339533253151814e+00 2.474317470057437518e+00 3.475118124349549475e+00 4.474915766580537024e+00 5.475528487427665070e+00 6.475008258088063684e+00 7.475277179344136158e+00 8.474978284402322259e+00 9.474506431682547358e+00 1.047514111684127158e+01
-1.052479650368067610e+01 -9.524388100105245059e+00 -8.524880628186181752e+00 -7.524488146501516539e+00 -6.525024796920730452e+00 -5.524666394191703134e+00 -4.524704533713785892e+00 -3.524696997451515657e+00 -2.524304661053140109e+00 -1.524728416549882226e+00 -5.248469739136361056e-01 4.750358061018289391e-01 1.474856060844933481e+00 2.475063008171588308e+00 3.474969138306647665e+00 4.475168717009099240e+00 5.475275375795634503e+00 6.475295928222211117e+00 7.475098897618332572e+00 8.474905923855574841e+00 9.475276098501948852e+00 1.047513249973681226e+01
-7.685261227570709508e+00 -5.982536627301485055e+00 -8.287169395917146630e+00 -6.454731073497726790e+00 -2.867672011179472236e+00 -2.350118851382015706e+00 -6.555086669275446809e+00 2.464713212858218760e+00 -9.237882897954319272e-01 1.093898446712397332e+00 1.109507376591067240e+00 3.309250791035776906e+00 1.324165040636459345e+00 2.364248343359045545e+00 6.053394016380577725e-01 -9.396216762289393287e-01 3.172693318923626382e+00 3.208471358755378144e+00 1.924510222371502266e+00 4.785532981825175725e+00 4.615778419733145732e+00 1.152242820960509917e+01
-1.052278697592295487e+01 -9.525121995332561653e+00 -8.525455736639822035e+00 -7.524947309019916375e+00 -6.525463135066363662e+00 -5.525229916992516976e+00 -4.523436517539346724e+00 -3.524984904649592465e+00 -2.525618755343282729e+00 -1.525250592353673440e+00 -5.256216834214679778e-01 4.744197939607133208e-01 1.474598801610135013e+00 2.475120856341980868e+00 3.474912091073658615e+00 4.476619801399371212e+00 5.474746568975115579e+00 6.474655262109896725e+00 7.475136055526396817e+00 8.476536503908295828e+00 9.474885060367245870e+00 1.047683802890505866e+01
-1.052462338419120869e+01 -9.524438751353445198e+00 -8.524669674648469808e+00 -7.524646935476507537e+00 -6.524408539249114014e+00 -5.524799109859880986e+00 -4.524975878609833302e+00 -3.524946988983598928e+00 -2.524924111975849428e+00 -1.524895039810370889e+00 -5.247651016847658667e-01 4.750023545189332452e-01 1.475136189298195788e+00 2.475345870987933239e+00 3.475099495188754162e+00 4.475173349068926498e+00 5.474835096435112902e+00 6.475243295119568643e+00 7.475319603966051218e+00 8.474996453659100482e+00 9.475029016421599337e+00 1.047546409307556026e+01
-7.196369166603696854e+00 -9.740182318065135902e+00 -5.586953848196952066e+00 -8.215404928884897373e+00 -7.105861217380395445e+00 -2.502527729880231533e+00 -4.722009019975811128e+00 -3.877040717328142261e+00 -2.516221740884484248e+00 -1.337949561266241982e+00 -1.284340283099723257e+00 3.910833918248584062e+00 4.500290985371974695e-01 2.088521240207127150e+00 1.681035389155663529e+00 3.129905648932436613e+00 4.071077370184912780e+00 5.856341141695777353e+00 5.867285869143226584e+00 6.725163493864460662e+00 1.114127864625656095e+01 8.617940017236335848e+00
-1.052379852939740346e+01 -9.524942841719502340e+00 -8.525219928811905490e+00 -7.524660658429993987e+00 -6.525136668573727761e+00 -5.524435643445372079e+00 -4.524400960992686294e+00 -3.524689924310569822e+00 -2.525186892937519190e+00 -1.524961855601187466e+00 -5.251221473921532379e-01 4.748263988982426298e-01 1.474743190814139737e+00 2.475732441652894522e+00 3.475001189519046463e+00 4.475506890226485623e+00 5.475265707481980826e+00 6.475271109152915372e+00 7.475657555867314841e+00 8.475198108364224936e+00 9.474771473218083884e+00 1.047513328831302637e+01
-1.070974272229734225e+01 -7.575985587570348123e+00 -5.153880123603322261e+00 -6.145763388147476025e-01 -3.330224188590839685e+00 -5.640302112257948863e-01 9.080106374135812342e-01 -2.123086567908549327e+00 -3.859065031086412745e-01 1.190549473222390908e-03 -7.964203217315842798e-01 -3.814791542018081127e-02 5.118670415885065772e+00 -3.920672154599121884e-01 6.872432056176025483e-02 2.234858786559930088e-01 2.998946031395750111e+00 -1.910140917705482222e+00 5.658719687128723308e+00 3.555608363717341902e+00 6.990395249211676543e+00 7.525008781890210940e+00
-1.052501540123058277e+01 -9.524174111471927162e+00 -8.524536299095911929e+00 -7.524015667424970744e+00 -6.524544226513651068e+00 -5.524891110645080872e+00 -4.524556810544298813e+00 -3.524366992102436313e+00 -2.524155365811134644e+00 -1.524613479660304804e+00 -5.250812271101850115e-01 4.746123677627647197e-01 1.475210671736441270e+00 2.474660155786711613e+00 3.474804339422426835e+00 4.474808571352200559e+00 5.475468372418129448e+00 6.475013521923260740e+00 7.474643682553017143e+00 8.475220290435990123e+00 9.475052622570238725e+00 1.047500739754601184e+01
-1.166917756273180728e+01 -5.942628074494541224e+00 -9.601886123297347808e+00 -4.094385064374234773e+00 -2.194908639958002894e+00 -2.168784034291624696e+00 -2.721746394428042670e+00 -2.082935152942591905e+00 -1.123711725560081920e+00 -3.416525863781034289e+00 -1.056014220672497839e+00 2.226184707495474591e+00 2.802113985647760153e+00 2.182243293124852546e+00 2.234974155709489985e+00 1.529309619092107164e+00 3.694414250383775578e+00 3.351631503870722284e+00 4.887399815472241116e+00 4.454891990086560227e+00 9.399436754384755233e+00 8.764654083160635878e+00
-1.187295114687555575e+01 -4.016936421928428480e+00 -9.558274255166789857e+00 -7.620998474433775538e-01 -2.156057140681544304e+00 -1.909424636077935666e+00 -1.272185100981911177e+00 5.240598663600744000e-01 7.231072279266175240e-01 -2.573365159218224285e+00 -1.144327563808075487e-01 -1.698902258962637912e+00 4.342139604775719697e+00 -6.022448591890378067e-01 4.025680625121087708e+00 -4.527610663899694354e-01 8.444246858353412488e-01 1.850682186798259465e+00 4.517761401198620241e+00 6.839122227718233304e+00 6.108205977369406625e+00 6.669002148089434812e+00
-1.052316174622288258e+01 -9.524911544878365888e+00 -8.524075083095917549e+00 -7.525466553528225688e+00 -6.525416724045165040e+00 -5.525260321457274415e+00 -4.526049144227407339e+00 -3.525537453253175357e+00 -2.526187561113710345e+00 -1.521792463619600966e+00 -5.257813554595855976e-01 4.741654771972729776e-01 1.473881759088145671e+00 2.474681593816386638e+00 3.474370695989236424e+00 4.477082707326513145e+00 5.475025751035317967e+00 6.477046765725717137e+00 7.475142293017022155e+00 8.477029182355503067e+00 9.475492798130616734e+00 1.047427222911606925e+01
-8.121781528454128818e+00 -6.469772355169780553e+00 -4.993570031264813025e+00 -9.074066851436915826e+00 -3.920690215483328522e+00 -1.968024920842360803e+00 -3.813935163236127579e+00 -2.794292963684918973e-02 -2.788640112346269628e+00 1.696846653048014630e+00 7.017217097571359918e-01 3.443936328461089769e+00 2.201440985674052442e-01 4.661491572452987953e+00 7.139882853888611436e+00 2.040002841389546351e+00 -4.797284740348910503e-01 -1.710801394285086374e-01 2.207618581865911533e+00 5.465688720248274457e+00 3.720083751384295478e+00 9.986366912167268239e+00
-1.192706525637271930e+01 -8.686964078879521267e+00 -6.020899630724282581e+00 -5.869063330990843319e+00 -5.727582416958351352e+00 -4.107708931187948664e+00 -3.486488695604966104e+00 -1.791616904557993051e+00 -1.007022226652021235e-01 -4.896963148355700790e-01 1.586245564375592831e+00 1.577967381321247142e+00 -1.430134720468591469e+00 1.576500744604588222e+00 3.641527013436596683e+00 1.190343220731385765e+00 2.306393588602433375e+00 7.592319132694306916e+00 7.225273063380782013e+00 7.643121083523961801e+00 9.066230985839688117e+00 5.686552026631985335e+00
-7.655210863187194015e+00 -8.348391617697700440e+00 -1.014384456747147745e+01 -5.709644712169589909e+00 -3.601992577375826343e+00 -3.705520364214146323e+00 -3.015853779579362737e+00 -2.474590924541645087e+00 1.081675893986691506e+00 -5.359997424218785333e-01 2.101020548628415585e-01 -1.115446386775995335e-01 -1.978575334163761967e+00 3.349625673538923376e+00 3.493574682157368105e+00 5.749473330001193538e-01 4.543970593143731307e+00 6.839887713013127701e+00 2.929521491090353535e+00 4.443399879267639463e+00 9.053296139655236274e+00 1.021571896968073112e+01
-1.168601189925407446e+01 -6.109921336488316257e+00 -5.001611960652307509e+00 -1.060589171931729968e+00 -3.338879019265189818e+00 1.880821719464098596e+00 -1.158377215661806847e+00 9.684811702049457294e-01 -9.724605206097518550e-01 -3.032130890180683824e+00 4.293445918079672907e+00 -1.839506853093314742e+00 3.162286000043792011e+00 -7.903944792632815464e-01 -1.547433938262374298e+00 3.645836662469664091e+00 2.271847142590808222e+00 5.746827774576386716e+00 1.632953393791657604e+00 2.142490309112792257e+00 4.958130490074624142e+00 5.288748006150953529e+00
-1.052205897630621934e+01 -9.522939441217623369e+00 -8.524836068464965777e+00 -7.525610988451706618e+00 -6.525454138828953532e+00 -5.525685978545400445e+00 -4.525642757727343479e+00 -3.525574666871284180e+00 -2.525524137033647420e+00 -1.525494789196692125e+00 -5.257513573901348991e-01 4.752759361131495552e-01 1.474610427902495857e+00 2.475103388117107173e+00 3.476733135567455335e+00 4.474834749983104487e+00 5.477202112363134034e+00 6.477004835890083356e+00 7.474981749938283571e+00 8.474377515302448316e+00 9.474412108348161610e+00 1.047458864240482512e+01
-1.052429668740786894e+01 -9.524752171202122142e+00 -8.524981634183346202e+00 -7.524250143630943910e+00 -6.524871618910259130e+00 -5.524565623565145245e+00 -4.525020302696653118e+00 -3.525107094510033789e+00 -2.524789528413226236e+00 -1.524914951487005510e+00 -5.247447057203764587e-01 4.751566932960056278e-01 1.475144407288601300e+00 2.475146560506392035e+00 3.475345550612978229e+00 4.475292018191385779e+00 5.474854147569708118e+00 6.475008627907801184e+00 7.475567138330511341e+00 8.475211417810490033e+00 9.474944701926279578e+00 1.047517450018363405e+01
-1.319941474108834711e+01 -3.039623111711868830e+00 -6.542798101888688045e+00 -1.882898728404128086e+00 -3.321262166076532907e-01 -6.451305525593965307e+00 -3.459753399404034369e+00 -1.630866798578396670e+00 -1.599675967083947326e+00 -4.654808273024251264e-01 5.975670975529657758e-01 7.444904941262352471e-01 -3.936413395790292036e+00 1.667380469889431671e+00 4.055837502275009498e+00 2.942310825525144224e+00 3.711960880838274246e+00 1.533407804713706746e+00 8.098116420168805618e+00 3.538615807686007031e+00 8.704321812902009015e+00 6.400898999672725687e+00
-1.366018361356626976e+01 -7.169452096811814279e+00 -6.874816658151726934e+00 -5.694945888419259639e+00 -4.741106205713276900e+00 -3.952396444735316372e+00 -2.343832186742689672e+00 -2.338811708211817830e+00 -5.235403887505328813e-01 9.113683428600567460e-01 -4.314242545381645755e-01 7.152870408046887452e-01 9.212018483308912487e-01 3.227433183338767719e+00 6.153502206405196961e-01 9.721469285371298064e-01 2.448579298151802863e+00 6.457319478480971320e+00 6.588942528507525154e+00 7.460379995758323446e+00 8.681392529394154067e+00 8.185659352732624683e+00
-8.648919708894233338e+00 -4.268910795289298399e+00 -9.408607875205444060e+00 -1.699308620334857078e+00 -4.526355394022154144e+00 -5.000751565129306186e+00 -5.854664970166896687e+00 -3.456039162025536182e+00 -1.956202768524434976e+00 -1.636948056860410006e+00 -5.175041918283639353e-01 6.321757413509088153e+00 -1.443883393278662108e-01 1.853355977675550381e-01 2.037868248656728110e+00 5.418852105627308902e+00 6.379667416458185691e+00 2.743952532142077239e+00 4.223402237237529278e+00 4.210947125609459718e+00 8.474533410028975311e+00 6.576836662468460659e+00
-1.215570776535044395e+01 -8.877145854478728282e+00 -7.887711239780225370e+00 -6.853193644678079011e+00 -6.064572790264342927e+00 -4.886294518004500098e+00 -3.768438798186902083e+00 -3.099069986227840801e+00 -1.878130609715863653e+00 -1.108818803005289677e+00 3.516230433038181058e-02 6.558046527325943620e-01 1.668981469653636251e+00 3.404297935077796655e+00 3.468707718845061461e+00 2.331913026473156236e+00 5.683328123759721962e+00 4.167517874957994195e+00 5.355699034681497217e+00 8.773606911078294601e+00 9.987675772556276144e+00 1.050094048744238151e+01
-1.225516914045849859e+01 -7.295049456905573493e+00 -6.805359744932456323e+00 -6.807477205912478624e+00 -5.543985996072764877e+00 -4.146459666901570529e+00 -4.980413462139490655e+00 -1.377182792917865939e+00 -2.014512162097279013e+00 -2.570053332199274898e+00 1.444686251072953231e+00 6.178543246548082735e-01 1.278892728846107163e+00 2.786396669443088836e+00 3.910794590531730286e+00 1.816958363389884257e+00 5.274194059905828347e+00 4.664813142412039149e+00 7.711162336289454799e+00 6.236693845028572269e+00 9.382069930631164567e+00 8.125698020228197649e+00
-1.290612710995599954e+01 -8.292295364202342256e+00 -6.886094717317836178e+00 -6.586486475947435970e+00 -3.721519751309988244e+00 -5.150749611290457608e+00 -4.526303067981753969e+00 3.792443253101169809e-01 -1.002433744432335683e+00 -7.086715201243488638e-01 4.899333779436128022e-01 -8.760670261143048698e-01 3.097699714603956878e+00 1.058305768473814190e+00 6.143001616438469092e+00 3.566985239091286175e+00 3.145784422153225623e+00 5.876153165046535065e+00 5.953642749789628041e+00 5.277926608277224929e+00 9.010354353250358272e+00 6.112268350195147804e+00
-1.052487044002522509e+01 -9.524946517903689625e+00 -8.524031541902900244e+00 -7.524923406202708165e+00 -6.524778395552520038e+00 -5.525087780911823288e+00 -4.524890355427166000e+00 -3.524012647230533091e+00 -2.524833358485578216e+00 -1.523914686996837631e+00 -5.251516919921783710e-01 4.754852879453732584e-01 1.475126304071055827e+00 2.474893562834363792e+00 3.474866159598933635e+00 4.474944569509135661e+00 5.474541269581422398e+00 6.475726642053230009e+00 7.475160442631352709e+00 8.474813483994113383e+00 9.475339003245933256e+00 1.047509539906274156e+01
-1.268998001656353836e+01 -8.259675047282513560e+00 -6.079079767506234688e+00 -5.573920316961546995e+00 -5.512450931512862695e+00 -3.935330051306602517e+00 -3.097095120795469558e+00 -2.835596442501707948e+00 -1.599316289002095548e+00 -5.117065619678737853e-01 -3.669395091781270102e-01 2.563171561156468492e+00 2.285363734722642537e+00 2.265122014302129561e+00 9.151886088595875268e-01 1.690982697584797467e+00 2.272539278661044992e+00 6.500071271610757151e+00 4.671496252184732967e+00 7.573332826492103820e+00 9.633654065193773874e+00 9.544719045707092064e+00
-1.178486364966839695e+01 -8.947460485366081073e+00 -5.968333771667085230e+00 -6.002471680091532313e+00 -6.118785490488837020e+00 -3.100951496812780483e+00 -2.182888036900030304e+00 -1.253236089804951492e+00 -1.446983428988013021e+00 -9.929642582347018021e-01 -3.240245758571347889e-01 1.933761809704457990e+00 2.817711600575445896e+00 2.417788808290798563e+00 6.617438129480091025e-01 1.050944098254150916e+00 2.158427925567195871e+00 6.857330154582500725e+00 4.076251976122143184e+00 8.533075734782025634e+00 8.345429912312424037e+00 8.725048432636956619e+00
-7.106307331112464709e+00 -9.808560461847397605e+00 -9.026299514927124790e+00 -8.721042148619915224e+00 -6.850308958095477685e+00 -5.829643926768166118e+00 -1.036557880819137800e+00 5.812823620276441616e-02 -3.034784343220521485e+00 -2.060326409973046946e+00 -9.480918053309046467e-01 -1.551054718705097146e-02 2.651884765180994030e-01 1.856464139421457826e+00 3.020154815012930261e+00 3.189945875983114298e+00 8.639913334342809392e+00 5.656758331881478696e+00 6.757256308695811065e+00 7.264072726288551607e+00 8.132211540410516193e+00 9.051890845040244216e+00
-1.442849280261486555e+01 -8.728235515866309413e+00 -6.929545520114829493e+00 -3.225694124724977740e+00 -3.875002937717216156e+00 -3.545364096139428156e+00 -1.689522378731840302e+00 -3.890986632398780731e-01 6.201671335483593950e-01 -1.506537634177258056e+00 1.023031560911445981e+00 1.973324730755434020e+00 2.499512037541730791e+00 3.336219946201604003e+00 -2.872926606619921941e+00 3.863676873332483996e+00 4.820010639213508696e+00 6.440521665239364424e+00 5.257825447541105923e+00 4.937833824294191487e+00 7.147453819310160661e+00 4.725393903953708730e+00
-4.358541376046252580e+00 -5.438143026432128657e+00 -7.579827114432501567e+00 -5.735040161706069561e+00 -3.651161620258100982e+00 7.717735464540864676e-01 -2.202706384168708897e+00 -6.432330387147648931e-01 1.664427428091894257e+00 1.039470370753531769e+00 3.771967616041743687e-01 1.276971679168729112e+00 -4.481904266387419788e+00 4.493566510697307947e+00 3.554862694764870046e+00 -2.699043667801336976e+00 -2.668020345942255234e-01 6.261613080121539721e-01 1.566428782974810030e+00 7.788310879255817554e+00 8.962502568731734343e+00 4.389281461928974615e+00
-1.052484356103980190e+01 -9.525171066211031601e+00 -8.524223858998587033e+00 -7.524046080694986927e+00 -6.524219150231646225e+00 -5.524668040262042723e+00 -4.524242075668141183e+00 -3.524253236637893139e+00 -2.525338234887879452e+00 -1.524738656864936814e+00 -5.252174311740969159e-01 4.750320589677698990e-01 1.475635809315861025e+00 2.474569154395277693e+00 3.474593771113573482e+00 4.474615824832138600e+00 5.475564373149097719e+00 6.476139170540987422e+00 7.474685577167692330e+00 8.474631947888550343e+00 9.475406376136955799e+00 1.047463863105934934e+01
-8.984988576319267395e+00 -1.157384826845154357e+01 -8.225271294710355008e+00 -6.701339310783700931e+00 -5.926657352175545235e+00 -4.889674625687426612e+00 -4.209941542516761004e+00 -2.785922324572034814e+00 -1.879042849782776026e+00 -9.069577787211172692e-01 -9.945815320237383350e-02 1.665353805042591784e+00 2.513621296503273150e+00 2.843642399009334021e+00 3.965516179688727494e+00 4.754397757147459380e+00 2.420748448827033883e+00 3.462535532631674684e+00 4.532885394977434146e+00 9.270674718228528732e+00 9.726915748872798417e+00 1.048136209789059770e+01
-9.454523754257936119e+00 -5.358420680750477061e+00 -1.779074659978664208e+00 -5.448782998141322942e+00 -3.231765077024689181e-01 -7.469502115850689350e+00 -3.703014662399710222e+00 -7.489624783689730059e-01 1.800846917111406764e+00 -1.526124702825683022e+00 2.927230490773391036e+00 4.181474577081410793e+00 1.108523131260379824e+00 5.174141191836723941e+00 -6.592729590047173849e-01 2.430466965236515176e+00 4.652458710651779406e+00 4.826332853758128039e+00 -3.480713611197785995e-01 9.201865401429203395e-01 1.843145993191718235e+00 6.408670811252615174e+00
-1.052402911944825092e+01 -9.523944525556125029e+00 -8.525243549184359892e+00 -7.523476658896980140e+00 -6.524346827106032976e+00 -5.524107343093907829e+00 -4.525176501409573504e+00 -3.525222180919225679e+00 -2.524462854997668870e+00 -1.525372615592049286e+00 -5.253614620728992435e-01 4.753978862003780392e-01 1.475477547808120349e+00 2.474621006710954418e+00 3.475788706405589679e+00 4.474382856352756122e+00 5.474646852775046924e+00 6.474571601911017993e+00 7.475254484875634375e+00 8.475190223617978802e+00 9.475031809373323455e+00 1.047493196414274941e+01
-1.052476642280813479e+01 -9.524778723716716300e+00 -8.524314075708382177e+00 -7.524199813604360187e+00 -6.524400196969487808e+00 -5.524300023913381708e+00 -4.524680733680716216e+00 -3.524904921650888312e+00 -2.524503067135791312e+00 -1.525123856961714708e+00 -5.247668027877754326e-01 4.753740802407300237e-01 1.475088030099874103e+00 2.474761404097085560e+00 3.474855706095699048e+00 4.474823415279397310e+00 5.475036770105369044e+00 6.474964320659642780e+00 7.475373275578039767e+00 8.474937185645110560e+00 9.475273862481126130e+00 1.047480189055205102e+01
-1.052392134409066671e+01 -9.525208677757873943e+00 -8.525260235775606432e+00 -7.524703796614325313e+00 -6.524981032718317309e+00 -5.524935934353976563e+00 -4.524081561375759009e+00 -3.523886229504254786e+00 -2.523879136551512303e+00 -1.524999338794852832e+00 -5.240538303147825872e-01 4.749898057092174497e-01 1.474644575606680164e+00 2.474734273146481200e+00 3.475796167146063098e+00 4.475248877297735461e+00 5.475079361687994250e+00 6.474916179071753319e+00 7.474650230597355005e+00 8.474611346017216107e+00 9.475028556178902051e+00 1.047476304728875185e+01
-1.453459949069940116e+01 -7.847320124500319238e+00 -6.285788217292691549e+00 -4.935932340392812812e+00 -4.189777886944717089e+00 -3.634459965153101102e+00 -1.883550549383616213e+00 -4.697859216960393880e-01 -2.415982632024356036e-01 6.489473784894785879e-01 1.549030363241914232e+00 1.878304633637376542e+00 -4.499831641719281849e-01 9.799332947150246609e-01 3.361637204147034375e-01 3.294672158754227809e+00 4.497967159861669728e+00 4.820077376429440008e+00 4.782092700050495360e+00 7.180865040884499173e+00 8.040056566983517783e+00 5.919236831871291571e+00
-1.052511056749654728e+01 -9.524858775125290222e+00 -8.524359012530601021e+00 -7.524890343235309587e+00 -6.524266476319574792e+00 -5.524931068108831056e+00 -4.524710061536584504e+00 -3.524721222506331131e+00 -2.524957741187359161e+00 -1.524880083785809859e+00 -5.246859291060346209e-01 4.755921116606813825e-01 1.474871163679800645e+00 2.475489055229859403e+00 3.475385633720593503e+00 4.475322542204102305e+00 5.475398858501153043e+00 6.475008679045874516e+00 7.475005944682798997e+00 8.474913527681071201e+00 9.474951615049082676e+00 1.047498345137997688e+01
-9.203474370404654437e+00 -6.084983141782755567e+00 -3.494373995708109248e+00 -5.142832509908283001e+00 -5.216521644943528990e+00 -1.190044944998900789e+00 2.797280026230105410e+00 -6.140301771013242593e+00 -3.307015255668524834e+00 -3.600289755523554458e+00 2.185211673330967330e-01 4.925689169218685493e+00 1.317805237504038329e-01 3.794974098618528302e+00 7.705507433902456516e-01 3.334390715762642454e+00 2.592368604388072484e+00 3.680207574185800468e+00 1.352480144227651060e+00 6.095237072538101764e+00 5.168251632354759373e+00 7.972657219850033172e+00
-1.036638130289623305e+01 -4.475508085496534783e+00 -9.610409349712213611e+00 -1.180274830441256917e+00 -4.056620051343126754e+00 -7.287503496865666008e-02 -3.050544941383199316e+00 -3.235571690577873305e+00 1.312375555153968421e-01 1.062591336171470946e+00 -1.829265230553910104e+00 1.865840912152067599e+00 6.219865264903250868e+00 4.512925889317799033e+00 -4.751024046864888994e-01 6.548900317839645879e+00 4.412245395063036035e+00 3.088288796374311751e+00 9.519112386599761777e-01 1.854707170534008576e+00 3.921906413576149220e+00 3.236683933848951256e+00
-1.137261821915825877e+01 -7.153202071094107772e+00 -4.585184507814215493e+00 -5.388832745296195270e+00 -5.826019409128849524e+00 -4.174263646730672406e+00 -1.814849679761698642e+00 9.176761880257279236e-01 1.918123523111291140e-01 1.445737114115727584e+00 8.647864817275914273e-01 1.524300002426696388e+00 5.462311456933496068e+00 4.182006014033582630e+00 -1.029112488451120910e+00 5.414185328424809818e+00 6.017899858056904527e+00 4.556965853233588604e+00 1.562101418732833036e+00 1.443440440419306858e+00 3.093388405850259204e+00 4.122023155040031028e+00
-1.402831298600924725e+01 -6.317972941474039317e+00 -5.492561665031254314e+00 -5.699487786925558019e+00 -5.257498427690904030e+00 -2.595197263653127528e+00 -2.437334762200603855e+00 -3.379061568520187020e+00 7.023425908559897124e-01 3.530095132277356607e-01 -2.803318654285332112e+00 6.537978972498552643e-01 3.163361233133604511e+00 2.937864713487155832e+00 2.580384059586132039e+00 1.642843581840184086e+00 6.269233692662486312e+00 7.392903592326116602e+00 5.553137013971816138e+00 2.922777467582100996e+00 7.581763912007011719e+00 5.711878089756626586e+00
-1.334929237132167934e+01 -6.316852314696951964e+00 -8.789215146117463462e+00 -3.371734138458351460e+00 -4.169639200454392736e+00 -1.178225604071152066e+00 -2.162303948187608515e+00 4.773793648853441596e-04 3.564192538085948492e-01 -1.023316687132848735e+00 -9.352168176619379825e-02 1.781884543774284957e+00 5.242266282533469823e-01 1.635085518621083089e+00 2.172095731851968470e+00 6.118374908355535879e+00 6.008177285848949722e+00 6.605719838573146596e+00 2.521305800671610253e+00 2.194469814322046020e+00 5.313710362046048630e+00 4.676705328611713952e+00
-1.119609729664047570e+01 -7.819353621631053741e+00 -8.211165685567157979e+00 -7.051995785705893027e+00 -4.689416307202250778e+00 -5.415632964172798047e+00 -4.424174614180200749e+00 -3.032619524714471382e+00 -2.504209180576577598e+00 -2.353287611028192838e+00 -6.308218579089673872e-01 6.699175864435096273e-01 9.198115293964779227e-01 2.351768672806112015e+00 2.875444609501162319e+00 3.321643507668708306e+00 6.492471154709344994e+00 6.588221640426681347e+00 7.308556391707826450e+00 7.196588371691915675e+00 9.002255001675180779e+00 1.005664728519768225e+01
-1.215479948181758019e+01 -6.461298806653288374e+00 -5.577818484462126136e+00 -3.159749825927105071e+00 -5.749378709889430006e-01 -2.976503965051540579e+00 -3.055605906587464116e-01 5.625420194709632726e-01 -8.408742385286368526e-01 -1.486106867206083093e+00 1.554017672600116473e+00 -1.777836654927052118e+00 -4.411363055181745652e-01 -2.539889232171587352e+00 1.907743728371206871e+00 6.284917461851446063e+00 3.204294547442702257e+00 5.563892423497519779e+00 2.120589274200369356e+00 6.253790573708895906e+00 6.987049402965213041e+00 3.312226521699007442e+00
-1.233558650138818358e+01 -5.767660771817622489e+00 -5.623393125744922116e+00 -6.788687233671662824e+00 -2.770669652031105823e+00 -5.269151277524279031e+00 -2.985574432986621396e+00 -1.310877631394476772e+00 -5.016780778127947205e-01 -1.342273349802495686e+00 6.300975817064664586e-01 -4.146078998780542424e-01 5.450121677222441452e-01 3.763877523853841556e+00 2.359143160246976123e+00 9.890339827295109298e-01 2.318938586130840029e+00 6.497532998806789806e+00 3.025058119337747708e+00 7.460829137962235791e+00 7.901275626798591745e+00 9.073912370653541615e+00
-5.148780641765208443e+00 -7.564879874553008143e+00 -3.783061496523342448e+00 -8.243535641858132479e+00 -1.514092267216969212e+00 2.380676707718328622e+00 -3.553699762582982036e+00 -1.908813633214903716e+00 4.097107834977148144e+00 -1.728217432458508673e+00 -1.069848924054566552e+00 -2.085549406372044334e+00 6.521077431598972796e-01 3.066869446957574574e+00 6.554423788812901996e-01 9.132437126580632558e-01 8.097732444569150090e-02 2.184985170195730575e+00 3.025246637211676415e+00 5.711039704210117307e+00 5.864701540528662882e+00 7.422632181552057951e+00
-1.212266602388659464e+01 -3.995442327751323575e+00 -3.416644036897898307e+00 -4.013579049199130111e+00 -5.823851382662310172e+00 -5.139874501977391930e+00 -2.288085431123900282e+00 2.090617455968406979e+00 -1.620641320385123763e+00 -3.506135292023281336e-01 2.638286843298090822e+00 -1.730985191230941300e+00 2.930554063420915512e+00 4.478596029313579585e-01 3.359327175860604697e+00 4.164212272593019293e+00 6.096273372087956943e-03 3.054240624502830403e+00 3.848600204941615921e+00 9.445327158349133612e+00 3.682551701104290309e+00 4.289260719871177407e+00
-3.005791828544430722e+00 -8.555705063583264547e+00 -1.305452057978973901e+00 -5.529437396746445188e+00 -6.828750036909815968e+00 -6.795958681568997406e+00 -3.796499743486112521e+00 -5.091110429565803841e+00 -1.820507566419991230e+00 -1.752411721823856849e+00 2.741504241644742379e+00 1.919435641508204338e+00 -3.363933514183380380e-01 4.184581682049969276e-01 6.706266032197816251e-02 1.882756941948410478e+00 5.398291596906020118e+00 3.422361210715985091e+00 8.514632596915317819e+00 5.086154836733260076e+00 7.235678409564655134e+00 7.586232875479047344e+00
