-1.076498322296501797e+01 -4.815855379920556345e+00 -3.734279845727234814e+00 -3.583657071934064131e+00 -6.678718293189565003e+00 -6.872000452115890390e+00 -5.141848834006148117e+00 -4.113205670197578101e+00 -4.305930746341259940e+00 3.448591489139379185e+00 -1.185566541403677565e+00 -3.328238588972498579e-01 5.758807009801343746e+00 1.019491067375381421e+00 2.076086490834671672e+00 2.512550150421037465e+00 3.542050587159172537e+00 5.119902152121364125e+00 5.649279570574419651e+00 6.921627647740486111e+00 6.969782734664624613e+00 8.910689310514120720e+00
-4.860514652047831952e+00 -8.881815382690463778e+00 -8.525400979124823309e+00 -8.609373275617100418e+00 -4.288460211600563454e+00 -4.982366298276702743e+00 -4.289820293528712192e-01 9.668290006891275823e-01 -2.811147418893945815e+00 -1.870863690513715927e+00 -2.338923944222483620e+00 4.361241981760739961e+00 3.162517100361882161e+00 1.960753872928780117e+00 1.654231912467722942e-01 3.320866911996772863e+00 2.799454159062635394e+00 6.392063578311242722e+00 3.549365608006016526e+00 6.359681207210703846e+00 7.981578493993788825e+00 6.978061070419807166e+00
-9.885687110073769546e+00 -8.024713648362089558e+00 -1.068074053386775013e+01 -5.336961691888271631e+00 -4.191866360801904001e+00 -3.381134868667604376e+00 -3.659096504769989266e+00 -2.077998114313846401e+00 -1.054219528586907817e+00 -2.644745966338142296e-01 7.202107070950833911e-01 2.253094367191391001e+00 -2.536058711627926066e+00 2.529564427504112700e+00 5.193016490541914720e+00 5.440422324056685355e+00 6.445091142945581275e+00 1.795908639292230102e+00 8.721164048122396650e+00 3.774241578369107675e+00 9.070122489953980960e+00 5.550103748169153306e+00
-5.472244214378681804e+00 -3.621721035168293135e+00 -8.326923563913009474e+00 -9.200242212613080284e+00 -6.001262669821201712e+00 -5.438984442960550503e-01 -3.868334920743321081e+00 -5.235760444898831523e+00 -3.692595183354527855e+00 -3.081351496623076169e+00 -2.352960363815614464e+00 5.198517032848116060e+00 5.788292159014300609e+00 2.931993766338769625e-01 1.945574119545267378e+00 2.596356961007828090e+00 4.161258989232265115e+00 4.311243666967239818e+00 6.715914860698240396e+00 6.166549591999821445e+00 6.768561856597464121e+00 7.851814228729034006e+00
-1.048147474771198517e+01 -9.481786696070965803e+00 -8.481517759913742793e+00 -7.481723530048681070e+00 -6.481528637761408973e+00 -5.481801865453070022e+00 -4.482050416821776295e+00 -3.481767190450982596e+00 -2.481974853033365846e+00 -1.482067508453676297e+00 -4.814576113765962617e-01 5.182672014290545803e-01 1.518284173851654373e+00 2.517891125922844253e+00 3.518236579542804776e+00 4.518614428287198947e+00 5.517859326844858359e+00 6.517485255544825051e+00 7.518232243304899143e+00 8.517933020537540756e+00 9.518310735171484183e+00 1.051802502030674802e+01
-1.376643082494319437e+01 -6.231923625154784929e+00 -5.851586050721489407e+00 -4.552551686285555732e+00 -4.989512816394540806e+00 -4.840289237536760325e+00 -3.271534239587134518e+00 -1.275650965453276608e+00 -1.696713436884800252e+00 1.170245262714525447e+00 1.357448198074269641e+00 1.155155757818206119e+00 -1.148834212848779623e+00 2.921830699983461788e+00 2.126232771166624236e+00 2.108450272597521380e+00 2.658276364065006003e+00 5.985057654075575329e+00 8.525156508843771519e+00 7.450539121077977889e+00 7.656882514452493460e+00 4.909740264588641878e+00
-1.102034896477444725e+01 -8.355829596379747315e+00 -4.881294398275477064e+00 -6.175106086276038297e+00 -2.063050781781354370e+00 -2.598355498130198171e+00 -5.514995806040732695e+00 -2.454659559522692103e+00 -3.377893489112841596e+00 2.989761532718722137e+00 1.025779257916253462e+00 7.318614839472028510e-01 -4.659347333907094546e-01 2.855796113711853046e+00 1.055290515361721138e+00 1.816372411225123829e+00 6.514333282247931400e+00 3.311642393218434233e+00 6.704650271808900719e+00 6.264396232064068926e+00 6.170782763277132155e+00 7.866790949834649993e+00
-1.048091271993792617e+01 -9.481794943186361735e+00 -8.481431526216592687e+00 -7.481828046115982289e+00 -6.481739868494592827e+00 -5.481422265144910710e+00 -4.481481489810082763e+00 -3.481425670060259492e+00 -2.481804234060367875e+00 -1.482039605352021283e+00 -4.820680889216450993e-01 5.177357968958844481e-01 1.517867649820708209e+00 2.517987477508446759e+00 3.517667288807295733e+00 4.518394629386326855e+00 5.518211814490223688e+00 6.518218996849913793e+00 7.517934250560669440e+00 8.518382313576601916e+00 9.517874049869442743e+00 1.051766248318281249e+01
-1.048004525628957140e+01 -9.482565973970018547e+00 -8.482344572517002135e+00 -7.482549627396208436e+00 -6.481848557564331870e+00 -5.481771078976711564e+00 -4.481754143807021862e+00 -3.481693734499549109e+00 -2.482307260009358529e+00 -1.482605253430934411e+00 -4.826243939724825793e-01 5.175287974151707715e-01 1.519766542044552082e+00 2.517805891958150966e+00 3.517782467332750684e+00 4.519273112443357832e+00 5.519418525424867994e+00 6.517770099368961567e+00 7.517947639254002112e+00 8.517418066886332184e+00 9.517911831763655073e+00 1.051947517218914641e+01
-1.015648588124423668e+01 -7.576233571345661666e+00 -8.348018935480988389e+00 -4.787469569684787984e+00 -2.338005103570838905e+00 -3.219594264550929452e+00 -2.361354249210208422e+00 -2.595121518024676277e+00 4.287638591979079372e-01 1.236102752123960480e+00 2.110975501341616045e+00 3.826350078554187073e-01 7.564106018056755421e-01 7.393980849227972385e+00 2.649743953373665750e+00 6.712883377285114861e-01 1.604931278103016723e-03 2.765142812423588836e+00 5.226384254401966523e+00 5.386788153707081861e+00 8.013593120126872194e+00 4.758857252167762120e+00
-1.003569968736512941e+01 -2.515226436991834014e+00 -7.304295431033553498e+00 -3.675411154643555278e+00 -2.459575422283006851e+00 -6.496069606647185246e+00 -5.324156988274633129e+00 -3.309804657157328744e+00 -3.433046441637512380e+00 -1.041403633590136657e+00 -2.974727060999225459e-01 3.059742715263891633e+00 1.230960452950711437e+00 1.919110198862211014e+00 3.241543548445259937e+00 2.326284324258362624e+00 2.440285212682835159e+00 8.783444358018329012e+00 3.858154166823673847e+00 5.389311643762769499e+00 5.553334936351036255e+00 8.489978901952483170e+00
-1.048170798475090493e+01 -9.481824690645385800e+00 -8.481685536151573501e+00 -7.481037074869336223e+00 -6.481964344328085659e+00 -5.481876129453825186e+00 -4.481313103979269741e+00 -3.480765218084515666e+00 -2.481542425399462459e+00 -1.481830829923792336e+00 -4.821770956570468059e-01 5.176595056598838340e-01 1.518115332180805410e+00 2.518578057939354409e+00 3.517800411040136410e+00 4.518476998264141287e+00 5.518303168768230904e+00 6.517733147198505606e+00 7.517471296543424941e+00 8.518266161734409536e+00 9.517663260752504684e+00 1.051764538680965444e+01
-1.048139853572305213e+01 -9.481962924653828395e+00 -8.481638496572321273e+00 -7.481148866767247441e+00 -6.481728283519085920e+00 -5.482077045196829701e+00 -4.482036193663423873e+00 -3.481763435358363523e+00 -2.481880312616167927e+00 -1.481934724206277920e+00 -4.818901399319877044e-01 5.178153535181770906e-01 1.518237406557249258e+00 2.518156768923450528e+00 3.517920332198791300e+00 4.518317291682413028e+00 5.518367650156667636e+00 6.517654726451088010e+00 7.518215211277652799e+00 8.518271060829809116e+00 9.518438222056079923e+00 1.051805322820489152e+01
-1.048037541183556698e+01 -9.482293049720190936e+00 -8.482212903824713379e+00 -7.481000098315167435e+00 -6.481951582160846215e+00 -5.482371735301878601e+00 -4.482427130368623835e+00 -3.482457983222884579e+00 -2.482006254521264665e+00 -1.481414283541109711e+00 -4.820910868319572273e-01 5.193370702591799670e-01 1.518292439254850024e+00 2.518321839245883709e+00 3.517936212095349902e+00 4.518440333279695409e+00 5.517403644594280010e+00 6.518496562811462169e+00 7.517828879031272393e+00 8.518566948446361309e+00 9.517705154689876323e+00 1.051826072958382952e+01
-1.048128691383390532e+01 -9.481552318415861436e+00 -8.481356379322036787e+00 -7.481410731307516215e+00 -6.481848974458191748e+00 -5.481756617061126491e+00 -4.481747296384785528e+00 -3.481820997528073391e+00 -2.482182481072168656e+00 -1.481816497377376862e+00 -4.820451035418429342e-01 5.179771811447242413e-01 1.518158379264841429e+00 2.518266740509037760e+00 3.518095023252728382e+00 4.518223109909067503e+00 5.518208752640257231e+00 6.518015536733633652e+00 7.517902474173078886e+00 8.518120876767406813e+00 9.517840813168055192e+00 1.051800371638752019e+01
-1.048122912238942916e+01 -9.481660667468190695e+00 -8.481610048223620524e+00 -7.481956783343459705e+00 -6.481788534332396878e+00 -5.482074658979062320e+00 -4.481780517507683470e+00 -3.481934915889391746e+00 -2.481984007764925337e+00 -1.481788340617303135e+00 -4.821829084645603558e-01 5.179230685938502887e-01 1.517871778797026394e+00 2.518455710600722597e+00 3.517915454100480233e+00 4.518324178050866280e+00 5.518618282269352804e+00 6.518298182975158284e+00 7.518391523848885427e+00 8.517803129147397456e+00 9.518341463397847590e+00 1.051803602684628380e+01
-1.371777596390493414e+01 -4.791244492363473384e+00 -6.241733092179422293e+00 -4.823100490511623484e+00 -3.603536445502993679e+00 -3.096792411641853704e+00 -2.719590409781900142e-01 -3.663988426325006209e+00 2.389499421127627699e+00 2.577397221941111649e+00 -1.470681984368213069e+00 3.872171364019141859e-01 2.572534165947827578e+00 -1.781627844615845113e+00 2.880942370034909494e+00 3.892537335509917096e+00 2.900656454274888496e+00 -6.532227789657882866e-01 4.363652336148444277e+00 7.840447586372875755e+00 8.084367066147468250e+00 6.626400171098108416e+00
-9.802557399335658062e+00 -9.376280608868826860e+00 -5.975889702711639551e+00 -1.142832469079997360e+00 -2.140045507542685854e+00 -6.657510220566332571e+00 -1.714233231455640105e+00 1.607875699153731741e+00 3.376580224329536417e+00 1.402105334538730763e-01 -8.585678520535924285e-01 -1.494869449415702212e+00 4.577373099220173103e+00 1.613497491997393674e+00 1.150724967975465640e+00 3.426387556465931628e+00 1.716569297078943013e+00 2.356660966141876035e+00 7.305240301058302244e-01 6.580092339211609520e+00 5.979487732809870337e+00 6.306790796733607429e+00
-1.078169604023155159e+01 -8.188364689074717262e+00 -5.901661017793582431e+00 -6.265484218292836971e+00 -3.455352873706222017e+00 -4.182057455514590849e+00 -3.726573643537395952e+00 -2.350512424314659121e+00 7.169362076900673841e-01 -2.452310764767574813e+00 -7.955920091310274556e-01 1.639765686231335895e+00 1.549920368562986761e+00 3.221727885886575216e+00 3.459858511654029023e+00 5.778334100302204845e-01 6.200124560092394432e+00 2.008202431445666569e+00 8.859322265199862656e+00 4.620887143408081599e+00 7.571061603474126045e+00 8.073953356336575737e+00
-1.176678383569155883e+01 -9.454481311172189706e+00 -6.670815814147940337e+00 -4.329598309585989568e+00 -2.782255577634017651e+00 -2.936029699509259849e+00 -6.421735623389004388e-01 -5.570559716514171811e-01 -8.243110488519359569e-01 -2.896515537978681110e+00 2.125023492175078799e-01 2.029167073647539787e+00 2.153241881560048920e+00 5.241533773117003747e+00 2.122930800754109004e+00 3.761599565706853276e+00 6.326150653399794876e+00 2.892863984619160167e+00 2.706419658353884650e+00 4.676688932022088352e+00 7.323384592524377901e+00 3.813525697287287741e+00
-7.644652349298443283e+00 -9.723366079070016710e+00 -8.993374012392408190e+00 -7.663079479820739337e+00 -3.081344222679927025e+00 -5.966668510963647698e+00 -4.977508190238396857e+00 -4.009653972956914281e+00 -2.866569294610743501e+00 -1.789604490853068608e+00 -9.408065159762764029e-01 3.612061002844289881e+00 7.891540817750353209e-01 1.342931254443127109e+00 2.948785047754731714e+00 7.311507024574645186e+00 4.388935215091709807e+00 5.316479898160666018e+00 6.565813808552177555e+00 7.637370689822997605e+00 8.507358255594324348e+00 9.636219133894638134e+00
-1.048161360079596705e+01 -9.481878528540782725e+00 -8.480601111596280717e+00 -7.482151279395299781e+00 -6.479294846003698538e+00 -5.482236752455879270e+00 -4.483400011604491198e+00 -3.480991134589386249e+00 -2.482506552880458628e+00 -1.482810551469977867e+00 -4.825156574899587270e-01 5.172314251010980968e-01 1.517391672188578511e+00 2.519403746182259596e+00 3.519669776613053358e+00 4.518708040768443013e+00 5.519297947937783277e+00 6.517596905881699598e+00 7.516535451466381801e+00 8.520014365965659309e+00 9.516731491143042732e+00 1.051740749722176638e+01
-8.615684779093925272e+00 -1.108198194600695352e+01 -5.137084082249423922e+00 -4.258753234923989162e+00 -3.420141643394515096e+00 -2.625636595343044277e+00 1.340061897290332205e+00 -5.006416746017006147e+00 -4.151299747754191749e+00 -8.940073143467271999e-01 8.622817333919734484e-01 3.079460342504076742e+00 -1.373022597697042269e-01 2.343610699317721924e+00 7.321040847702475762e-01 3.440870426056473086e+00 1.796272327332315122e+00 5.235419300505641083e+00 2.711650253453094184e+00 8.570910897795549488e+00 6.768655590642915776e+00 8.846999089486905277e+00
-1.407314191040037166e+01 -6.962250788882575314e+00 -5.490987065599201244e+00 -4.993520066669299595e+00 -4.779275319558375479e+00 -2.383726074341711243e+00 -2.542725202766030534e+00 -1.914254409369864351e-01 -1.008354338007893425e+00 -3.014649155902578981e-01 1.111186194085814982e+00 2.355334161248567426e+00 -5.601361548532249879e-01 1.761892953802981499e+00 -7.914871952163970992e-01 4.405886374229281088e+00 6.732781794040206158e+00 4.195550347642753586e+00 5.281274680927483089e+00 7.212336036221860702e+00 4.106291480959523454e+00 7.315948743311619928e+00
-1.076392280961224479e+01 -6.392896432366009130e+00 -8.792663530902171232e+00 -4.038102404459158024e+00 -6.404445329866828907e+00 -6.098450009049514620e+00 -4.792131681070866733e+00 -5.732478860546796895e-02 -3.143886458351336177e+00 -2.386457146396131268e+00 2.829883457248523193e+00 -4.518604596079028313e-01 1.868218876621210445e-01 5.479317237946844665e-01 6.776682149335162109e+00 3.599832273370717761e+00 4.352792685387589344e+00 5.413614730707065448e+00 6.359754898590873395e+00 6.470346647563265385e+00 8.276814722727497298e+00 8.907654167547891078e+00
-6.946878019381189873e+00 -6.349277368126968746e+00 -5.106765289738349978e+00 -2.324934459043416890e+00 -2.037077580386367881e+00 -1.757578478720522863e+00 -1.188106389386878181e+00 -1.403005036802129402e+00 -8.901794299923970755e-01 -5.903617413371453182e+00 2.681716502409324132e+00 -7.034117491692589708e-01 -1.910859093688345833e+00 2.857525378772798774e+00 1.327179519495612858e+00 3.136672162717277779e+00 6.432456997802980858e+00 4.005242984233705172e+00 1.419026574076291958e+00 6.731711100186394070e+00 6.369975220647382308e+00 1.960172161113272082e+00
-1.109632957582097568e+01 -6.303613643921273990e+00 -7.328516129882343577e+00 -4.956568548418893272e+00 -5.720594806557693701e+00 -3.153702565589793672e+00 -2.187564062831220735e+00 -2.411199197797964544e+00 -2.166524849587133872e+00 -9.976810355385905549e-01 1.175185069224911061e+00 3.371161417221916867e+00 8.014801007157085211e-01 1.466361384734167217e+00 2.609938520559252240e+00 8.132410419229629817e-01 1.081064076547817088e+01 4.187443947540003819e+00 5.764110877225528284e+00 4.332435095703285555e+00 6.775295679419189199e+00 4.614988809848543205e+00
-6.584590020637482333e+00 -4.513982695044308713e+00 -9.284741854037555697e+00 -6.804371541897701547e+00 -9.980645894764661463e-01 -5.968061044534558768e+00 -4.500206679007204613e+00 1.608517701360196561e+00 -3.467724075551378959e+00 -2.159951918661336290e+00 -2.691865223548087993e+00 -1.117654365920919046e+00 -1.567432185407907630e-01 1.797187066309476666e+00 1.638800745553502303e+00 3.107412393775058845e+00 4.120269945491588537e+00 5.509816679719054200e+00 1.210537044959623998e+01 5.706591242336935821e+00 5.445968371297073674e+00 7.608010925066445829e+00
-8.581169924070561450e+00 -8.139639120568746833e+00 -7.568110638945805491e+00 -1.078568286934724085e+01 -5.850311792422852264e+00 -3.958890655005273373e+00 -3.546112687645714079e+00 -6.006792260055327404e+00 -4.551002404579405081e-01 -5.472276748055999729e-01 2.015722668777956694e-01 1.988273206213964084e+00 2.549436577846770913e+00 4.103105683193973618e+00 3.960674097053196174e+00 4.776882393132675375e+00 6.055188046058465723e+00 4.169797808792822025e+00 3.808934618113720916e+00 8.317331500805817512e+00 9.001344254982697635e+00 6.906485703900931306e+00
-1.048138282380324426e+01 -9.481848835267799203e+00 -8.481660022654322617e+00 -7.480663894929687530e+00 -6.481882541694416133e+00 -5.482228665866632156e+00 -4.481808341362256698e+00 -3.482322349467077416e+00 -2.481236397542733840e+00 -1.482042833485390787e+00 -4.822269671342667152e-01 5.181633389808837364e-01 1.518200278959485061e+00 2.518361435017791194e+00 3.517889813266011245e+00 4.518696182153428609e+00 5.518596828661172182e+00 6.517632537267415316e+00 7.518079050562590737e+00 8.518285647711961062e+00 9.518005647442548067e+00 1.051738120683213928e+01
-1.339680195432962151e+01 -7.529873978732822160e+00 -7.078477877478564828e+00 -5.471165216540539333e+00 -4.770756664896803834e+00 -3.721878587723304044e+00 -2.544786169698500355e+00 -1.570828208212800892e+00 -1.358929077218537618e+00 -2.633422051802469799e-02 5.562022541774569451e-01 2.385833687338785758e+00 1.296455492083965710e+00 9.345184503571962731e-01 6.245820956202083885e-01 6.299607535533524594e-01 3.655496520793905191e+00 5.851891574691714837e+00 4.015097094469552097e+00 8.898549940515415813e+00 9.186806263141617634e+00 9.834426122254113167e+00
-5.162789396487439397e+00 -4.456178301209428483e+00 -8.155482801729872833e+00 -4.871222531224643326e+00 -2.039350129464343020e+00 -1.548550388746947615e-01 -1.165336066750514599e+00 -9.971539245411039643e-01 4.325862476923011180e+00 8.808147966999804179e-01 -5.132840785016072438e+00 -2.724900425070857501e-01 -1.827313895786461528e-01 1.731802089126166289e+00 -5.101601287561090547e-01 3.726955854782667554e-01 7.578858218077867193e+00 1.346358033712790281e+00 3.533904446273467226e+00 6.433019215493280818e+00 3.755019302161199501e+00 3.542244665841685958e+00
-1.048135296119891535e+01 -9.481492227451374433e+00 -8.482143214480453608e+00 -7.481702765957916057e+00 -6.481211444870991656e+00 -5.481149128214891419e+00 -4.482239356772470984e+00 -3.481935164467877541e+00 -2.481940648095175561e+00 -1.481725877658888635e+00 -4.821930067105846263e-01 5.181063650683803701e-01 1.518118964000167992e+00 2.518035189671934404e+00 3.518026040358963158e+00 4.518011422319833770e+00 5.518227034671728148e+00 6.517972671850150945e+00 7.518485055728385547e+00 8.517735147340715685e+00 9.518489846451702263e+00 1.051786635206503462e+01
-7.722711499742061392e+00 -9.353117391122335533e+00 -6.291199253885960019e+00 -6.626762047905137010e+00 -8.735716969333202186e+00 -3.394514723662468203e+00 -2.910418003123568909e+00 -2.668112867116264386e+00 1.811866173410485725e+00 -3.257332681967617383e+00 2.465591457015253951e+00 1.903373054761351990e-01 1.938316638344161236e+00 1.851086228103043574e+00 3.010408811562839126e+00 1.262100380919273679e+00 2.799561101255263473e+00 4.158771044965225983e+00 6.447096211522074682e+00 5.462775469180819243e+00 8.993220305428664574e+00 1.096874260432314863e+01
-1.048016569153828215e+01 -9.481402368708085504e+00 -8.482525759799901977e+00 -7.482658387585134463e+00 -6.481587195260949841e+00 -5.481541225178675703e+00 -4.482016862793395617e+00 -3.482582510872333614e+00 -2.482263775034367015e+00 -1.480517656965682605e+00 -4.826632900671530280e-01 5.173455165191072069e-01 1.517710282043971404e+00 2.517287156121289726e+00 3.517379163341088244e+00 4.520351758734744152e+00 5.517553313211958965e+00 6.520686289803546032e+00 7.517630642787981543e+00 8.519561691717671081e+00 9.517109415070573064e+00 1.051729778809981042e+01
-1.047945233468301751e+01 -9.482576564292998000e+00 -8.482363969426247152e+00 -7.481557742099882446e+00 -6.481967360119906374e+00 -5.482216522436226924e+00 -4.482657611708733114e+00 -3.481697783212773345e+00 -2.481954597275354502e+00 -1.480206691067314395e+00 -4.829307797957511639e-01 5.172995251010803486e-01 1.518206923861397328e+00 2.517357639629731025e+00 3.517427518625154903e+00 4.519805572588333931e+00 5.517299927432430806e+00 6.519439406354322841e+00 7.517338275570761397e+00 8.519580497999083235e+00 9.518466353077780440e+00 1.051734860952605466e+01
-1.048014349930659250e+01 -9.482170861891702884e+00 -8.482067991725408262e+00 -7.482083287767379076e+00 -6.481652025810674900e+00 -5.482579488984546501e+00 -4.481603343717074139e+00 -3.482484464279623992e+00 -2.482285377315472275e+00 -1.479759101501910479e+00 -4.824791892685578176e-01 5.175788582048710396e-01 1.517409089275393086e+00 2.517768304117709022e+00 3.517133008011370521e+00 4.519464682110342579e+00 5.517933602698834150e+00 6.519506934352904182e+00 7.517150680788555306e+00 8.520320992239504676e+00 9.517403657802134376e+00 1.051762711561539199e+01
-1.211255999604590095e+01 -8.834983147124990666e+00 -6.537283617545288195e+00 -2.984908381761208762e+00 -6.245487918685140194e+00 -2.989829207022276947e+00 -3.944211699343753708e+00 -7.652721672189644053e-02 -1.068774686481295699e+00 -3.841943617344751871e-01 2.915761726957529110e+00 9.840722076623482639e-01 -4.933408851902790770e-01 2.523527187429285501e+00 8.491689197719303195e-01 3.447398133862462188e+00 4.478021742690494911e+00 4.325626830934528932e+00 3.259905694009752164e+00 6.411718952960969276e+00 9.073848565082489159e+00 7.803039449942482442e+00
-1.200144744715533562e+01 -8.153624328114370101e+00 -7.288116007388028450e+00 -5.917744430896008545e+00 -5.033892476732245491e+00 -4.913528814632945441e+00 -2.959786620611205343e+00 -3.325703770815178206e+00 -1.774523119669193516e+00 -1.214750439520020597e+00 3.215948931191280891e-01 8.477565998959684102e-01 2.947056900817741187e+00 2.998557569937156941e+00 1.313248607358942444e+00 2.064381902152461201e+00 2.872736362818577582e+00 6.775917554545989319e+00 3.987030471224643602e+00 8.359914059793194241e+00 9.481561534413597059e+00 1.101334929310489485e+01
-1.263812911135507022e+01 -7.993495648687752642e+00 -7.748193517449680989e+00 -5.749802325763825550e+00 -3.758537254978887354e+00 -4.522186736134892193e+00 -2.976238544430125810e+00 -2.409209548704661863e+00 -1.284653516801361306e+00 -4.216878798802015105e-01 7.013593823695304930e-02 1.672478457660289575e+00 1.608412734984837389e+00 2.216250750521968627e+00 1.853302993336304993e+00 9.751695605078771756e-01 3.380287802273715947e+00 6.818386428194199489e+00 3.369609785641269895e+00 8.948525819349061550e+00 8.424190923093227923e+00 1.056537118403452702e+01
-1.315751846735500941e+01 -7.962739448773601403e+00 -5.848398790517609136e+00 -3.691259636527251864e+00 -4.669506119523267884e+00 -5.699236031223423815e+00 -3.448101530338604892e+00 -9.012267502102955241e-01 8.061228771251365277e-01 -8.349312045265968596e-01 4.414482096263669386e-01 -1.424000006857341738e+00 1.206245259463814001e+00 4.033866686656642386e+00 9.952426721688649724e-01 4.975274431490841476e-01 2.737044305716340276e+00 7.602541297290942524e+00 7.663220714078700979e+00 8.784585186554174641e+00 7.737668650783533053e+00 5.531392976887159030e+00
-1.048082568428733197e+01 -9.481991171159519283e+00 -8.482013716616402021e+00 -7.480595588006764274e+00 -6.481832131066095570e+00 -5.482035882093697410e+00 -4.482424899258390383e+00 -3.481410331346779685e+00 -2.481274171986344257e+00 -1.482150702991269497e+00 -4.815094166181310698e-01 5.188584110953566864e-01 1.517758489332415195e+00 2.518195510587906583e+00 3.517630130729894944e+00 4.517596781931143113e+00 5.518375434658743472e+00 6.517753311178898556e+00 7.518503800711851426e+00 8.517648414454678019e+00 9.517625287852498062e+00 1.051810641654512857e+01
-1.048181095990275224e+01 -9.482430788603707583e+00 -8.480588677254599972e+00 -7.480436253276767644e+00 -6.482992264357491763e+00 -5.480429056015896805e+00 -4.483263554898183401e+00 -3.482783826914715775e+00 -2.482480826702982313e+00 -1.479908543554223854e+00 -4.823533770713073210e-01 5.176675888624924227e-01 1.520508733662676804e+00 2.517528873952931789e+00 3.517560747536730759e+00 4.518284735354496817e+00 5.517591890963627677e+00 6.516978127035210733e+00 7.519973558458401541e+00 8.518313285979344229e+00 9.517686036500048630e+00 1.051737284389407101e+01
-9.270637876641202979e+00 -5.087359859423510322e+00 -2.750868672764386957e+00 -4.443360060160710390e+00 -7.676144330134219373e+00 -5.854206534249106753e+00 9.660425475813152474e-01 -7.878842862106181233e-01 -3.824978214033268209e+00 -2.442135810138661878e+00 6.497171470758960510e+00 -2.924145336941341711e-01 2.291747610952198144e+00 2.244111522915467560e+00 6.727756705452111463e-01 1.745543926680457325e+00 2.983349992320515565e+00 4.355108901739319194e+00 3.078158205892066235e+00 2.663640273466317154e+00 8.804220602845214572e+00 6.528107745400531847e+00
-1.047777403281492070e+01 -9.483118364079416551e+00 -8.483384975655500426e+00 -7.482113101942985622e+00 -6.481948593123375346e+00 -5.483269268138826646e+00 -4.482780241830781165e+00 -3.479223260148014418e+00 -2.483319336040436198e+00 -1.480061837895338073e+00 -4.829342900352031620e-01 5.177904130382966486e-01 1.519913768903780493e+00 2.517924270169299206e+00 3.518315082923928472e+00 4.518003440038722118e+00 5.517308733002703747e+00 6.518639987842606232e+00 7.518192818896338281e+00 8.516708544032137951e+00 9.517699590460820147e+00 1.051941894604401107e+01
-1.113323925880152032e+01 -7.147527128230271032e+00 -5.853791105855370880e+00 -4.200561934959001320e+00 -3.782118730276304408e+00 -1.694093320070829245e+00 -5.964227420564042426e+00 4.092555281543752699e-02 -2.402974233771257850e-01 -3.893166035745281861e-01 -1.007434371879468715e+00 2.665230021413487638e+00 3.311684033629378909e+00 -3.957414853931640053e-02 5.052418873416913314e+00 -2.081863491762057539e+00 5.479329177240379600e+00 6.679030871235274169e+00 6.007885850204640832e+00 1.003882913374752217e+00 6.308844848740205791e+00 7.384801089467124768e+00
-1.048156415552579546e+01 -9.481827876276586409e+00 -8.481818291104657348e+00 -7.481833404607401761e+00 -6.481833676553574008e+00 -5.481655767864802797e+00 -4.481840378350826271e+00 -3.481790943748572786e+00 -2.481821450150818009e+00 -1.481741691685529716e+00 -4.820012959905639605e-01 5.181249317459073467e-01 1.517998700284147517e+00 2.518085659735577408e+00 3.518379719250575022e+00 4.517966498874802284e+00 5.518034705214880375e+00 6.517934573136946241e+00 7.518336215310478465e+00 8.518421140753407172e+00 9.518259366296906165e+00 1.051817571490325065e+01
-1.048134787008170576e+01 -9.481674086302518845e+00 -8.481675859540700912e+00 -7.482212085276861657e+00 -6.480859164148569107e+00 -5.481823768466716373e+00 -4.482406321913009251e+00 -3.481298502534638573e+00 -2.482173960655924105e+00 -1.481787484139202249e+00 -4.819903634488671429e-01 5.182075537741095417e-01 1.517765376716845083e+00 2.518564660102116548e+00 3.518352400511492561e+00 4.518082071095696151e+00 5.517872530966990041e+00 6.517812486737955879e+00 7.517713647335758864e+00 8.517964188009488069e+00 9.518668230622994386e+00 1.051823461428283757e+01
-1.167020868915656351e+01 -8.629248979429931410e+00 -8.118555568118786425e+00 -5.334365215613636302e+00 -5.166318149519409708e+00 -4.615711421570278361e+00 -2.681266968475723544e+00 -2.357682558591188027e+00 -2.187892351787799061e+00 -2.716214058729210512e-01 1.837818160025240233e-01 1.575515305794198628e+00 2.746235701079251967e+00 3.044707143958171436e+00 9.393191079412994693e-01 2.418802310466687810e+00 2.073218810912505816e+00 7.292243241180667468e+00 4.371491697179349600e+00 7.989224104071950272e+00 8.897125598964285231e+00 9.901194764233100187e+00
-9.494120518353353688e+00 -9.340883877291341619e+00 -4.507119034364661658e+00 -2.171576402717629417e+00 -2.264478154856410352e+00 -5.660066522016088619e+00 -3.572617402721862678e+00 -2.869640059030336143e+00 -1.427544870816659150e+00 -7.666596040030866366e-01 1.723753346625983562e-02 1.048515908994340329e+00 -2.086881974979189813e+00 2.138951854689949972e+00 2.218850916873837509e+00 8.730261963679284420e-01 2.254384955382895406e+00 5.490661786664054134e+00 8.941838036020365976e+00 8.679947947831653465e+00 8.236556136049873800e+00 4.661605442457240400e+00
