2.674403717178095974e+01
2.559520890394266956e+01
2.839328925358620026e+01
2.977976823145769814e+01
2.377211358294406196e+01
2.668012692805472241e+01
2.527622989345659477e+01
2.207873993332583851e+01
2.977993894046208467e+01
2.977968251377838271e+01
2.977995240159701851e+01
2.978018715987928644e+01
2.978000291234444319e+01
2.363480777055266913e+01
2.977895851021360585e+01
2.835171021881782494e+01
2.977919274031195940e+01
2.753024759521739995e+01
2.380310490116169575e+01
1.776247688268044200e+01
2.299498052389355252e+01
2.977938147068489627e+01
2.861439346587853905e+01
2.305216946302216741e+01
2.602138330092668284e+01
2.977944203735114570e+01
2.977961906490758537e+01
1.833365709283513567e+01
2.054857985800867581e+01
2.977941137621746392e+01
2.084530614808204163e+01
2.538328288224854035e+01
2.977961165994447512e+01
2.977986229599168766e+01
2.977971085407268248e+01
2.977917972530978474e+01
2.978004483968224392e+01
2.977921397234539214e+01
2.118432146723175080e+01
2.977992192233629609e+01
2.529094773013656550e+01
2.977987826483214917e+01
2.977961200662914720e+01
2.978045414832833870e+01
2.184916051146688076e+01
2.977924070929942246e+01
2.977951500380821770e+01
2.017185844215661206e+01
2.526575085149873345e+01
1.954819286945869905e+01
