2.979658620789487600e+01
2.979634726086363372e+01
2.979713732027019901e+01
1.930379163396571940e+01
2.979645613607647192e+01
2.979710938687979649e+01
2.979746434608718886e+01
2.979681625844619219e+01
2.979700327631648094e+01
2.979686186963116512e+01
1.749234210076333795e+01
1.958545717420454224e+01
2.979679822704577674e+01
2.979636452551729420e+01
2.979643672627399553e+01
2.800147347643102336e+01
2.979660020342951299e+01
2.053958789505445637e+01
2.979658178127970203e+01
2.979686718255620193e+01
1.670654560952075940e+01
2.838291814535867275e+01
2.401796164319265969e+01
2.367529617729920233e+01
2.808832803192808214e+01
2.542895217282593734e+01
2.840699748264469093e+01
1.811802051399839542e+01
2.607915916550292934e+01
2.169473087458842997e+01
2.979707497933753402e+01
2.225819553507608006e+01
2.860076755903382306e+01
2.979694643953927979e+01
2.055113526708490213e+01
2.326160160586487891e+01
2.013616664517562782e+01
2.979588580102461393e+01
2.410628960414143407e+01
2.979645689305700529e+01
2.521585452548292139e+01
2.979644952105783062e+01
2.396304021126765349e+01
2.979669279352639677e+01
2.085618310423853572e+01
2.979678453611103350e+01
2.979690902011251552e+01
2.042348436388184041e+01
2.613133176231500343e+01
2.001093142675056669e+01
