2.982297383409710889e+01
2.982244822661599670e+01
1.900025857845248467e+01
2.674051640777862815e+01
2.982347910729833274e+01
1.722970551324436528e+01
2.982237622894207973e+01
2.225435281538485555e+01
2.982324308429562620e+01
2.982285736278668509e+01
2.982378309739536348e+01
2.982314758885624428e+01
2.093820757104707653e+01
2.982286199758222267e+01
2.982304144465109985e+01
2.556129719927240274e+01
2.210822117518301866e+01
2.982368084898261174e+01
2.982540276758987829e+01
2.982126097382485952e+01
2.424996235948124479e+01
2.680386928736903229e+01
2.982246893554357570e+01
2.982395048593991049e+01
1.175491451907813101e+01
2.982134030342534459e+01
1.693027109226370541e+01
2.982318420592999431e+01
2.924112597907970112e+01
2.030878310886678406e+01
2.087580070886864192e+01
1.954278875426728845e+01
2.982218396405871630e+01
2.085275126562085646e+01
1.931452248201768285e+01
2.982289199596533535e+01
2.276374795250265137e+01
2.610376753250353943e+01
1.973817727375273989e+01
2.555590812632458508e+01
2.982078946594196722e+01
2.642902065921325061e+01
2.982140282186599123e+01
1.906047569810996833e+01
2.982327827554116695e+01
2.982255166217477793e+01
1.825589422733093414e+01
1.923494114290243928e+01
2.788986888036274436e+01
2.982250181494028141e+01
