2.145852428882104235e+01
2.646879132084247743e+01
2.969640087627663405e+01
2.969726051213677565e+01
2.152123792225967236e+01
2.969827078821985467e+01
2.969810846962086259e+01
1.330298649114447151e+01
1.777035734203544237e+01
1.496285121720361033e+01
2.969667084634126653e+01
2.969670826545134545e+01
2.969528154832816824e+01
2.555152965635908657e+01
2.969719506183586333e+01
2.257584743478327383e+01
2.969559152203435559e+01
2.969748094727232512e+01
2.969673916207565512e+01
2.109351033022370459e+01
1.460259392075536766e+01
2.969613313101739038e+01
2.600859509853187035e+01
1.635174868258855696e+01
2.969812151776793385e+01
2.365826752080093698e+01
2.002991736903274500e+01
1.922984923649069700e+01
1.921712156196275245e+01
2.969704956648345373e+01
2.969660512616148651e+01
2.969714677830044636e+01
2.969663967391915094e+01
1.944147039207951977e+01
2.214732321522138747e+01
2.969846673575470675e+01
2.969764567097881880e+01
2.144866460784051299e+01
2.969613737986828994e+01
2.969645560866797140e+01
2.102841608253692485e+01
2.718624079586278697e+01
2.969781901835000326e+01
2.079351390477140882e+01
2.744339290885626781e+01
2.390089105179670526e+01
2.074825109826335634e+01
1.841399623588954526e+01
2.013008008946573923e+01
2.969700794911392805e+01
