-1.456618320254164656e-01 -3.582895656045634314e-02 -1.146986882057519780e-01 7.999317904262787104e-02 1.468885124776933004e-01 2.551781689640327255e-01 -1.682129617511493591e-01 4.338957993890127374e-02 -8.786983865155881257e-02 -7.012565055567883399e-02 5.528771827425148222e-02 4.738404075350539230e-02 3.323962236245391055e-03 -1.959536314935685433e-02
5.040700302679098493e-02 -4.379562721891294697e-02 -1.641175526074072771e-02 -1.289752825735751562e-02 -1.200257271367919931e-01 -1.095411044815731011e-01 1.750974615615995267e-01 2.184252804699663222e-02 2.832316740014854603e-02 -1.720942077541966209e-02 1.434626780593682726e-04 -3.233601873949255162e-02 7.509042234957193085e-02 -9.234992404989726678e-03
-6.950287699533061470e-02 -3.023566175986279747e-01 1.789940077605712831e-01 -2.247058937443600635e-01 2.638813014912796406e-01 -3.035447580783034310e-02 1.939125572525467744e-01 -8.535827201948859022e-02 1.180472421947073025e-01 9.201093948003294387e-03 -1.377194809265701592e-01 2.155550522724477003e-01 -1.487162938759408748e-01 8.574526836481494163e-03
1.305039126772372660e-01 7.298873266849402464e-02 -1.085507383723764152e-01 -1.067679586513580192e-01 7.774245088548203952e-02 -4.835872160038730272e-02 6.489583394593469168e-03 -2.086829444866596106e-01 -1.732088107908184849e-01 8.667471694823758455e-02 -4.554685596934004987e-03 1.066399545807735355e-01 -1.396046229499013636e-01 2.981410020815060125e-01
-3.591200639466278488e-02 -1.805241651672114811e-01 -2.930752354438194429e-02 1.269672478765954404e-01 1.446728191437611222e-01 -1.570620455495587431e-02 -9.534619970043609061e-02 9.512391429747052429e-02 9.698894778982311560e-02 -2.233354083179150129e-01 -1.268327549001277976e-01 2.377997446013029592e-01 -1.178541973612227262e-01 1.127176570198493294e-01
-9.564053200903926619e-03 -5.689957494200192922e-01 1.180127948441849622e-01 2.187159927171104523e-01 -3.008640166634216628e-01 3.268271554045214522e-01 8.023528582910510742e-02 1.859300582484749997e-01 -3.692829536029781923e-02 2.013550452339540053e-01 -4.411808954098417335e-02 -2.246054792651783760e-01 -1.305735056068101085e-02 5.650857252202408365e-02
-8.552817676644478007e-02 1.133287610779473015e-02 -5.152400336431863653e-02 8.044125096925211493e-02 8.409297139059607185e-02 -1.806601662019697435e-02 -2.535305731677102090e-02 -1.233075801074292113e-02 -7.813247602585370044e-02 9.285064871994322400e-02 -2.447588618627685730e-02 8.156145407648895604e-03 -5.441757138063323812e-02 6.240592386389186286e-02
-5.090109298998405502e-02 4.497770465366125736e-02 -5.741482195643857894e-02 -5.295262178211598142e-02 1.692472508902121558e-02 1.507162909474406565e-01 -3.083004429032495247e-02 -2.851618380939712621e-02 7.049009022448126868e-03 -8.227102874589489745e-02 4.632517911328964955e-02 -4.782301530617660140e-03 -6.637351516400587237e-02 9.750057223080697832e-02
-9.318404405378136190e-02 -7.119150804827237278e-02 -3.623776720315585731e-02 -4.593125535647843427e-02 1.225565461347118135e-02 1.347823168512000680e-01 5.169674993732341350e-02 2.079151571354190264e-02 7.691365346483210186e-02 3.594405828399446778e-02 6.304391919616741946e-02 2.133282896261162742e-03 -5.612034246031840506e-02 -1.054443630468965831e-01
-1.436448940969832326e-02 -9.620425414717796719e-02 4.492226065797674806e-02 -4.914387845112469511e-02 7.416646330679139976e-02 6.975743705637584002e-02 5.814310537576028448e-05 -1.194223246443460763e-02 1.716428593486561335e-02 -4.607356383684471646e-02 4.639907474859158304e-02 -7.101783804891781404e-02 6.605340379170555540e-03 1.912512195693937683e-02
-4.183211698400137249e-03 -8.343493836253310092e-03 -2.127581004865181785e-02 -7.854551685770941316e-04 -2.964571552849803310e-02 4.633940753762710862e-02 5.825869952157100573e-03 3.179371434326228735e-02 -1.676927813595901692e-02 -1.873227803070313946e-02 -1.669664555292959748e-02 3.765043282910006395e-02 -3.159754859899918666e-02 1.587188272471353259e-02
-1.712905586084707277e-01 9.407427988578961342e-01 -7.535293778471122139e-02 -7.479486888286777102e-01 1.561526833664153568e-02 -9.021295962773117072e-01 -3.586951632371686294e-02 -2.850837596847551336e-01 -4.050324589331565361e-01 -3.177061256132189260e-01 7.143623140853703202e-01 2.799028898585773084e-01 2.533297919217258887e-01 7.259124497816964450e-01
-2.640693093119675927e-01 -3.764383388294857691e-03 -2.292180699263421662e-01 -1.501792848751701548e-01 1.696073211333151143e-01 1.460547894432934202e-02 1.357646513508709019e-01 3.336204430314596570e-01 2.297197708372325231e-01 -9.151873700577545234e-02 6.736342493111566188e-02 -1.777897518214075490e-01 1.361084151523367369e-01 -1.807980982638131839e-01
2.111522909435077297e-02 -1.695299846746069761e-01 -7.467399184209265461e-02 2.102863551828726418e-01 -1.321777448005659328e-01 1.329150887968406636e-01 -1.033833920754649444e-01 6.584726798825786542e-02 7.533302962512944401e-02 -1.727930210748496870e-02 7.633163179552922110e-03 -3.587836115283297989e-02 5.273766236492043007e-03 3.970747337440872285e-03
1.234827696781795742e-01 -2.757003707664164582e-01 5.426149656030555130e-02 -3.194932516994821170e-01 -2.690065981934731607e-02 7.084182039356518024e-02 1.638730056422753600e-01 2.757410295645880693e-01 -2.759548787680975446e-01 7.589412866447238504e-02 1.165594384560626612e-01 2.777327596539390653e-01 -3.858808182324919844e-01 1.149954014603363633e-01
2.593501491743210874e-01 1.189461395816779898e-01 -2.074309208171852825e-01 1.612758396571631059e-01 -2.862343586607830614e-01 -7.268464286784193096e-02 -1.371917967682915185e-01 -4.694356491505592421e-01 -2.118483644194346649e-02 -2.630207831129691143e-01 1.128973712594875112e-01 1.040069571530695264e-01 5.967864731412136914e-01 9.337192864052945573e-02
8.501889520102118292e-02 5.294998479535611979e-02 -1.369319334128465959e-01 -8.551469513789483612e-02 1.237520724573200337e-01 -2.020856070624357792e-01 1.825838139104004054e-01 -2.007181162360398563e-01 6.343644443941731659e-02 -1.657793461044491934e-02 -8.245994364718262082e-02 2.707479229019732481e-03 1.174919111399312516e-01 8.579949972226737220e-02
-3.633671538505423015e-02 -1.481977204315606256e-01 -9.496326309462944926e-02 8.584280545961302245e-02 1.844727842587922662e-01 -2.109957240553534952e-01 1.140596610980641329e-01 -6.333493144617730053e-02 -5.609583353740842798e-02 1.529384126809302802e-01 2.824558413966212211e-01 -9.395762490658443600e-02 -1.268305053238980191e-02 -1.137527707169743718e-01
-1.462136944718590015e-01 -2.223707817878190773e-01 -1.787490315911356986e-01 -1.700882637027361366e-01 3.954644722441906235e-01 2.255160355443697195e-01 -3.128888228220849110e-01 2.934782579938599034e-01 2.791404083914701406e-01 1.235603851758186739e-01 6.410383976931596783e-02 -5.074502963146982903e-01 -8.202053479926540991e-02 2.279698971584621647e-01
-5.169372561193530391e-01 1.085693345782199060e-01 -2.447426249304312240e-01 -9.358869020978858311e-01 4.757835721397997153e-01 -1.089478556674473797e+00 6.701507496937608721e-01 4.295639565783728742e-01 6.635800802691569356e-01 4.250534864013100211e-01 -8.045780545438924181e-02 2.633177033076761764e-01 -3.627639495290709004e-02 -1.427874719509670265e-01
5.367017581298118289e-02 1.921647160701271395e-01 -1.233304696960694641e-01 -2.053021997519909325e-01 -4.208526158788791216e-01 1.721348441758963621e-01 1.428576188527058144e-01 1.377220415966936284e-01 -4.976865456451442377e-02 1.171722085841176014e-01 -4.099090460184341006e-02 -2.267638067488332299e-01 4.096511662582664332e-02 1.997738003116710792e-01
-8.532048190910431970e-03 1.106961456539276301e-01 3.587076265783998436e-02 -7.402431515262424266e-01 1.054440928775627132e-02 6.309394749821275461e-01 -2.828781450002574305e-01 -2.074954940130460113e-01 -6.349538891199045521e-02 2.283401613503193150e-01 1.178908534605780656e-01 -4.873352751336273991e-01 6.377183065264278028e-01 7.431259644986385436e-03
1.994650263062419659e-02 2.531762962233326253e-02 -1.482417560046104255e-01 1.559245333513637477e-01 -3.968497640370280410e-02 -7.580780004637252545e-02 -2.324881197793304821e-01 1.374131198805979281e-02 -1.618224741739665018e-01 3.422297121777964080e-01 1.157549925248923528e-01 2.451718480308505421e-02 -1.211814306787319107e-01 7.124656077644869745e-02
-9.383279143836893710e-02 -3.970805425788581644e-01 1.135218614538231197e-01 1.461534185362489691e-01 -1.124749040815228585e-01 -1.432564184880507629e-01 3.637784128734289357e-01 1.085976599709470719e-01 -1.384842667712080644e-01 1.522309529177273968e-01 7.937921615672940967e-02 1.998860352495857376e-02 -2.141649604670130547e-01 1.050956291790471203e-01
4.592541360473333806e-02 1.412304871160675324e-01 -4.239806851881802036e-02 -7.813250426147226591e-02 -1.281449421574274716e-01 5.982385055515534317e-02 -1.013260340742324489e-01 -1.951182567823428471e-01 1.567435361191121257e-01 2.570333417541211668e-02 2.572739156468865918e-02 -5.776096475740123692e-02 1.404545165794715000e-01 -3.275888375057517399e-03
1.495268734265121358e-01 -1.689257075277730558e-01 -2.017353250885692839e-01 -1.668840840490755373e-02 -2.300577330546616228e-01 1.396712883709376185e-01 2.610281016514324759e-01 1.400971100153168003e-01 3.746020882351877579e-02 -1.712767731651832492e-01 1.082132040242182874e-01 -2.868743954005327501e-02 -5.803719164516147819e-03 -2.336980957838300649e-02
-3.959149083307725858e-01 3.044393874209100348e-03 -1.146266621127339125e+00 3.578560876092721776e-01 -5.231453935158682927e-02 4.696304027846153195e-01 4.323161553277748981e-01 -1.137990424210189588e-01 -1.654631627320116705e-01 3.390246820285940377e-01 3.073735934372644474e-01 7.469367280954993804e-01 -4.954821228924064652e-02 -7.434236861173707522e-01
1.346269609108893817e-01 -6.853691091250571632e-02 -1.127948729462833685e-02 4.360470088121636001e-02 -1.038108311876798223e-01 1.275520534296180689e-03 -1.263920909068255993e-01 -4.193547596989746426e-03 7.333760526019193760e-02 -1.601426148263732641e-01 5.778620844061065770e-02 3.730866239131057360e-02 5.405917141906539658e-02 6.180852367531081137e-02
-3.275501434174209470e-01 -3.219456278244980929e-02 8.149296921995316523e-02 3.763037051436814995e-01 -5.427590567603821636e-01 2.389415649110397666e-02 3.544332240991389382e-02 2.500688922916808332e-01 1.155235623857601979e-02 8.334371925556091631e-02 3.662554548743176402e-02 1.406766059623413001e-01 -1.024202483302568550e-01 -4.502539042184486306e-02
-7.938239569215993496e-02 -2.528048863694462578e-02 5.499843707322490255e-02 7.534775329006965228e-02 -2.098262397120963588e-02 2.877014569303466135e-02 -9.998717372856763541e-02 7.815871975448539927e-03 4.827835660842617893e-02 -7.210210665118219064e-02 7.291559014081100409e-02 -4.671772996993323740e-02 1.932900040579490358e-02 2.644923425107617923e-02
-4.187240887895285479e-02 -6.794370564664858891e-02 8.128518286434886775e-02 2.565973115503504369e-03 8.157668709394273743e-02 -1.129794564898411735e-01 2.037288734860896906e-03 -1.638768339763501877e-02 2.296473061709707920e-03 1.221625204548515281e-01 -1.026259197954917241e-01 -4.749663961910095301e-03 3.488697733060688172e-02 9.199606302544117292e-03
-2.624111132938911073e-02 -8.087892857814191205e-02 9.769850263437043769e-02 -3.087499180649266872e-04 -1.735598387549860261e-02 -5.878474683965508041e-02 1.605305707361897455e-02 2.972134203016470189e-02 2.313087129858211466e-02 1.038894957630917548e-01 -9.293574746781296803e-02 -1.265844731727154560e-02 -5.654486713542677956e-02 6.466718444932165188e-02
-2.397269210708963261e-01 -1.803738268037760883e-01 -1.970739191625388020e-01 4.554558743629285589e-01 7.361403412228942345e-02 2.964379551917508682e-01 -2.836352581263171246e-01 -6.984195639707442560e-02 -1.059233339339454433e-01 1.122462196933069339e-01 -2.868261202097989182e-01 5.426710103966934096e-01 -1.641820226034479135e-01 3.661013532871458531e-02
-7.534490653758539602e-02 6.008667856058186318e-02 -1.139825635338498344e-01 6.461933830098680548e-04 -3.802539194081373114e-02 3.028031860194895786e-01 -1.912829954192612203e-01 -1.432215492824969079e-02 -1.037487081277933300e-02 6.971247189180672377e-02 -1.116340649001584251e-01 2.029957560936072186e-02 -5.933316331834415785e-02 1.502038767146817999e-01
8.752072864215115766e-03 -3.196768145717328591e-01 3.504682266495984799e-01 1.454541928859290345e-01 -4.741321588575574397e-01 -4.574180283011368697e-01 8.879100635723335966e-04 1.502914468105312762e-01 -2.170197155603119932e-01 1.979575488826483265e-01 4.629563070348827747e-01 1.399781572168371513e-01 2.422822569548186977e-01 -2.413295312844053186e-01
-9.079857045900190105e-02 -5.811785317636729287e-02 1.040233407308329139e-01 -1.975392650796924665e-01 -2.034693794066052552e-01 1.212785778611179255e-01 2.341045033311905943e-01 1.637696297918818100e-01 -3.605063464058882450e-01 2.020585514376027625e-01 1.501893259559933524e-01 1.195905493781224543e-01 -1.992158661011447229e-01 4.084672929846933087e-03
-2.780604529725570415e-02 9.302647088030019384e-02 5.690373463135393883e-02 -2.243185377847398132e-01 1.028435736357538044e-01 7.038324218485629211e-03 -1.103812107127203623e-01 -1.097881374526339104e-01 5.237038210484685347e-02 1.927006657966303660e-01 -8.289538130134616045e-02 -7.315756261098357860e-02 7.083659413583026643e-02 4.207900054436724407e-02
3.855175229464889719e-02 6.184443902265016058e-02 -6.539863525567995994e-02 -6.157942916843316128e-02 -1.894368637000075073e-01 1.190076405865207188e-01 7.530860888044833834e-02 3.280368507614816326e-02 -4.211225846593274341e-02 -9.105149994055507928e-05 -4.875620142231686105e-02 -9.652833746936324844e-03 2.847869829608241921e-02 5.048431989063722342e-02
-2.494011640315579870e-02 -5.189760398684650777e-02 -7.113565566963278575e-02 -1.872888186695255072e-02 -1.534474580326327352e-02 9.123959038480733419e-02 4.258222729033851739e-02 -1.411861161127849450e-02 1.239685248340548218e-01 6.586628095028081165e-02 6.004702988872906086e-03 -3.846312081838185182e-02 -1.001229003623160529e-01 -5.457819138638264969e-03
-1.573242930410668206e-01 3.779920692210743394e-02 4.218300729997302712e-02 9.807212116780968103e-02 -3.536375526470172947e-02 -2.552701294866937740e-02 -4.458726807982206497e-02 9.704549916071650295e-02 -1.777504819145169501e-01 8.636590739061027200e-02 1.253633442888903160e-01 6.585919553401765880e-02 -1.337985317327844148e-01 1.111493200532521868e-02
1.363254042959243517e-01 -6.375726737670123212e-02 -9.725526775114649858e-02 -1.544941046049136124e-01 1.315107245216040055e-01 -1.145505759944036028e-01 -5.222020929257597394e-02 1.061162949789996035e-01 -7.780295630730305056e-02 1.361032409012178368e-01 -3.516120639998085440e-02 8.114118340258781592e-02 5.308377642951353503e-02 -5.958716601493352361e-02
-3.325064553525847871e-02 -5.598310247497507997e-02 -4.132924698760626070e-02 -4.290788834092074122e-02 6.615092456155177714e-02 1.281253669669285833e-01 4.231577900297776862e-02 3.570596087446517575e-03 -8.314692213486707395e-02 2.058533160237215054e-02 -2.481747693626456391e-02 -3.879435943953528365e-02 1.129024643416971507e-01 -6.396894992565764493e-02
-9.316802713886590537e-02 -8.228159366595531876e-02 2.114634008833771867e-02 -1.528679112573809451e-01 1.052843692260003461e-01 1.106794355235740518e-01 1.019364722240644477e-01 6.342136086774716186e-02 -3.589248722103925010e-02 5.432698506147075335e-02 7.135896321365195472e-02 -6.445507534334109223e-02 -7.026873564514211912e-02 -3.976822514523304514e-02
1.925427880578847450e-01 -1.312818302852690466e-02 -2.360459425486537144e-01 -5.872971525352679856e-02 1.134115153983106528e-01 -1.706383855079963152e-01 1.826285352911902193e-02 -1.685542491976000368e-01 2.955958544559261214e-01 -9.614388987519360830e-02 -1.757241085888216481e-01 3.965689307656208862e-02 2.094069684931498532e-01 3.953947177725516959e-02
-3.082635748152910971e-01 7.647791116470101236e-02 -6.991403591739960011e-02 -1.496401228029783925e-01 -1.342218839490002535e-01 2.183429752601370455e-01 -3.615319192408653765e-03 3.660841959815641644e-01 3.303981991788643158e-01 -1.555615175082730728e-01 -1.240138164308956792e-01 5.529646472116435396e-03 -1.362800038612466125e-02 -4.852278626712273890e-02
-3.998819362990410631e-02 -1.476801776187448671e-02 2.938170778051951010e-02 6.085991337906588444e-02 -6.982984101230049756e-03 -8.064400551140453455e-02 1.045011462060811344e-02 -5.478669752629594311e-03 -9.898276167243674761e-03 -1.395499829594701660e-03 6.314802630620394708e-02 -4.809110965753980727e-02 2.382155373403139695e-02 9.037311378880870383e-03
8.992032964596233247e-02 -3.920217307578978405e-02 3.705389874444442455e-02 -1.780157746156767473e-01 9.770325595653434406e-03 -8.560246714324226680e-02 -9.982449400866777456e-02 1.370012086468743451e-01 -2.752106851150139255e-02 2.712023789607894905e-02 1.628585389890136181e-01 -9.113742602542851401e-02 1.876503648538290214e-01 -1.406196302036608892e-01
-6.753800585414568847e-01 1.814749710797763926e-02 -9.823701255995692661e-02 -1.831102785231336627e-02 2.569472620546905950e-01 -1.815664534896213045e-01 5.104137936993625724e-01 1.998790399582192068e-01 4.940209222105501619e-02 -1.113673551356688940e-01 -1.405959149818126752e-01 3.465302283158883112e-01 -4.349237446303818588e-01 2.685135246219073624e-01
-1.025008068386920601e-01 -2.465263588454610563e-02 1.551433003236044050e-02 -1.619646813791591339e-02 -5.359655615258585026e-01 -1.356249845464497783e-01 5.733564431734896605e-01 1.059365521151594686e-01 7.729773558606765904e-02 1.071493694532276025e-01 -1.501782883267024742e-02 -9.750078250537030922e-02 -3.663270555982983678e-02 7.428921425891664432e-02
-4.039049436258921461e-02 1.565411681143638600e-01 -1.051546392652132622e-01 9.848621301871932077e-03 1.955113150429683422e-01 -1.455738287956657440e-01 -2.665159666491822427e-02 -1.452704180083488894e-01 -1.024301972303259811e-01 -4.423367723179374295e-02 4.097306467998051982e-03 7.502294526350233861e-02 4.048662597459086465e-02 1.176487401814484413e-01
