-1.727581934847236544e-01 -1.263872382540933148e-01 1.791831229662210756e-01 -2.327178989821027111e-02 -6.764301899283937936e-02 -4.436481012249776645e-03 2.976578293549695525e-02 3.356987330185962071e-02 1.323227296592328073e-01 1.747188563757398616e-01 7.090884568506650165e-03 -1.074612809014777182e-02 2.492959978946052493e-02 -1.839891354225158260e-01
-1.948050802096476172e-02 -1.328095867481512149e-01 -1.788540247061575217e-01 -6.421695798423360246e-03 2.474655340508510049e-01 8.523306830724008964e-02 4.767804714310453634e-02 -1.948111438533945972e-01 1.703563965348744713e-01 9.329271056164960274e-02 -1.268944144652132122e-01 6.640917196422395363e-02 -1.045022881006504520e-02 -4.836446171783639891e-02
1.549458293200626779e-01 -1.759283706258424618e-01 -3.845400455178014931e-02 5.120266859093824952e-02 -1.765924944371583677e-02 7.147454375774628388e-02 -1.428509904055701718e-01 -2.097423895711938990e-01 9.685326701105180514e-02 1.354235622001297157e-01 5.429277414730412921e-04 8.683970453829512048e-02 1.765640878093772959e-02 -3.795504290079463466e-02
5.148628721664329916e-02 2.888308833020845033e-03 3.183122495190993106e-02 -4.486300710446696621e-02 -1.233724842164502650e-01 -6.148523846861808639e-02 -7.371801289031165716e-02 1.416353224927414112e-01 2.971883201688611809e-02 4.645845118995196171e-02 1.804019043827501459e-02 -2.809534903460609440e-02 2.471214573714195645e-02 -2.288780672037992597e-02
3.873824762581256492e-02 3.459350203770547583e-02 -1.382962486990768278e-02 -1.020383516448181496e-02 9.071990727238635199e-02 -1.168380138569980325e-01 -2.518592052122157199e-01 1.908459424327855342e-02 5.793057503210234660e-02 -7.060707387548724456e-02 -2.155751129441851877e-02 1.079687714710180907e-01 1.420894894708091827e-01 -1.388095843786603389e-02
-4.455055980029339058e-02 9.007429419925178093e-02 3.285282899251835143e-01 -2.160888450516995352e-01 -2.465066011196002660e-01 -2.737304150953184245e-01 4.912778607887548915e-02 2.324393548613218341e-01 -6.167572844271170668e-02 -1.204765996050398830e-01 1.768821816309014416e-02 -9.776379631417429772e-02 2.346465751390176546e-01 1.006368915038346190e-01
-2.531566846511396074e-02 -2.651244680277628496e-02 -2.923527348205903764e-03 4.851839736655659541e-02 -3.934207319429953997e-02 -2.209250900659378847e-01 -5.110122731673019669e-02 2.566508588064694285e-01 4.701159208638227421e-02 1.903631014930642906e-02 -8.020606629721369063e-02 -1.179383234049962564e-02 4.362061751118268688e-02 3.563102035261725420e-02
-2.493664758336749665e-01 -1.009116481516195846e-01 -1.973390898147886763e-01 -4.193846382986331223e-02 3.283784193077721875e-02 2.870346057971830400e-01 2.568672681054714468e-01 1.798922027206879271e-01 1.329789716245335374e-01 -2.342006216295495213e-01 1.435480806221110794e-01 -1.152445108134115409e-01 -2.528556044519036927e-01 1.510463081657845985e-01
-5.336145985285713905e-02 -7.323263063238590054e-02 1.977774750489808692e-02 7.364818288104639510e-03 7.623490452134115691e-02 -2.873953205775473755e-03 6.827001440206258154e-02 -4.137781893892097246e-02 -6.441162937379825079e-03 -4.247136893203495162e-02 -9.865014865633109364e-02 2.046929595516609746e-01 -1.477218408745871459e-01 8.213880420394260862e-02
-1.258522355869557546e-02 1.785049186674769750e-03 -2.083772328720770450e-02 -2.069852857931443746e-02 -4.692547837453961423e-02 -5.965878736619285166e-02 8.156583128143615746e-03 1.407710061551906144e-01 8.983081343803264729e-02 3.961888692599788847e-02 -5.611672954072658565e-02 -9.130764536273727749e-02 -1.205810523639162801e-02 3.237474691350359507e-02
-2.362910545516633543e-01 -9.557318306587604673e-02 4.256477877210560479e-01 3.900340502847784996e-01 -3.564953732489958838e-01 -2.839655343508374896e-01 1.165996701851848144e-01 -2.068829703940323617e-01 -4.592275819912705614e-02 -3.148451100951451531e-01 -4.762529285895820280e-02 1.124943327311779401e-01 3.848571943484859204e-01 1.503171059356899486e-01
-2.397215032022110281e-01 -5.347779913233509375e-02 2.573068006118686690e-01 7.436859865602767072e-02 8.651062094117220602e-02 -2.337109377047993930e-01 -1.290265329637718672e-01 -1.550902518171067002e-01 2.556414204699652970e-01 -7.295052880452169292e-03 -8.969828515382802236e-02 2.348755693404841194e-01 -1.805208501186234271e-01 1.721870673953473097e-01
5.546964318680985134e-02 -3.279291841457202539e-01 3.344937721970653866e-01 -8.544236534392707361e-02 -4.514240426996556366e-01 4.457997398759158680e-02 1.173195586770240939e-01 2.508537686330045147e-01 -1.604790663630905334e-01 1.704287808092634082e-01 -4.966847900810861596e-03 2.563755078842570589e-01 -7.909555103454582459e-02 -1.278350834455282414e-01
-3.407418527205753611e-03 -1.030029516415616186e-01 1.310687936647205176e-01 5.454962616802212089e-02 -3.156969842566829942e-02 1.936120286940781407e-02 -7.520049424134397920e-02 -1.198056768702350332e-02 -1.021893769998268031e-01 -6.298580806162240586e-02 9.208941860098716903e-02 -3.708843554036599793e-02 -9.280363235022574819e-02 2.155082066134439978e-01
-3.625344998012353104e-01 -2.107443168395994604e-01 1.123679483567403548e-01 1.437915222849963370e-01 6.407104725878082219e-01 -4.773306898503587581e-01 -3.846159056172671620e-01 2.545566336687580256e-01 -1.559772969277582189e-01 3.550698821186468179e-01 2.758389192141882940e-01 -1.505054889725485068e-01 -4.702921157679679220e-02 -1.249104203836226340e-03
-1.083661479442898229e-02 1.073152488704352293e-02 -1.182416660071520242e-01 2.131801972845182719e-02 -1.293158884988442614e-01 3.240179423079839888e-02 1.075789023962287622e-01 1.627058628589838907e-01 -5.957255105259501304e-02 -1.571735348080679773e-01 -2.753969625562997514e-01 5.107517034588356930e-01 -1.220871204700702956e-01 1.948539506885372738e-02
-9.575656227894849271e-02 5.836961671130717899e-02 1.442023969831983735e-02 -6.562569495249441498e-02 1.441523009624599005e-01 -1.027218019343504041e-01 -1.776759241005284456e-03 4.286568536107807081e-02 3.543967870735879877e-02 -1.028778261274924249e-02 2.348438302679072692e-02 -7.382838575186451147e-02 -4.998514223400993967e-02 7.359908897984529519e-02
-4.571946197930398803e-02 1.362278881917556306e-01 4.115661562145823960e-02 -2.058834166198536819e-01 6.058497455498125517e-02 -6.360593881857964926e-02 4.854881316792659940e-02 -5.075019891483101286e-02 6.602172747434416344e-02 -1.068904703789947536e-01 -4.391946680818282350e-02 9.617971751136736303e-02 3.014823655349748235e-02 3.024984488615268391e-02
8.143472278740943038e-02 -2.620097099094875759e-02 -1.717118027207316378e-01 8.418356852674183100e-02 -5.320078180390770684e-03 5.169517908767304326e-02 -2.213584753569010910e-01 1.575243821329075367e-01 -7.642699873419667167e-02 -2.397701360101807400e-02 6.073773323490481990e-03 2.477846699081818760e-01 -9.487539021836045861e-02 -1.647670152211921230e-02
3.199886128431279203e-02 -1.817048141975858844e-01 -6.125192045186610146e-02 2.274594103339552253e-01 -1.624312887984563913e-01 1.474366102959735469e-01 -1.531089552604463777e-01 6.236790662073127267e-02 -1.873985882233712838e-03 -7.927829602268052223e-02 6.980507300159501799e-03 2.627289305438334499e-01 4.849229245683607525e-02 -1.554663937807953533e-01
-8.124245566476373526e-02 -6.286754771958209809e-02 -5.599600711974733226e-03 6.198195534242983279e-02 1.047196594356330224e-01 7.725196683312204882e-02 -1.419700899805970418e-01 -6.729529273216891538e-03 6.195864204419317817e-02 5.837337380055739738e-02 -6.352719660753469721e-02 3.889549934538866216e-02 -8.167853338341091174e-02 3.278272098149351277e-02
-9.764784587384006675e-02 9.156162284749866376e-02 3.490963471093653375e-02 9.217070395111795489e-02 1.683034559920086604e-02 -2.371696264977986301e-01 -1.385602597935402247e-02 9.196037497920531156e-02 -2.310951058161133526e-02 -7.146963612543680289e-02 -6.154751509518594649e-02 -1.079671837307591420e-02 8.065797413296472984e-03 1.724472634667844617e-01
-1.232053480742116569e-03 -7.518526944245375321e-02 6.958761950724599854e-02 -4.610896398537493723e-02 -1.681162304449537043e-02 4.950411004658251957e-02 -4.964176758991005294e-03 -1.382781037104345578e-02 -6.751472190256352368e-02 1.270865375220439075e-01 -2.874053882505844815e-02 3.829451402675575211e-02 -2.310287073048389664e-02 -1.463588811968413381e-02
3.055988981698705767e-02 -3.488764647465545515e-02 3.869041141755781565e-02 -4.406327023524361786e-02 -1.478144267538742673e-01 3.704843240223107403e-02 8.313764002495516170e-02 4.649659515301736434e-02 8.706232073569203367e-02 -5.848039108512093076e-02 -6.395414345421593372e-02 -2.940029438958211699e-02 -2.644472902607812939e-02 7.439847631006749062e-02
-3.323921475657876101e-02 2.302749089059802703e-02 4.229177084204871484e-02 4.624243960620957883e-03 5.227076287915513250e-03 8.548782610614898483e-03 -6.648261296496117689e-02 -1.608888634915807067e-02 -3.274632311387679073e-02 1.446142782365613527e-02 3.473266755909615311e-03 1.959675539688644080e-02 5.951517486941219903e-03 1.370356957112080221e-02
-1.023813064100661252e-01 -7.949677259632842441e-02 7.668883766753342712e-02 1.667959171527367418e-02 1.353567095892097560e-01 -1.305271630637682978e-01 6.009140589801868076e-02 1.853414644593059102e-01 -5.937646720655894578e-02 -5.062315005338624552e-02 -1.216451837529392288e-01 5.403969297544701511e-02 -1.539531634325582571e-02 2.359652156325224223e-02
-4.643780418883526606e-02 -5.566489547813316396e-02 6.186714268095001162e-02 4.556811701213568655e-02 -1.260955505775532837e-01 -4.507262939676125874e-02 1.253185929627851913e-01 3.543462654119899913e-02 1.360644628969329660e-02 -2.415911435952206596e-04 7.229130603707921432e-02 -6.628808298119613987e-03 -1.530251221205237433e-01 7.142903412141669850e-02
-3.756828760082690094e-02 -1.676057968964549984e-03 4.966473522639416882e-02 5.505890212613680224e-02 3.559043965763904194e-02 -5.639272656314482657e-02 -1.172405857144274283e-01 1.905220821866894509e-02 3.212105483463430222e-02 1.459155722088907939e-03 1.793643812083905997e-02 -3.815659075584078297e-02 -3.802990060804149752e-02 7.053007974658230539e-02
-1.368000054461964432e-01 -2.059352298072930354e-01 1.784805050281655370e-01 -8.130641694487217297e-02 6.682345603474908191e-02 -9.471788138448923589e-02 3.232069856816313091e-01 6.334375301528112623e-02 3.051490954585586723e-02 -1.007875749276988114e-01 -1.280700676789834624e-01 -1.119635663634341582e-01 4.063055331286244409e-02 1.489294443761594311e-01
-1.142767401529495297e-01 -9.321948420120670931e-02 1.657758985632018511e-02 6.387750185666267455e-02 1.935392476626390801e-02 -4.201818926751213490e-03 1.605548988726289705e-01 -3.399413056634988106e-02 -7.737770779761626860e-02 1.124432863460692045e-01 1.265820397872916281e-01 -9.799887880234242621e-02 -1.312508894187127129e-01 4.527927282242961982e-02
2.341904515439550624e-02 -1.630610688067092931e-02 5.502879685394955478e-02 6.940456461210001149e-02 4.617084150741510018e-03 -3.215861882051654352e-02 -1.902049827591693887e-01 4.800159026886346991e-02 -5.089205005077716143e-02 6.911760505396540022e-03 -1.777689989236110879e-01 -6.450498300102166897e-03 8.454544856252525775e-02 1.742018300686129506e-01
1.178411284504640444e-01 1.671704771651415511e-01 -3.140708384968106670e-01 -8.321543416759938361e-02 1.201383230730466989e-01 1.542886649761557316e-02 -3.529812814470240645e-01 -5.652339674833472410e-02 8.094322784589794151e-02 1.107489672114316537e-01 5.495705114523891099e-02 -4.128015332411969635e-02 3.073866944566923110e-01 -1.341947672199027830e-01
2.681890204259613358e-02 -2.634623602784722310e-02 3.431183008741906047e-03 -6.155822970228318203e-02 7.763062037178104779e-02 -1.492788392136305299e-02 -1.268684923884764448e-01 8.084057207078854113e-02 -4.930862245870297478e-03 3.215576610208317060e-02 2.966921884540988513e-02 -5.221957899903741096e-02 1.394240605805933605e-02 1.471147922715513104e-02
7.989690509992490586e-02 -4.701254356928661476e-02 -1.965967964876627616e-01 -9.331541141883568924e-02 -1.103421473462429248e-01 5.879849109982268618e-02 2.335668263607840536e-02 1.552785387329190248e-01 1.723064658826888584e-01 -7.432821179741305739e-02 2.368606807611355405e-02 8.302744113825061278e-03 -5.265150111592820092e-02 4.496958053573434089e-02
1.382828026286998246e-01 -1.274456681526050517e-01 1.083860820383727164e-01 9.214340684172786511e-02 7.720654831475746993e-02 -1.356423952014908785e-01 -1.319255103711172994e-01 -3.197248681103098122e-01 -1.048037694440529105e-01 1.017401465001356725e-01 5.355745982124517079e-02 -1.970237826101931267e-01 7.031686223815139525e-02 3.672815499484164414e-01
7.428372190536918634e-03 -3.225598011191677106e-02 -6.572003927270800294e-02 1.910947836216328743e-01 1.228440132998951106e-01 -1.083683902435525481e-01 -1.454126023559561554e-01 2.770772238054703546e-02 -1.616895501298579452e-01 -7.893359380480043097e-02 3.866577527250276286e-02 -1.958807538972126006e-01 1.655748667152284470e-01 2.272942407773987927e-01
-7.700167725950840536e-02 5.480999757850815030e-02 -2.463958669009137098e-02 -6.513678759636254423e-02 3.521027673020298704e-03 2.130290288302661914e-02 -3.670348968025351905e-02 -2.069186005492881092e-02 -1.010932720002779700e-01 2.642577893278350021e-02 2.395498373584803720e-01 2.633102948611291683e-01 -3.876092130023630622e-01 9.630491143857514147e-02
-1.396791652123927918e-01 1.307519536616664688e-02 4.471955636688083879e-02 -1.888447037742043144e-01 2.202658692842903443e-01 -1.064041227717802685e-01 1.116377423367550213e-02 -7.086925622350821741e-02 2.073184491796102036e-01 -8.159493004083737122e-02 1.313527284226606306e-01 1.918021716528180848e-02 -1.350891607709362244e-02 -5.382583147701191367e-02
-2.151582175072715153e-01 4.485641869053573483e-02 -7.389011347368640292e-02 -1.136541858417744744e-01 2.192143275986255524e-01 -1.006943449434018478e-01 1.068956937681191655e-01 -2.491541861785562251e-02 1.865267105651740032e-01 1.779138890104452753e-01 -6.572472516108247842e-02 -1.549192776244406877e-01 -2.186867443629306185e-02 2.776678241464375363e-02
-1.493326146892340889e-01 1.741520433907326471e-01 1.469436607178525311e-01 5.211655300115313610e-02 -1.177229283483992028e-01 -2.896564993244099551e-01 -3.878460585464266197e-01 -5.696790712159234549e-02 2.453645351358063886e-01 -4.902950390116409540e-01 2.901375382019188431e-01 1.433977676304254989e-01 2.548919238262485898e-01 1.771658895793031818e-01
-5.793097926482197735e-02 -2.646226054477437278e-02 1.945616874515642691e-01 2.487803362814046682e-01 -2.014372085326841810e-02 -4.169517926669218943e-01 -2.125816385688978905e-01 5.196554185565685491e-02 3.067030695744049976e-02 -9.756803965175783744e-02 1.373000857320049728e-01 3.224972976775847266e-03 -4.338579974138544876e-02 2.008701644787182772e-01
-2.557363238982942807e-02 -2.724939400784762850e-02 2.345211629610838289e-02 6.737949617768226873e-02 2.613798362828194735e-02 -1.589450578264114261e-02 -4.450495050531896868e-02 -2.234832611540681080e-02 -1.358796950514632937e-02 -3.864732336770665411e-02 1.391176937444642096e-02 2.625177767438643256e-02 6.004145931658903812e-02 -3.701963635185999413e-02
-4.298822643483407591e-02 -5.497197317884555678e-02 1.441939088037823280e-01 -1.816536083223507791e-01 -8.853874538734515798e-02 -6.776405326514402250e-02 1.679009558626146370e-01 1.805774876425345343e-01 -3.315123766329662602e-02 3.136532145290498591e-02 -5.726654031931486394e-02 6.655222977084135350e-02 -1.467764614596928641e-01 7.486980693988368185e-02
1.024895883610324465e-01 -6.510749027289820801e-02 1.936453025803770989e-01 -2.088756768852310375e-01 5.045690564795730915e-02 -1.099709847856657347e-01 -1.238975097907587392e-01 -3.136300934194312384e-02 4.458166711462756282e-03 4.409263132024432430e-02 2.010778157447481312e-02 -1.101518584711078663e-01 1.033229338927466046e-01 1.231420839010469309e-01
4.059912071269722311e-02 -5.848694435468751451e-02 -8.411341586729009778e-02 8.789703300631767149e-03 8.095672985721316661e-02 9.272921606889715507e-03 -9.534160724367624073e-02 8.043064209364977901e-02 -7.098279550853714426e-02 2.123426347881418319e-01 -1.275801384035608055e-01 -6.243914796658636690e-02 -7.097151585140347441e-02 1.298726772782556882e-01
-5.455668416077703586e-01 -8.489636204197434921e-01 5.591487250615186921e-01 4.625467225303161456e-01 3.881667092727698887e-02 6.017823981303929703e-02 -7.744173957693806232e-02 -2.014745644845123418e-01 7.883570833588803006e-02 -1.883807730568146099e-02 8.032559072316732829e-01 -5.121461024924999217e-01 -2.433623437721190164e-01 4.373601802012900830e-01
-3.977887384455896513e-01 -1.652166390051329203e-01 -3.871589921472614604e-01 -5.369249560752391986e-03 5.782586459410861135e-01 4.369906929990511335e-01 -1.384984694430078378e-01 -5.718934603217265544e-02 1.239066890827403566e-01 -1.033833777863669978e-01 2.655562033685064938e-01 -7.562324090110091046e-02 8.696809394586633990e-02 -1.691034075741281451e-01
1.501167211527991777e-02 -8.126189443514991728e-02 2.645966778688461085e-01 -5.650566709698420786e-02 -1.867919025960302348e-01 -1.471070225167490364e-01 9.445875124496298791e-02 1.400919209924628428e-01 -7.204268510204442366e-02 -1.336959762502951399e-01 3.609439971431903371e-02 -6.670861535436407863e-02 3.593477875359044060e-02 1.502744271038932711e-01
-6.062217804715605562e-02 6.481283236277088355e-02 9.098392167241184381e-02 -5.795796750723822277e-02 -3.630680099260052973e-02 -8.082474140500123250e-02 7.108869888535578052e-02 -1.409174678757610377e-01 6.196754911481655581e-02 3.750943020691272639e-02 4.506607982863112399e-02 -1.065040861912592146e-01 -6.195955788264717601e-02 1.660131522725020181e-01
-2.859523341845498015e-02 -1.897745740488684246e-02 -2.475118844694775347e-02 9.389223072173603912e-02 -7.960966630085095086e-02 9.136375389687564907e-02 -1.636907697422233798e-01 1.810335594683559497e-03 5.113692464080240446e-02 1.432404627878147152e-01 9.559241367293998606e-04 -1.052419275378934371e-01 3.730828828363139116e-02 -6.492812769278283151e-03
