3.750329208642395606e-01
5.848086293391455692e-01
7.177759433232168140e-01
3.003303953711529695e-01
4.362717160186860288e-01
5.106224930967679931e-01
4.953371154880358840e-01
4.180796690635096291e-01
4.388066278806146969e-01
3.445939223727706446e-01
5.710444321102872145e-01
5.425350833430667707e-01
4.006022069047335821e-01
4.154459878630311076e-01
3.973020781376102595e-01
3.233918365095648784e-01
3.696357426427540060e-01
6.535169413545280914e-01
3.816560044914683592e-01
3.799608588513123664e-01
4.905872148638009689e-01
4.270510300385675917e-01
3.883398762196476062e-01
3.913914493388226945e-01
2.518816657924343172e-01
4.069326156961852736e-01
4.141933982498731681e-01
3.798751591738071531e-01
3.074122711909131889e-01
4.900543186173058618e-01
2.682772073474233854e-01
5.231145944920213564e-01
1.225681702511509430e+00
3.501292903713059124e-01
3.039126780764258018e-01
2.885858081533443920e-01
3.929552362793510278e-01
5.014722864845485573e-01
5.655134989974819337e-01
5.234697224690234574e-01
4.750683150700319435e-01
4.739004610873992496e-01
3.829806697642462732e-01
4.148407277767940382e-01
3.603255576308698749e-01
4.216761645238957246e-01
4.475019814895170311e-01
4.280572999803514134e-01
3.354759511435304598e-01
3.955235301796372061e-01
