3.574550873982141330e-01
3.923575409581727125e-01
6.089588803674271800e-01
4.362450152843843632e-01
3.703952224864328069e-01
3.573490027349080500e-01
3.956339598499513110e-01
3.960894070071558914e-01
3.851210197237860400e-01
2.475625853433041923e-01
4.192886078400128169e-01
3.935485608807856028e-01
3.720124458215696150e-01
3.815200703098003410e-01
3.277893311411064214e-01
4.101367409174268008e-01
3.952553172090731981e-01
3.405343489718585248e-01
4.768601678024195767e-01
6.767010630216537814e-01
3.447135126562596019e-01
3.936647149026028525e-01
3.502465647900136481e-01
3.554370502885850214e-01
3.626380598550560941e-01
5.888666806315673297e-01
4.557724546079244266e-01
4.498628022978807262e-01
4.510919396011339733e-01
3.863377546335484691e-01
3.610921334885841549e-01
3.402714124672939211e-01
4.508421177547420333e-01
3.738706244262039458e-01
3.419876832669928590e-01
3.586422406988040157e-01
4.274085603524148680e-01
3.628684503700503883e-01
5.381583306531066979e-01
4.010177074183165491e-01
3.731014268709272330e-01
4.050298126754320327e-01
3.418917154198592434e-01
5.357625929989016100e-01
4.211554412127121449e-01
3.481111688967836182e-01
4.871154500883976834e-01
3.696248091604847907e-01
4.618286577334140275e-01
3.581250596297787525e-01
