3.943315303501629399e-01
3.549353396449680953e-01
3.247554363000708655e-01
5.563292265983224016e-01
2.396237855143673601e-01
3.661038531531982110e-01
3.803976393037062920e-01
3.007555118257546622e-01
2.683375218460046230e-01
3.935692763031173325e-01
3.291920222803852991e-01
3.685185225244597684e-01
3.212618228823699296e-01
3.003271209741000258e-01
3.043558498138100310e-01
2.969447996441373361e-01
3.413388467694118411e-01
3.898367685139189076e-01
3.307506605761121876e-01
3.807135295855689217e-01
3.221551085348335897e-01
3.010435844840430031e-01
2.922944890580311261e-01
3.748942986333413385e-01
3.432106961606826712e-01
3.625129804375737397e-01
2.793346411581650868e-01
4.735056695485439504e-01
3.185418192545481642e-01
2.890160373846998865e-01
3.959971544572126745e-01
3.924413554930647474e-01
3.981087438922311650e-01
4.258841027404245416e-01
3.487604807136397422e-01
3.019690125351272569e-01
3.880539630972412724e-01
3.247197131602332365e-01
3.780251520955690281e-01
3.484906024804738101e-01
3.502950821516483959e-01
3.363592031559890505e-01
1.984097485188453525e-01
3.376618149956401305e-01
4.084265414084297663e-01
3.499320649037150344e-01
4.529377186556466373e-01
3.799359780642644902e-01
2.965004484140323360e-01
4.722701136789509424e-01
