3.664841450018475610e-01
3.249530647026162011e-01
4.587860564415863207e-01
4.305806838886874210e-01
3.672238888848893268e-01
4.018062100822379357e-01
4.953294739903246757e-01
3.153474592499227458e-01
2.718625439837749624e-01
4.835892307427333559e-01
3.742525266557719110e-01
3.265783532788608667e-01
3.226410915496937815e-01
2.017312996446308238e-01
2.848597326528219953e-01
3.109196715152096613e-01
2.834946557951129598e-01
2.930107890437486651e-01
3.476763735457702453e-01
3.361503699803936041e-01
3.196390994774294669e-01
4.214334738796464142e-01
3.491851860808141139e-01
2.909446022685243660e-01
4.597818537612365919e-01
2.992452817427896372e-01
4.052275305642513703e-01
3.351138751960475171e-01
3.615486561743267435e-01
4.640197400362400248e-01
4.216918758473808815e-01
4.223222693071903011e-01
3.294029106107731475e-01
3.720001731704240533e-01
4.645458435067122416e-01
3.590393751920176180e-01
3.459801856822331545e-01
3.860802328774406988e-01
4.189876590231792486e-01
3.766245550812417076e-01
4.259655210658476743e-01
4.119313635455492117e-01
4.375030292839460766e-01
4.837808894088997391e-01
3.395967934507677088e-01
2.891883185889457808e-01
3.305561931963524880e-01
4.035725613794421962e-01
4.139371520206679977e-01
3.858508706306246205e-01
