3.798561302667913253e-01
4.626364983615000037e-01
5.328844475543865755e-01
4.674987573608680447e-01
2.859742382732712307e-01
4.990945270486198959e-01
5.229272910261142382e-01
4.134337157097287552e-01
4.878286694363928033e-01
4.929470573532355182e-01
4.531567107170689224e-01
3.757670191027853712e-01
4.432025417858642680e-01
4.774644440928619837e-01
5.364904292146281950e-01
3.604224537689459940e-01
4.555693085533609188e-01
4.174869284580678408e-01
4.654954046447852822e-01
5.109386925415649872e-01
4.305764328078828251e-01
4.565031537284708896e-01
5.226946785104225057e-01
5.077358132043146011e-01
4.196100859919500436e-01
4.261027876127451153e-01
4.663810317186179999e-01
4.462465080509713800e-01
5.295969400854747544e-01
4.020231602424772510e-01
4.390255541600368017e-01
4.112124593524181249e-01
4.484893061401891701e-01
4.366079429777089960e-01
4.418174936649699180e-01
4.566553089984889402e-01
4.151701695813774240e-01
3.701783054358911418e-01
3.830570616881622259e-01
3.670753884026008440e-01
4.660354598716034413e-01
4.962592943438274840e-01
4.669903953197461211e-01
5.793510027404650264e-01
4.024907807504812252e-01
5.025894889277263688e-01
3.562278614565861368e-01
6.061602786697029011e-01
4.636665079972316361e-01
4.324038640302311776e-01
