7.868006624908598923e-01
4.651449289222127637e-01
4.376881800715637927e-01
3.948322479470137703e-01
6.492834081015974590e-01
4.404987459659958082e-01
7.473468572951350586e-01
4.726615258543160891e-01
4.533455450369459627e-01
6.233191048530479783e-01
4.668255599297996827e-01
4.799603538436193473e-01
5.501530870153531483e-01
4.532587358977310799e-01
5.463666525585999523e-01
4.785104355935562714e-01
4.898098135686601018e-01
3.953973579965167628e-01
5.872091019730820705e-01
3.411996283382035533e-01
5.378333002308691713e-01
6.447349816134670952e-01
3.984644299287837255e-01
5.612533044146228445e-01
7.888147208354683304e-01
4.689262429506306229e-01
7.280767356734137996e-01
5.020970753035723932e-01
5.481720267465924890e-01
8.168697795925926597e-01
4.028918065312036556e-01
6.989417483520375951e-01
5.957897281773426590e-01
8.021401444103297695e-01
5.440808143839039879e-01
4.246836527927260185e-01
5.592976130580211702e-01
6.438011899186470988e-01
5.119677713598146385e-01
4.860975389338235142e-01
3.247193227409657101e-01
6.051254599821852542e-01
5.999044706636018631e-01
3.843251671635619093e-01
3.190927601860254481e-01
5.206320774107431326e-01
3.565126075107395431e-01
6.133898820253287365e-01
6.537732378779483877e-01
3.554658917500442827e-01
