1.640684195950920798e-01
2.923528951635472883e-01
2.101667190496311621e-01
1.527478782504241572e-01
1.714011950218057301e-01
3.108942669727764452e-01
4.826917936259896291e-01
2.444514896276184512e-01
2.221740341614933389e-01
4.080607007833135236e-01
2.914062773567471232e-01
2.506840551561370090e-01
1.971555699363280179e-01
3.039688643128718448e-01
2.933765151176758734e-01
1.567406748788005288e-01
7.072655636174274285e-01
1.769299088462351344e-01
3.726236507529721020e-01
1.463436301852499011e-01
1.801818139167055133e-01
2.766677485600545494e-01
3.008170073738004602e-01
1.519139197593497859e-01
1.706673457872320832e-01
3.966360592687207531e-01
2.037908819014356276e-01
1.927438643881161096e-01
2.217355547928455406e-01
1.957305585449889973e-01
3.921976115412765806e-01
3.148431707170262772e-01
7.008387730330847276e-01
1.341517031391714632e-01
2.513998933444347994e-01
2.466193370528584339e-01
1.996904405544245864e-01
2.201391823862448027e-01
3.073766510244931860e-01
4.928842513319994789e-01
2.687416628366821603e-01
1.618696983798109390e-01
3.680664607290274337e-01
2.498974578707861272e-01
4.295921250920516909e-01
2.270657135444145713e-01
1.777171637687833261e-01
3.632628169740965696e-01
2.284105027527808529e-01
2.924307768759011328e-01
