2.735489075851354479e-01
1.896319260531536821e-01
1.623208331901043189e-01
1.323804973870953416e-01
2.465139908389219481e-01
2.650485561128682610e-01
2.273775224706667542e-01
1.320926502048475337e-01
1.495511671241448182e-01
2.503371445960966279e-01
3.700232424119339614e-01
2.321549802503354576e-01
3.240501485925795233e-01
1.859471180953526925e-01
3.329897495349002368e-01
2.682530708478231829e-01
1.762223716178185351e-01
1.433924532931585283e-01
1.845706020896969168e-01
2.875366698716865788e-01
3.890314525940257173e-01
4.711748577558503293e-01
2.699131001644878292e-01
2.620775118853827523e-01
2.155346181398749561e-01
3.007384072575037814e-01
2.724432810769856772e-01
4.205548421861604602e-01
5.398233808865954275e-01
2.066547438351932775e-01
1.654979215066888776e-01
2.908954345374140105e-01
2.193881300219097386e-01
1.635827500495840303e-01
1.492513659144858451e-01
2.289737126671782252e-01
2.277140094523017466e-01
3.869529338578141520e-01
1.486126900896250491e-01
2.959503085817141166e-01
1.052603722317214524e-01
1.679417319647272255e-01
2.974146941158664625e-01
2.432232453010167994e-01
2.300745339573860293e-01
3.296516301973987928e-01
2.286483693447226295e-01
1.925744414727361131e-01
2.775439036095160850e-01
2.177747449839808058e-01
