1.871452546892260482e-01 -1.383878264887892368e-02 -1.427534891453733634e-01 -2.969179323849344132e-02 -6.480926694907256091e-02 7.627081266237289991e-02 1.267164064959656056e-01 2.719745593011698159e-01 -1.356824299707047599e-01 8.229524704532950596e-02 -7.937292004777134202e-02 4.103486383325222198e-02 -2.477658209025191891e-02 9.686236814318578692e-02
2.001454144654571110e-01 -1.597710952576786858e-01 1.047136017913166683e-01 3.616534845631216855e-02 -1.767596042383522970e-01 -1.202401910737411171e-02 2.107745413393891792e-02 1.989734750989080869e-01 -1.287655868456577535e-01 2.368079054599159239e-02 1.624286382203073698e-01 7.586914694934203396e-02 1.308756267720362701e-02 3.255312119024084128e-02
-1.418696880904542212e-01 7.972913326673944368e-02 -6.919903865613105665e-02 4.184988153829319324e-02 1.362534557569378968e-01 -2.102646911219557824e-01 5.322473182448787116e-02 5.056118071118832491e-01 -1.362845777875858477e-01 1.518151144140888198e-01 -1.403607054483423924e-03 -9.720623684051617197e-02 7.991702808420930726e-02 -7.990643655577849350e-04
4.240872601896709670e-01 -1.597878310062677276e-01 -2.494746618075196209e-01 5.762155571276262461e-02 -2.389487001099285524e-01 2.881855799504576265e-01 -3.520239850788748348e-01 3.893781472865090465e-01 -3.559834816802299740e-01 2.206796479670458111e-01 4.706667248459325131e-02 1.231369286783470379e-01 2.394294275390058957e-01 -4.199231204561606340e-02
8.179302409439585808e-02 2.711558519415374624e-02 -6.275463476212848890e-02 -2.351954856551349143e-02 2.328041284624388085e-02 4.326434263114823514e-02 -8.313447175269846057e-02 3.913357149934553747e-01 -1.292853222070340091e-01 6.556867060959603588e-02 -5.084009218814532910e-02 1.053313493896919639e-01 1.735263948967692704e-02 -1.413342169288664060e-02
2.045776163739664866e-01 -3.109441189057566834e-01 1.813026159797031522e-01 2.984824458879049569e-01 -3.122102811842227821e-01 -5.158730087239546958e-01 4.059701490067398055e-02 4.090751357706667868e-01 2.075166403215079891e-01 3.764981979620514452e-02 6.046082808305247580e-02 -2.115690888175234818e-01 1.966436279259471953e-01 1.056650006717849144e-01
4.537174141400166644e-02 2.105192341403352985e-02 -1.665373255724265228e-02 -8.367152841702087118e-02 -1.804989315099377739e-02 3.658513326162608770e-02 1.288434704824877597e-01 2.451352686016045057e-01 -1.577857892507834175e-02 1.062164986909235470e-01 -7.716334681572648187e-03 -1.601335207225530466e-01 1.178291049120252509e-01 -7.655304242285420821e-03
-5.009589981965634209e-02 -1.989788009338699093e-01 1.651231113649805349e-01 1.277299555873014636e-01 -8.283916778033260930e-02 5.404642455224581421e-02 1.937841927606825249e-02 4.283462090117829413e-01 -6.008903706890673935e-02 -3.641452646364790047e-02 -1.620314508720112068e-01 1.408104219882601593e-01 1.391086039669050256e-01 -9.272001472916396869e-02
-2.954391085645060588e-01 -8.553815317544654837e-03 -2.529807187615267239e-01 -1.350329900067689937e-01 2.704702418448036161e-01 4.018238706638741498e-01 1.617695489521429886e-01 4.823389697288997802e-01 -9.095998963770772494e-02 4.357913480513622706e-02 -9.457915990905948339e-03 1.439215749373333984e-02 -2.959338260286357991e-02 -1.609817545268107664e-01
3.912485000015889641e-02 -5.419751266573555326e-03 -3.376364715495402263e-02 1.294476466984860810e-02 -7.655676840845940245e-02 1.482562590183694184e-01 9.160396679531480901e-02 2.478783882898415447e-01 -3.163627529653392084e-02 -2.391990767857098826e-02 6.101777752702693819e-02 1.619233478174302368e-02 -3.897721260968638191e-02 -1.537053058756935979e-02
5.921762465521009100e-02 -4.626833814452810389e-02 4.295172221093319920e-02 -1.004044404028297532e-01 -3.267938300418872510e-02 1.623147537430149612e-01 8.744157109638324432e-02 3.734223207109226839e-01 -2.842309413604443558e-01 -1.736744896033564634e-01 2.264449887588232679e-01 5.285106621752747730e-02 -1.173613039660057616e-01 1.413490971684938646e-01
-6.907991952714076511e-03 1.617710537452962324e-02 -5.024934763760406653e-02 -6.488496876067706420e-02 -3.069235530008281379e-02 5.190471884843046724e-02 8.947496468806639958e-02 4.797287535832855943e-01 -1.394968516350733601e-02 -7.656781061547096590e-02 -9.556389789265301582e-02 1.688905089969604534e-01 -4.146957264995637660e-02 -3.451617343865123755e-02
-8.994280233770608757e-02 1.246368564279764363e-01 3.095896615416295350e-01 -5.674240138280511186e-02 -4.653076254606761109e-01 1.708516655611710677e-01 8.944506725783950285e-02 4.709284085127783681e-02 3.608559744347974302e-02 1.084255816743208700e-01 -2.729921528492817301e-02 -1.870833282300989886e-01 3.075904233529140885e-01 2.403192666556097992e-02
-6.097019672218179087e-03 6.414481575800563828e-02 -4.490165050966687943e-02 1.348216244427502541e-02 8.851977103293676152e-03 -7.104237164788501646e-02 -1.885377953970840403e-02 3.834225631501309572e-01 -4.416756559610469923e-02 -5.176425738294855930e-03 5.421820981796915406e-03 2.798491111805897491e-01 -1.143187210842059043e-01 -5.924066875005241928e-02
5.414851100330797529e-02 -1.434716273694942035e-01 1.284147877588866921e-02 -1.262053310586287030e-02 8.670286728997843306e-02 6.734635668891010563e-02 3.720664473321688530e-03 3.231742072486407658e-01 1.524625837254031321e-02 3.874631275937678865e-02 2.521028558365444663e-02 1.178030409030092832e-02 -4.701140995766858732e-02 -4.443942777293894558e-02
6.570992871988012851e-02 -2.332756226437394109e-01 -1.852946644134044474e-01 4.026525566696118608e-01 -1.358658494469334177e-01 1.930036703718590874e-01 4.701958297112990293e-02 6.068550993477809380e-02 2.143662387743461850e-01 -2.396554825175267189e-01 -1.270883156438548656e-01 3.302392882459893875e-02 -1.055152583287470858e-01 4.016080248079572645e-01
1.148010882806286687e-01 -1.051072329616789536e-01 -9.964217453522515588e-02 -4.292211227568351953e-03 -1.624162476328372753e-03 1.466041842591713773e-01 7.187802575021552676e-02 3.627972960756915000e-01 -3.590377390288146918e-03 -3.116309882605730608e-02 -7.037468597821592425e-03 -5.760332704411295912e-02 2.963503917606098367e-02 -2.428133240273153831e-02
2.595765087338763322e-01 -1.497632661987517710e-01 2.663266244551439066e-02 -9.294676595070060221e-02 -1.093511602938031235e-02 -1.267156860529240064e-02 -1.273956313978977517e-01 2.539404087488281725e-01 1.558696868053820461e-01 1.170007332101618558e-01 -4.995370617099526012e-02 -4.619459368340991801e-02 3.984991872705866134e-02 2.836497744556207637e-02
3.450547581434084549e-02 -1.908367343330341637e-01 -1.741717530417799531e-01 2.522061991098660805e-01 -1.418604242757672551e-01 2.879843142359826969e-01 -8.871035429136556183e-02 3.458776425572720470e-01 -1.010578484463051929e-01 2.368600400456958854e-01 9.328389220789110037e-02 4.082913077539290780e-02 -1.781311341158181294e-01 -2.540419816241587178e-02
6.427482199129240514e-02 -1.054043590489357057e-01 -7.331381749705581652e-02 4.116243006206286859e-02 2.087708287239566085e-03 5.927909764287067965e-03 -1.143317751041719038e-01 4.469832096749875583e-01 8.653753244941408962e-02 1.425257066074221424e-01 2.716528043271661599e-02 6.441069498124393083e-03 -4.810401174940477642e-02 -9.057745728802270302e-02
-1.736353931272872214e-02 -1.027270193109561941e-02 -4.129018387152035008e-02 6.903947207091194749e-02 3.543070973743203678e-02 1.366699563661692152e-01 -4.725091540474478380e-02 2.683819388861468647e-01 -3.277668439507992054e-02 4.416480495992872179e-02 -2.401638991640002961e-03 3.072152878660476885e-02 -8.695638050442057454e-02 4.527788168399204949e-02
-1.858662406234943276e-01 1.277637886095156494e-01 -2.325483622577091680e-02 1.224772737414543816e-01 -1.746954030741855735e-01 1.365784174720090505e-01 1.197869215355510386e-01 1.656312368710441407e-02 8.285896209037220406e-02 1.976671234363912011e-01 4.369688772697773865e-03 9.429334872133970924e-02 1.050387585305828653e-02 -1.376717959160873028e-01
1.341304415363979430e-01 -1.240592317603757405e-01 -9.402560117940600426e-02 3.480433176911354454e-02 -3.860437759152421378e-02 1.168098261081462891e-01 -2.169127555621954209e-02 3.179420948768083011e-01 3.346537440269675007e-02 1.201279417459178850e-01 -3.883563521636569649e-02 2.678809820887010501e-02 -1.609674279035959096e-02 -5.938099647374441015e-02
4.418861260930988938e-02 5.120421746874913999e-02 2.832383168412709595e-02 -4.171948292345373233e-02 -1.717642153829541662e-01 -1.243133595905472101e-03 -4.295308425440525629e-02 2.796794352659252580e-01 1.834615776515254038e-01 7.526954762616747119e-02 -1.347225983399597815e-01 1.524475246188038702e-01 7.664976980713861243e-02 -1.074477541551127346e-01
-2.154370835577786303e-01 -8.462204496571891499e-02 6.108314615746147924e-02 -1.916094383953483582e-01 1.134637983285040480e-01 1.780333444266540277e-01 4.185588934420279017e-01 1.013165722124932111e-01 -1.287999313729916995e-01 2.040051106287276705e-01 1.735838384090183650e-01 -4.642986232237997918e-02 -8.209495208146200262e-02 -1.096771428292516726e-01
1.217445202113340424e-01 3.326144515242412947e-02 2.590509397135915340e-02 1.093815004566443677e-01 -1.581330242248137341e-01 -1.326409157512199455e-01 7.819129588360808347e-02 9.462591290862643056e-02 -5.483563299243485178e-02 -1.781767530693931234e-02 6.519466256447231656e-02 5.089401110631606301e-02 1.806590663497883442e-01 -5.056012249209530102e-03
1.042027958243266217e-01 -7.797072298982188343e-02 -1.077436984388039365e-01 4.657987680638031591e-02 -5.046257181414021825e-02 2.957123626702750085e-01 1.089030810402263905e-02 1.207696824165420679e-01 1.332500011734227829e-01 -1.622319912147771881e-01 -7.023196835192893617e-02 -3.708248979117842459e-02 -1.043760106134800428e-02 1.961302647469849447e-01
2.271153222626004498e-02 -4.407788010139086499e-01 -2.482961999577610879e-01 3.674737329788442530e-02 3.621762209677243938e-01 3.718710274807734972e-01 1.284553502785509560e-01 3.658860347363825372e-01 -8.116179154458783018e-02 -5.768024993533728967e-02 -1.148670042658132273e-01 1.513974660072221201e-01 1.070977218055110536e-01 -2.121844320029453446e-01
-7.166020766485460547e-02 8.816485771629097024e-02 -6.997892486236718945e-02 -9.823583200559370121e-02 -1.662221974495838722e-02 1.565165976247644974e-01 2.585670787615625410e-01 1.928203006969883004e-01 -1.309684635525706214e-02 8.032133688012570161e-02 -6.882874918744891213e-02 -9.041363959408305062e-02 7.682357709934384271e-02 -3.300308128455740203e-02
-7.672399856997957901e-02 -2.730415812520251007e-01 -1.259265425130785543e-01 -5.090131834003734645e-02 1.293028454609635447e-01 4.302019806888234266e-01 2.519078899464914922e-01 4.388323463289589554e-02 1.283952493297954023e-01 6.598041810525054340e-02 -2.041814681251227226e-01 2.512158048421235801e-01 -9.171201528367464717e-02 -8.702625084247037068e-02
1.303341425853284941e-01 4.378475297913254211e-02 -1.309023998648401084e-02 -1.203661972397615521e-02 -3.123500383087501192e-02 -2.434512011248210483e-01 2.338402977859277143e-01 2.562238920342231885e-01 -2.515123003812317348e-01 -9.221628558279543197e-02 -1.211121893028635765e-01 3.358629313971357999e-01 7.983434528943635089e-02 7.614772594181840049e-02
-2.404874521419644168e-02 -1.045804285846007320e-01 3.804084206756628422e-02 -3.733027687628087676e-02 1.548126779053928814e-01 1.159607243458710829e-01 2.315046371524323576e-02 2.935728237147799957e-01 -5.109160125304478689e-02 -5.715919297103377178e-02 7.057680414544541259e-02 4.048715965971368472e-03 1.022331482782642270e-02 -4.480187370898451593e-02
3.601604469055784685e-01 -1.087436751130342744e-01 -1.835255877720208539e-01 -1.408261043014513991e-01 2.377691556428351283e-01 -1.932460203094953644e-01 -1.210040520943470727e-01 3.506088328455649050e-02 2.753939826888965881e-01 -1.847088837149605256e-01 -2.403798966429976369e-02 2.040917924590353039e-01 1.962436750644143690e-01 3.874662500424848333e-02
5.923975599849553436e-02 5.088322475639928122e-02 -5.069635297552990000e-02 -4.022289079780726195e-02 2.578436350459514803e-02 -9.643732013670619496e-02 1.157258925798197308e-01 2.007563812520054003e-01 -1.161265796123039373e-01 1.129899261246853498e-01 -1.863878894008016290e-03 1.354652136086165748e-01 4.010712408392127365e-02 -4.423061141222734555e-02
-3.383790107724836405e-02 3.285573964228530319e-03 -6.989951160209449676e-02 7.243068978735080210e-02 6.407059074298751544e-02 9.694192923357725089e-02 4.934274356230274050e-02 2.482839665630451609e-01 -1.998923719614716099e-02 1.576757506680899479e-02 4.811855891187345746e-02 -6.848375124836746097e-02 -3.517872395277227282e-02 2.052174532441089494e-02
9.647178921573379418e-02 -4.346642382609372524e-03 -6.630050479469037916e-02 -2.173858577070640272e-02 1.243458523081219201e-02 8.971143831143668645e-02 1.313608409864774895e-02 2.657905323790474283e-01 1.017480501700025394e-02 -1.188046909149937345e-02 -5.349925962344881901e-03 -3.425444781652985538e-03 2.777900707299157945e-02 -1.108242046221068373e-02
1.270230085913010010e-02 -1.217914800862613875e-02 -7.889793667815736544e-02 4.706854760780346258e-02 2.955989395475686066e-02 2.511461696614797900e-01 -1.523296543614445220e-01 1.537979081912798085e-01 -8.360554554758049817e-02 1.455852894475133663e-01 5.384067355280570955e-02 1.018759056334818253e-01 -5.855532667154995929e-02 -1.863482956093679560e-02
-1.172063521362106397e-01 5.815812170373019230e-02 -6.732031121579171162e-02 -1.510733754187731370e-01 2.408864114493965147e-01 2.029905302480369822e-01 -2.748246215659127523e-01 -1.473573050847366006e-01 3.761117799472836198e-01 1.245159917041897130e-01 3.247050125126978160e-02 -6.137836521406228041e-01 6.129171621152722516e-01 1.148893672228241541e-01
2.189379497522136314e-02 -9.093444085860995230e-02 -4.977250787222838035e-02 -4.095443389045312632e-02 2.017018675616440160e-01 -2.332340890822677815e-01 2.981926181860476976e-01 2.768813063963236898e-01 1.971348767035362506e-02 8.611085657148312422e-02 7.014888118199789913e-02 -8.958709888174981595e-02 -9.517008788878961179e-02 1.638409401098280330e-02
-5.324173159497520846e-02 -1.384369572176231411e-01 -1.366390249713827221e-01 8.326301440916035468e-02 5.766024630752152741e-02 3.174459085686226478e-01 2.850646186935318870e-03 3.025069158368574040e-01 1.410996178516065458e-01 -6.150677909830322421e-02 -5.784520939505696097e-02 -4.179509894959594629e-02 7.359750645824268689e-02 -9.758480631205378175e-02
3.799629073470552065e-02 4.942920481766618218e-02 -5.308399282513394379e-02 -5.841421879655009364e-02 1.097996528141999550e-01 5.249763625697217301e-02 -6.181566882832848636e-02 2.337465184464931345e-01 7.896666477135218590e-03 -5.842119180204338735e-02 2.102032618640841885e-02 7.287110813583810853e-02 3.007611863070408162e-02 7.775797831888751552e-03
5.711937876379124396e-02 -1.273311244290043776e-01 -2.896069401806056764e-01 1.709326276511438925e-01 -1.817604691696251829e-01 2.581141840391315001e-01 2.146408286924989528e-01 4.089374250106874165e-01 -1.097671941009050779e-02 5.670928260353465256e-02 1.293907244752094329e-02 -8.257966648221413963e-02 -6.135506301387235600e-02 -3.440856844294073319e-02
6.797497354717914331e-02 2.856754911047273277e-02 -5.311687343915583170e-02 -2.949509199816533964e-02 -1.527793951019655941e-02 7.959568315328578725e-02 5.911717893952585928e-02 2.176417881464199067e-01 1.004002444585898671e-02 -4.554146763961264971e-02 6.675200362545435570e-03 -3.042929295051492733e-02 1.132212284372600963e-01 -1.759871252494709173e-02
-3.198282302775216218e-02 5.409366079929809473e-02 -3.842218591437656511e-02 -5.100805732505846180e-02 -1.707141384999689426e-01 2.279368108874627041e-01 5.725382434274734617e-02 2.323016324861593984e-01 1.509095530052174949e-01 7.924901081495315525e-02 -2.116585621515328086e-02 -3.725757289029819203e-02 -1.451137519937438225e-01 8.529414161046880438e-02
6.057474368678301690e-01 -3.472177485103239425e-01 -1.262004613471983672e-01 -6.494423580236446947e-01 -9.692872793335886028e-01 5.327412981467094522e-01 3.733126553165226902e-01 3.882657591612488912e-01 1.674087944611454271e-01 7.160034657385842827e-02 2.046293847286369261e-02 3.357775070297556730e-01 -1.890856476616353254e-01 1.772910069264123090e-01
3.873428615196806146e-01 -7.776642209671393025e-02 -2.743519654237249750e-01 -3.187475346995458647e-01 3.310332680392303328e-01 5.943425839958051127e-02 -1.144840104830323751e-01 -9.920293435877783339e-02 3.268200490384807200e-01 -6.487737928003223242e-02 -9.203423234640832618e-02 7.688174506247055784e-02 1.947579913583073474e-01 5.656855335044104482e-02
1.121311831900861922e-02 -2.396041600910586711e-01 -1.401417938155323506e-01 -1.235413723403450126e-01 2.533174199141459693e-01 1.565093904247597811e-01 2.993783452500742293e-01 2.574752966123685094e-01 -1.246816128870327778e-01 -9.614495743076253986e-02 -1.117344677284418043e-04 5.154727998969909075e-01 -3.211021673178444669e-01 -5.666432398708825396e-02
3.070896910130867935e-02 -3.139868073518647940e-02 6.129553438667953436e-02 -4.338551632906764016e-02 9.050110690958046433e-02 9.863174410831351824e-02 -1.957401730371622350e-01 3.464447492766703496e-01 -1.035645820708936127e-01 4.030656670937821096e-02 -3.515664761109564551e-02 2.959232112859949693e-02 -3.437951554776241814e-02 1.375183717905933689e-01
2.595298676696355597e-02 -4.763807131162327013e-01 3.564667859088919144e-01 -2.280747644799129836e-01 8.213579839079568345e-02 2.070033350414560991e-01 3.241703056853394160e-02 3.829579262326801570e-01 6.150240208371993839e-02 -1.283170740052927972e-01 1.040125675104343200e-01 -8.779900345178678900e-02 -2.466123912170754134e-02 8.415820975141284632e-02
-1.811370520509113582e-02 -1.436647669074351819e-01 1.890606105761764577e-01 -5.207268673809233028e-02 2.519065043573783247e-01 -7.835280481250050943e-02 -4.857847197789766369e-02 1.897339642628519119e-02 7.365936244429935331e-02 1.195470040234334896e-01 1.219924720502924831e-01 6.271703015083167354e-02 -9.144867936914616302e-02 -1.425101693857852569e-02
