3.160026304572289835e-01
1.048054284799541103e+00
2.609041512458196155e-01
1.052446669593441797e+00
1.042688471023250907e+00
1.528434160118370633e+00
3.109127785126851728e-01
3.051791415526182161e-01
2.992679821336306500e-01
6.614029107079042458e-01
1.519794272834740667e+00
7.759317807837683434e-01
3.450769630949234723e-01
3.540046596124132305e-01
1.520826714513564326e+00
1.081320642621183659e+00
1.057598710441326917e+00
2.831282654655271624e-01
3.267553242197524521e-01
1.522078022732384683e+00
2.888276063993247544e-01
1.520786018448449406e+00
1.069365904795602562e+00
3.101476856197801224e-01
4.384859247029692098e-01
3.211770397200520710e-01
5.712961371390876675e-01
3.826639078043728714e-01
1.140704635846724102e+00
1.050235919312390687e+00
1.513229911280420836e+00
2.820093033488373369e-01
2.873743169814456100e-01
3.089863737353013562e-01
2.868388006233938414e-01
1.067965878980523309e+00
3.022859226227733731e-01
2.989679310580160010e-01
3.899530297916271038e-01
1.554403770225596615e+00
2.959123755272606848e-01
2.933627457194405430e-01
1.054908685988127592e+00
2.861700647885901394e-01
1.571709569000733886e+00
1.044218336880850195e+00
2.969623147518267725e-01
3.676184200342444974e-01
1.052126140775338170e+00
3.494938117580507209e-01
