7.544256984339173799e-01
3.297212318608885306e-01
3.477431585091151911e-01
3.742561309144680215e-01
2.598962484919133398e-01
3.292572774571135286e-01
2.544100467612612770e-01
7.416397432100508835e-01
3.154121257970966541e-01
3.467750728031404051e-01
7.585452575783303564e-01
3.325437428666009887e-01
3.402065312513557482e-01
7.321311265505683341e-01
3.144156344682260129e-01
2.999532878955095683e-01
4.057789886764137655e-01
7.877580079874774155e-01
3.413942041207471134e-01
3.379829097763535350e-01
3.026830909080536203e-01
3.078984819483653879e-01
9.118136053006988817e-01
1.384386139741055066e+00
8.941358282431074445e-01
2.793095349896126955e-01
2.847424391820069234e-01
7.684996748760354324e-01
4.134932561946543239e-01
3.110265728278285291e-01
5.556781258586372951e-01
1.370387547931090522e+00
3.518242624998069723e-01
3.444144188977987242e-01
3.175335697138225721e-01
7.491263872032132287e-01
2.644301202791983774e-01
3.591274959880779161e-01
3.150161789673268653e-01
3.246981524661966545e-01
4.806249777145424895e-01
3.200114349209148834e-01
1.388022295276590823e+00
2.518697912073651346e-01
3.750739114990497280e-01
3.321468968181616188e-01
3.644757016456365850e-01
3.578436669724127106e-01
2.320810343119841690e+00
1.409729806324419688e+00
