2.738729268047839582e+01
2.981740538445066591e+01
2.981681031146454686e+01
2.700582719610718740e+01
2.981764225832592530e+01
2.981852936377414309e+01
2.981869284258126740e+01
2.981831477048878298e+01
2.618160007647545484e+01
2.981753180822092020e+01
2.981780230561593470e+01
2.981765776377077160e+01
2.981834162137301902e+01
2.981806498015374984e+01
1.868241679863179883e+01
2.174488733484569636e+01
2.981741441349608479e+01
2.981776706365046792e+01
1.965507649362860576e+01
2.483323213896068893e+01
2.660082445446891342e+01
2.981790317435402216e+01
2.981763201601247104e+01
2.624084898859515746e+01
2.390106857288558118e+01
2.777114307847394770e+01
2.981777155068112251e+01
2.981830769048802310e+01
2.602330103207828316e+01
2.481065351264341245e+01
2.981825796685037133e+01
2.413249893411846969e+01
2.031414826532057205e+01
2.981795396263029474e+01
2.633701452690272049e+01
2.513136390785789231e+01
2.981833028288790644e+01
2.398504673160347522e+01
2.981805553153290234e+01
2.701574698717724132e+01
2.981826022564827028e+01
2.002745968355252160e+01
2.981701492466012127e+01
2.981799122811933600e+01
2.981792897748556115e+01
2.981821237613866771e+01
2.981824725874075810e+01
2.981718426913819542e+01
2.099446219747999720e+01
2.981840076978252085e+01
