2.980666437859575524e+01
2.576684592068131963e+01
2.980693522414615160e+01
2.821720434670389110e+01
1.877657744407542850e+01
2.980707451160521870e+01
2.440907479068116359e+01
2.155699116035421170e+01
2.980763490006233596e+01
2.473503303255165164e+01
2.980739414291728906e+01
2.980694197437265558e+01
1.997048493633821664e+01
2.980674899013059687e+01
2.980673217127153407e+01
2.649266072175800346e+01
2.852517052507681328e+01
2.034851406224791148e+01
2.895319706666252202e+01
2.694174758126704816e+01
2.865704462260568519e+01
2.980717196161046445e+01
1.725925561133248820e+01
2.980762922089437339e+01
2.317009840544896093e+01
1.787151855250080601e+01
2.980709347577266755e+01
2.980740775498212258e+01
2.580414258810271377e+01
2.980769695189984958e+01
2.980838260845827747e+01
2.980716728213451461e+01
2.530069027701813766e+01
2.408014974861333002e+01
1.648763077147126666e+01
2.113195870389101216e+01
2.980758798833695877e+01
2.416720445468445178e+01
2.627241863573292591e+01
2.980784344399523178e+01
2.054785850476889308e+01
2.518259050881104955e+01
2.415229130398665802e+01
2.980709496898252553e+01
1.993845281301486239e+01
2.980781054120091511e+01
2.980713543575286550e+01
2.980652328445292909e+01
2.150159686413882199e+01
2.514230405137660185e+01
