2.981847562560344755e+01
2.621740112855759008e+01
1.784946612660008469e+01
2.981741750436552962e+01
2.981850724461987312e+01
2.981533745858467199e+01
2.770649513577841461e+01
2.981713479805732803e+01
2.083042095934852611e+01
2.981745927231348858e+01
2.981717840061740077e+01
2.981873572660309080e+01
2.981848116116038838e+01
2.981850283505820798e+01
2.811664530570454446e+01
2.981826711619346781e+01
2.030113805537703797e+01
2.981807912728265109e+01
2.843832211871411175e+01
2.409326162704024554e+01
2.019924099725002264e+01
2.120410795434394657e+01
2.981980845832343974e+01
2.981812748932326329e+01
2.914628655098981369e+01
2.981722018141108066e+01
2.208510220105590705e+01
2.981696694583942886e+01
2.981870384986627798e+01
2.981913432723452573e+01
1.893669574317205573e+01
2.061094416901726589e+01
2.153992125055863838e+01
1.910082145743740512e+01
2.183849363850698211e+01
2.981864997997823963e+01
2.013732872194247747e+01
2.981838431175119553e+01
2.981869369998571173e+01
2.046271162572442748e+01
2.981839463473942331e+01
2.981776740098180767e+01
2.616165379119654233e+01
2.299962190577404186e+01
2.981799288038441986e+01
2.600661370248979765e+01
2.981756652816687847e+01
2.981676842278916340e+01
2.982061910154651230e+01
2.981810100288416265e+01
