2.598086380363510983e+01
2.578579516117787662e+01
2.979118050808258999e+01
2.264297731186940510e+01
2.979033818280831625e+01
2.665492996269910009e+01
2.287126404011452507e+01
2.307646283267592935e+01
2.979107238281396519e+01
2.979192742169353991e+01
1.737716280897310028e+01
2.979072016269108403e+01
2.979130180905428560e+01
2.979110195888754831e+01
1.537810582562690165e+01
2.429585133365991467e+01
2.585900942627811006e+01
2.799689085618134499e+01
2.877078912467792904e+01
2.614828258665104954e+01
2.979194291717858789e+01
2.979074923943502640e+01
2.641749456729852952e+01
2.880187784344528268e+01
2.979151710469449910e+01
2.281272773638419693e+01
2.979082061213351551e+01
2.979028298966243327e+01
1.634251879390905771e+01
2.979174493817205516e+01
2.202570959181223387e+01
2.979210361457156253e+01
2.979085991577635895e+01
2.714584646579536198e+01
2.260906825537090015e+01
1.915161908566031812e+01
2.979143908374330607e+01
1.955294497593739678e+01
2.501735282921096371e+01
2.979259796626444157e+01
2.979161152486988939e+01
2.762865087142865761e+01
2.979169020351852737e+01
2.636273630105096544e+01
2.979190991611445583e+01
2.157503520871604508e+01
2.084923880281491293e+01
2.979203862370760802e+01
1.104918512298993249e+01
1.921267521845831538e+01
