2.116018724553182651e+01
2.245891592606930587e+01
2.399610894221283175e+01
2.979127496744521508e+01
2.978937675100238991e+01
2.082915642633740205e+01
2.979056746090282459e+01
2.979085130895757061e+01
2.979177934840425479e+01
2.050939951097893044e+01
2.979188644722127322e+01
2.979022304244294617e+01
2.508913506582411301e+01
2.979092873041025769e+01
2.692865382530206730e+01
1.937803922457873540e+01
2.007743853350624263e+01
2.978949559005397063e+01
2.517959134171421809e+01
2.979049455089383258e+01
2.483428035553861690e+01
2.193056141648296276e+01
1.919797757507798508e+01
2.979021046045117060e+01
2.978990737166914826e+01
2.979086618317224477e+01
2.267936544311478642e+01
2.928142326242786453e+01
2.979110334435166152e+01
2.979165824910998239e+01
2.876023082203859715e+01
1.217078611868616100e+01
2.979044414605964874e+01
2.978957179695340329e+01
2.979121984898032949e+01
1.187209631551454514e+01
1.952205196704779411e+01
2.979045234537576903e+01
2.979267309315093826e+01
2.281252399016143428e+01
2.213960297185278847e+01
2.979135800730593431e+01
2.610353931593439114e+01
2.649451869746066279e+01
2.978976348126942852e+01
2.165611281141084632e+01
2.285247314048986311e+01
2.979119176398242530e+01
2.862392921170036431e+01
2.979111658591088840e+01
