2.567769432864093759e-01
1.010685932715225999e+00
1.300980396958555663e-01
3.819854041648397258e-01
3.973477044787263601e-01
1.566320768255420326e-01
2.776890345267655769e-01
5.682237263220040191e+00
1.498188262088890665e+00
1.537407223215759289e-01
1.757724190122887664e-01
3.880096821112195560e-01
1.948944616562282572e-01
1.604579771211076811e-01
5.680327572873890674e+00
1.762186265091931492e-01
5.821812004304442567e+00
3.020686650716019050e-01
6.103507252638993297e-01
5.644291371657369716e+00
1.348583959060967175e-01
2.392881077673419121e-01
1.851968099239808818e-01
1.181457433884295360e+00
1.463705120109302760e+00
3.373548764564133218e-01
1.573725483963485994e+00
1.794113443053549084e-01
1.737278815153518452e-01
2.940313580426812123e-01
3.435185270203002794e-01
1.186010545401289029e+00
1.841526543178780284e-01
4.214823558302336348e-01
2.769023298572222958e-01
1.328548798495888250e-01
1.268693572107953693e-01
2.177489760978391364e-01
1.680768392334121841e-01
2.197118702044520144e-01
3.475334866197280714e+00
3.206338594976888556e-01
4.767850707990901049e-01
3.973077926202546739e-01
5.180371212687704396e-01
5.131149301984674338e+00
1.542821736721728121e-01
1.269093828356216425e-01
1.405541106708863286e-01
2.352493290783871649e-01
