2.928812708578415469e-01
1.354152354090746302e-01
2.168165885640022938e-01
1.202356740533745832e-01
1.711553308181099076e-01
1.806588204387158669e-01
2.797040051637554647e+00
6.371980074509312475e-01
3.575633426073773879e+00
1.625774765234458408e-01
4.967623387108176303e+00
4.194831489402337965e+00
1.622711256005030245e-01
1.861558835119636879e-01
1.001331899147208881e+00
1.826504216204657416e-01
1.357144885984009341e-01
2.242972776112308886e-01
2.521210563703017993e-01
1.224551340195626642e-01
1.757520630341606049e-01
1.319952521206335105e-01
3.151877680336722665e-01
4.611147452608707731e+00
2.739828558998119723e-01
2.857965651703341603e+00
3.570976649675666081e+00
4.054191734641856004e-01
9.488316629465518015e-02
1.606224849715824632e-01
3.368319053357460846e-01
2.394434844080812474e-01
1.247247435897753665e-01
3.171567644402017994e-01
1.452202429863568289e-01
1.797710652330888059e-01
1.445239969934729030e-01
5.001010019296845410e-01
3.951406344856629449e-01
1.897145071478262834e-01
1.673496602050524584e-01
4.492926536642658064e+00
3.544165476606316867e-01
2.233706836170980814e-01
1.293319733762673673e-01
1.568877248140153335e-01
2.256482635854868413e-01
4.434586794714857061e-01
3.504628051593082771e-01
3.127464660971486787e-01
