2.006835945516609598e-01
1.708634349831070764e-01
2.757897953697533433e-01
1.621682529685058716e-01
6.890384453889063510e-01
1.301433584537833310e-01
5.365367406145983287e-01
5.618851688921122189e+00
1.588941554164055303e-01
1.492264632489149756e-01
8.517129841380236543e-01
2.060469803131632915e-01
1.361086538721455186e-01
4.295338730933652371e+00
3.054951227539492442e-01
4.663314948201255916e+00
2.116203287470668770e-01
1.082373378145040421e+00
2.404039513106538628e+00
2.091167829281985746e-01
2.414038480923665075e-01
5.891384861330243305e-01
2.793812988905909345e-01
1.468164092651098596e-01
1.641826785424387869e-01
2.742485428465567532e-01
2.984204948121180756e-01
1.692206342526244578e-01
5.661169550441678133e+00
1.272090047860468809e-01
2.400963536841886070e-01
1.484169034533647513e-01
3.114816383313151471e-01
1.229503124629233390e+00
2.361626760431932315e+00
2.729946504677843722e-01
3.560124446204433468e-01
2.001047117814847565e-01
1.401891149912207202e-01
2.263598447669563640e+00
3.436460846063006946e-01
7.033050389353775467e-01
2.303035529224059796e-01
3.827327048313977631e+00
1.374889275083659435e-01
1.557343125756702307e+00
2.560665373853744931e-01
9.206885671251647807e-01
2.242407070189190721e-01
3.533696912889148223e-01
