2.095928274358710652e+00
1.323479114616111563e+00
6.306510790905719421e-01
1.630772260000868723e+00
2.666071142124722737e+00
8.847876494108719569e-01
2.032527064933690841e+00
1.306976230543401840e+00
6.165647624765933088e-01
7.253008113869401363e-01
7.758849296846812571e-01
6.412381192357434756e-01
5.455737108239078204e-01
7.487022017904391147e-01
5.807822755906362211e-01
1.316342541298331703e+01
7.833248598197788404e-01
1.156443410604030220e+00
7.204265074642004940e+00
1.978512013249345891e+00
7.174147200342491093e-01
1.340265371383736248e+00
4.105612739915802667e-01
1.265826905656510126e+00
1.107941805211443143e+00
5.009827343603110439e-01
1.202503648032869021e+00
1.180328653695865260e+00
4.807067823203233781e-01
5.627143688619149486e-01
6.553596221534012667e-01
4.183331080937535695e-01
1.030362998157963617e+00
2.153381253096369186e+00
2.025233663550504382e+00
8.729897789002671882e-01
5.155145570290343704e-01
6.118487024917940165e-01
1.083435104948742733e+00
7.825654172409286513e-01
8.595614370577728813e-01
1.256852223345519715e+00
5.487352843883783748e-01
3.974970884392967196e+00
3.737214700824144753e+00
2.767860643375594787e+00
2.115516140841320336e+00
4.695537536843489512e+00
4.847463912646066686e-01
4.754135189425364727e-01
8.983896000353394085e-01
1.358452610742295397e+00
1.022192877830809143e+00
1.452563682008334744e+00
4.168548773904611204e-01
1.412950043513771625e+00
1.256857737865423985e+00
5.902571534190201863e-01
5.877790994368010669e-01
7.336580522993729758e-01
9.669434045571354552e-01
1.527899389447785472e+00
2.824618199100715099e+00
1.455945379839321818e+00
1.297987279663131099e+00
1.991790781622207795e+00
8.533589334812713423e-01
7.748058894360020377e-01
6.247864629052365393e-01
7.381597140898866760e-01
4.103871181634973775e-01
6.363339992191092698e-01
9.636787680095499908e-01
9.479512518878843164e-01
4.533333602729761602e-01
9.701633492867249853e-01
7.501460273145048596e-01
6.709954378745571768e-01
6.961886537134339692e-01
1.211579494511414445e+00
1.871322871532689058e+00
1.851845097404193341e+00
2.180542446720746597e+00
1.643131382180926803e+00
8.479184026806585450e-01
1.384613132816442826e+00
5.463896747922309949e-01
1.105097890148037498e+00
1.537478202163983676e+00
1.488432372252754377e+00
1.891595104922792370e+00
3.090328514462755027e+00
5.985002492059456891e-01
7.203092831014625830e-01
8.614819323013476193e-01
1.363042409324823678e+00
5.227719005387193585e-01
2.022377409656434644e+00
6.963689949065432483e-01
7.298436535495940181e-01
