-4.059847168940485806e-01 5.940152831059388738e-01 -2.207779483427850797e-01 2.329677610584454384e-01 7.565632815070756634e-02 2.484181805068095411e-02 -7.593920387446795317e-02 -2.539797100451027800e-01 5.776470842356261695e-03 -1.075672701584256957e-01 -2.218706931494034418e-01
-4.435505178811016136e-01 5.564494821189178708e-01 -4.868209620065798438e-02 1.040463642194482674e-01 8.257449803698864443e-02 -1.132436204673322871e-01 3.991846094362389713e-02 -2.201191818794459021e-01 4.888133424806522659e-02 -6.719933781203889234e-02 -2.919372665825709645e-01
1.561361179681989841e-01 -4.642608884969522814e-02 -6.664846820685564610e-02 1.123671483432125279e-01 1.168068970418462693e-01 -2.170095442923278273e-02 -1.017283581154792005e-01 -2.555385184123757369e-01 6.434755817757407959e-02 -9.069679661299082096e-02 -2.197804181603048024e-01
-8.721387305308273552e-01 -1.626944146633631516e-01 1.127861269469168093e+00 -3.544198310322957401e-02 1.543933333743861824e-01 2.489958935914211163e-02 3.229261960634842443e-02 -2.222934210148691525e-01 9.006258883218200284e-02 -1.532574082603044285e-01 -3.365453243247384929e-01
1.639982554187626174e-01 1.943080430447758841e-02 3.910468109239646078e-02 1.456671219294935204e-01 3.577451274327631686e-02 -8.898196893738423430e-02 -7.256743979225181718e-02 -2.375598914683524077e-01 1.491848273526106064e-02 -6.715430936569127818e-02 -3.054921299160919257e-01
-9.915620780733427342e-01 8.437921926666657607e-03 1.008437921926657044e+00 5.352119544252337269e-02 1.731482239821157953e-01 2.984314070502386979e-02 -4.323619211146345620e-02 -1.475748285842164165e-01 1.816648202114606175e-02 -1.239429939061446467e-01 -3.381006745850694273e-01
1.582523071316846719e-01 1.781470030052638822e-03 -1.083116849854073999e-01 1.185867777512861210e-01 1.451617461134750986e-01 -7.780898436198914470e-02 -1.261735513999699410e-01 -2.303563452973301784e-01 5.672720432876422747e-02 -4.026916252189428891e-02 -2.504516580447759266e-01
-4.636767473905207271e-01 5.363232526094845465e-01 -2.168782007271389534e-01 2.355300322654613754e-01 -2.329318407875710997e-04 5.216262320137211167e-02 -4.420293786891767163e-02 -1.849828439738817054e-01 7.252050789157109267e-02 -1.380662526579217453e-01 -2.013583827648267321e-01
8.243128900007978821e-02 7.031116998089678716e-02 -2.380787160556839532e-01 2.210304669709187708e-01 4.384485406438818483e-02 -2.503726355676547111e-02 -1.326787150193745046e-01 -2.111697211744353042e-01 1.105879005429485362e-01 -5.746927332118580145e-02 -2.166338726878906662e-01
-4.562835763450857063e-01 5.437164236549143492e-01 -8.904096605203287718e-02 4.329043107670831753e-02 1.003196126040804270e-01 -2.924187498009098857e-02 -7.993529948558177056e-02 -1.380346642307655192e-01 7.535678449966491665e-02 -5.692067588650024518e-02 -2.660880761114144955e-01
4.317358942850696435e-02 4.745941682867118455e-02 -3.684438400269732239e-02 3.242625237143044459e-02 7.726087618717390748e-02 -1.023174384308233632e-02 -7.198353587209600779e-02 -2.230140568861130601e-01 1.107889873419086180e-01 -5.090019002780876711e-02 -2.709970927819972952e-01
-9.784322732401071893e-03 -1.250497062152297612e-01 -1.138726928955837298e-01 1.401299841082551956e-01 1.509221336850565254e-01 -5.315217749501865291e-02 1.328323533962782327e-02 -1.535756404932147323e-01 7.191144517032145578e-02 -3.211654140803124613e-02 -2.415575983198851306e-01
1.132100850401940584e-01 3.271490911006561669e-02 -1.778066186529436710e-01 5.091126112058001058e-02 1.233112063069418118e-01 -5.027801489298826948e-02 4.812124350747424423e-02 -1.846226955317599450e-01 3.091899865358943914e-02 -6.986578651630172276e-02 -2.694764694009533779e-01
3.057232150736517440e-01 -1.448573554349855408e-01 -1.361751199178584670e-01 -2.231141090858466611e-02 2.307917712750727768e-01 -1.660226655243641214e-01 2.758900691780332565e-02 -2.031393100133287166e-01 8.750429716581869903e-04 -3.765897194335121601e-02 -2.076760837518175640e-01
4.286086261001196412e-02 6.639115310995687136e-02 4.898159337315095840e-02 2.227282004724503994e-02 5.327131533707429173e-02 -2.966391543261897440e-02 -2.224117044988406858e-02 -2.630972766450976330e-01 1.096229474476091009e-01 -9.481893985318425033e-02 -2.864412708003668540e-01
1.417749271315433823e-01 -3.500560288664309599e-02 -1.092713531128345489e-01 2.132115340846350848e-01 3.221465147326010858e-02 -1.293040431197032582e-02 -1.191039774634635590e-01 -2.178531039017604365e-01 6.692793845825803500e-02 -6.661257415912362478e-02 -2.462139165680052588e-01
-4.016881924926286596e-01 5.983118075073828868e-01 -4.682065425811893916e-02 5.005271715059424892e-02 9.430676444569312256e-02 -3.647198901992028397e-02 -1.532827555010000953e-01 -1.676383810964058585e-01 3.314263401816629900e-02 -4.179596136346822033e-02 -2.809778706463980091e-01
2.488964635206976084e-01 -7.403735169279437867e-02 -8.335987831984797980e-02 1.072566318561414891e-02 1.603116513871351567e-01 -4.806243475151866090e-02 -5.445329260819232325e-02 -2.397226994340436179e-01 4.647629085722412845e-02 -3.829657443197231198e-02 -2.813397189684045951e-01
2.992080027979430179e-01 -2.190697645880567146e-01 -1.767705937261814242e-01 6.616066061273113974e-02 6.323138603723021944e-02 -7.201403163198646928e-02 5.748446450828956916e-02 -2.367830574552096390e-01 8.263280732506901594e-02 2.636079381448730788e-02 -2.433025489504186956e-01
1.043713352548056306e-01 -1.317248828789818402e-02 -4.077034675170715383e-02 5.199826292775967806e-02 1.256229180203038143e-01 -1.154342294409901187e-02 -3.798237835867978446e-02 -1.773558779624561932e-01 -2.451380983778792683e-02 -7.781712262013390502e-02 -2.516989506962096224e-01
-9.394672098200897992e-01 1.490716849393142196e-02 1.060532790179895990e+00 1.196759146677680019e-01 -4.201524291285909513e-02 -1.181396012468224344e-01 -1.522919641396375257e-01 -1.142412178548992685e-01 8.130108227978628810e-02 7.153689468266311545e-03 -2.702772903714426023e-01
2.599351114694853915e-01 -8.667049171516175154e-02 -6.447299867376916904e-02 1.229774836342462652e-01 2.011942060515016784e-01 -1.454372441791000059e-01 -1.840499676920709093e-01 -2.342614689842139608e-01 9.620885727286695999e-02 -4.454797019681130260e-02 -2.737373982430760799e-01
-4.427239984959441266e-01 5.572760015040325587e-01 -1.745845482957480987e-01 1.889176692454798689e-01 1.688220315081024880e-01 -6.192575770058013351e-02 -3.251662961955229664e-02 -2.723973301974443317e-01 8.756628723686815663e-02 -5.337841861089810680e-02 -3.179171878304193899e-01
5.117469346882454195e-02 -4.781386702234858843e-01 5.218613297765121173e-01 1.900255469137697995e-01 3.380029264531080740e-03 -5.119859486017532685e-02 -7.171844498051029027e-02 -3.249736719807156948e-01 1.012995612362028036e-01 -8.179463579748447177e-02 -2.127790240735712157e-01
8.756525001427331589e-02 -1.111637352811889190e-01 -3.770891510752592823e-02 -1.776093793768041551e-01 2.538912687419119241e-01 3.480706796434800826e-02 -1.119409632072889543e-01 -9.816722151505524741e-02 9.465397156650516564e-02 -7.508590716173563218e-02 -2.121033178935422536e-01
-3.972064417909453860e-01 6.027935582090572231e-01 -7.176255344125156976e-02 5.507942329368335777e-02 1.018792256936796869e-01 -9.840988566352795730e-02 -4.794719187420869166e-02 -2.151137676937351639e-01 9.000707435266437628e-02 -3.864442206377063233e-02 -3.335369002777496261e-01
1.308636633335412691e-01 6.607502884115724895e-02 -1.309158361328862374e-01 9.550089365936544408e-03 -2.214238972796989113e-02 -1.099267260072843977e-01 6.824969026947780987e-03 -1.875801245441923171e-01 1.662611970401942363e-01 -5.017617066248202667e-02 -2.316955817890654634e-01
1.271376354659114472e-01 -1.173616904775507536e-02 -3.191828577686888629e-03 9.764324103729929427e-02 9.060419500977939800e-02 -6.127975313504711169e-02 -7.678233457302126308e-02 -1.339869538802386795e-01 -6.841252023368443735e-02 -1.052941311599351615e-01 -2.075632621617242157e-01
1.899236297898299897e-01 -6.602656601650723489e-02 3.306993568714115816e-02 1.081250570279532752e-01 3.602315665218858154e-02 -4.386425781887680342e-02 -7.076362141450463772e-02 -2.337261499998393166e-01 1.058128406981530614e-02 -6.456421673011936146e-02 -2.516401325031843994e-01
-4.163568258562448388e-01 5.836431741437579923e-01 -1.204402531087952061e-01 2.133790036748983709e-02 1.213680515177927161e-01 -7.248479361702216302e-03 1.804279755288164949e-02 -2.360182759025932220e-01 2.393539700238284454e-02 -9.456194009890234176e-02 -2.465634275121720842e-01
-4.421142736866822687e-01 5.578857263133303324e-01 -1.676211061555689039e-02 1.298629056537919380e-01 7.504979926266333590e-02 3.170765574109563750e-02 -1.181453989497862761e-01 -1.502142474651953497e-01 -2.576622095603857410e-02 -1.080654830215337786e-01 -2.863002335321899738e-01
7.105037570267827562e-02 -3.045186494039965955e-02 -1.683566809917833307e-01 8.888742801514057379e-02 1.497791327584391818e-01 -8.545998637818258414e-02 -7.323565079905575148e-02 -8.872451411189564985e-02 1.499270816141768346e-02 -3.182046949092294519e-02 -1.995223591815396547e-01
1.302818853925111209e-01 -5.653986945830252742e-02 -3.031811187856980894e-02 8.899006498086731165e-02 1.317120067690205065e-01 -1.037559572060821333e-01 4.971605881967999102e-03 -2.699643973919463313e-01 8.501335220724738628e-02 -6.516318731649339835e-02 -2.680892732363240882e-01
-9.538709347866368704e-01 4.612906521337435672e-02 1.046129065213364129e+00 3.899669776599334892e-02 6.017377625476735131e-02 2.951233698217446688e-02 -9.950444705732311435e-02 -1.967748207583825959e-01 3.276579200612973058e-02 -4.137489332299670863e-02 -3.150435187665680536e-01
-4.274694555755559344e-01 5.725305444244409570e-01 -1.393427524832531184e-01 8.060841843691962660e-03 2.775588882872070950e-02 -9.696397412403461036e-03 -1.152392449913308692e-02 -1.242025675915334748e-01 1.518691823646016736e-01 -6.567097819178170648e-02 -3.351722629638972384e-01
1.581643226467351893e-01 2.782302222031244818e-02 -7.223585642638627458e-02 6.135574909488610701e-02 4.548632545008397809e-02 -1.150537358897276846e-01 -5.628017228500545310e-02 -2.003869001042845321e-01 8.741215429338647369e-02 -6.556483229814231983e-02 -2.235819579579608196e-01
-2.092949128128844538e-02 -1.077818839720612321e-01 -1.083157798960567991e-01 -2.518949780593748300e-01 7.101163007812680839e-01 -8.307884493671979786e-02 1.704000782007873693e-01 -2.813808801092184675e-01 3.303277632355857557e-02 -1.112704880359853127e-01 -3.017586902710129859e-01
-4.197466497069047286e-01 5.802533502930905529e-01 -3.600079503980937318e-02 1.464306777721294250e-01 6.281699765649981226e-02 -4.253667819343413120e-02 -6.709223019376307773e-02 -2.003512781965918477e-01 3.679183446969864352e-02 -6.724287061473430138e-02 -3.461842395022849406e-01
1.401548687589657394e-01 -1.560619677535804960e-02 -1.173078375881478341e-01 2.602358881536096305e-02 1.267181827123593230e-01 -2.518201422740319606e-02 4.579208482515823020e-02 -2.166193510959706914e-01 4.975916319585896308e-02 -7.668769316786211432e-02 -2.899066767090647256e-01
1.745463172716384959e-01 2.420527717972069393e-02 -1.216637250888250865e-01 1.375100796579028506e-01 9.229030853170751281e-02 -1.520197986761397113e-01 9.026689169239904276e-03 -2.076827446168663382e-01 4.027438727857132750e-02 -4.006369484658621472e-02 -3.092849771164680184e-01
-4.417092854285452064e-01 5.582907145714515185e-01 -1.518577084091537466e-01 1.410783578266001925e-01 5.825321627967088717e-02 -4.570313352648808225e-02 -1.086774275332232920e-01 -2.041635447585670171e-01 1.143768547351600301e-01 -3.147539863620735234e-02 -2.412745263768035775e-01
3.058725941305822649e-01 1.716445164055231953e-01 -3.674993784742709990e-01 3.748997905573831502e-01 9.672048905095811944e-02 -1.700482155179333654e-01 -1.211644076649758817e-01 -2.757082018729621886e-01 7.116592178744082786e-02 -1.201292377575365750e-01 -3.186157519003127714e-01
1.193113725822152194e-01 -3.828461529946419750e-02 -1.211555505773933700e-01 1.113301988086331518e-01 6.568073437501793788e-02 -2.691887745860398543e-02 3.274761939325777915e-02 -2.129613696092484965e-01 7.787615132733922974e-02 -1.203266826786162091e-01 -2.401608621192401760e-01
3.157512472719831154e-01 1.219838747206582370e-02 1.665526303326319846e-01 -1.357017760413203877e-01 -8.613130562869986129e-02 3.633928410475423254e-02 1.026344025138393595e-01 -3.296492097121799247e-01 -3.441471068336471317e-02 -1.067321446392822948e-01 -2.937086862465301818e-01
5.912520257661507683e-02 -6.917180626707319924e-02 -6.769758162046948802e-02 1.726800575287306960e-01 5.723780281441834261e-02 4.312175321431964414e-02 -7.764627877456020677e-02 -2.361074368126178935e-01 7.050291534224120693e-02 -9.191219610859762551e-03 -2.957152896468474013e-01
1.536618763556051037e-01 -5.903351489500251181e-02 -1.885278724669222500e-02 -8.687954007493302322e-03 1.460361358458612258e-01 -2.901372739155778230e-02 1.204165095137765644e-02 -2.353196139296100942e-01 1.064643238107454426e-01 -1.141384025952514036e-01 -3.060198681540858279e-01
-4.248090161262040865e-01 5.751909838738000769e-01 -6.038589762690976803e-02 6.071411677921012551e-02 7.373173350897425926e-02 -7.075443726699592872e-02 -1.101299127715943682e-01 -1.628041886372582070e-01 7.152454991226669945e-02 -5.318802842972273487e-02 -2.519517844716706034e-01
2.304770064196826618e-01 -2.949934733337986753e-02 -4.465997841960002712e-01 9.706721106672365484e-02 2.649434900456140163e-01 3.081680946424675827e-01 -1.381597529183517248e-01 -2.853647949976941267e-01 3.039980707583744921e-03 -3.929809943471394146e-02 -3.176358852580362102e-01
1.221449059810012783e-01 -7.801532623092932717e-02 -2.690159890962007250e-01 1.779134548832975449e-01 1.251164005029574144e-01 7.219809113964684166e-02 -4.619925812069333726e-02 -1.749065671219197926e-01 4.386205796060561879e-02 -5.815257116953087557e-02 -2.678070799843378924e-01
8.931728385872066134e-02 -3.668628089576161325e-03 -1.151987520172828711e-01 4.696536739870466742e-02 7.377686666466252985e-02 -3.457654298872309129e-02 9.475207150609468720e-03 -2.157953684299635522e-01 9.908610060706664335e-02 -9.600303587014344386e-02 -2.062403795401789586e-01
