6.516662370731741982e-02 -3.647044761636998589e-03 6.405689434349708111e-02 -9.155946020828703569e-02 -1.125065885935833954e-01 3.891037271033118139e-02 -9.005389106106828634e-02 -1.289519613360478323e-01 1.468820568840295271e-01 -3.693521954586945905e-02 4.398415305134207448e-02 1.265475118091505535e-01 -7.710475451613383463e-03 -3.391445310713602640e-02
-4.297514073228034248e-02 3.494655499886310801e-02 -2.959922939522294932e-02 -4.354102062552783758e-02 5.306358893799111021e-02 4.737536393361699294e-02 -3.869391195753245360e-02 -3.060517664494296144e-02 1.417600750756340539e-03 4.445820564016492171e-02 2.006757195691510898e-02 4.434920905248551648e-03 -3.801247400187630215e-02 -2.068335325747919229e-03
-9.477341256870219777e-02 8.868998858658737328e-02 3.501922704347631976e-02 2.689600395711642250e-02 -2.132304224636652479e-02 -2.566938274059687997e-01 6.373312431806352207e-02 -5.578659265989355243e-03 1.191417546050664855e-01 -1.849128887577297653e-02 -1.211964846756030667e-02 1.106051460248390628e-01 -8.182767583319980331e-02 2.699082856883625037e-02
-8.535009546408456327e-02 3.650300455638523511e-02 8.384343155337159459e-02 -1.850456696937891748e-02 -7.429908615452417153e-02 7.676978230611621046e-02 -4.703155646727232714e-02 -1.087477458087146055e-02 6.776728412541694474e-04 -2.630637305689265126e-02 4.527475137009254191e-02 -4.756042648404216859e-03 -6.332626832340313913e-03 1.065499798697427600e-02
1.404397067805522592e-02 -6.309599404230820108e-02 4.430571608576242687e-02 -6.919873058371735219e-02 6.266773966514527922e-03 -4.852025074153067108e-02 -7.177443749424472497e-03 1.728334666589069479e-02 1.342569054754246261e-01 1.685033265347631731e-02 4.494188170234195145e-02 -7.488769693871091815e-02 -3.565947467623925560e-02 8.591819448905135825e-04
-9.660377869756653357e-02 -5.151897893276427554e-03 2.772913369373593978e-02 -6.729143648287827517e-02 3.903214434311261249e-02 9.952055408872406694e-02 6.605553544085199236e-02 -8.896628938363074224e-02 9.387447685958727472e-03 -2.821408950087748654e-02 2.070084026807577499e-02 8.680251858809603926e-02 -5.404445234776999313e-02 -2.868771136213026790e-02
9.778332786680225819e-02 -1.515371773156464763e-01 -1.483672440286043503e-02 1.253411838997936512e-02 -1.015995181806253478e-01 1.584693051592044738e-02 -3.792680735804706410e-02 2.987205726014965923e-02 1.219979839470674843e-01 1.528046890865997764e-01 -5.015239427429880187e-02 -7.166244330749679814e-02 -4.730601761238613367e-02 2.445049382526743795e-02
-8.605499057627136184e-02 -3.313522355521124341e-02 2.174158142959886977e-02 -1.210138400849837710e-02 -2.023450520750870452e-02 1.285264535559670351e-01 7.019556782451069621e-02 -3.991041461544293789e-02 -2.065489563358440840e-03 -5.772848154695903178e-02 6.038354993086617051e-02 -5.959568371582915636e-02 -6.806183035367643908e-02 7.830936884223835270e-02
-1.127256796444397052e-01 1.562838126706704578e-02 -1.366618118936672455e-01 4.944427369400088146e-02 8.104520823463669255e-02 4.838415792553567990e-02 7.757488612429150332e-02 1.481084445858313857e-02 9.459347401739108541e-02 -5.265647709400664983e-02 -7.837513629734847720e-02 3.403253929785674675e-02 -2.447364554992362967e-02 -3.035249609955168598e-02
1.655528012704489405e-02 -4.315349841002878717e-02 1.769703703544895160e-02 -1.408508941147132709e-01 3.223203948850990319e-02 -3.806085141068868416e-02 1.213094583475318455e-01 -2.846730493929813116e-02 3.143126507110595436e-02 4.307611143319647895e-02 -1.579728554937401622e-02 2.637253597301780772e-02 -2.459522116378733136e-02 -1.748015344754020456e-02
1.483567736834403780e-02 -3.408279047423190544e-02 2.290472549420516021e-02 -1.019071246850259543e-02 -1.997276094503268318e-02 5.716994910380249900e-02 -1.928689865579874888e-02 -4.412623259823888339e-02 -3.227068200660931918e-02 6.044402169369489375e-02 -2.972369984469573276e-02 2.427060002005531139e-02 -4.786116112231398462e-02 3.815848287574733627e-02
1.358140110344665218e-02 -2.561690051350001829e-02 -4.447063517096764944e-03 5.220117492274634757e-02 -5.306707286666364348e-02 3.268438700384339313e-02 -9.516894839803247130e-02 1.067388036197796514e-01 -2.595291899596670337e-02 -5.952499976414179356e-02 -5.246056263781866819e-02 -3.227076669452651897e-03 6.472406175664117967e-02 2.980423339664086541e-02
-6.479417773991057346e-03 -5.640064638794516604e-03 1.136349787689698992e-01 3.834658941638858370e-03 -4.444636308816168890e-02 -4.483435068120625311e-02 -7.259369624651972053e-02 -2.606360262125773097e-02 -1.266913592264834743e-01 1.191676975208686429e-01 -7.168535086813776491e-02 6.783646821129100946e-02 9.767377829384762955e-02 -2.344485815163844036e-02
4.668207447859983039e-02 -5.742456494571898662e-02 -3.558504652765304838e-02 1.499089557406189932e-02 -6.582442309441055572e-02 9.375673172339088479e-02 -6.620019017086095636e-02 -9.577734298061782447e-02 1.081666550292820772e-01 2.100594709518170677e-02 4.154744295872352111e-02 -3.037389970063660016e-02 5.382278314944962533e-02 -4.851854414836617724e-02
-1.984486650027765531e-01 1.329845666129561843e-01 6.589517140794250161e-02 -1.218954252170478120e-02 -1.026950349639816767e-01 8.015106820441941782e-02 -6.267898813228699184e-02 1.125933070089925186e-01 5.723855674782406255e-02 -8.191263021649945741e-02 -7.123926948008743598e-02 -7.142271639037917064e-02 1.285469690805008114e-01 3.445726085505985622e-03
-2.581059141954497593e-02 3.534700973194587065e-02 3.862005676139141502e-02 -6.556474552145873103e-02 2.872770159831082928e-02 -2.034980818258613246e-03 -2.655264029767264930e-02 -2.909176672218927867e-02 -2.465450721666594472e-02 9.125822507561887065e-02 -3.894809191998158809e-02 -1.948736338789470307e-02 -2.289568498040038536e-02 4.135589755722528932e-02
-2.406536798780137265e-02 7.822962242041149594e-02 4.890612360592885149e-02 2.062346948297391624e-02 -3.933241174606635915e-02 -1.316218949384125869e-01 -4.231189147091650449e-02 -4.637495268779001645e-02 3.525460836008694615e-02 -4.890265558845734856e-02 4.766310388983799329e-03 1.663668388295645728e-03 1.107056727448769151e-01 1.272821746831201070e-02
3.683044890576157165e-02 -6.054404076375591304e-02 1.746169975464171090e-02 -7.247318968579088971e-02 -5.722846788993994453e-03 1.968231180551717474e-02 9.586287524165404417e-03 1.439748409535941409e-01 -1.038895567964586743e-02 -7.501645371153117803e-02 -1.127870325901866450e-01 -4.674514761622481501e-02 1.427655329123153349e-01 -6.354936579440598199e-03
-2.514604486265640398e-02 -7.550029349416358115e-02 3.251182360923505349e-02 7.047047834612056409e-04 2.685078566630655361e-02 5.793786698250123768e-02 -2.767491246864103860e-02 -4.625815538707631763e-02 1.813010011292449236e-02 4.079063063987962978e-02 2.701251159758625425e-02 -5.062874350223575681e-02 1.195071687296088599e-02 -1.041247210965681388e-02
-5.030336492653627797e-05 4.006246150685242174e-02 -5.837964683658206609e-04 -1.327682646153235113e-01 1.069308160092028413e-02 4.802517892206743799e-02 -7.236981580551862803e-02 8.876355791802398310e-02 -4.047344280566669145e-02 9.344305234446281805e-02 -5.278095612465894676e-02 -1.102721329815122275e-01 7.054233602395656999e-02 3.803756229011426293e-02
-7.484132446133431524e-03 -6.764520501017114162e-02 7.430271666522582363e-02 -5.828552467078902330e-03 1.452399154240283964e-02 -4.783163781705043055e-02 -4.949756657427483580e-02 9.196127313523370927e-02 -4.137452709812500240e-02 3.232140373174849368e-02 -1.934785991667406849e-02 6.190317942027958459e-02 -1.935569918836442527e-03 -5.379899480612079787e-02
-1.151677543155165545e-01 -4.398871695629365253e-03 5.529343133507467339e-02 -5.539577171116041865e-03 -2.711002883183339929e-01 1.755166881429213177e-01 -7.866304368197798991e-02 1.125343803330334097e-01 1.188685098743849922e-01 1.661318278041472307e-01 -2.525417311947754095e-01 2.539434920347864999e-01 -3.423302388616424052e-02 -1.403755208204090776e-01
-5.605590499070806088e-02 2.481818793969490719e-02 2.030893021995416881e-02 -6.589077078956766254e-02 5.333743246680401617e-02 -1.409792389827804228e-02 5.555890264833954900e-02 -1.949112432007165871e-02 -2.144713942095914996e-02 3.254837091999013277e-02 -5.621180890775007502e-03 -1.583373834731280350e-02 -3.060898600979543652e-02 2.274346291311044044e-02
-1.225923985681157402e-01 1.197172873883696823e-02 3.370499727632376291e-02 1.297709289149897027e-01 -8.699435313626684152e-02 -7.660797878848564675e-03 2.727277189925377682e-02 -6.708995018437975688e-02 1.209202530574155082e-01 -6.175007380571456705e-02 1.529620403626520339e-02 6.680791671266986254e-02 -6.827150068855328269e-02 -1.111720793345066793e-02
-1.362695918329296929e-01 -5.345169701859286276e-04 -4.686622749614100664e-02 6.888106860608946003e-02 -2.722223167961876009e-02 5.049233087229827721e-02 3.944540052241008246e-03 2.522934831847566811e-02 1.777846034473535425e-02 1.225033574624351945e-01 -5.465927660913613706e-02 1.460165781812264585e-01 -3.710893955348045642e-02 -1.519163812555840709e-01
1.825031049032899144e-02 -9.196972021275705289e-02 -3.717021420639223667e-02 1.890521893938008902e-01 -4.935593100670813103e-03 -5.618508097173099264e-02 -1.170754730487602417e-02 -1.301373005360510759e-01 7.694344181023464110e-04 -1.081844784977488427e-01 1.305376086347697084e-01 3.158471552152533612e-02 6.121055036895301643e-02 -1.084635555682782887e-02
-5.664416194472741972e-02 -2.340986043098271241e-03 3.767157948114128324e-02 1.039167116949530484e-01 -9.802939882118441584e-02 -3.551301784836618375e-02 -4.339469763632258087e-02 6.159072734197738180e-02 4.968169602757491199e-03 -1.340164181009018129e-03 -2.499777360522969366e-02 2.305799934168961673e-02 2.075719799866246329e-02 -9.433666940818229152e-03
-9.562299733409891644e-03 2.190869804114173314e-02 -1.638788179852774390e-02 -3.845235021044717677e-02 1.043198327859957142e-01 -3.658949420854438334e-02 -9.353394948909031503e-02 -4.487778428230382310e-02 3.809989456589520790e-02 -6.986317084137480538e-02 6.819468128409485186e-02 5.172389619768297253e-02 1.006052095375334215e-01 -9.531676340822037297e-02
-5.608878789817828281e-02 -1.427401437095133230e-01 -8.900635859544150930e-02 2.176839385736384358e-01 9.840886079156618838e-03 -6.516850220528259963e-02 1.007178662217195209e-01 -5.597987246665749039e-03 8.734393242323248985e-02 -3.136255858202914582e-02 -3.383347903084801822e-02 2.587883741503946289e-02 4.252473621856045494e-02 -7.992386122296289697e-02
-5.671400942792140416e-03 -2.490388573343812681e-02 5.034735948347203449e-02 -2.104425528531852357e-02 5.998540500432628791e-02 -3.232631102338892615e-02 -3.653591515524773348e-02 -5.057258864039160251e-02 -2.533709185999354074e-02 1.631173983898425058e-03 3.149689037832634209e-02 3.164970336644967741e-02 1.892290760830897881e-03 -3.428558963076717286e-04
-1.129925200421975362e-01 8.480992785632625319e-02 -5.536378497960896261e-02 3.899432827855703332e-02 2.438770487374657125e-02 -9.555405437072556421e-03 2.918521838147153380e-02 -3.595130713341910395e-02 3.294078419968780175e-02 2.002953429310667249e-02 -5.342485886462813166e-02 2.005336958027723049e-03 8.520038206778903639e-03 6.683521849649175228e-03
-6.333019273281922934e-02 -3.825109313804866962e-02 4.004388975394088807e-02 1.434005158106081701e-01 -1.223139569312155228e-01 -1.624813827232064745e-02 -5.291683588588878828e-02 2.567972443883283218e-02 1.451386896373668967e-01 -5.883592438338962338e-02 -4.292189723046424543e-02 6.810965149232900417e-02 -1.665002785311613803e-02 -3.063588626538953086e-02
-1.008864912907776745e-02 2.281945159599341189e-03 1.185150372191425688e-02 -4.657814153736922202e-03 -8.448649840551002849e-03 4.979412918352316836e-03 -5.669381502034061271e-02 3.425457771841718124e-02 -1.663105723380124690e-02 1.463314852011535910e-02 -1.536765891649148966e-02 -1.829460471795055221e-02 6.007932576523371260e-02 -1.762914635125720914e-02
-9.333053894713311260e-03 -1.012401411970816761e-02 1.460199303721203268e-02 -4.098691048285517391e-02 -9.752577144823984523e-03 1.271832984832555608e-02 -8.571590390407328452e-03 1.074261601460066440e-02 2.067366484666169346e-02 -8.983539230565826261e-02 5.329484630968411157e-02 3.646137157746151547e-02 5.422406570660304008e-03 -5.043171426014295827e-03
1.814177132779456678e-02 -1.040305740373433790e-01 -4.927440769708028162e-02 3.423547436701362273e-02 -1.826832567985979539e-02 4.802147036764428667e-02 2.614559309763429470e-02 6.994381524516124493e-02 -3.871688009586986973e-02 1.050112651190369673e-01 -3.048716529299137779e-02 -6.162558299468246653e-02 -2.223642202057624084e-02 3.408486734543823404e-03
1.242947263468723307e-01 -6.276226876685059297e-02 -4.707205472723509365e-02 5.109742359813795182e-02 -7.946383387744328231e-02 -1.529533030484838685e-01 8.256821774621840582e-02 8.470623668684670871e-02 -8.396122250176184243e-03 -6.375848091762259529e-02 -1.411152070730411767e-01 -1.400753250904330782e-01 2.221001153513970927e-01 1.110983944622388475e-01
-3.229507705456494127e-02 1.014091452674728555e-02 5.530417978355308545e-02 -4.022967511112394284e-02 1.020669515573931034e-02 -1.291420289951134698e-02 -1.970661954456260842e-02 -2.910259229626877345e-02 -4.057767357518304863e-02 4.491951315536084344e-02 2.152479469474903075e-03 2.685712381678135967e-03 5.313207504471077758e-02 -2.344721059562427865e-02
-7.442333309428898758e-02 -2.437221263501874319e-02 -1.147323230348288627e-03 1.546886748725279266e-02 -6.601989027645988051e-02 6.531097095283502907e-02 2.222131366127486768e-02 1.353713667465492598e-01 -4.705973000029103903e-02 6.805439229235020482e-02 -1.012857520637558545e-01 2.148220148050833389e-02 -1.895920616253388841e-02 -1.437314671764843010e-02
-5.776900721764863245e-02 1.214163196625105412e-01 -7.028606127425893191e-02 1.646925425662067177e-02 -8.118710075528778880e-02 -1.056502608534855003e-01 1.068657751593527772e-01 -1.003900162628516834e-01 8.072652577293425169e-02 -3.325294053906234504e-02 -1.089365493435864862e-02 1.336686213791049016e-01 1.124250545394372969e-01 -1.318739904925813888e-01
-5.664160797198956182e-02 5.319047693965037876e-02 1.466245163519989403e-01 -1.012846545528971187e-01 -4.886788177612508971e-02 -3.405248365447331033e-02 -8.150390038828450590e-02 -3.624893044726713864e-02 3.988836821073040578e-02 3.295685121088997790e-03 6.876529328763583693e-02 -3.354522693111708365e-02 8.176408551458630436e-02 -2.111522126311161929e-02
-4.658699859858717041e-02 -1.824799717818587769e-02 8.718179026934630427e-02 -1.050818589790504382e-01 -5.342065945603281102e-02 1.261663214740386674e-01 -8.773328107509859031e-03 2.620227678643934077e-02 9.934793969040295325e-02 -1.639856187311858060e-01 -5.363709601563000640e-02 5.913116081165298299e-02 -4.851932552373681984e-02 8.049191199846389422e-02
2.113219233183769724e-02 -1.090041101735533813e-02 2.011280347032424337e-02 -4.475958097497034771e-02 -6.194682521394634898e-03 -3.220783800178000228e-02 3.689922799163015965e-02 8.356336685874037051e-03 5.218237094797070069e-03 6.314543513879676377e-03 -1.280552019685038401e-02 -1.911407664840577766e-02 8.229447434267914141e-03 -1.216072142892440401e-05
1.390649082692400063e-01 -1.794977569217428570e-01 -1.089936231201272809e-01 7.999070617497401614e-02 -1.246177332605599292e-01 1.076185874560040695e-01 8.373207742321876756e-02 -4.417141269714060237e-02 -3.639583782778010174e-02 -3.598808745337400694e-02 1.406690152089637158e-01 -5.814116843488939534e-02 1.508310683375272288e-03 1.549053294026370500e-02
-2.822675763067099969e-02 -1.319737806720231166e-01 3.913378649429047340e-02 8.288297606693087460e-02 8.732665177232590281e-02 4.333954451788664397e-02 -1.934231437700658918e-01 1.066132456387479388e-01 -4.227081279479747572e-02 -6.520968727759268724e-02 9.678089737364607703e-02 -1.010344963993356493e-01 1.193142614403914226e-01 -3.298416631930807530e-02
-5.984032392712840959e-02 -3.231625970650518764e-02 3.670500285646803584e-02 -4.570334570549231673e-03 -2.303952049775098015e-02 3.296932515957945453e-02 6.455201416309019891e-02 2.671947910059800646e-02 -2.910773859843214170e-03 -2.012466342674985864e-02 -5.304548020760818661e-02 -3.588730363925475564e-02 9.316857580026081942e-02 -4.211121880418124130e-02
-1.366924808349140597e-01 3.908517273129272912e-02 2.142716377881599688e-01 1.876155811526117323e-02 -1.846604729274861634e-01 -1.070265176867194051e-01 4.315390874274926958e-02 -1.017901483524887851e-01 1.391853784252594095e-01 3.754789327555665968e-02 -3.841403486229633124e-03 -3.094717039773361988e-03 5.954356682690085945e-02 -3.417485713714327189e-02
-8.680229477660167392e-02 1.313228623694009389e-01 1.049491969232373839e-02 -1.896687838952305569e-02 -5.770475301667226525e-03 -6.013779709625492742e-02 -6.202920836002944610e-02 -7.200234069799674175e-02 1.368915047188049017e-02 1.226720885097875025e-01 1.493469215574029854e-02 -4.546592992551387602e-02 6.102180648805190233e-02 -2.269207669917253090e-02
-3.256789971031912034e-02 -1.734106587622780138e-02 -5.997752104803751039e-03 2.807935391592007029e-02 9.168183063323660786e-02 -4.370383815199366251e-02 -1.033373806614144019e-01 -3.863005911623373229e-02 1.154488553667571693e-01 -3.883638989096976912e-02 3.089119165026183236e-02 -4.257433457241172753e-02 5.599049949263640302e-02 -1.883449253401268952e-02
-1.565455181968521403e-01 9.956262407537280756e-02 4.358268362276526697e-02 -1.328907045866411507e-01 5.390352065189051023e-02 4.756258927243934426e-02 -6.013105792214867157e-02 4.729914069960398232e-02 2.691067896248003008e-03 8.973843542883844226e-02 3.763728877305681092e-02 -4.429632457181309491e-02 -1.462542720780089962e-03 -4.638268398155461630e-02
1.982831392451703256e-02 -4.316253056918270374e-03 -3.793493347696157841e-02 2.056544484366014391e-01 -1.489767865781989331e-01 -3.307612308272397245e-02 2.929004943615714021e-03 -5.270508709240558781e-02 -9.998588279358953945e-02 -5.094396424296698637e-03 -9.390555251452024216e-03 2.720183994678396222e-02 4.355432403948192310e-02 7.258060490597195713e-02
