-1.362701275986155924e-01 -1.696795698086537019e-01 7.243184840357649867e-02 5.798371659672276607e-02 1.560780397398490726e-01 8.186773800958042913e-02 2.311836893180272898e-02 1.817660120393584100e-01 -3.831950293628115511e-02 1.499323761278064659e-01 -5.057146738829041560e-02 -1.346602656400097964e-01
5.337824567120327823e-04 -1.635266248675407152e-02 1.900965723313803243e-02 -1.175311889594426833e-02 -1.600272062013030974e-02 -1.411176727559553847e-02 4.303677362079190438e-02 2.388327499826345679e-01 -8.102740164101852535e-03 -5.688030778841104626e-03 1.491745674633326336e-02 -5.064221334139692304e-02
-3.336104708570580141e-02 -4.572430023470383520e-02 1.991761932305561797e-02 9.634043121367215357e-02 5.222172465413975340e-02 -8.002129993120112028e-02 -6.639593479690411582e-02 2.070957447130657436e-01 1.610788331050384478e-02 3.087523782235756728e-02 6.146390537524727693e-02 -6.484279788668134703e-02
-8.007603666655915223e-04 2.826593068313322955e-03 -3.110800572485637391e-03 -1.655151627662522842e-02 3.229689121851042274e-04 9.694309592907094861e-03 2.308872517714999351e-02 2.195535997641406833e-01 -9.626063665685314838e-03 -2.902786308571716871e-03 9.972133760191702334e-03 -3.878923660800864121e-02
-7.446396770873709575e-03 -3.833243482512777717e-02 -6.429400393173642994e-03 5.029863669514630931e-02 -1.917534686362032045e-02 1.004742761099260834e-02 6.267172845479812571e-02 1.886606450122406964e-01 -1.187561504130858758e-03 -1.547455427800408650e-02 1.119981488476097867e-02 -4.115539154616256606e-02
4.037346854039294830e-02 -8.677710776184913155e-02 9.937696082156619384e-03 2.662222838212071480e-02 2.534849643422049451e-02 4.899966101704756119e-03 4.006411214844716323e-02 1.518972148945851308e-01 -3.653125893699452065e-02 2.166610720378721322e-02 -8.318721443322171782e-03 4.494964831596480644e-03
1.474622647521281471e-02 -8.113068072396836805e-02 -6.049967701537911635e-02 -8.907261302132035707e-02 1.552800716164121075e-01 2.708572430817766941e-02 8.605347997548720707e-02 8.752887730710147418e-02 7.344631368405163396e-02 1.914556137843564931e-02 7.052533646927822142e-02 -1.094314539766431671e-01
-6.523012463973508479e-02 -2.307839179105727976e-03 -3.037865924315090796e-02 5.391181094520385714e-02 5.137795861660505309e-02 5.723376842864014852e-02 -2.984733963812866847e-02 2.335383273714724539e-01 -1.103774230212764291e-03 -6.391074630978137161e-02 5.017171353249239019e-02 -5.977792917745367723e-02
1.195472492247424447e-02 1.057793109448361413e-03 -1.606394423865388499e-02 -1.640891352921025961e-02 -4.573650117664306708e-02 1.651767743645960601e-02 1.949391759919502642e-02 2.486017168782553299e-01 2.078217337041670526e-02 5.264012648256662791e-02 -6.674941458167642228e-02 -3.241218979578651405e-02
1.341613317221753386e-02 2.159048718573302814e-02 -2.872788905668869491e-02 1.645634058022305349e-02 -2.951568431209385113e-02 1.030304484161218351e-02 -3.034115822297974926e-03 1.961059961026292986e-01 -2.551115734553155434e-02 2.703394366436777385e-02 3.506462744972888707e-02 -3.950455998305395927e-02
-1.872585219446966098e-01 -3.189945490031311642e-02 3.413480705002197579e-02 4.724890320829844281e-02 -5.146113012769609057e-02 1.768599655905979118e-01 -2.269109442810859564e-02 2.905471114905779362e-01 1.734254288541631217e-01 -2.749616667961986630e-02 -1.517398269536595901e-01 -5.599285468271977123e-02
9.302029951068693792e-02 -1.518115502192306510e-01 1.914945680842899400e-01 -1.790303574254053509e-01 -1.722213725561476394e-02 2.014334246373898976e-02 1.049679173622386635e-01 -1.909076164510093571e-02 9.791141196829585003e-02 -1.972005058167044800e-01 9.132293839939203961e-02 1.591720010502594984e-01
-3.569842994973920769e-01 2.988156507191120914e-01 1.746754802419518138e-01 -1.576699726614589903e-01 -2.588873131811985084e-01 6.592715674449592389e-02 2.290100005269704309e-01 -1.032576885062742866e-02 3.374347978008639393e-01 -1.086323694605290380e-01 1.227237615571367957e-01 -1.424099574624792253e-01
1.455247820527839041e-02 2.984552247089285876e-02 -5.119398156319311666e-02 2.705840398114414853e-03 -1.896236688097991882e-02 -1.137546726445186861e-02 1.345131596709314703e-02 2.109025400589634169e-01 3.617046062079812274e-02 4.807609871973072754e-03 7.132985082942214401e-03 -4.435977049058496824e-02
1.297974688422854350e-01 -8.880013352040493080e-02 -7.248971523175856690e-02 -9.898520261978906165e-02 3.617228994681937621e-03 3.895117254008029911e-02 6.635837890844061004e-02 1.925974829552699052e-01 1.449742319026050275e-01 -8.314797208386520699e-02 -2.586605651678522411e-02 -1.332971769391443073e-02
2.056980933636128397e-02 1.235038490361346081e-02 -2.734038611457948603e-02 -4.987525271441129587e-03 -3.415803813311089204e-02 5.306832117743492949e-02 1.142892205645260756e-02 1.773224216977308254e-01 5.563429420663285399e-03 -2.864843269333755202e-02 1.929766705813770571e-03 6.578493391244642947e-03
-2.906635073375705980e-03 -1.375545963387186238e-02 1.122528343733954215e-02 -1.175996138275238814e-03 -1.486430398025788586e-02 5.519178710551318756e-03 4.190914372837510615e-02 1.906431895413560340e-01 2.089174658747169205e-02 -8.544923137142340294e-03 1.505030434184234656e-03 -3.676908799950916185e-02
-2.605495785396071129e-02 -6.774409124832937723e-02 8.049305707356244066e-02 6.878446175220777337e-02 -8.138076315757311607e-02 6.469713468528079381e-02 -3.024467160322344070e-02 1.540610462128870206e-01 1.849951608215811422e-02 4.953154649607249133e-02 -5.995234385507170610e-02 2.298723189283549337e-02
2.285377549706526373e-02 -2.998351869809429485e-02 -3.868809224286740012e-02 3.188846632265662784e-02 -2.548142992115473224e-02 -4.313930581843011813e-03 3.607610379046542748e-02 2.313486987160045805e-01 1.351538798407197518e-02 8.631900333244475927e-04 2.384194123108541313e-02 -6.824342565386853909e-02
3.362676297723186936e-02 -6.723974310808630839e-02 9.951243789113006777e-02 -3.745865475685439261e-02 -5.128067313460698412e-02 2.469440305243856409e-02 -3.654574633374526454e-02 1.927898704533269614e-01 -1.572291836841465534e-02 4.568862592902950964e-02 3.341710713121252840e-02 -2.780430525581617171e-02
-3.391214332610219262e-02 8.642529855848758713e-02 1.221662641315269041e-02 1.561897854259375329e-02 -1.199255389165856389e-01 1.320924315505779198e-02 -3.805835818640963646e-03 1.728177427290869816e-01 3.443527544550260139e-02 2.938378569745369109e-02 1.934955123379484415e-02 -3.213581723695536213e-02
7.446042430023010195e-02 4.885982114853839459e-02 -2.569276462337260342e-02 -2.936490037508628775e-02 -4.494865993709969837e-02 -4.669542413228114364e-02 -6.087624639337600729e-02 1.917887943730005040e-01 -9.316468118157669037e-03 -8.502102946387420784e-03 7.605900436284374067e-02 2.790568881799380951e-02
-3.048812769126453825e-01 -7.379775695768130417e-01 -7.549658315313640955e-01 1.024492224002929053e+00 4.980086046933626664e-01 2.512237316979095691e-01 -1.089594842887676857e-01 -2.384526179376035837e-01 8.493583378155498131e-01 9.644777237136134551e-02 -5.820753773377347340e-01 2.014586534806616092e-01
-3.362475382977458266e-02 1.603253643514674157e-02 -5.933337828318441080e-03 6.760234717591616718e-03 1.444448121266912397e-02 3.237765727417825368e-02 -1.171754655081158614e-02 2.010396911416177101e-01 3.881797815828121057e-02 -2.178735151952567936e-02 -4.344398955987732736e-03 -3.838802377822089079e-02
-5.417410034120148654e-03 -7.825780113142306871e-02 4.268554538164198026e-02 8.107800501431161599e-02 -6.302708889024101480e-02 6.560947627757995892e-02 2.618206165710701416e-02 1.589731141153000182e-01 -1.328430785018139826e-01 1.112285379715035605e-01 6.027580950539790372e-03 -1.856177633353998241e-02
1.637596595599646876e-01 -1.632389550143129864e-01 -1.406362988904821254e-01 1.149876025661082102e-01 -1.443488367739565736e-01 -2.181533999966715764e-01 2.994878475936799123e-01 3.489613842012924683e-01 -5.490420244316959741e-02 -4.723650359146036593e-02 1.122580482191040674e-01 -7.725917895325037921e-02
1.165223147271216876e-02 -8.720419250107573628e-02 4.304403920266235140e-02 2.023750837596397650e-02 -1.142677676084696003e-01 1.715158655617845043e-02 1.142936190003398661e-01 2.372004693789188656e-01 8.104243481117680281e-02 -1.164098154310252292e-01 4.404302165645789316e-03 -1.746724894618194648e-02
1.157604758304153214e-01 -2.552054426510591001e-01 4.460205844049514382e-03 5.493562063756893266e-02 2.476428794710902048e-01 -9.390542234253475284e-02 -2.836675129241564841e-01 1.111957217867600989e-01 2.995718400565365869e-01 -1.947319815667966636e-02 1.788618791658565590e-03 1.057338013319647670e-02
2.996468341894056864e-04 6.806479001000164189e-03 -5.229627143508268350e-03 -6.441515985312635389e-05 -1.342359459137111924e-02 -7.099864094258597456e-03 2.513557860654604820e-02 2.125155292026724430e-01 5.184472568038481569e-03 7.195914546449751203e-03 2.407537459386014864e-03 -4.005049075244541956e-02
-1.439186216268712182e-01 4.460647663025834458e-02 6.613894775422912709e-02 7.460113962669556731e-02 1.686875208524067291e-02 2.686258299434365199e-02 -6.440854398978643203e-02 2.585219362529144749e-01 -3.812621403898687478e-02 -9.666268443117537190e-02 5.846597081206173115e-03 4.334679813877760635e-02
1.400306932088826901e-02 -4.688938778803392743e-02 -3.237316599130651146e-02 7.180230377205626402e-02 4.179995977425442384e-03 1.866436721574314325e-02 -1.417299500584095692e-02 1.643329138072375795e-01 -8.484987787068945519e-02 8.604308043695273189e-02 4.535890266451955005e-02 -3.242204006210638173e-02
-3.378281132894977445e-01 3.206062037052274660e-01 -3.326507661375267544e-01 2.163315933177970274e-01 1.436800565495254811e-01 4.259735996657686673e-03 2.586500629132140738e-01 6.588201808147496619e-02 -2.191282555454235337e-01 -1.189335676967436528e-01 1.093231170283374964e-01 8.348508155380318652e-02
1.613359681167990667e-01 3.576953469471044755e-02 -1.911381731588606137e-01 -4.257410999368141935e-01 1.963046029926424629e-01 3.132002139671040131e-01 -2.743052949886105041e-01 2.333370054794562665e-01 2.672273100182136207e-02 4.834460367494007593e-02 -5.695402407683461399e-02 1.268010987104919995e-01
3.702444996575543490e-02 -7.592641187808363279e-03 2.546367487443750369e-02 -9.572744862800597332e-02 -3.316503912924401859e-02 -1.935622373122769524e-02 6.712737845975494388e-02 2.401699185407776271e-01 1.887356514895508278e-02 2.498660944129081282e-02 -2.288808419146325102e-04 -6.389819643592496712e-02
-1.122177646439670162e-01 1.170812639233250740e-01 4.477977340722366639e-02 4.007059580489338857e-02 -1.739642554038055844e-01 -6.408098638360906762e-02 3.466197794633038565e-02 3.177626795576730112e-01 1.177912461123994600e-02 5.498271146218975530e-02 4.333169754420343467e-03 -8.151112355906811602e-02
1.654402333654957438e-02 1.113302478710376589e-02 -1.760227235706560145e-02 -8.520337558814523524e-03 -3.404252391284018353e-02 -1.500126425826751528e-02 6.713723986798630916e-02 2.221719345709413929e-01 -3.138092095512604041e-02 -4.845853235912354548e-03 1.511569503374217936e-02 -2.703157884145124951e-02
-8.897958730488705892e-02 -8.773503253254694156e-02 1.293802807585588133e-01 8.576936498426890321e-02 -4.670374245938786750e-02 3.358269189834722085e-02 5.902602797096378334e-02 2.062226802183238505e-01 -4.206974981931587559e-02 -1.840212554314904492e-02 -6.440200875554488724e-02 2.798836706121487009e-02
6.868612492779074125e-03 -1.183079741310813504e-01 -2.374529225609635363e-03 1.678917758243954339e-02 8.304563175161794319e-02 3.508178000191131130e-02 -6.221472721731319266e-03 1.206616300973201855e-01 1.230288191905703210e-01 -2.731921282117805161e-02 1.091474480323140622e-01 -1.467227437725063810e-01
-1.035934785047082189e-02 2.309427596178948577e-02 3.560793498302551596e-02 -3.118624399193956412e-02 -8.960152250564526466e-02 5.738508719693802967e-02 -8.921240833044510876e-02 3.021399069140415228e-01 3.965151149589684482e-02 5.768798822638927792e-04 1.601372420824805770e-02 -6.043263148685685399e-02
-7.713741415361779347e-03 6.819342005399291196e-03 -4.458572405375161446e-03 4.116472327371424600e-03 -1.047164721382911473e-02 -6.608672671394054399e-03 2.556243843482601877e-02 2.185269657577833258e-01 5.743492850928552662e-03 7.773068117330698273e-03 2.944222302841414951e-04 -4.590640154111759463e-02
-6.681826882351263319e-02 4.114993356072831759e-02 -1.219930703173903314e-01 1.286087850247918385e-01 -1.880611418232444945e-02 -8.280430827523090065e-03 -2.506142390675440354e-02 2.326676907198143296e-01 1.789049637447016894e-01 -2.662568467768566122e-02 -1.583603529585548009e-01 3.829113912055488733e-02
-1.917195612421974116e-01 1.916126779806898439e-01 3.435833408130509192e-02 -1.681493035547889092e-01 3.192870728499335176e-01 -2.005695206256256913e-01 -2.958079608683079620e-01 2.237117178343605572e-01 -4.693851037101487433e-03 -3.521768957876172945e-02 2.857735074140104747e-01 3.509174322332948848e-02
4.902260362521983217e-02 5.898596732679513982e-02 -5.768236037167702446e-02 -6.387982364940485158e-02 2.012619780909164977e-02 -3.154924892218279042e-02 -9.483999799440359646e-02 3.011096199933516737e-01 -1.232166020077711116e-01 9.187361608373104116e-02 1.960912873546963309e-02 2.411806584862612873e-02
-6.134777724156768169e-02 -7.311098669774201975e-02 1.472555511001165662e-01 -1.071400172895812242e-01 1.556154182296393684e-01 -6.984450110712943360e-02 1.969780500020621439e-01 -1.947964136289073028e-02 -1.644666303162464066e-02 -9.701693981594597394e-02 1.140847207734761309e-01 2.412995291803316303e-02
6.507025629709502212e-02 -1.544583535822056375e-01 2.158447711047101203e-02 4.555098135649216645e-02 4.452153252538733341e-02 -2.075244634174328723e-02 -2.558891687428344053e-02 2.531679064955844050e-01 -1.350569687376660527e-02 1.581798282717012880e-02 -5.139484888402021112e-02 1.366429242066490718e-02
-7.465502641475439682e-02 3.865222885078359316e-04 7.664708132329661749e-02 4.824822258194889218e-02 -1.111054919167188682e-01 -1.265654463121498874e-02 9.438586840168400327e-02 2.584414026557597110e-01 -4.384707385640777833e-02 -1.991750770113469293e-02 5.684988558603956688e-03 -2.793527481272455731e-02
-9.665056375945644401e-03 1.298656890454766288e-02 -3.143356037998080305e-02 3.023544629165515404e-02 -3.514729027830097718e-02 1.579265219596449193e-02 3.275718961635459142e-02 2.219214734999822303e-01 7.168080173174194887e-03 -9.819125734898761365e-03 -1.662584002641206288e-02 -2.449337140929436912e-02
-6.702121807344093608e-03 2.877046291097608548e-03 -1.174942533815028813e-02 7.120989182383656232e-03 -5.546396004030626839e-03 -4.354589978807547890e-03 5.103970458572072710e-02 1.973932043736128517e-01 -4.451533889936930277e-03 2.342925809971122680e-02 -1.986572148259914405e-02 -3.551324755481167356e-02
2.396667172078525976e-01 -2.520284475235740618e-01 2.216421141927005234e-01 -2.621496321588214773e-01 -2.651258404105778510e-01 -2.768904051301024349e-01 2.327347006205770508e-01 3.245210671097486510e-01 1.391634849348956371e-01 -2.312208920918836785e-01 8.890172532983438292e-02 2.344625743961964714e-01
2.716226131492745222e-02 -4.293035794813038208e-02 -1.884409185691751087e-01 1.505019790661284163e-01 1.120983629926009112e-01 -9.464197379361487250e-02 1.024737167824141537e-01 -1.124872500869594505e-01 2.690589396547592993e-01 1.282514553539371854e-02 -5.669049522117703549e-02 1.474775674967868794e-02
