3.591158602144094436e-01 -1.482454629086696341e-02 9.784768220982016651e-03 -8.377990992490258471e-02 -7.869941863665248782e-02 -1.353743777361798850e-02 2.741153227831881756e-01 2.517128352062395491e-01 2.901159676759687001e-01 3.347499479116880505e-02 3.897287858393091997e-02 1.637785694182505858e-02
4.203550246951802682e-01 9.737132323427936248e-04 7.230581005849190390e-02 -5.666700447072907376e-02 5.635779531393065450e-02 -8.969734798717528268e-02 1.289597058834582866e-01 4.751059778827380620e-01 2.237535874523283452e-01 -2.413013579762698230e-03 2.972210167747044163e-02 -1.759271783666007116e-01
5.411888656677613652e-01 -1.785412629888170066e-01 -1.237657152513164105e-01 -1.808796722637093790e-01 -9.104207684544721180e-02 5.876895301936474469e-02 3.123219320839183966e-01 3.874744374768409605e-01 2.611912939146949220e-01 -1.638039541690647083e-01 1.659164290511155326e-01 9.399994209633176501e-02
4.979912700402084891e-01 6.758536050426883907e-03 -1.041809949126689949e-01 4.970409017024388088e-02 2.591417271796344918e-03 4.465390082277154865e-02 1.608246692230152763e-01 3.419526664083976653e-01 8.231234859890683431e-02 -8.748055554670630674e-02 6.402629809262815573e-04 8.706156068435477735e-02
4.874181062164810729e-01 -1.723540294170118892e-01 4.701983936023342026e-02 7.751659831287652236e-02 3.863490590281035142e-02 -1.055931092660614412e-01 1.960066441215830568e-01 3.672301130422836457e-01 2.488874881289721286e-01 7.909505905015629112e-02 -6.921526341897268897e-02 -1.118171802416778604e-01
6.278507595714150069e-01 -2.087009649146823187e-01 -4.182450230797649798e-02 -1.559902381625046242e-01 -9.031374808752143379e-02 -9.640299286441715576e-02 1.576748213660290054e-01 5.342506199680618906e-01 3.625282267169688266e-01 -1.194428452987491146e-01 2.315589978310274022e-01 -1.183589620259782871e-01
3.635844588744165384e-01 1.539689423401514601e-01 -6.078087955902696654e-02 -2.815496054494629960e-02 2.708902352163772113e-03 7.931076562750942471e-02 2.485952534927416968e-01 4.271011309273258783e-01 7.568851591665233525e-02 -1.029925591311278976e-01 -4.822977711624104602e-02 -2.797062138794596114e-02
2.806465144348452290e-01 -4.934396118409236504e-02 -2.310642946887358495e-01 2.561673653155530639e-01 8.862134328027147789e-02 1.574601865861197658e-01 2.336260065211828441e-01 6.095177892226177896e-01 -7.478783708034056343e-02 -2.530371658419098280e-01 -5.655168682230951593e-02 1.215749120484705403e-01
4.297095790495638057e-01 5.994475074218069688e-02 -2.106226421258155235e-01 4.220603595253264589e-02 -1.314437379342350554e-01 6.779386826787288378e-02 2.030016164560130565e-01 3.697605012764056398e-01 1.611517517647673703e-01 5.762994761432545243e-02 4.935506879528543667e-02 -1.565756806722360533e-02
5.417482979697034740e-01 7.955500133010222352e-02 1.872347586305866257e-02 2.438749946110209746e-02 -1.549073990667372280e-01 -1.558893262134332901e-02 5.913971608515437850e-02 2.121401230580013397e-01 2.526775339858006730e-01 -1.033337473419240239e-02 -7.827200688567989562e-02 1.535592373467027649e-01
5.210896150580663910e-01 5.230030983608659201e-02 1.278275676575861830e-01 -5.191652094684894025e-02 3.078972249028736827e-02 -6.341175937923246297e-02 2.114134565909911723e-01 3.572157072145136225e-01 1.935659079429981888e-01 -1.822139855368382078e-01 -1.335042785408830923e-01 1.967342940494604467e-02
3.305379671809540731e-01 8.040726586458356306e-02 4.623450298657875990e-02 -9.757707822705111167e-02 1.455199964214923536e-01 2.309862814745924225e-02 2.338190406204044280e-01 2.358362857235243026e-01 2.076346409738755727e-01 4.253951352429816840e-02 2.229892878803439032e-02 -1.875205202124808346e-01
5.320559474531346700e-01 -1.612671189318990173e-01 2.167828878250646352e-01 1.482107940152155301e-01 -7.665071242248297501e-02 -2.057067439480395610e-01 1.803735771268666632e-01 3.888565844460803445e-01 2.196367816531366868e-01 -1.344906403789557503e-01 -2.239060986897030425e-03 -2.273312405955153076e-02
5.453608596410747245e-01 2.227776449198664785e-02 9.437804601869147214e-02 -3.432142880952404607e-02 -7.839002800342392829e-02 -1.971754874454655082e-01 2.038159439877769985e-01 1.897317528761512939e-01 7.873287458834717090e-02 1.138227712418898863e-01 9.915740297921157506e-03 1.346803629062465757e-01
6.226153142132466733e-01 -1.257550661514700296e-02 -8.534669669581824991e-02 1.577440073734472648e-01 -8.475271212905861884e-02 -9.355609634151085263e-02 6.895921152157642731e-02 3.524631265713005224e-01 2.820057346276541033e-01 -1.104576671699177282e-01 2.036155744867002709e-02 -3.463110101276992148e-02
5.122184289621771747e-01 -1.347193266337557704e-01 2.842315136663893169e-02 1.608288925503585653e-01 -1.310410852276679139e-01 1.245243882358221948e-01 4.073943926349819084e-02 3.042824763438960467e-01 5.556137347220590356e-02 7.899178184413576179e-03 2.392363695210131813e-01 -1.251241142469272649e-01
3.734916111583187481e-01 -1.155785439237255324e-01 1.127146429726443577e-01 5.734756151867272805e-02 -8.877870748696051195e-02 1.290073727709495355e-01 1.134059382954614031e-01 3.609766794838049075e-01 3.090509870712553342e-01 -7.613016578563783221e-02 -5.603823457019080356e-02 -3.663996971291968996e-02
3.463988538587326471e-01 -8.813188543072038306e-03 6.395282924074466302e-02 -2.021170257998175790e-01 3.095455006943980542e-02 -2.857035916089913086e-02 4.610750820542112716e-01 2.502365829155044352e-01 6.107882773719258002e-02 8.668512314233556282e-02 -1.584272055803317703e-01 1.803751018576323917e-01
5.569412970083467140e-01 2.762723479792918851e-02 3.995616277489751067e-02 2.228834601969310186e-02 -2.631233956559309028e-02 9.050344665886122381e-03 1.058874301524062450e-01 3.776011676395748529e-01 -8.003502994259976966e-02 7.408160085827085461e-02 9.100482979879116752e-02 -1.152618724159300972e-01
4.662070917731173103e-01 -1.011521092034515790e-01 7.053762243982500402e-02 -7.164940478998679807e-02 1.678583310395721784e-01 8.471279350198961111e-02 -2.016980969224038689e-02 2.918296695504837834e-01 6.441078660436874714e-02 3.151948641757654213e-02 -3.273696813753519674e-02 1.314616822879535185e-01
3.784680721663693515e-01 1.278610748110473594e-01 -2.606877028922281389e-02 9.892993213930936780e-02 -1.360994451634657265e-01 5.007213957702562335e-02 1.447427301523481202e-01 2.702086212127695619e-01 -2.390536607559910764e-02 1.525205178462063493e-01 2.176803778097561037e-01 -1.715807123948713264e-01
4.484764302609222097e-01 2.381332256049449245e-02 -1.222518537809587219e-01 1.199545714866955687e-01 7.232643468363307571e-02 1.090448315485224168e-01 4.544577280495621929e-01 9.314968240591579851e-02 -5.163047514399168175e-02 1.118910629860034832e-02 -7.819243354007862634e-02 2.491826962355555425e-03
3.740401586329848982e-01 8.299766505742699196e-02 6.057314130057615126e-02 -8.895204490164859701e-02 -7.461113033704699915e-02 -7.461962474963484276e-03 2.674387513925465809e-01 3.528483101354251694e-01 1.853552190258027921e-01 -1.222387519742381135e-01 2.766307386394020393e-02 2.517674207086716132e-02
4.025143275363666229e-01 -2.406802109670229395e-01 1.987578952471897031e-01 1.486973198532730300e-01 -1.602306478066066464e-01 -7.703627513881260158e-02 1.367028479281287290e-01 5.136990840581598938e-01 7.838492821351299156e-02 8.328824730345636695e-02 -1.290477915600521386e-01 1.277794471240797369e-01
5.375064562805974555e-01 -6.053874243740337002e-02 -3.729030566444061293e-03 3.237578633658921845e-02 -3.353531035861091053e-02 -1.991607580945130643e-02 9.483528090082493645e-02 3.104525003297509689e-01 1.980490560723026650e-01 -2.818320311379598347e-02 6.447797834851283494e-02 -8.965524191199735621e-03
5.892602323240797579e-01 -8.709575731707816515e-02 -5.762491272816763072e-02 -1.982754004919985019e-02 1.067306441992746935e-01 -8.115340234100300310e-03 6.480019026976149843e-02 2.649733259447470957e-01 1.517336396355057904e-01 5.567246560222418456e-02 -3.433262270251641324e-02 5.665484684714205965e-02
3.919434839960370121e-01 1.110756423038733731e-01 -2.933858034815455679e-02 9.956746880450259574e-02 -1.212004652179067277e-01 -3.369598505838823643e-02 2.257640673793436525e-01 4.533345822395908331e-01 8.483966173917310838e-02 -2.657093450560574222e-01 1.402232062660280221e-01 2.602543474363124693e-02
6.403392457512296909e-01 -1.508254616024216066e-01 -4.503102358564951835e-02 1.927965320367771018e-01 3.744661493981331357e-02 -5.664129768527748771e-03 -5.781937183634359989e-02 2.472027789205248627e-01 2.432469935495732150e-01 -1.411457459406058497e-02 -2.480857160071994194e-01 2.433372839879569260e-01
6.030965201320640512e-01 -1.168335857635944275e-01 1.834827693136181076e-02 4.161314124569603923e-02 -1.931020001749252646e-01 8.174820312079641993e-02 2.999246576690223209e-01 3.060717325566470470e-01 2.495246949592072327e-01 -1.762355234819706351e-01 1.729554088392716007e-04 -3.149990081147086701e-02
5.553561833440094908e-01 1.534290265521915525e-02 -8.737568163293500667e-02 -2.821332730537248756e-02 -8.504517263752646439e-02 3.923517738053453746e-02 1.783332237356579919e-01 3.447967335519772081e-01 2.172737685292444321e-01 3.577137531341774423e-02 -3.222165420246248316e-03 -9.942384572230779372e-02
4.486394556336649742e-01 2.603260229559128947e-01 1.090783544053906123e-01 1.033747577327859685e-01 -1.226121953386174190e-01 -9.494641980038194540e-02 1.786868756759787125e-01 2.011650822283877760e-01 -8.362295210430693848e-02 -5.069044048170543576e-02 3.302637541391378884e-01 -1.968331232545743881e-01
4.091498157910327116e-01 -2.568075261419165353e-02 2.616450174118326033e-01 3.856725831063158305e-02 -4.649531375930263805e-02 -1.968373266112912953e-02 3.187370412337515169e-01 3.087144943059336177e-01 1.150714675542230045e-02 -1.486632720482333747e-01 2.801175041130891247e-02 -5.298028134538389916e-02
7.115290160177274448e-01 -1.765623184889227038e-01 -6.989979587851577469e-02 -2.595566440262691565e-01 -1.744923075673428248e-01 2.710333562440871980e-01 1.074969838724390281e-01 2.348261516588695808e-01 4.531590769328530666e-01 2.712747450975054597e-02 1.073081448128028192e-01 -1.491399662958066974e-01
3.805749847179711320e-01 -3.718989377586411071e-02 6.920940931139491457e-03 2.172792155452082097e-01 -7.419682283308814963e-02 -1.903705857128974166e-01 2.713010414248151481e-01 5.795348719706887586e-01 1.270185357115406199e-01 -1.081169598297223727e-01 1.374012828087387006e-01 -2.273274391668573258e-01
3.592328143940178298e-01 -8.262055608253293659e-02 1.701199296148812046e-01 -1.145421368639047977e-01 1.553486287413287092e-01 -6.461989590859837373e-02 3.150241133035909247e-01 5.258109876948093842e-01 8.730164099380369191e-02 -2.273909269035362113e-01 -1.434244858189442362e-01 1.025890586267577120e-01
6.696911322337286698e-01 1.499132540621124499e-01 -1.232269914328677218e-01 -3.403219126743851908e-02 -1.349985859300492988e-02 -1.417825051684092896e-01 1.010022576035392444e-01 2.800743742156532323e-01 -4.432521656355525169e-02 4.848694444457309766e-02 7.333175806022086685e-02 1.171962141971208959e-01
4.625249755147022301e-01 5.928583032617475851e-02 -3.190223468153001452e-02 4.125393094798376209e-02 -4.472882654118909285e-02 -5.416798429713647750e-02 7.017535433866826933e-02 4.178760735254458125e-01 -5.714403314098819714e-02 1.788650174034658036e-01 -7.139361102650098809e-03 4.793042949872575176e-02
2.979726580196489505e-01 3.008958096966136281e-02 -1.793588626447815693e-01 1.788115441706201458e-01 3.393734291535917269e-02 2.700680566477171168e-03 4.886269434371740689e-02 3.626473669017952761e-01 1.606189506718723181e-01 1.688643108090546185e-01 3.356258948259843167e-01 -3.579429897577364184e-01
3.902380129802336950e-01 4.640473797455840765e-02 -8.688802326027963985e-02 -5.876858224869057831e-03 -6.313137883402229755e-02 -1.153259352142430721e-02 1.270813886893623346e-01 2.701888258007113519e-01 2.110814883513991991e-01 8.719665306345056321e-02 3.296396421761466078e-02 8.510295455493789574e-02
4.656909217503905074e-01 -1.671029812377011758e-02 -8.090924847767660966e-03 -2.130451369634802153e-02 -2.898247651855508783e-02 2.833279999795661891e-02 2.125630080222269402e-01 3.010849629659842486e-01 2.642441567913641487e-01 -6.007263819964703960e-02 -1.472320883248938797e-02 -3.920261751767244868e-02
6.224054140234527299e-01 -3.140685211633252594e-02 -7.871159987451083195e-02 3.998242419547005239e-02 -4.176113703186118409e-02 4.023527353876385493e-03 1.520556747973638712e-01 3.137550999802309337e-01 6.920115392631505380e-02 1.451469189800583086e-02 2.019658891403840889e-02 -1.425814274376172031e-03
6.058384330547371688e-01 -2.641960667111933336e-01 1.323256810192822985e-01 1.348305749029132528e-01 -1.258617817647696424e-01 1.230210580206711826e-02 1.960358373831716794e-01 2.920838872854721324e-01 1.409057156503743802e-01 2.007548687479923655e-02 6.963971291549077292e-02 -1.311504146206725063e-01
5.694068787676566101e-01 -4.126299240486572956e-02 1.205764949929253455e-02 4.177536778569782699e-02 -1.775756693085649499e-02 -1.031915196605943386e-01 1.344804546705079817e-01 4.199399606657061024e-01 9.722037561157673147e-02 4.655257077442916114e-02 -3.057840601244447842e-02 -4.581360097443310658e-02
4.384303098188353509e-01 -1.611013284845276283e-01 5.102010083341383673e-02 3.375667961318833121e-02 8.106809812560089590e-02 -7.389822633895939963e-02 1.866702817622085120e-01 3.719753574441231336e-01 2.508753451981983740e-01 -3.786023576606086655e-02 -1.096243492729242763e-01 5.151713885857643616e-02
3.977683782619947372e-01 -2.440401692265093368e-03 2.204926005235473552e-01 1.058358701794455542e-01 -8.465658715825098712e-02 -9.331210299610580641e-03 2.896994556018607225e-01 3.063378378779441080e-01 1.734661455209391967e-01 -1.112660681598161422e-01 -9.567275024690738428e-02 -1.074040986172086626e-01
6.712299288831431454e-01 -5.018717651475522457e-02 -1.578415591405523122e-01 1.465121070959464755e-01 -6.642461950763769996e-02 -5.746422042164386901e-02 1.751105280372727280e-01 3.737581549694952154e-01 2.587041282852785562e-01 -4.878323964386276079e-02 -1.256694388145109809e-01 -3.611542143650053882e-02
5.281644716827529340e-01 -1.101663473660317027e-01 8.000286315332905129e-02 3.920303587764918662e-02 -1.894202643351549087e-01 8.751011986343197602e-02 2.281546954560268736e-01 3.269509171179468265e-01 7.274119906044146378e-02 -1.578576343062967902e-01 1.453145239947195022e-01 3.223159159285837044e-02
6.009685078543361980e-01 9.329582609277428662e-02 -3.123820145864021347e-01 4.741066518984225764e-04 -1.898645199563858965e-01 1.674655808737627316e-01 -2.779519818467317271e-02 3.815945479368135773e-01 2.115144399850227286e-01 6.905151670295113508e-02 1.255704845412957404e-01 -3.706410611972069807e-02
4.723058212881803830e-01 -6.107031377242797682e-02 -1.095048678075356274e-01 2.852285040920827901e-03 -8.699075467220744595e-02 -4.420752758506068386e-02 3.913843593337499316e-01 4.292067093835768565e-01 2.187586877043084244e-01 -1.024297680953621670e-01 2.953050463669851244e-02 -5.700596366316841579e-02
5.465421239598863279e-01 -5.774453308096497844e-02 1.631701719277434404e-01 -6.896697081600160206e-02 -1.592985309437270902e-01 1.184741382666145218e-02 1.246782067150301182e-01 4.815492987164583516e-01 1.616418325758526564e-01 3.166130808141452008e-02 2.038579986017233225e-02 -1.726369490308526933e-01
