-1.228205986523895898e-01 -7.752722291280400579e-02 -1.337888207004188090e-01 1.069430456164348342e-01 2.537778621064800122e-01 1.310482701959320151e-02 -5.762025630188492148e-02 -1.565187776758206195e-02 -3.654832385049203158e-02 9.141987438563578539e-02 -8.128967978417550588e-02 -6.879673472621919417e-02 1.558444130623355683e-02 9.659266575947145217e-02
-4.774286192173470694e-03 -7.563148601049732300e-02 -1.775131267707391325e-01 -5.783793884266451475e-03 1.472387398288921567e-01 -7.797266000651625895e-02 3.527211266141828949e-02 1.667898661541043492e-01 -2.200658899463731610e-01 2.111795321094898370e-01 -4.560399015921287602e-02 3.134029924916677950e-03 -8.183373893718480507e-02 1.089438927260247963e-01
-3.780251769611495810e-02 -1.318018343743865561e-01 3.245522158564482784e-01 -3.313206697501827058e-01 -8.651547380083754457e-02 -2.865925327293621788e-02 3.337359301796820332e-02 -2.022002840630022780e-01 2.364753700808868153e-01 -9.656991989523047715e-02 2.501666525217293713e-01 -1.524835133944358878e-01 8.946041150140822407e-02 1.167044247665683376e-01
-1.268111524678655622e-01 -6.795821829348115684e-02 -6.180643661367946073e-03 -4.076038179204570511e-02 1.379635121724173963e-01 -5.518293804275230252e-02 -7.532678508944054552e-03 2.072689715300782276e-01 -2.325183377070781654e-02 6.481875047165699955e-02 -5.019470070065054634e-02 -6.716875414164949487e-02 1.133881283619816854e-01 -9.501885965878711926e-02
-9.120702195164714920e-02 -3.891738347986032492e-02 -6.988544534760676719e-02 -1.739862583886921110e-01 9.204116017717418885e-02 1.613589591611933050e-01 1.184568963131681640e-01 -9.466410123556326384e-02 -7.691046691829094006e-02 2.450002386053196785e-02 2.395128871119883152e-01 8.352201826340097113e-02 1.030098510201953033e-02 -2.007430511699332676e-01
-3.617211182029830829e-01 2.827182128221437107e-01 3.142674244860893529e-03 -1.362370696001400650e-01 -1.010301864914358028e-01 -1.145146050466976789e-01 2.918226758786399144e-01 -9.443781737184592240e-02 2.769895394701493707e-01 -1.435876562053493011e-01 -2.442475883055984509e-01 3.399027855291240074e-01 -9.666177805650494337e-02 8.124113283351985793e-02
-6.216854953380405308e-02 -4.060924347102326526e-02 -6.512109162950352470e-02 -5.116925177363768062e-02 1.420906269653454124e-01 -4.423626421349335924e-02 -1.420910642249794131e-01 1.737550161943287597e-01 9.715602717147536760e-02 1.782409004785897796e-02 -8.640029221534156756e-02 1.731536814721843509e-01 -7.136947401608194352e-02 -5.743500927544539780e-02
-1.881660140011900684e-01 -1.604007142860942037e-01 -2.470530071812228057e-01 -1.699687763731080603e-01 6.489212869252972693e-01 -1.110082429179798935e-01 3.457355722247217045e-02 1.564743560455982285e-01 -1.851753312528130468e-01 4.486689723613278280e-02 -1.713141985457787009e-01 3.030741960429457205e-01 1.020687114569838183e-01 -7.351351887336057822e-02
-8.915887647929464366e-02 9.302288516303599403e-03 -1.386201572301710705e-01 -5.530462927557014408e-02 1.766077842866777270e-01 1.400895394440269774e-02 -4.230253127608506886e-02 2.681465064482718152e-01 -8.840185335559355706e-02 -1.213647712373697035e-01 -1.345575480338040419e-02 8.901944188660315671e-02 1.411695711830779354e-02 -3.921415704521954981e-02
-1.395508512299898918e-01 1.209130401696492801e-01 -2.330083724739397399e-01 -2.191339050975918967e-01 1.916059351627228124e-01 3.066343707321660950e-01 -1.452818321157533510e-01 -1.095658131763184856e-01 -7.185819539781627963e-02 2.198358545101480321e-01 1.789112174004359179e-01 -4.777889881446655690e-03 -1.193790283057878654e-02 -9.940645427380447041e-02
5.933644371586298261e-03 -1.097752725898021031e-01 -1.346751822152710866e-02 8.711061593840341288e-02 -5.367662917643900578e-03 -3.009267831241030366e-03 -1.608762970157920358e-01 4.029488227542274426e-02 -2.247921125821102928e-01 3.261882132253262623e-01 2.360226851149532790e-02 -2.719177073853301652e-02 -7.689899297724925309e-02 1.216284720495472427e-01
-1.624254703789955734e-01 3.463871648989060303e-01 1.668022873093317759e-01 -5.216684146690798718e-01 -8.955354221985574459e-02 4.885854234103936128e-03 9.033557047621208758e-02 -3.887637705063208549e-03 1.100390146239766803e-01 -9.050884613929743860e-02 -1.332310358501299363e-01 -3.167414863857317270e-02 8.112575962317851441e-02 2.167526459331684807e-01
-6.797016991835745647e-02 1.000061995734703585e-01 -8.946395938814652449e-02 -8.648089035325806639e-02 9.693376546483255252e-02 3.707880400074246158e-02 -1.337942956638005776e-01 3.400133954165671796e-02 1.510033288037049629e-02 6.894784943063274329e-02 6.221160667191912019e-02 -4.700948192928712521e-02 -1.002848547525850842e-01 9.410295593969295047e-02
-8.059581651186330242e-02 -2.006736655360044988e-02 -9.607041695092076103e-03 1.061953050034992671e-03 2.243699169247713107e-02 1.590597009194670217e-03 -2.585380615016441910e-02 4.971586145730321621e-02 2.435708486716967741e-02 1.170104107584818767e-02 -3.282798785355241743e-04 -2.666027332216720433e-02 2.881532528199795204e-02 6.812931175279746815e-03
-6.714586557587715054e-02 -1.161569076363760944e-01 6.697478338422596655e-02 -3.320012692805002774e-01 3.390795018744756084e-01 6.723213821182019712e-02 -1.369291095556420812e-01 -8.288431960733234904e-04 -9.551774997607566375e-02 1.222914185449515551e-01 -6.233320026372422828e-02 2.577517793833168369e-01 4.674271575284196650e-02 -1.057801901694806201e-01
-2.113748900430333366e-01 8.944334223978885057e-02 -2.310032052137538650e-01 -1.979992273229061739e-01 1.564814616438007788e-01 1.883817775333461730e-01 4.312187129030415483e-02 2.876347870136214957e-01 -9.714318128651278084e-02 2.519054644652607422e-02 1.470912007029993029e-01 -1.413518166415051458e-01 -5.575316338432990265e-02 -1.934030148046299302e-02
-5.775666514826519049e-02 -1.202657960693528094e-01 2.495242328628420880e-01 -3.767232202039889066e-01 -1.070951070306704056e-02 -8.188779453445826917e-02 -6.035437039758049377e-02 2.033078208820114363e-01 1.095792878405779658e-01 2.126103484425924950e-01 1.764220869839354111e-01 -3.924235116137134161e-01 -2.800138412603041943e-02 1.600576772823797678e-01
-3.461806331102370432e-02 -2.346426499740803528e-01 -2.913648711558142756e-01 9.795143496161118346e-03 2.560801797084178433e-01 2.926594424685705076e-02 2.286907064401920431e-02 3.050655024760710599e-01 1.555647644044517164e-01 -1.182103851180222182e-01 -8.501125570451489866e-02 1.388504432039184000e-01 -1.222679697493442297e-01 -4.799665166921408821e-02
-2.412850068950047472e-02 7.083331648378225764e-02 1.670415852538761209e-02 -2.269305227552012305e-01 4.505244693832780728e-02 -2.074644682086967673e-01 1.941903870507430130e-01 -4.569679658889427842e-02 1.190738620894453426e-01 -1.996848989574505628e-01 1.663166199258453437e-01 -1.670322983369673109e-01 1.368635698542582380e-01 1.052823261668035248e-01
-8.105535936893400184e-02 2.344206279148446093e-02 -4.357670599000490474e-02 -1.166450063549101870e-02 9.600066184824146420e-02 -2.789723955293246793e-02 5.017377440904322028e-02 3.819717721296874563e-02 -2.862529503520910845e-02 1.476546911867587623e-02 -6.342310932252744060e-02 2.105055558364331281e-02 1.208766795948906791e-02 -1.609595752056460286e-02
3.020141010819291094e-01 4.502141551870443847e-01 -7.333598545417538972e-01 1.881293946369518300e-01 -4.398553541057898530e-01 -7.387547692038676228e-01 -1.797407136409402695e-01 4.179532956013445322e-01 -3.967674674851530137e-01 3.796619402501897889e-01 3.564999642750453779e-01 1.582032711232708444e-01 -3.549276871502434205e-01 5.741089254698549249e-01
-3.224153606577510045e-01 1.444901001423593012e-02 -1.580170359663365942e-01 5.346911556263467258e-02 1.345662868439747029e-01 1.049070188241029711e-01 5.134196489027570420e-02 -5.794295304496125537e-02 2.791379155646820931e-01 -1.030013065835189701e-01 1.806362502535071024e-01 -6.844947611543650279e-02 -3.102204196510893741e-02 -9.428018612241720331e-02
-3.100672860611770193e-02 -3.232006203535772726e-02 -1.310338603023545323e-01 -2.127865111288485822e-01 1.900308125071918097e-01 1.043060868748195147e-01 -1.295462316681959269e-01 5.056781355613084589e-02 5.155775417800503163e-02 1.166014643544323187e-01 1.277106144599968740e-01 2.159782622227976456e-02 -9.335939118505897499e-03 -1.329638377955932038e-01
-7.715954759081497527e-02 5.590057554217475744e-02 7.032810194384675473e-02 -2.552561814301959608e-01 8.417186338077645158e-02 -2.971812739344273369e-02 1.431991033414718173e-01 -9.092925040731475450e-02 -3.600241816460772459e-02 7.312721089619798887e-02 -4.933627571083942787e-02 6.102344650513846780e-03 -5.488892884972083885e-02 1.438407312898374313e-01
-1.058416670586396907e-01 9.015370074065527650e-02 9.667095426257764010e-03 -8.265312067635541271e-02 9.700770918528643649e-02 -9.743530312756973344e-02 7.817134227327993123e-03 6.659196206283930775e-02 -8.454218383567747852e-02 5.512526067597162821e-02 4.816956708838234652e-02 5.265432402196170043e-03 -8.103652640384981232e-02 5.509014079105778450e-02
-1.585316676112431544e-01 4.896477679380534243e-03 2.036658362807114431e-02 1.138489660553246990e-03 -1.619687643074585459e-02 -3.948977488271657871e-02 6.252430960183869013e-02 1.381972379128270506e-02 3.198463389452685379e-02 1.729923104697400071e-01 2.294017980629854681e-02 -1.141175334046716922e-01 -2.211933810535332556e-01 2.022457263491014290e-01
-1.099146665315041682e-01 -1.098483995359827436e-01 -5.084567508943033110e-02 -1.069446349547324426e-01 2.186373941095594298e-01 1.477364438165963967e-01 3.950655058942817432e-02 -1.147130286408895306e-01 1.546781031046301491e-02 1.406184971097714786e-01 -9.540374039817686724e-02 1.222089004827088266e-01 -1.968923482416126136e-01 8.376609847168411949e-02
-1.145030425571376131e-01 -3.974817159916392909e-03 -7.083807093284034267e-03 4.098711013412025678e-02 1.001276039190680672e-01 -1.634941008043254984e-01 -1.127685691161905424e-01 1.725593211099563373e-01 3.338681836855446339e-02 -6.310704106560399707e-02 1.016448169432540710e-01 -1.448003060502250916e-01 1.689405515554516513e-01 -2.453533668583907784e-02
3.891899358996749048e-02 -1.532264899005637282e-01 1.366440324824506891e-01 2.175579917946354747e-02 -1.500559504542799405e-01 1.871183479061454616e-02 2.852492268188605226e-02 -1.319491307674419134e-01 -1.408414974347367843e-01 -8.109508752300308154e-02 -9.925021867326710989e-02 2.768651850631437816e-01 2.738463790806458520e-01 -5.546957061699688690e-02
-1.308899941600918382e-01 -8.929621886521238450e-02 -7.244297420990762904e-01 7.290477861342367083e-01 -5.953252220541191964e-01 -2.210974886042849086e-02 5.838165515233889602e-01 -2.420304749461594795e-01 1.180955930898991424e-01 1.468683694186077027e-01 -1.202786869195200808e-01 5.908356447374563114e-01 -2.886936539953933178e-01 2.776899849429448341e-02
1.766534411246903635e-01 3.235073361941832176e-03 -3.311887355615866779e-01 -4.156566923533110136e-02 1.030738807026293502e-01 -1.732661500653261688e-01 -5.774413637326183957e-02 1.331145709732966254e-01 1.506584075677537271e-01 -1.597885531064508202e-01 -1.521205818962282838e-02 -9.333131301153629877e-02 2.310279221635115621e-01 5.771252114717487919e-02
-5.284287524656152563e-02 -1.365042734591961071e-01 -9.164002684599036053e-02 9.013057733638689395e-02 -9.458209765222210658e-03 2.815020611713777224e-02 7.377977584412624690e-02 1.257952365106181081e-01 8.226664422121482412e-02 -9.079691472848382128e-02 9.243831380825547062e-02 -6.914704999588290601e-02 -7.576024318183269268e-02 1.696804088331288485e-02
-1.126153249620353708e-01 -5.997398832618929670e-02 -1.757098283844598097e-01 9.112309614934954727e-02 1.878909429954715368e-02 2.084921217891450296e-01 8.099282584458282475e-02 -4.472457269989131567e-02 4.327240003969168303e-02 -8.801154981420507284e-02 1.354621192176454041e-02 -1.236460331628889825e-01 1.174985443150023540e-01 1.434620448846938255e-02
-9.447563033271198785e-02 1.124157797739433300e-02 4.520010669741109446e-03 -3.388895169664123130e-02 7.752066335671292663e-02 4.516361433872814399e-03 2.438250005130524270e-02 1.778577897848531916e-02 -2.518904866916987784e-02 -4.743161342463433211e-02 6.299935968668551184e-03 4.729037864744436818e-03 7.260839109323598620e-03 2.610774021079170434e-02
-3.637919411400679891e-03 -1.360532749821770915e-01 -2.490569238808721872e-02 -6.269002313221078149e-02 2.745607670900172548e-01 -7.832822071979725354e-02 -1.357664952638542866e-01 1.715659489780369806e-01 -1.381074264486861214e-01 -2.028973815150006965e-01 2.880504518938852010e-02 3.210761438166803150e-01 6.412086161716651356e-02 -9.436313133219287330e-02
-2.286421503195886773e-01 -3.029683075014698301e-02 1.512076264294033856e-01 -3.472928287208566084e-02 3.510804464047680151e-02 1.600645353897992562e-01 -2.062903584431863002e-01 1.281300805616585881e-01 -4.314922370237956467e-02 1.566625249049735935e-01 -3.223364097866485145e-02 -2.575659566231547348e-01 1.096340704516173131e-01 7.547976280916052216e-02
-9.628655056439680560e-02 6.764883142702053480e-03 -2.565006617869157457e-02 -6.450708685032967293e-02 1.426479779360362299e-01 -3.056441781748657840e-02 -1.952680370049856076e-02 -1.655415356475791605e-02 -2.083062253165143124e-02 1.100649819564830240e-01 -8.617635811186258321e-02 9.248723902116734452e-02 3.706475280271193801e-02 -4.555457404154283907e-02
-3.411180962838769037e-01 1.151173020558691751e-01 -6.792578441301949654e-02 2.198413466373216885e-01 6.300660619204778712e-02 1.087497026969481417e-01 -2.302459482424868142e-01 4.985115119874208855e-02 -2.748662383183186897e-02 -3.813349779472802181e-02 -4.889086316435529989e-02 3.866582541540272006e-02 -2.700392073399381088e-02 1.689520017658432127e-01
3.297555602618795767e-02 -9.475598125893310540e-04 -8.534473468294526133e-02 -7.420970202251844783e-02 3.219843254651424957e-03 1.014849223149452140e-01 -6.360690462815371538e-03 1.256843953274927872e-01 -7.527335558166242668e-02 -1.150486141153459207e-01 -3.605891603762611478e-03 -5.645732787252107782e-02 3.885052739365223856e-02 9.841183333511346887e-02
-1.938627737036198728e-01 6.002724702717744665e-02 8.739752703963282743e-02 -6.733746254375903850e-02 9.336922823251954384e-02 -4.944957750506932120e-02 -9.557897560067599163e-03 1.179665021162862870e-01 -5.405968049645411624e-03 -9.757321872542915053e-02 -3.480510725197560884e-02 -1.295955737991656698e-02 -1.021410708145766358e-02 1.057843668832067346e-01
-2.531670930018442567e-01 -2.394938301434720029e-01 1.889632640550099885e-02 1.045775626284243670e-01 -1.647011848354741903e-01 -8.183881725805267071e-02 2.847605265154764531e-01 1.569089454012113083e-01 3.433214709611504545e-01 -3.777024140723330564e-02 1.977288135408306613e-01 2.059989590122337372e-02 -1.732534107694012060e-01 -1.931897624404572966e-01
-4.149652250288099475e-03 -1.647273292301858483e-01 -1.494755090656724184e-01 2.871928100431720976e-01 -3.376640874229607653e-02 -1.079083781119907215e-01 8.344188705309821263e-02 2.076887777751991182e-01 -8.173616544536912998e-02 -2.828678079213547414e-01 7.672867277601219671e-02 -6.089886340119237546e-02 4.266766458006690521e-02 1.711895034386835268e-01
3.143702511525060805e-02 -2.247680459895287086e-01 -3.993964033162732130e-02 -4.031404623810214832e-02 8.874987558243770114e-02 -8.242441690389021303e-02 2.129994291919545535e-01 9.421465483424065757e-02 2.384023249794813004e-02 -7.690171553214897315e-02 -8.943482360797207209e-02 3.098030453389840483e-02 1.409617591911122292e-01 -8.602139084569029870e-02
-4.358706107912793670e-02 8.961084161658378067e-02 -1.297349575478863315e-01 -2.025054869594323237e-01 5.695317656372050896e-02 1.865929722346743383e-02 -2.014638567289124549e-01 2.015386688251153968e-01 7.379248019803055780e-02 7.223280849041935348e-02 -1.906031647641215701e-02 1.761871559849782776e-01 5.866920038593409492e-02 -1.679127489985954846e-01
-1.336697680165621072e-01 -2.590683882649810060e-02 -8.663147331189498257e-02 7.992735632212950858e-02 1.159882142734323385e-01 1.469601311594086190e-02 3.976125466565715028e-02 -2.034233555016286971e-02 2.115851607460482106e-02 -1.349264244719606057e-02 7.081323423334828782e-02 -1.557142276139568231e-02 -6.617335839764081074e-02 2.822452124120245799e-03
-4.154885069738255554e-01 -3.077207417291613623e-02 1.899758444086087905e-01 -6.828979437420119869e-02 3.935762747174485071e-02 8.025399552219940336e-02 3.452094534558927674e-03 1.685837663897091915e-02 1.447219269573543632e-01 1.130596865398949963e-01 1.116220668811794686e-01 4.106445874671113550e-02 -2.229195483903427255e-01 -1.951695229205467272e-02
-6.498723359654492993e-02 2.585657010373970666e-01 -1.232924362495049220e-01 -1.950813454097171662e-01 2.117790656174831088e-02 -2.491081503385311202e-01 3.306733926924347866e-01 -5.430256140410347210e-02 -4.977075982409717159e-01 -2.807955636443523750e-02 2.638099075849785757e-01 2.347752333913736000e-01 9.661422543641509653e-02 -9.678283602656254092e-03
8.629233611779668633e-02 -8.705175326708940176e-02 -1.660313615735262149e-01 -1.199231250994221842e-01 -9.571571382823119978e-02 1.685332815583242549e-01 7.354316705295636802e-02 3.183243566989740203e-01 -3.417475098556232438e-01 -3.008529481768090069e-02 9.210377068764539696e-03 3.325172024726546355e-02 1.714389888855543109e-01 -3.666026769017992348e-02
-1.888555722644416068e-01 -4.182318026828977381e-02 -2.590210072838892152e-01 1.662317679485169897e-01 1.564783604341286882e-01 1.663601075101509008e-01 -1.756008320819907667e-02 -1.479110675494890031e-02 -6.770463693651714021e-02 6.131973727622370279e-02 -7.870887182761636403e-02 1.376378281951111393e-01 -5.777316087905372960e-02 2.158901955670696621e-02
-4.054715569684908677e-02 -3.846432945888404037e-02 -2.850968813617518402e-02 1.533160916117826816e-02 4.637546026429537060e-02 -2.010221879159676192e-02 7.073095881894330729e-03 7.268502253198212693e-02 2.751998787689725542e-02 -6.359375883510332006e-02 1.928557058104013455e-02 -2.671025172639177742e-03 2.469652326482076748e-02 -3.569989197297808448e-02
