3.746765855743296181e-02 7.294829408341581278e-02 1.027376004464636977e-01 -9.946922155926538056e-02 -7.814755618074729904e-02 -1.547366430628681622e-01 8.065986253996329861e-03 1.523555740660717528e-01 -7.288697573270989938e-02 -6.536662874636071929e-02 9.638169150051660583e-03 1.758359918888623141e-01 2.627406017247611580e-01 -9.308366465492808051e-02
-1.338721356187244638e-01 -1.125759196117765981e-01 8.551193105674234629e-02 6.845648211343158263e-02 8.074799760459056008e-02 6.519176073835217244e-02 1.749140473014452746e-01 -1.944342097143642034e-03 -1.593971850772146759e-01 4.895940413479238362e-02 -4.347595151383110146e-03 -9.159496562254984542e-02 1.419850610537235491e-01 9.606464540989052836e-02
2.601816375590397523e-02 -1.592490304301146242e-01 1.979665821169269702e-01 1.337485521171843661e-01 1.103586333976028649e-01 -7.418518103144798592e-02 -1.055434052031972575e-01 -3.197968013308014751e-02 -3.197623733968548709e-01 -7.521265913991230512e-02 1.148672667764696620e-01 -8.798062799299878611e-02 1.887325498623990405e-01 3.403203955352952503e-01
1.225934490624725759e-01 -1.503841324694950299e-01 -5.011449771102875761e-02 -5.896339642415303339e-02 1.018890945916785251e-01 4.962307959683404102e-02 -8.486119181898874042e-02 1.008719772901812417e-01 1.282342196512520349e-01 -2.386668718951567500e-02 6.512365719644844231e-02 -3.996290790237247426e-02 9.696070777374297955e-02 9.558145871200096535e-04
-2.400363266361428272e-01 -2.024571550878993820e-01 3.437149629154969133e-01 2.123512346132341161e-02 -1.543438724954266095e-01 -3.399607775970079487e-02 3.213097373625576902e-01 -2.409736217325276764e-01 3.117134657350686955e-01 3.403430081416314867e-01 -3.181180669213665158e-01 -9.988544760681769552e-02 2.609680091162255855e-01 -5.137455225824599792e-02
-4.597016205227037744e-02 1.885888242549016436e-02 -2.267650655944650553e-03 -6.861787534747114392e-02 5.350854603584521280e-02 9.905869286677373986e-02 1.046435464840887314e-01 -4.332977016880359966e-02 -5.194646117128304263e-02 5.500232731094006206e-02 -4.875889910731819044e-02 2.725807565615100472e-02 1.821389572716728966e-01 -2.147902331369466733e-02
-1.122550505245699382e-01 -1.415019654089043899e-01 2.339258362159829796e-01 -7.340734014139718711e-02 1.551117536204273950e-01 -4.854684048042434696e-02 7.217917822013752982e-03 1.039563227979843907e-01 -1.442052875292920422e-01 -1.440694536812893445e-02 1.612832942305048589e-01 -1.788948306705704094e-01 2.656325589157490508e-01 4.418976275480094446e-02
9.637689211754736640e-03 -8.582304874325115407e-02 5.595479330711743138e-02 -3.334689906453862374e-02 3.955568330789277498e-02 7.786427777005160145e-03 7.594815335472095141e-02 2.644345554726298606e-02 1.435805438503683085e-04 -1.830354325047351197e-02 7.901132882728013895e-03 9.948507732641982335e-03 1.807497914303422548e-01 -1.849653780287720262e-02
-3.979972227566098281e-02 -6.694288507027681967e-02 1.658604512631589589e-02 -3.481729695218854781e-02 9.121366614497808389e-02 -8.658151316146399379e-02 1.168915111361599896e-01 3.648307297018543033e-02 1.483722511461927074e-01 1.088680383197327961e-01 -1.469540840037483753e-02 -1.154140023001416493e-01 1.484423814977356981e-01 -5.050695194701761148e-02
-2.333630536791054810e-01 -1.727044957876847919e-01 1.335542530416843066e-01 -1.966597325478226452e-02 2.108059112277895497e-01 -1.077855040371129836e-01 1.183472077692379332e-01 8.801744545733952707e-02 1.778671203788498301e-01 1.017832451640197367e-01 8.247372939212610499e-02 7.948452701879365340e-03 -2.363849060865166885e-02 -1.055406615314129076e-01
-2.346246274300811396e-01 -1.571202344122338279e-01 2.108345483282184352e-01 -8.176645494038926876e-02 7.789497139250953217e-02 4.127095010831853539e-02 1.602566563423467039e-01 3.310092846392906352e-01 -1.700016236180633411e-02 -2.569041129451550831e-01 -3.601184066045994836e-01 2.983113285723981711e-03 4.656847949200223491e-01 7.569886591201119286e-02
1.536655476575490842e-02 4.839208886013132704e-02 -9.239135828010164309e-02 -1.158133542079203826e-02 9.738963849755882807e-02 -3.680300179422615198e-02 -1.579266720071529490e-03 3.230431136778341011e-02 5.442955224016414462e-02 -3.568985518155538827e-02 -1.251389223245794047e-02 -4.899910308310188867e-02 2.000818944838335667e-01 4.969295873125652296e-02
-2.962173087304709740e-01 6.004431896830856458e-02 -2.651813104088513451e-01 2.268170354347468498e-01 2.526901738505126227e-01 1.311460932077360142e-01 -1.464625413942407806e-01 1.331273771041913689e-01 -7.800578237294350514e-02 6.918522816009953225e-02 2.263660982244051212e-01 -2.897374537692188334e-01 2.695710593332500959e-01 -3.524380137334852392e-02
-1.489797667242860613e-02 5.832100749196131306e-02 9.825544379715447918e-02 -9.797498077796568117e-02 -4.040929718793422748e-02 3.600588704174953643e-03 1.854716135219913048e-02 1.113405404611072028e-02 -5.517363486974870106e-03 -9.515894901128262029e-02 7.865533049779258046e-02 5.587388585341547358e-03 1.810022294530818643e-01 5.695454944294560395e-02
9.138988432877907797e-03 -1.098752753961539513e-01 -7.617176254899496457e-02 9.546236736167289932e-03 8.074875471070266930e-02 1.004709325042685841e-01 2.049039115241499120e-01 -1.213949266252441483e-01 -7.208487926785898947e-02 2.812898811843066171e-02 1.195896095271701820e-01 5.647296631486069252e-02 5.826559305426853158e-02 -2.963995085046826350e-02
8.261419757680921183e-02 9.490481733104813578e-02 -1.207234987985945085e-01 -1.926047901424864928e-01 -2.431858955607703043e-01 1.221584292499371949e-01 -1.409643210386167522e-02 -5.724976486725850966e-02 -2.544724385729462135e-01 5.178936102515213635e-01 2.249749956234968207e-01 -2.168644903088256526e-01 8.397518539290799167e-03 3.063529280168159064e-01
1.027916798058205183e-02 -6.957061208030965171e-02 1.230845966338803832e-01 -5.549613642545833669e-02 3.419194301334572278e-02 -8.627925024779949104e-02 2.594355440239905219e-02 3.294360930239191576e-02 3.415571317845984833e-02 2.740357185127643980e-02 8.123398796094800922e-02 -6.889123191964573178e-02 2.157260601884414264e-01 -4.662578760433550712e-02
-1.729397616536762494e-02 -2.025367119563728502e-02 6.355080600207069219e-02 -3.741871043351011061e-02 1.155146939791264898e-01 -5.234487128968648428e-02 4.558023847413913976e-02 2.890318706325435694e-02 2.076038090838415451e-03 -6.376970124388975369e-02 -2.108435893459291444e-02 9.697232595138584321e-03 1.736155587119778132e-01 3.132672058031486101e-02
7.147866992091565785e-02 -1.788637247203725411e-01 1.887568216388897657e-02 -6.447129222008730898e-02 7.678842899435238400e-02 4.791888665744397507e-02 2.530749329333092934e-02 1.196294156474552589e-01 1.112479470038319485e-01 -6.692594319057038055e-02 -7.294413098822156993e-02 5.755518690878513866e-02 1.903228047621708108e-01 -7.782023799874708547e-02
-5.400431358352667660e-02 -9.300437881673551122e-02 1.345159812452653980e-01 -9.195057905988350544e-02 -1.623040773224472544e-02 1.571168846583958500e-01 -3.941043128734902923e-04 2.610228912185220684e-01 -1.096725230187875211e-01 -2.464068562561668729e-01 -2.958665521224293493e-02 8.350860714465149770e-02 2.234262429037403019e-01 3.975839705606226682e-02
1.654232333136209931e-01 -2.005402532995844700e-01 1.402937576748845006e-01 -1.730806613757269186e-01 2.272910882898461493e-01 8.452277749833668474e-03 -3.122797562346614209e-01 5.391098471846987594e-02 1.626190756185309783e-01 -1.378910994174509796e-01 -2.007879810223531514e-01 1.721052948590485743e-01 1.934084411387252123e-01 1.591747842209931540e-01
3.874719724567829426e-02 1.838484224628665620e-02 -1.644059740978768280e-01 -6.867006454526158876e-02 1.260298297045728266e-01 -8.116386753202434190e-02 1.874829369413319180e-01 2.170014115698674917e-01 -1.658972508497429110e-01 -7.320479466892262921e-02 2.708206603000953838e-02 8.405942895932412909e-03 2.231826359706995111e-01 -3.487572467637422430e-02
4.956916404356519895e-02 -1.908481282931832612e-01 4.644973533485025410e-03 9.373822217374820631e-02 4.765907548266178767e-02 -1.093977631058868222e-01 9.067783508925042479e-02 7.536757106986023691e-02 7.386303427492553475e-02 4.848184120049777585e-02 -1.062185201162290649e-01 6.058578819623694489e-02 9.491174992649414888e-02 2.506434275875004530e-02
8.073111292195778166e-02 -6.445223365461685838e-02 9.480733766123270595e-03 -6.150175155616849354e-02 1.969355694024037609e-02 9.042041268025578782e-02 -7.280662406901632078e-02 -3.248409702484015421e-02 9.682335099940424239e-02 -1.863221559877130673e-01 -2.833132116388475952e-02 7.516005657703114795e-02 3.946469736297414377e-01 -6.295882782433818992e-02
1.346938854115205253e-02 -8.941704960801011293e-02 -2.376189027241014037e-03 3.654179067999135944e-02 1.365463628505795002e-01 -1.307642025960843168e-01 -6.098238050803841959e-02 2.324621129933276409e-01 3.442065965662843841e-02 -1.366897851099156680e-01 8.675028684054258976e-02 -7.726105507052344334e-02 2.280637805474491075e-01 -1.266453395568158113e-02
-3.194308482039983320e-03 -1.103693713721338038e-01 -1.523220103925118918e-01 1.163319560464439323e-01 3.307791876250167906e-01 -6.909556198179225839e-02 4.101247928619688315e-02 -1.330323705945048174e-01 9.769922036716652269e-02 -1.203269087779623298e-01 -1.462896555213109295e-01 1.448802593664075267e-01 2.820139925269172787e-01 -1.998772186171680204e-02
-1.867095419806013429e-02 8.307673006786030212e-02 -3.632635018025574813e-02 -1.315572225923526406e-01 1.714860115991943268e-01 -4.504930503689301424e-02 9.675455267042809560e-02 -1.536452876373331777e-01 7.408756774705337056e-02 9.959791015668391367e-02 -6.475257612542881236e-02 -2.875671873809635196e-02 1.410015961863169132e-01 7.085323231505909203e-02
-1.585418259585125167e-01 -1.340318529315294438e-02 5.193126545596256360e-02 -2.113032988087708008e-01 -2.241732151320312560e-01 1.869771244766423035e-02 2.570325635735331571e-01 4.898681204190880045e-01 2.801092137984639296e-01 -5.626986765076655850e-01 1.961839159636211694e-01 -3.759429228395377159e-02 7.567225789253276269e-02 9.631863066739726476e-02
1.475193991174829911e-01 -3.534098047784143826e-01 6.805990564042159463e-02 1.198553530498373959e-01 -9.997163613496118373e-02 9.402848185655859892e-02 3.385814735989722130e-02 -1.419582192561470203e-02 2.473965820660148189e-03 -8.020926369570276215e-02 1.495383401259207379e-01 1.448020900202029171e-01 8.302492872396144419e-02 -3.727489894607381726e-02
-1.362945734169242196e-01 -5.371424328272991766e-02 -1.426424240644105779e-02 1.247690502838405963e-01 1.459395640128058336e-02 9.143288209910210851e-02 1.558208811565420238e-01 -1.258786977212137115e-01 1.011898913154940932e-01 -6.895004579260954891e-04 1.041879223561806012e-01 -1.042209243925700662e-01 4.021737260882467246e-02 6.094941169071659004e-02
-1.064250242142136989e-02 -1.228153251026120329e-01 1.027410315887261200e-01 -3.300737464160521939e-02 1.058128388225953453e-01 -6.082057773577238119e-02 4.844318461771510154e-02 2.199287405054489164e-01 -5.948984287458813913e-02 -6.442992804440976495e-02 -1.572932388731951014e-01 5.752905644196488338e-02 2.485153115532015011e-01 -1.637218760187166000e-02
-7.727851311353525765e-02 2.128826251640275613e-02 -1.443859193864878987e-01 1.566958915999013824e-01 -2.436343122055944221e-01 7.554966234136950565e-02 2.003176536382328954e-01 1.087067574237416678e-01 -3.194076594390944379e-01 9.041372708084588483e-02 2.486192538832446841e-01 1.601757716246009211e-01 1.271566129463803096e-01 -1.461180026758316930e-01
4.001501532733196115e-02 8.835299495165557793e-02 -2.675343332963319720e-01 -1.594272457154120581e-01 3.435792198380731577e-01 -1.464865048049217300e-01 -2.479244731988083372e-01 8.502093178348391067e-02 3.021797924615554631e-02 2.912373503126253205e-01 2.354254007739440824e-01 2.151295823726476764e-01 -2.872772223722730098e-02 -2.207790091190396653e-01
-8.787099636528535040e-02 -2.371927017002330440e-01 -8.047620024066065580e-02 2.928894344061855892e-01 1.024266334066460116e-01 1.755471698939583547e-01 -2.341711580648070390e-02 -1.439798074425173158e-01 1.582342522377168104e-01 -1.058916980275941971e-01 1.523629315271901596e-01 1.149900656774803381e-01 4.638208724931701041e-03 -6.416099005716151271e-02
-4.166430653322847344e-02 -2.502337594689770794e-01 1.813756599348629039e-01 1.196029014493662779e-01 -6.385254336637807837e-02 1.651446454769162631e-01 7.436968420484013631e-02 -1.147453147792758116e-01 4.418526275589396146e-02 1.703751723780674160e-02 -1.210615046375856096e-01 8.159750241173359397e-02 1.420705907945429280e-01 2.427285075365832878e-02
-5.586878368458347843e-02 -5.102666007250464264e-02 -1.111023051859805991e-03 -2.460248955922081718e-02 1.479293044113411115e-01 -2.954002896746678319e-02 1.206810253925494000e-02 7.192662188665185918e-02 3.485909817791644355e-02 2.796258916905401334e-02 2.673663972082020168e-02 2.957838390587354954e-03 1.741649713387431742e-01 -7.835699406455740035e-02
8.488569318562105837e-02 -1.087893436875161102e-01 -1.486867260165027071e-02 -2.053392153771305129e-02 1.341407170545233785e-01 -8.077003674321656806e-03 6.822396990514893733e-03 8.430987593379698705e-03 -4.603954143769140722e-02 4.405225610064648911e-02 3.212361156225191500e-02 1.060321086107260391e-02 5.085990773257315078e-02 8.448888809248544796e-02
-2.274689662000720092e-02 6.431091583379136556e-03 1.747039431364091899e-01 -2.103210973528815697e-01 1.550026175943119977e-01 -9.691182752079224860e-02 -3.560816438229671976e-02 1.956604638824400999e-02 8.247794706260419551e-02 -8.263337682564868281e-02 1.514374806948715069e-02 4.194124114773967182e-02 1.974978044165223712e-01 1.355610953710473243e-02
9.066676758375928624e-02 -3.504974508675974543e-02 1.030346076002925867e-03 4.160600651571234876e-03 -6.118872451648103492e-03 2.149728404842498816e-02 -2.216984248620652159e-02 3.066948380616105370e-03 -1.290559758423684943e-02 2.397608690327045818e-03 4.144214172418720157e-04 9.051849827557271674e-03 2.058687665875121309e-01 -3.811349419985525424e-03
-1.459978129218337736e-02 3.047602662163408430e-02 1.641743686781275968e-02 -6.535648194099830111e-02 1.281172006342217173e-01 -6.415371203497326202e-02 4.314692149578401581e-02 1.498779163314776022e-02 2.611265994058089776e-02 -3.244972118622080522e-03 5.009922874712137777e-03 3.334017614831469994e-02 9.827574086765841765e-02 9.570256537086667750e-03
-6.550747590791255320e-03 -2.555155027167708703e-01 8.560707996311735235e-02 2.798729739322238647e-02 1.139359897534221178e-01 4.801967219310174922e-02 -1.322602105894392019e-02 -7.816924329226518364e-02 1.789684009568817680e-01 1.607541631261359405e-01 -7.597072249242839415e-02 -6.135427755096313496e-02 2.723763873071177732e-01 -1.387632897566601908e-01
-3.691112651664687789e-03 -1.542996476102297641e-02 -9.338766309472540383e-02 3.067938676288691213e-01 -2.083132440774045913e-01 -5.931533190647252790e-02 -6.509907470814001174e-03 -1.626455368208866437e-01 5.528182725704394035e-02 1.872517320970221444e-01 -1.597404327361725274e-01 3.099937719990167317e-01 -1.122137930839302161e-01 2.200249738553178014e-01
3.178969501101714945e-01 -4.037357587228456723e-01 -4.959582540739017331e-02 -4.363351742799673194e-02 4.003364762030554025e-01 3.450096613894979569e-01 -5.932873256194087785e-01 2.670289804116423027e-01 -3.279074154053442935e-01 -5.658082694525909950e-01 -2.397807379518358539e-01 8.572713914810639602e-02 5.625467111128781283e-01 5.033021178462371292e-01
7.257190813172249844e-02 -1.079893508789813439e-01 2.910400031669681253e-02 -5.848527434592092067e-02 1.184439593883277880e-01 -6.711344703548892399e-02 5.357608263038892565e-02 -3.798086257496446905e-03 8.669921447469168541e-02 9.617208843796489631e-03 -3.892552352613379979e-02 6.602235083939130000e-02 7.028677102197070092e-02 2.808937263121139005e-02
2.940330536550175497e-02 -4.080599619662408917e-01 1.538422824207762440e-01 1.292159208536136084e-01 -9.804295547032217117e-02 4.026011757845801564e-01 -1.966144585151931024e-01 1.353665998645511015e-01 -1.640236316917069170e-01 2.120153398534872502e-01 6.237806851169505791e-03 -1.551799913961990907e-01 4.949326099199119477e-02 1.618444932881674403e-01
-1.627449105366524928e-01 -1.251779355026685914e-01 -1.460607731461048275e-01 -7.018306282230457604e-02 1.850838922798066222e-01 1.764245897513982697e-01 2.159965739557801745e-01 1.884681251525573975e-01 -1.892200875434643659e-01 1.881800358124504635e-01 -9.089057314535867182e-04 -1.400995666887342762e-02 1.702161305917823386e-01 -1.579645293580772825e-01
6.460532579213471016e-02 9.198657850629789190e-02 -2.156899742669166065e-03 2.234879239109810456e-03 -1.343867063145834928e-01 -8.102444895540031333e-02 1.704336233092277608e-01 -7.345302610479054195e-02 -2.105834944087248695e-01 3.793895055673413008e-02 9.111446517026616787e-02 1.229413149035153974e-01 5.954336972373901193e-02 1.189052545593196064e-01
6.695530349197996792e-03 -7.834292602875365941e-02 -3.448367640017546698e-03 1.802433825199922270e-03 1.176050155643272449e-01 -6.149349814283638915e-03 7.384024237418485362e-03 4.386672962778919577e-02 1.180076747354584857e-02 7.456167964438962376e-03 9.149485568097045704e-03 2.923428421897273505e-02 9.790730370241053360e-02 1.313808718583303614e-02
1.379962204368544720e-01 -1.042702826236085734e-01 -2.618623587672498920e-01 1.393491284187662882e-01 1.351652241124417508e-01 -7.484079097789700374e-02 3.711933497023266193e-02 7.437980720707629279e-02 1.004166045707264449e-01 -1.645713839654169564e-01 6.258422931899298991e-02 2.072088351963317227e-02 7.737541526037453044e-02 7.853715475324998807e-02
-9.965187728273516843e-02 -4.094914064755714178e-02 9.980331372288885061e-02 -4.792933251194296529e-02 1.271820227066743358e-01 2.975486388046455488e-03 -3.812434876763989844e-02 -2.030266629738695927e-02 1.115259395116366403e-01 -7.321924970104429220e-02 3.272225653843832682e-02 2.216495413216579280e-02 2.872441637189578900e-01 -1.053423352763257215e-01
