-1.183085570046410635e-03 -4.704996725628768139e+00 -3.624841944070318789e+00 -2.637942921739034219e+00 -1.796690564324985306e+00 -9.898027443232270128e-01 -3.262566484442914194e-01 6.997247753307924700e-01 6.040427545630059347e-01 1.588674649333543965e+00 1.256026215289597348e+00 3.727385458726697465e+00 -3.449852082546850385e-01 5.062598251728180898e+00 1.726370693230484310e+00 3.446514912888485882e-01 -4.455504263657810576e-02 -1.436414125013865783e+00 3.724581203059827705e-02 2.439364201614025174e-01 6.041164862741834479e-03 -5.341007361621149738e-03
-1.183085570046410635e-03 -4.704996725628768139e+00 -3.624841944070318789e+00 -2.637942921739034219e+00 -1.796690564324985306e+00 -9.898027443232270128e-01 -3.262566484442914194e-01 6.997247753307924700e-01 6.040427545630059347e-01 1.588674649333543965e+00 1.256026215289597348e+00 3.727385458726697465e+00 -3.449852082546850385e-01 5.062598251728180898e+00 1.726370693230484310e+00 3.446514912888485882e-01 -4.455504263657810576e-02 -1.436414125013865783e+00 3.724581203059827705e-02 2.439364201614025174e-01 6.041164862741834479e-03 -5.341007361621149738e-03
-1.183085570046410635e-03 -4.704996725628768139e+00 -3.624841944070318789e+00 -2.637942921739034219e+00 -1.796690564324985306e+00 -9.898027443232270128e-01 -3.262566484442914194e-01 6.997247753307924700e-01 6.040427545630059347e-01 1.588674649333543965e+00 1.256026215289597348e+00 3.727385458726697465e+00 -3.449852082546850385e-01 5.062598251728180898e+00 1.726370693230484310e+00 3.446514912888485882e-01 -4.455504263657810576e-02 -1.436414125013865783e+00 3.724581203059827705e-02 2.439364201614025174e-01 6.041164862741834479e-03 -5.341007361621149738e-03
-1.183085570046410635e-03 -4.704996725628768139e+00 -3.624841944070318789e+00 -2.637942921739034219e+00 -1.796690564324985306e+00 -9.898027443232270128e-01 -3.262566484442914194e-01 6.997247753307924700e-01 6.040427545630059347e-01 1.588674649333543965e+00 1.256026215289597348e+00 3.727385458726697465e+00 -3.449852082546850385e-01 5.062598251728180898e+00 1.726370693230484310e+00 3.446514912888485882e-01 -4.455504263657810576e-02 -1.436414125013865783e+00 3.724581203059827705e-02 2.439364201614025174e-01 6.041164862741834479e-03 -5.341007361621149738e-03
-1.183085570046410635e-03 -4.704996725628768139e+00 -3.624841944070318789e+00 -2.637942921739034219e+00 -1.796690564324985306e+00 -9.898027443232270128e-01 -3.262566484442914194e-01 6.997247753307924700e-01 6.040427545630059347e-01 1.588674649333543965e+00 1.256026215289597348e+00 3.727385458726697465e+00 -3.449852082546850385e-01 5.062598251728180898e+00 1.726370693230484310e+00 3.446514912888485882e-01 -4.455504263657810576e-02 -1.436414125013865783e+00 3.724581203059827705e-02 2.439364201614025174e-01 6.041164862741834479e-03 -5.341007361621149738e-03
-1.183085570046410635e-03 -4.704996725628768139e+00 -3.624841944070318789e+00 -2.637942921739034219e+00 -1.796690564324985306e+00 -9.898027443232270128e-01 -3.262566484442914194e-01 6.997247753307924700e-01 6.040427545630059347e-01 1.588674649333543965e+00 1.256026215289597348e+00 3.727385458726697465e+00 -3.449852082546850385e-01 5.062598251728180898e+00 1.726370693230484310e+00 3.446514912888485882e-01 -4.455504263657810576e-02 -1.436414125013865783e+00 3.724581203059827705e-02 2.439364201614025174e-01 6.041164862741834479e-03 -5.341007361621149738e-03
-1.183085570046410635e-03 -4.704996725628768139e+00 -3.624841944070318789e+00 -2.637942921739034219e+00 -1.796690564324985306e+00 -9.898027443232270128e-01 -3.262566484442914194e-01 6.997247753307924700e-01 6.040427545630059347e-01 1.588674649333543965e+00 1.256026215289597348e+00 3.727385458726697465e+00 -3.449852082546850385e-01 5.062598251728180898e+00 1.726370693230484310e+00 3.446514912888485882e-01 -4.455504263657810576e-02 -1.436414125013865783e+00 3.724581203059827705e-02 2.439364201614025174e-01 6.041164862741834479e-03 -5.341007361621149738e-03
-1.183085570046410635e-03 -4.704996725628768139e+00 -3.624841944070318789e+00 -2.637942921739034219e+00 -1.796690564324985306e+00 -9.898027443232270128e-01 -3.262566484442914194e-01 6.997247753307924700e-01 6.040427545630059347e-01 1.588674649333543965e+00 1.256026215289597348e+00 3.727385458726697465e+00 -3.449852082546850385e-01 5.062598251728180898e+00 1.726370693230484310e+00 3.446514912888485882e-01 -4.455504263657810576e-02 -1.436414125013865783e+00 3.724581203059827705e-02 2.439364201614025174e-01 6.041164862741834479e-03 -5.341007361621149738e-03
-1.183085570046410635e-03 -4.704996725628768139e+00 -3.624841944070318789e+00 -2.637942921739034219e+00 -1.796690564324985306e+00 -9.898027443232270128e-01 -3.262566484442914194e-01 6.997247753307924700e-01 6.040427545630059347e-01 1.588674649333543965e+00 1.256026215289597348e+00 3.727385458726697465e+00 -3.449852082546850385e-01 5.062598251728180898e+00 1.726370693230484310e+00 3.446514912888485882e-01 -4.455504263657810576e-02 -1.436414125013865783e+00 3.724581203059827705e-02 2.439364201614025174e-01 6.041164862741834479e-03 -5.341007361621149738e-03
-1.183085570046410635e-03 -4.704996725628768139e+00 -3.624841944070318789e+00 -2.637942921739034219e+00 -1.796690564324985306e+00 -9.898027443232270128e-01 -3.262566484442914194e-01 6.997247753307924700e-01 6.040427545630059347e-01 1.588674649333543965e+00 1.256026215289597348e+00 3.727385458726697465e+00 -3.449852082546850385e-01 5.062598251728180898e+00 1.726370693230484310e+00 3.446514912888485882e-01 -4.455504263657810576e-02 -1.436414125013865783e+00 3.724581203059827705e-02 2.439364201614025174e-01 6.041164862741834479e-03 -5.341007361621149738e-03
-1.183085570046410635e-03 -4.704996725628768139e+00 -3.624841944070318789e+00 -2.637942921739034219e+00 -1.796690564324985306e+00 -9.898027443232270128e-01 -3.262566484442914194e-01 6.997247753307924700e-01 6.040427545630059347e-01 1.588674649333543965e+00 1.256026215289597348e+00 3.727385458726697465e+00 -3.449852082546850385e-01 5.062598251728180898e+00 1.726370693230484310e+00 3.446514912888485882e-01 -4.455504263657810576e-02 -1.436414125013865783e+00 3.724581203059827705e-02 2.439364201614025174e-01 6.041164862741834479e-03 -5.341007361621149738e-03
-1.183085570046410635e-03 -4.704996725628768139e+00 -3.624841944070318789e+00 -2.637942921739034219e+00 -1.796690564324985306e+00 -9.898027443232270128e-01 -3.262566484442914194e-01 6.997247753307924700e-01 6.040427545630059347e-01 1.588674649333543965e+00 1.256026215289597348e+00 3.727385458726697465e+00 -3.449852082546850385e-01 5.062598251728180898e+00 1.726370693230484310e+00 3.446514912888485882e-01 -4.455504263657810576e-02 -1.436414125013865783e+00 3.724581203059827705e-02 2.439364201614025174e-01 6.041164862741834479e-03 -5.341007361621149738e-03
-1.183085570046410635e-03 -4.704996725628768139e+00 -3.624841944070318789e+00 -2.637942921739034219e+00 -1.796690564324985306e+00 -9.898027443232270128e-01 -3.262566484442914194e-01 6.997247753307924700e-01 6.040427545630059347e-01 1.588674649333543965e+00 1.256026215289597348e+00 3.727385458726697465e+00 -3.449852082546850385e-01 5.062598251728180898e+00 1.726370693230484310e+00 3.446514912888485882e-01 -4.455504263657810576e-02 -1.436414125013865783e+00 3.724581203059827705e-02 2.439364201614025174e-01 6.041164862741834479e-03 -5.341007361621149738e-03
-1.183085570046410635e-03 -4.704996725628768139e+00 -3.624841944070318789e+00 -2.637942921739034219e+00 -1.796690564324985306e+00 -9.898027443232270128e-01 -3.262566484442914194e-01 6.997247753307924700e-01 6.040427545630059347e-01 1.588674649333543965e+00 1.256026215289597348e+00 3.727385458726697465e+00 -3.449852082546850385e-01 5.062598251728180898e+00 1.726370693230484310e+00 3.446514912888485882e-01 -4.455504263657810576e-02 -1.436414125013865783e+00 3.724581203059827705e-02 2.439364201614025174e-01 6.041164862741834479e-03 -5.341007361621149738e-03
-1.183085570046410635e-03 -4.704996725628768139e+00 -3.624841944070318789e+00 -2.637942921739034219e+00 -1.796690564324985306e+00 -9.898027443232270128e-01 -3.262566484442914194e-01 6.997247753307924700e-01 6.040427545630059347e-01 1.588674649333543965e+00 1.256026215289597348e+00 3.727385458726697465e+00 -3.449852082546850385e-01 5.062598251728180898e+00 1.726370693230484310e+00 3.446514912888485882e-01 -4.455504263657810576e-02 -1.436414125013865783e+00 3.724581203059827705e-02 2.439364201614025174e-01 6.041164862741834479e-03 -5.341007361621149738e-03
-1.183085570046410635e-03 -4.704996725628768139e+00 -3.624841944070318789e+00 -2.637942921739034219e+00 -1.796690564324985306e+00 -9.898027443232270128e-01 -3.262566484442914194e-01 6.997247753307924700e-01 6.040427545630059347e-01 1.588674649333543965e+00 1.256026215289597348e+00 3.727385458726697465e+00 -3.449852082546850385e-01 5.062598251728180898e+00 1.726370693230484310e+00 3.446514912888485882e-01 -4.455504263657810576e-02 -1.436414125013865783e+00 3.724581203059827705e-02 2.439364201614025174e-01 6.041164862741834479e-03 -5.341007361621149738e-03
-1.183085570046410635e-03 -4.704996725628768139e+00 -3.624841944070318789e+00 -2.637942921739034219e+00 -1.796690564324985306e+00 -9.898027443232270128e-01 -3.262566484442914194e-01 6.997247753307924700e-01 6.040427545630059347e-01 1.588674649333543965e+00 1.256026215289597348e+00 3.727385458726697465e+00 -3.449852082546850385e-01 5.062598251728180898e+00 1.726370693230484310e+00 3.446514912888485882e-01 -4.455504263657810576e-02 -1.436414125013865783e+00 3.724581203059827705e-02 2.439364201614025174e-01 6.041164862741834479e-03 -5.341007361621149738e-03
-1.183085570046410635e-03 -4.704996725628768139e+00 -3.624841944070318789e+00 -2.637942921739034219e+00 -1.796690564324985306e+00 -9.898027443232270128e-01 -3.262566484442914194e-01 6.997247753307924700e-01 6.040427545630059347e-01 1.588674649333543965e+00 1.256026215289597348e+00 3.727385458726697465e+00 -3.449852082546850385e-01 5.062598251728180898e+00 1.726370693230484310e+00 3.446514912888485882e-01 -4.455504263657810576e-02 -1.436414125013865783e+00 3.724581203059827705e-02 2.439364201614025174e-01 6.041164862741834479e-03 -5.341007361621149738e-03
-1.183085570046410635e-03 -4.704996725628768139e+00 -3.624841944070318789e+00 -2.637942921739034219e+00 -1.796690564324985306e+00 -9.898027443232270128e-01 -3.262566484442914194e-01 6.997247753307924700e-01 6.040427545630059347e-01 1.588674649333543965e+00 1.256026215289597348e+00 3.727385458726697465e+00 -3.449852082546850385e-01 5.062598251728180898e+00 1.726370693230484310e+00 3.446514912888485882e-01 -4.455504263657810576e-02 -1.436414125013865783e+00 3.724581203059827705e-02 2.439364201614025174e-01 6.041164862741834479e-03 -5.341007361621149738e-03
-1.183085570046410635e-03 -4.704996725628768139e+00 -3.624841944070318789e+00 -2.637942921739034219e+00 -1.796690564324985306e+00 -9.898027443232270128e-01 -3.262566484442914194e-01 6.997247753307924700e-01 6.040427545630059347e-01 1.588674649333543965e+00 1.256026215289597348e+00 3.727385458726697465e+00 -3.449852082546850385e-01 5.062598251728180898e+00 1.726370693230484310e+00 3.446514912888485882e-01 -4.455504263657810576e-02 -1.436414125013865783e+00 3.724581203059827705e-02 2.439364201614025174e-01 6.041164862741834479e-03 -5.341007361621149738e-03
-1.183085570046410635e-03 -4.704996725628768139e+00 -3.624841944070318789e+00 -2.637942921739034219e+00 -1.796690564324985306e+00 -9.898027443232270128e-01 -3.262566484442914194e-01 6.997247753307924700e-01 6.040427545630059347e-01 1.588674649333543965e+00 1.256026215289597348e+00 3.727385458726697465e+00 -3.449852082546850385e-01 5.062598251728180898e+00 1.726370693230484310e+00 3.446514912888485882e-01 -4.455504263657810576e-02 -1.436414125013865783e+00 3.724581203059827705e-02 2.439364201614025174e-01 6.041164862741834479e-03 -5.341007361621149738e-03
-1.183085570046410635e-03 -4.704996725628768139e+00 -3.624841944070318789e+00 -2.637942921739034219e+00 -1.796690564324985306e+00 -9.898027443232270128e-01 -3.262566484442914194e-01 6.997247753307924700e-01 6.040427545630059347e-01 1.588674649333543965e+00 1.256026215289597348e+00 3.727385458726697465e+00 -3.449852082546850385e-01 5.062598251728180898e+00 1.726370693230484310e+00 3.446514912888485882e-01 -4.455504263657810576e-02 -1.436414125013865783e+00 3.724581203059827705e-02 2.439364201614025174e-01 6.041164862741834479e-03 -5.341007361621149738e-03
-1.183085570046410635e-03 -4.704996725628768139e+00 -3.624841944070318789e+00 -2.637942921739034219e+00 -1.796690564324985306e+00 -9.898027443232270128e-01 -3.262566484442914194e-01 6.997247753307924700e-01 6.040427545630059347e-01 1.588674649333543965e+00 1.256026215289597348e+00 3.727385458726697465e+00 -3.449852082546850385e-01 5.062598251728180898e+00 1.726370693230484310e+00 3.446514912888485882e-01 -4.455504263657810576e-02 -1.436414125013865783e+00 3.724581203059827705e-02 2.439364201614025174e-01 6.041164862741834479e-03 -5.341007361621149738e-03
-1.183085570046410635e-03 -4.704996725628768139e+00 -3.624841944070318789e+00 -2.637942921739034219e+00 -1.796690564324985306e+00 -9.898027443232270128e-01 -3.262566484442914194e-01 6.997247753307924700e-01 6.040427545630059347e-01 1.588674649333543965e+00 1.256026215289597348e+00 3.727385458726697465e+00 -3.449852082546850385e-01 5.062598251728180898e+00 1.726370693230484310e+00 3.446514912888485882e-01 -4.455504263657810576e-02 -1.436414125013865783e+00 3.724581203059827705e-02 2.439364201614025174e-01 6.041164862741834479e-03 -5.341007361621149738e-03
-1.183085570046410635e-03 -4.704996725628768139e+00 -3.624841944070318789e+00 -2.637942921739034219e+00 -1.796690564324985306e+00 -9.898027443232270128e-01 -3.262566484442914194e-01 6.997247753307924700e-01 6.040427545630059347e-01 1.588674649333543965e+00 1.256026215289597348e+00 3.727385458726697465e+00 -3.449852082546850385e-01 5.062598251728180898e+00 1.726370693230484310e+00 3.446514912888485882e-01 -4.455504263657810576e-02 -1.436414125013865783e+00 3.724581203059827705e-02 2.439364201614025174e-01 6.041164862741834479e-03 -5.341007361621149738e-03
-1.183085570046410635e-03 -4.704996725628768139e+00 -3.624841944070318789e+00 -2.637942921739034219e+00 -1.796690564324985306e+00 -9.898027443232270128e-01 -3.262566484442914194e-01 6.997247753307924700e-01 6.040427545630059347e-01 1.588674649333543965e+00 1.256026215289597348e+00 3.727385458726697465e+00 -3.449852082546850385e-01 5.062598251728180898e+00 1.726370693230484310e+00 3.446514912888485882e-01 -4.455504263657810576e-02 -1.436414125013865783e+00 3.724581203059827705e-02 2.439364201614025174e-01 6.041164862741834479e-03 -5.341007361621149738e-03
-1.183085570046410635e-03 -4.704996725628768139e+00 -3.624841944070318789e+00 -2.637942921739034219e+00 -1.796690564324985306e+00 -9.898027443232270128e-01 -3.262566484442914194e-01 6.997247753307924700e-01 6.040427545630059347e-01 1.588674649333543965e+00 1.256026215289597348e+00 3.727385458726697465e+00 -3.449852082546850385e-01 5.062598251728180898e+00 1.726370693230484310e+00 3.446514912888485882e-01 -4.455504263657810576e-02 -1.436414125013865783e+00 3.724581203059827705e-02 2.439364201614025174e-01 6.041164862741834479e-03 -5.341007361621149738e-03
-1.183085570046410635e-03 -4.704996725628768139e+00 -3.624841944070318789e+00 -2.637942921739034219e+00 -1.796690564324985306e+00 -9.898027443232270128e-01 -3.262566484442914194e-01 6.997247753307924700e-01 6.040427545630059347e-01 1.588674649333543965e+00 1.256026215289597348e+00 3.727385458726697465e+00 -3.449852082546850385e-01 5.062598251728180898e+00 1.726370693230484310e+00 3.446514912888485882e-01 -4.455504263657810576e-02 -1.436414125013865783e+00 3.724581203059827705e-02 2.439364201614025174e-01 6.041164862741834479e-03 -5.341007361621149738e-03
-1.183085570046410635e-03 -4.704996725628768139e+00 -3.624841944070318789e+00 -2.637942921739034219e+00 -1.796690564324985306e+00 -9.898027443232270128e-01 -3.262566484442914194e-01 6.997247753307924700e-01 6.040427545630059347e-01 1.588674649333543965e+00 1.256026215289597348e+00 3.727385458726697465e+00 -3.449852082546850385e-01 5.062598251728180898e+00 1.726370693230484310e+00 3.446514912888485882e-01 -4.455504263657810576e-02 -1.436414125013865783e+00 3.724581203059827705e-02 2.439364201614025174e-01 6.041164862741834479e-03 -5.341007361621149738e-03
-1.183085570046410635e-03 -4.704996725628768139e+00 -3.624841944070318789e+00 -2.637942921739034219e+00 -1.796690564324985306e+00 -9.898027443232270128e-01 -3.262566484442914194e-01 6.997247753307924700e-01 6.040427545630059347e-01 1.588674649333543965e+00 1.256026215289597348e+00 3.727385458726697465e+00 -3.449852082546850385e-01 5.062598251728180898e+00 1.726370693230484310e+00 3.446514912888485882e-01 -4.455504263657810576e-02 -1.436414125013865783e+00 3.724581203059827705e-02 2.439364201614025174e-01 6.041164862741834479e-03 -5.341007361621149738e-03
-1.183085570046410635e-03 -4.704996725628768139e+00 -3.624841944070318789e+00 -2.637942921739034219e+00 -1.796690564324985306e+00 -9.898027443232270128e-01 -3.262566484442914194e-01 6.997247753307924700e-01 6.040427545630059347e-01 1.588674649333543965e+00 1.256026215289597348e+00 3.727385458726697465e+00 -3.449852082546850385e-01 5.062598251728180898e+00 1.726370693230484310e+00 3.446514912888485882e-01 -4.455504263657810576e-02 -1.436414125013865783e+00 3.724581203059827705e-02 2.439364201614025174e-01 6.041164862741834479e-03 -5.341007361621149738e-03
-1.183085570046410635e-03 -4.704996725628768139e+00 -3.624841944070318789e+00 -2.637942921739034219e+00 -1.796690564324985306e+00 -9.898027443232270128e-01 -3.262566484442914194e-01 6.997247753307924700e-01 6.040427545630059347e-01 1.588674649333543965e+00 1.256026215289597348e+00 3.727385458726697465e+00 -3.449852082546850385e-01 5.062598251728180898e+00 1.726370693230484310e+00 3.446514912888485882e-01 -4.455504263657810576e-02 -1.436414125013865783e+00 3.724581203059827705e-02 2.439364201614025174e-01 6.041164862741834479e-03 -5.341007361621149738e-03
-1.183085570046410635e-03 -4.704996725628768139e+00 -3.624841944070318789e+00 -2.637942921739034219e+00 -1.796690564324985306e+00 -9.898027443232270128e-01 -3.262566484442914194e-01 6.997247753307924700e-01 6.040427545630059347e-01 1.588674649333543965e+00 1.256026215289597348e+00 3.727385458726697465e+00 -3.449852082546850385e-01 5.062598251728180898e+00 1.726370693230484310e+00 3.446514912888485882e-01 -4.455504263657810576e-02 -1.436414125013865783e+00 3.724581203059827705e-02 2.439364201614025174e-01 6.041164862741834479e-03 -5.341007361621149738e-03
-1.183085570046410635e-03 -4.704996725628768139e+00 -3.624841944070318789e+00 -2.637942921739034219e+00 -1.796690564324985306e+00 -9.898027443232270128e-01 -3.262566484442914194e-01 6.997247753307924700e-01 6.040427545630059347e-01 1.588674649333543965e+00 1.256026215289597348e+00 3.727385458726697465e+00 -3.449852082546850385e-01 5.062598251728180898e+00 1.726370693230484310e+00 3.446514912888485882e-01 -4.455504263657810576e-02 -1.436414125013865783e+00 3.724581203059827705e-02 2.439364201614025174e-01 6.041164862741834479e-03 -5.341007361621149738e-03
-1.183085570046410635e-03 -4.704996725628768139e+00 -3.624841944070318789e+00 -2.637942921739034219e+00 -1.796690564324985306e+00 -9.898027443232270128e-01 -3.262566484442914194e-01 6.997247753307924700e-01 6.040427545630059347e-01 1.588674649333543965e+00 1.256026215289597348e+00 3.727385458726697465e+00 -3.449852082546850385e-01 5.062598251728180898e+00 1.726370693230484310e+00 3.446514912888485882e-01 -4.455504263657810576e-02 -1.436414125013865783e+00 3.724581203059827705e-02 2.439364201614025174e-01 6.041164862741834479e-03 -5.341007361621149738e-03
-1.183085570046410635e-03 -4.704996725628768139e+00 -3.624841944070318789e+00 -2.637942921739034219e+00 -1.796690564324985306e+00 -9.898027443232270128e-01 -3.262566484442914194e-01 6.997247753307924700e-01 6.040427545630059347e-01 1.588674649333543965e+00 1.256026215289597348e+00 3.727385458726697465e+00 -3.449852082546850385e-01 5.062598251728180898e+00 1.726370693230484310e+00 3.446514912888485882e-01 -4.455504263657810576e-02 -1.436414125013865783e+00 3.724581203059827705e-02 2.439364201614025174e-01 6.041164862741834479e-03 -5.341007361621149738e-03
-1.183085570046410635e-03 -4.704996725628768139e+00 -3.624841944070318789e+00 -2.637942921739034219e+00 -1.796690564324985306e+00 -9.898027443232270128e-01 -3.262566484442914194e-01 6.997247753307924700e-01 6.040427545630059347e-01 1.588674649333543965e+00 1.256026215289597348e+00 3.727385458726697465e+00 -3.449852082546850385e-01 5.062598251728180898e+00 1.726370693230484310e+00 3.446514912888485882e-01 -4.455504263657810576e-02 -1.436414125013865783e+00 3.724581203059827705e-02 2.439364201614025174e-01 6.041164862741834479e-03 -5.341007361621149738e-03
-1.183085570046410635e-03 -4.704996725628768139e+00 -3.624841944070318789e+00 -2.637942921739034219e+00 -1.796690564324985306e+00 -9.898027443232270128e-01 -3.262566484442914194e-01 6.997247753307924700e-01 6.040427545630059347e-01 1.588674649333543965e+00 1.256026215289597348e+00 3.727385458726697465e+00 -3.449852082546850385e-01 5.062598251728180898e+00 1.726370693230484310e+00 3.446514912888485882e-01 -4.455504263657810576e-02 -1.436414125013865783e+00 3.724581203059827705e-02 2.439364201614025174e-01 6.041164862741834479e-03 -5.341007361621149738e-03
-1.183085570046410635e-03 -4.704996725628768139e+00 -3.624841944070318789e+00 -2.637942921739034219e+00 -1.796690564324985306e+00 -9.898027443232270128e-01 -3.262566484442914194e-01 6.997247753307924700e-01 6.040427545630059347e-01 1.588674649333543965e+00 1.256026215289597348e+00 3.727385458726697465e+00 -3.449852082546850385e-01 5.062598251728180898e+00 1.726370693230484310e+00 3.446514912888485882e-01 -4.455504263657810576e-02 -1.436414125013865783e+00 3.724581203059827705e-02 2.439364201614025174e-01 6.041164862741834479e-03 -5.341007361621149738e-03
-1.183085570046410635e-03 -4.704996725628768139e+00 -3.624841944070318789e+00 -2.637942921739034219e+00 -1.796690564324985306e+00 -9.898027443232270128e-01 -3.262566484442914194e-01 6.997247753307924700e-01 6.040427545630059347e-01 1.588674649333543965e+00 1.256026215289597348e+00 3.727385458726697465e+00 -3.449852082546850385e-01 5.062598251728180898e+00 1.726370693230484310e+00 3.446514912888485882e-01 -4.455504263657810576e-02 -1.436414125013865783e+00 3.724581203059827705e-02 2.439364201614025174e-01 6.041164862741834479e-03 -5.341007361621149738e-03
-1.183085570046410635e-03 -4.704996725628768139e+00 -3.624841944070318789e+00 -2.637942921739034219e+00 -1.796690564324985306e+00 -9.898027443232270128e-01 -3.262566484442914194e-01 6.997247753307924700e-01 6.040427545630059347e-01 1.588674649333543965e+00 1.256026215289597348e+00 3.727385458726697465e+00 -3.449852082546850385e-01 5.062598251728180898e+00 1.726370693230484310e+00 3.446514912888485882e-01 -4.455504263657810576e-02 -1.436414125013865783e+00 3.724581203059827705e-02 2.439364201614025174e-01 6.041164862741834479e-03 -5.341007361621149738e-03
-1.183085570046410635e-03 -4.704996725628768139e+00 -3.624841944070318789e+00 -2.637942921739034219e+00 -1.796690564324985306e+00 -9.898027443232270128e-01 -3.262566484442914194e-01 6.997247753307924700e-01 6.040427545630059347e-01 1.588674649333543965e+00 1.256026215289597348e+00 3.727385458726697465e+00 -3.449852082546850385e-01 5.062598251728180898e+00 1.726370693230484310e+00 3.446514912888485882e-01 -4.455504263657810576e-02 -1.436414125013865783e+00 3.724581203059827705e-02 2.439364201614025174e-01 6.041164862741834479e-03 -5.341007361621149738e-03
-1.183085570046410635e-03 -4.704996725628768139e+00 -3.624841944070318789e+00 -2.637942921739034219e+00 -1.796690564324985306e+00 -9.898027443232270128e-01 -3.262566484442914194e-01 6.997247753307924700e-01 6.040427545630059347e-01 1.588674649333543965e+00 1.256026215289597348e+00 3.727385458726697465e+00 -3.449852082546850385e-01 5.062598251728180898e+00 1.726370693230484310e+00 3.446514912888485882e-01 -4.455504263657810576e-02 -1.436414125013865783e+00 3.724581203059827705e-02 2.439364201614025174e-01 6.041164862741834479e-03 -5.341007361621149738e-03
-1.183085570046410635e-03 -4.704996725628768139e+00 -3.624841944070318789e+00 -2.637942921739034219e+00 -1.796690564324985306e+00 -9.898027443232270128e-01 -3.262566484442914194e-01 6.997247753307924700e-01 6.040427545630059347e-01 1.588674649333543965e+00 1.256026215289597348e+00 3.727385458726697465e+00 -3.449852082546850385e-01 5.062598251728180898e+00 1.726370693230484310e+00 3.446514912888485882e-01 -4.455504263657810576e-02 -1.436414125013865783e+00 3.724581203059827705e-02 2.439364201614025174e-01 6.041164862741834479e-03 -5.341007361621149738e-03
-1.183085570046410635e-03 -4.704996725628768139e+00 -3.624841944070318789e+00 -2.637942921739034219e+00 -1.796690564324985306e+00 -9.898027443232270128e-01 -3.262566484442914194e-01 6.997247753307924700e-01 6.040427545630059347e-01 1.588674649333543965e+00 1.256026215289597348e+00 3.727385458726697465e+00 -3.449852082546850385e-01 5.062598251728180898e+00 1.726370693230484310e+00 3.446514912888485882e-01 -4.455504263657810576e-02 -1.436414125013865783e+00 3.724581203059827705e-02 2.439364201614025174e-01 6.041164862741834479e-03 -5.341007361621149738e-03
-1.183085570046410635e-03 -4.704996725628768139e+00 -3.624841944070318789e+00 -2.637942921739034219e+00 -1.796690564324985306e+00 -9.898027443232270128e-01 -3.262566484442914194e-01 6.997247753307924700e-01 6.040427545630059347e-01 1.588674649333543965e+00 1.256026215289597348e+00 3.727385458726697465e+00 -3.449852082546850385e-01 5.062598251728180898e+00 1.726370693230484310e+00 3.446514912888485882e-01 -4.455504263657810576e-02 -1.436414125013865783e+00 3.724581203059827705e-02 2.439364201614025174e-01 6.041164862741834479e-03 -5.341007361621149738e-03
-1.183085570046410635e-03 -4.704996725628768139e+00 -3.624841944070318789e+00 -2.637942921739034219e+00 -1.796690564324985306e+00 -9.898027443232270128e-01 -3.262566484442914194e-01 6.997247753307924700e-01 6.040427545630059347e-01 1.588674649333543965e+00 1.256026215289597348e+00 3.727385458726697465e+00 -3.449852082546850385e-01 5.062598251728180898e+00 1.726370693230484310e+00 3.446514912888485882e-01 -4.455504263657810576e-02 -1.436414125013865783e+00 3.724581203059827705e-02 2.439364201614025174e-01 6.041164862741834479e-03 -5.341007361621149738e-03
-1.183085570046410635e-03 -4.704996725628768139e+00 -3.624841944070318789e+00 -2.637942921739034219e+00 -1.796690564324985306e+00 -9.898027443232270128e-01 -3.262566484442914194e-01 6.997247753307924700e-01 6.040427545630059347e-01 1.588674649333543965e+00 1.256026215289597348e+00 3.727385458726697465e+00 -3.449852082546850385e-01 5.062598251728180898e+00 1.726370693230484310e+00 3.446514912888485882e-01 -4.455504263657810576e-02 -1.436414125013865783e+00 3.724581203059827705e-02 2.439364201614025174e-01 6.041164862741834479e-03 -5.341007361621149738e-03
-1.183085570046410635e-03 -4.704996725628768139e+00 -3.624841944070318789e+00 -2.637942921739034219e+00 -1.796690564324985306e+00 -9.898027443232270128e-01 -3.262566484442914194e-01 6.997247753307924700e-01 6.040427545630059347e-01 1.588674649333543965e+00 1.256026215289597348e+00 3.727385458726697465e+00 -3.449852082546850385e-01 5.062598251728180898e+00 1.726370693230484310e+00 3.446514912888485882e-01 -4.455504263657810576e-02 -1.436414125013865783e+00 3.724581203059827705e-02 2.439364201614025174e-01 6.041164862741834479e-03 -5.341007361621149738e-03
-1.183085570046410635e-03 -4.704996725628768139e+00 -3.624841944070318789e+00 -2.637942921739034219e+00 -1.796690564324985306e+00 -9.898027443232270128e-01 -3.262566484442914194e-01 6.997247753307924700e-01 6.040427545630059347e-01 1.588674649333543965e+00 1.256026215289597348e+00 3.727385458726697465e+00 -3.449852082546850385e-01 5.062598251728180898e+00 1.726370693230484310e+00 3.446514912888485882e-01 -4.455504263657810576e-02 -1.436414125013865783e+00 3.724581203059827705e-02 2.439364201614025174e-01 6.041164862741834479e-03 -5.341007361621149738e-03
