-9.112648849221378911e-02 -3.496271477844594133e-01 -4.765356129160202014e-01 2.483089684702011191e-01 2.166414537300835885e-01 -1.023085008931183676e-01 -2.135062927821987019e-02 4.817534744182569439e-01 2.920584741011935659e-01 1.096111720826010438e-01 -2.736930411998285059e-02 -3.332807322791627724e-01 1.618323593063863974e-01 -3.065860782630832476e-02
-4.385760932565886394e-01 2.030634967324896345e-01 -7.717327991029772072e-01 -2.619769278748571018e-01 5.255452673970393285e-01 4.117802241134553842e-01 3.713956458765682034e-01 -4.418248005805539003e-02 7.206023049186216500e-02 1.316791594630570966e-02 1.561493964006454571e-01 7.934381351606625832e-02 -1.124714523271580779e-01 -1.256173593355586204e-01
-5.827320611340146561e-01 1.222820320195610738e-01 1.560797860313538343e-01 1.402987913821750476e-01 2.091771291073733219e-01 -3.981671565550720659e-02 -3.058482923507975168e-02 2.123805915956496759e-01 -9.901228399277771375e-02 1.347584210841942451e-02 -2.099614005596021557e-03 1.265531637883576532e-01 5.095118552488200198e-02 -1.990041390155596057e-01
5.408570750209381606e-01 -2.333953962029531315e+00 -2.205958531728686722e+00 -8.150875329380973255e-01 1.387079580832174752e+00 7.941826411157933974e-01 -2.592977888986957788e-02 1.082719907324813935e+00 -1.229509627644171377e-01 3.395067446077793538e-01 3.595779719659959739e-02 8.119849780723701338e-01 1.171244656276483054e-01 4.724164570717209188e-01
-1.726932167686072161e-01 -3.915649692710622132e-01 2.610000442744729310e-01 -2.861920973209412522e-01 -1.576556873829989547e-01 4.487116686897537621e-01 -6.750032546377868203e-02 3.995544453252523609e-01 9.335540557369563508e-03 1.436470092729509873e-01 -1.152429731180447253e-01 9.234065616268219423e-02 -1.047711381642940920e-01 1.897992172648244047e-02
2.950163133434702267e-01 -1.389686120045457329e+00 -1.305618579065968898e+00 2.466574792064479132e-02 2.323452808160305916e-01 8.838387599571224662e-01 1.025867362690783269e+00 -2.921897477275908761e-01 -1.081497036528265010e-01 3.541731664162988680e-01 -2.475678918946193352e-01 1.126554711877051779e-01 1.908682282613127223e-01 3.017305903123320143e-01
-5.718289885968521613e-01 4.324876747178738046e-02 -2.718503507198157254e-01 6.608550874376792894e-01 1.736413198046792838e-01 1.152901688419140092e-01 -1.323943620360385209e-01 1.343678960708415415e-01 -1.119645137873650359e-01 -2.874378960477589479e-02 -8.602283065469384926e-02 -1.806010579872696920e-01 1.209046822844581648e-01 2.130468499946883421e-01
2.480725262621760047e-02 2.073962085185693249e-01 -9.487787765286756492e-02 -2.816192185827776084e-01 3.769930942964857395e-02 -7.219220039795774813e-02 -3.108205307892109026e-02 1.380284628674531555e-01 -4.579364118654704469e-02 1.201312058611434530e-01 -1.366226579712409850e-01 1.351133260029108163e-01 -1.410811071367844283e-01 2.180418692203905662e-01
-4.780511789887846585e-02 -3.451591653032565765e-01 9.803225844865265382e-02 -2.716761616222105880e-01 1.499982254638265455e-01 2.741059361656882354e-01 -5.795587940125171977e-01 1.262687717245772889e-01 4.083256565815132078e-01 3.179796591793405125e-01 4.935122546651948827e-02 -2.081526799054759791e-01 3.162292606794476768e-01 -2.099901964479898853e-01
-1.537264387079264605e+00 -5.372643870792571663e-01 4.627356129207420010e-01 1.462735612920744721e+00 1.128654476911534685e-02 2.378103170421727412e-03 3.119555109156228051e-02 2.243890196504561285e-01 9.086609902015267692e-02 -8.733344713745004595e-02 1.302961559335511638e-02 1.538869908336813926e-02 2.313433590572644763e-02 -9.732809431043581982e-02
-6.246306889212498159e-02 -1.674402304403593833e-01 3.208980603002326709e-02 2.450685540050757949e-01 -3.582673224136798673e-01 1.388085209853850421e-01 -4.822460241190916208e-01 4.135437148014224351e-01 1.126660822344979218e-01 1.665546922886127490e-01 1.584664115686704872e-02 3.378731183354900802e-02 -5.488936758739809685e-02 4.488956863645771067e-02
-1.194221841923086114e+00 -1.942218419230808957e-01 8.057781580769166618e-01 -5.321449080666274672e-02 5.634741616446868884e-01 -1.039576954143518195e-01 -1.228115462037773081e-01 3.641946217487467274e-01 2.737257359959413203e-02 6.783438733025047573e-02 -7.119402151572552795e-02 -7.706233850387768369e-02 5.569336418010061712e-02 1.028538822950372106e-02
-8.240431974141094740e-01 -1.014407309590704021e+00 -4.331790417176614172e-01 -1.882912858176636894e-01 2.215284981370506667e-01 1.306097397944481875e+00 1.180249173800240081e+00 3.606182998259122585e-01 -1.659574986518202455e-01 -2.147611836717631117e-01 -3.937559168473120930e-01 6.656652529678351408e-03 1.692123088435435740e-01 6.798198114936440661e-02
-4.881366187797191447e-01 5.118633812203120526e-01 -1.540318969126643067e-01 -6.394878616411108219e-01 5.728576670853967601e-01 5.893572049267860324e-03 -9.328021471922935334e-03 1.038463203190768402e-01 4.966509662211248538e-03 9.344925583514683554e-02 4.145084077925707822e-02 2.165804801968669591e-02 1.043290745650808649e-02 2.514774897790786595e-03
-2.959937596134198934e+00 -7.574009787106472658e-01 3.987962931680600343e-01 -9.120919679893277898e-01 -5.162989387422496634e-03 2.600953870752083841e+00 2.434067941540052349e-01 6.498301659196313862e-01 5.928338215342343620e-01 8.517854363593115041e-02 -7.305196088311141089e-01 2.041391793807019739e-01 4.393042539555178094e-01 2.286190970717810744e-01
-3.085817534203565971e-01 -3.125525140678381275e-01 1.319509335967500863e-01 4.709349059161106743e-02 1.658969948575407249e-01 1.877902673905725017e-01 9.122814312307177265e-02 1.384692939561388836e-01 1.218120754718906296e-01 -9.066142424979517500e-02 3.170633486524056244e-02 -4.662970805929768370e-02 6.203466042096541372e-02 -1.416079159572569968e-01
-1.102189738504728789e+00 -1.052708221050181026e+00 8.978102614952950811e-01 9.472917789498188634e-01 1.897639107077297160e-01 7.379137685604493513e-02 1.028316427848308262e-01 2.445886047110480410e-01 -7.171209658357886874e-02 -2.652929575403533691e-01 9.913227336942198598e-02 1.328563099443194062e-01 -2.007529494057749830e-02 -9.813897167985208281e-02
-1.074761949742423228e+00 -3.766079355473962997e-01 9.252380502575715537e-01 -2.116427153234522185e-01 8.485363848890598026e-02 4.039977844452432021e-01 5.104798776100569757e-01 8.503498662247602202e-02 -2.343102326091997534e-02 -1.484394596416455658e-01 5.544343799736716621e-02 1.277114699965863076e-01 -7.332631728842456051e-03 -2.725946516542902542e-01
-1.762262759378697696e-01 -1.046025242893303231e+00 -4.602524289330582608e-02 9.539747571066954368e-01 -2.883636103239128889e-01 1.319222488289789053e-01 2.273804563134043666e-01 1.257966076506790709e-01 -5.639123297168580073e-02 4.287577332130986241e-01 1.464486553853064643e-01 -1.068805555688363274e-01 -1.713786539009884979e-01 -4.504076548902338079e-02
-9.269208213009483277e-01 -5.078236335545075475e-01 1.073079178699055447e+00 -6.105919825748249430e-01 2.808181499345707155e-01 3.008001778265610993e-01 -3.885812929731294330e-02 4.741634832708195302e-01 1.227010248734310416e-01 3.498055657771725196e-02 1.879622369823881756e-01 -1.710629644835734153e-01 -7.609959945191726444e-03 -1.336884384889474586e-01
-4.040753439638946620e-01 -8.681700811391084294e-01 1.595924656036098233e+00 -5.749467222970302549e-01 -9.912221341491016524e-01 2.704169180912511239e-01 2.152388984232279923e-01 1.636497205844731906e-01 1.401935564108500176e-01 2.122702012831384141e-02 2.651036698129197178e-01 6.690625634958141665e-02 4.362855421080051310e-01 -2.585830778763485993e-01
-8.331216500334022168e-01 -9.655258758743647807e-01 3.447412412564387907e-02 1.034474124125644767e+00 3.355276174434268510e-01 3.942559149976440636e-01 5.959067835834742644e-01 -1.600520516882688871e-01 -1.420089232723404371e-01 -7.886037345817920041e-02 -1.334096910933473545e-01 -1.288175712988235419e-03 1.895219501103427226e-02 -2.137513963473972392e-02
-6.717073485195322879e-01 3.282926514804668794e-01 3.104392692557960687e-01 -2.235650955581970356e-01 2.008382865005952922e-01 1.120342623453290387e-01 -1.455177525740366518e-01 1.501353278318903750e-01 -1.712981683617008366e-02 1.297389688016519493e-01 -7.903813774635451428e-02 9.443138756714918383e-03 -3.265302147749764121e-03 -2.274957307116715066e-02
-1.558489052186943669e+00 -5.584890521869465552e-01 4.415109478130619380e-01 1.441510947813053223e+00 2.041935983592227995e-03 3.902512081116631393e-01 -2.722985801887887330e-02 1.049782360509045470e-01 -1.051264474799089993e-01 -4.125152332968657493e-02 -3.706516101754907949e-02 -1.385249167028054784e-02 1.012628612882146735e-02 2.903290250833481106e-02
-6.735541787963322813e-01 3.264458212036664975e-01 -3.796312488248032579e-01 1.406185688689429170e-03 5.039816632825168119e-01 -2.865331487600673577e-01 6.393132575058394496e-01 -2.167167753048748757e-02 -2.293019729524868877e-01 2.707172674157668490e-01 6.093790263545662000e-02 -1.379561155243466120e-01 1.859596219544922546e-01 -1.821644987786671388e-01
-1.507129617046446102e+00 -5.071296170464577591e-01 -1.234521757167173384e+00 -1.000026972977391126e-01 1.214680007393563077e+00 1.823954753257109207e+00 1.884730241057917810e-02 5.587320135704157975e-01 -4.360248165080866101e-01 7.435577283545680150e-02 1.321110747308788802e-01 -1.600238512623419762e-01 4.790161356259027281e-01 -2.789158249764241426e-01
-2.906287411525620978e-01 5.069316091110184219e-01 -2.472927430158371187e-01 -3.099587961029467431e-01 -2.905094326154626927e-01 -3.936726572802116131e-01 5.203802381212141448e-01 1.703488268908827930e-01 1.233637839477368520e-01 1.315613203782678708e-01 8.778698316001627699e-02 1.981102842161911737e-01 -2.062234817603616002e-02 -1.078494489630340419e-01
-6.776322453997181139e-01 3.223677546002970962e-01 -2.631254384239313793e-01 8.864247523899387859e-02 5.289173798831926510e-01 -5.026184988041215718e-01 4.715911261788996445e-03 4.079927916358477846e-01 2.221492634390061227e-01 -1.029552343980354168e-01 -2.231333860479052245e-01 1.037897751314583172e-01 1.469489447845416241e-01 2.188938561782242248e-02
-1.247201824066921927e-01 1.818200802700125629e-01 -3.834673741098233446e-01 -2.980727000801280946e-01 3.586320270124939702e-01 4.241826361570058546e-01 -3.147280899820557587e-01 1.171616991460208007e-01 -4.841290219296006531e-03 5.114643438730542835e-02 2.921437736941034924e-03 3.156861551018148165e-02 7.396934770771877721e-02 -3.762376261044740600e-02
-7.682100407797137764e-01 8.646732584388155951e-02 -1.868853645290601273e-01 -8.512869664981160822e-01 4.725426817489719045e-01 4.270503049000887730e-01 3.911903136759573574e-01 3.304757381188894172e-01 3.484528102567338581e-01 -5.072218754369530735e-01 -8.535461618058043376e-03 4.331379312656932212e-01 2.665967842598708781e-01 -3.558253026889488524e-01
-1.605436250698226486e+00 -1.118674314193178310e+00 4.235041922096460104e-03 1.350568455673357482e+00 6.310170862084776289e-01 -2.649438521664209678e-01 1.677619364915997613e-01 3.659954593388917155e-01 5.306249514166144765e-01 2.967239962670989439e-01 -2.305023381043289077e-01 2.277924154533853274e-01 -2.358528356972926510e-01 -4.136087339283744946e-02
-1.177278284294090427e-01 -1.483976479912744173e-01 8.085016625472371543e-02 -8.068717091728131591e-03 3.031872487637925564e-02 1.781918282803199305e-01 -6.283981739078051132e-02 1.426158523418649959e-01 -1.540472472146474196e-02 -6.347001646712577272e-05 7.057263965772823944e-03 -6.613217254247141796e-02 2.052924701478772984e-01 -1.477430491641055776e-01
8.028271277839579279e-01 -1.316998493259757153e+00 3.597866112933223448e-01 -1.839617695247964813e+00 3.095397546505926356e-01 2.136003671787081726e-01 2.009497962823457995e-01 8.564311816265521848e-01 -8.285539509511085088e-01 -2.991898319855902377e-01 -2.164152936146667705e-01 5.448595318632359907e-01 5.984138878842943932e-01 6.923158850153151578e-01
-3.270660041825964037e-01 -6.401941829956790952e-01 -1.887159989242187086e+00 1.336061989439937925e+00 -4.100354933938564761e-01 9.887001201196224942e-01 3.159477164469419175e-01 2.141023299165232541e-01 -2.230798309307047492e-02 1.414024678380431943e-01 1.072559613908897480e-01 5.793435142018335537e-02 9.775823229839211703e-02 1.055493625560923049e-01
-5.358309578893692970e-01 -3.603617265226548572e-01 -5.358678292505456575e-01 -2.892744661863602684e-01 4.313358618709602910e-01 6.571508296871527710e-01 3.613252467562832471e-01 5.115604359247338806e-01 7.397526672088185207e-02 -6.264974321470637153e-02 -3.501894398527023722e-02 3.135557806653713753e-01 -1.477042785712665562e-01 -3.042465974859732691e-01
1.351237358807652056e-01 -6.814411410603651298e-01 2.938091357196448428e-02 -8.570900435970756348e-01 4.623183971535767545e-01 -5.655489447290005245e-01 5.003177156492304434e-01 -2.059753915308290828e-01 2.677083255661347749e-01 5.272333772562006748e-01 2.672502135730286943e-01 7.840037834837136899e-01 -4.075253624504164840e-01 -1.778067002476908520e-01
9.699211710214522553e-02 -3.416215400981547634e-01 -2.374662680075992627e-01 4.077709495392192740e-02 1.554861440987446164e-01 2.015075707629601920e-01 -4.059217014736882234e-04 2.592992938283817939e-01 -6.910858124242072464e-02 -1.260957078624553446e-02 -1.237529171909979298e-01 -3.794703998104544812e-02 2.408436363464365459e-02 1.227141331463768859e-01
3.397322442950962973e-01 -6.665613453951588774e-01 -6.105796946477060061e-01 -1.387578295781880078e+00 1.243549138111722518e-01 1.154781098904282377e+00 7.573927462520478882e-01 3.570821518128141081e-01 -3.015847238666966024e-01 -1.150358083372177709e-01 -2.158924505290753595e-02 4.033019547602644250e-01 2.391054753762792209e-02 2.032233422749889565e-02
-9.376425035550818299e-01 -4.560677508469559438e-01 4.913350374975193890e-01 1.650443757073734585e-01 1.787611057298882644e-01 8.302893409040559280e-01 -9.149860709014173699e-01 2.671113579268166727e-01 2.494174880335786604e-01 1.544545856201218759e-01 1.549200683335481554e-01 -2.104208166427901650e-01 6.920528122038434315e-02 3.652737949219558855e-02
-1.285188973722852790e-01 -5.435580718266725536e-02 -4.997728545953480928e-01 2.286408924676090193e-01 -2.213707017120303093e-03 -3.180573039461271900e-01 1.873450793499008837e-01 4.354055447079090979e-01 9.274965985532789003e-02 2.582452781718315715e-01 -2.618268597809359985e-02 -2.136558008805981845e-01 -1.686806126167464670e-01 2.870000935556449861e-01
-1.716999841854106590e+00 1.374659695300164131e-01 -5.284499921541132572e-01 -3.782975401378554370e-01 6.810283085925206148e-01 1.139117084062917007e+00 -7.645181386166602366e-02 6.770328442787779677e-01 6.417258887061742800e-02 3.173947199554475462e-01 -1.856762359149668196e-01 4.702534213553027226e-03 4.863238359279058870e-02 -1.057221306546955453e-01
-1.966631024781210768e-01 3.550732455983073299e-01 -2.576357106611407710e-01 5.171881115143953100e-02 6.996236145918185989e-02 -1.867393324481274874e-01 -2.094515609708278991e-01 2.297614630791879331e-01 4.445334109595800581e-02 -2.086074388520855333e-02 -8.345901872038388736e-04 1.994381612638568835e-01 -3.061766286270267007e-02 3.034419836463787129e-02
-7.629056016264494922e-01 2.370943983735502303e-01 -1.603403651730857638e+00 3.294776789960818797e-01 -1.578674528609118832e+00 6.800825540672668090e-01 1.262665941543857029e+00 9.609534775396827433e-01 5.063582170129463655e-01 -1.204562150703844675e-01 4.510307124028225395e-02 1.832514100807620394e-01 1.262399497891905295e-02 -7.422186827730130332e-02
-1.058159938326966421e+00 -5.815993832696493560e-02 9.418400616730301378e-01 -1.137338274481240925e-02 -9.567827282906452013e-02 2.798799429019033225e-01 5.044103311404540824e-02 7.300565153492122317e-02 5.061178716383987752e-02 -9.954482811721582225e-02 -1.706866497804535032e-02 3.688626832503456854e-02 1.519789877543015200e-01 -1.667098286247696015e-01
-4.274631320967556269e-01 -6.210111922933252426e-01 -1.029316125059022369e+00 1.264979365505786379e+00 5.009735721457696071e-03 4.208375290160366045e-01 -4.526095029338980669e-01 -6.955419285676886498e-02 3.898281395389294191e-01 3.644815909706607959e-01 3.922435533654298201e-01 -5.184896252090531038e-02 -3.046187581647740936e-02 -7.716605202191066659e-02
-7.787612383809661143e-01 2.212387616190275019e-01 -2.190322664558818300e+00 -2.366734778148390284e+00 1.344248521470780222e+00 1.982413932437540272e+00 -1.644406782457226157e-01 -7.321269945733044349e-01 3.740543052411555158e-01 8.994035800480016940e-01 -6.276420543383703921e-01 1.483753829483142050e+00 1.301685378840753970e-01 5.026958185810859181e-01
-2.249386783761706532e+00 9.926040761614576824e-02 -1.303486970096212838e+00 2.487472306920726073e-01 9.945197043134561543e-01 1.213596061772207024e+00 -3.486466204486745463e-02 1.085077748526033448e+00 5.349011213694709194e-02 3.422895103284235296e-01 -8.571773086563008737e-02 1.133843319801104144e-01 -1.394631150381700768e-01 -2.594969670395715911e-01
-2.793827211243801845e+00 -9.192006239601095974e-01 -4.498550967717446225e-01 5.678643789107921114e-01 -1.226391019813483085e-01 2.168547690850592513e+00 4.346004692012355730e-01 3.504412367587657062e-01 1.662169238562366536e-01 3.145008604095915761e-01 3.365847823859807741e-01 3.896258939115028186e-01 3.016413748463339095e-01 -6.665526986547896104e-01
-4.170025355899009134e-01 -4.514937119598601556e-01 5.540164647898646599e-01 2.809168933465480689e-02 -2.625095230482945019e-01 3.996509130151810751e-01 -2.142228495148366108e-01 5.482877009941782287e-01 -1.928366387044218588e-01 1.412157835660803329e-01 -3.434854254302523169e-02 5.263018929421199588e-02 3.799169740562865355e-02 -1.115217585202235850e-01
-6.508235177359340540e-01 -1.032894141798225696e-01 -1.053269912140450737e+00 5.072367135855939679e-01 7.356998936620614549e-01 -9.240580070082417274e-02 1.160579894548152136e-01 8.684644554413757378e-01 -1.352713453116441977e-01 -1.069493151570695966e-01 -7.816332983855760197e-02 -1.320810735230335542e-01 1.083521602731625788e-01 9.439137468956496080e-02
