-2.701829089886306767e-01 -6.777795502177967890e-01 3.222204497821966052e-01 -5.842893487271154651e-01 4.707521185764780847e-01 4.258488666586718319e-01 1.427229219500917023e-01 1.700430266066411955e-01 -3.155443404855873962e-02 1.857854993513056718e-01 1.085297633974212222e-01 2.182563855364018923e-01 -1.939301038941858291e-01 -1.764368473387139813e-01
7.494783782679961814e-02 1.051230201577070256e-01 -4.072099507905742322e-02 -1.833337568591437705e-01 -3.152609243283207574e-01 -1.453085070123652234e-01 -1.560598042074601566e-01 3.527233927075730524e-02 2.852777169686541714e-01 1.344076734020868413e-01 1.611171622698734651e-01 8.856519258301753794e-02 2.601637155718348748e-01 -1.942048319201770123e-01
-1.493523868062869520e+00 -5.898505011821519872e-01 6.406809782533878783e-01 1.008993729622885693e+00 -1.165718889319178331e-01 4.919528094960644027e-01 1.822704816792562466e-01 1.194801449216483236e-01 -1.004361188720257619e-01 -1.216104110008698336e-01 3.511620025260148159e-03 -1.114425897740560778e-01 2.123430088592150045e-02 1.752971515836729555e-01
-5.239358532508461286e-01 -8.409795035609821667e-01 -3.524066370021312067e-01 -1.133591215672181240e+00 5.159250752433353071e-01 9.034811427988083121e-01 9.910968073423833680e-01 4.103946665436625230e-02 3.001901058356477026e-01 7.466381507237374038e-01 1.772177613247477232e-02 -3.349832112174424004e-01 -3.734015624917111364e-02 -1.828701091337923135e-01
-4.918610469745968161e-02 -2.052536472018214320e-01 5.616211098490767745e-02 1.500148159181594609e-01 5.835455459537910311e-02 -2.478075489497618411e-01 3.443039803613072714e-01 -1.054900859874956381e-01 -1.374000852839038327e-03 3.643572026899431771e-03 7.739583780060551275e-03 -1.369052476222432091e-02 -3.866981983219214963e-02 1.512389532612871679e-01
1.632109763688939785e-01 -2.508155890185599923e-01 -4.459714205612606008e-01 1.383190240875492028e-01 -3.107883049509893580e-01 4.847978979443066105e-01 -3.853660521052810206e-01 5.371714910438175616e-01 -1.352231995251498009e-01 6.515689901803817241e-02 -8.818951950640860349e-02 -2.781906191185518074e-02 1.055937231838458695e-01 2.599089745772596993e-01
6.533499393850200621e-02 -4.129846357299989390e-01 -1.019746394434152048e+00 2.829963050451697604e-01 8.916862404923582286e-01 -3.214244348481573033e-01 3.825100984799956749e-01 7.778796842392368682e-02 2.717996356462579755e-01 2.126206561765841066e-02 -1.180389508384482450e-01 -1.673679711759397046e-02 -1.471158799534475099e-02 2.025133196403634123e-02
-3.635387219078440868e-01 6.364612780921592439e-01 1.055223841440241783e-01 -6.213798850077171254e-01 -1.970900480533854249e-01 -2.553652280839595057e-01 7.366457133473547358e-01 -3.081239167431671921e-01 -3.921973734885655372e-01 3.536187197701873841e-01 -1.340113878783463514e-03 2.056682257855692308e-01 -4.143231452154685218e-02 2.525371191898809764e-01
6.307742842655849058e-01 -1.229577954948459118e+00 -2.202418544199133521e+00 9.550724663694613037e-01 -6.047600571097590250e-02 8.130219734852279778e-01 -1.662931872052935550e-02 -1.336301445858844861e-01 4.880515315705297730e-01 4.935820096739330920e-02 4.536740861434094829e-01 3.284760160402323548e-01 -1.811701934657328761e-01 2.154594414330827379e-01
-8.926896156458006271e-01 7.640415309668831256e-02 1.076404153096697014e+00 -1.826787132423382254e-01 -1.228666446084046848e+00 5.751157864957806565e-01 2.232257725402906345e-01 -1.172180591709499724e-02 1.234518015896696741e-01 1.903983166221998730e-02 2.222619749633576725e-01 -5.742672883215218377e-02 -5.091379087782945539e-02 2.181794657987648767e-01
-3.952941314979570020e-01 -4.762128198569598458e-02 2.120593755566513861e-01 9.821763113773715470e-02 -1.946778473046219815e-01 4.538435847777925747e-01 -2.006056377052788386e-01 -3.024777244619736849e-01 2.766761696795455028e-01 3.636214401827669862e-02 -7.703160026739140631e-02 8.298168772860453624e-02 2.240846632301019825e-01 -5.653119426158439986e-02
-5.437261216637175876e-01 4.562738783362711437e-01 -1.507179069468735366e-01 -5.012735611880225761e-01 1.967772659497274979e-01 4.361634735770670290e-01 3.255440280083972127e-01 9.950232740462952585e-02 -9.179967024469193326e-02 -1.202188720781816600e-01 1.438770583183663909e-01 -1.765355944686173850e-01 -2.124098111898884214e-02 5.736051475884116485e-02
-1.014312723878691758e+00 -1.431272387868313956e-02 -1.881241748348843335e-01 8.118758251651116975e-01 -3.435781306716371997e-02 5.444847660236615816e-01 2.174754420065218019e-01 -4.434163548345942257e-02 1.175484789195302068e-02 -3.797905180377791207e-02 -1.757007275128989743e-02 -5.612061729429817375e-02 5.753830774271766202e-03 -7.424006022506515756e-02
-1.571676839188898001e-01 2.280596775647723562e-01 -7.551990660093154117e-01 -1.436615156016852968e+00 7.530613737760364357e-01 -1.660199931312590638e-01 7.023985430453918433e-01 -1.823836703430614659e-02 -1.639263589310679947e-01 6.533334353480818590e-01 5.495450842492149990e-02 -1.622811335898590723e-01 5.042452946105855371e-01 7.338076450596768552e-02
-1.993144983294713457e-01 -3.548374960111337628e-02 -5.125622968066548268e-02 -1.132183474226264135e-02 -8.701852929661876845e-02 4.007921456269206845e-02 2.400421858375418882e-01 2.856446292211606286e-01 4.785698028141862487e-02 -2.521764687549333042e-02 9.375369629414738448e-02 -9.231814032072763188e-02 -1.931407854588735040e-01 9.768054675247200835e-02
-1.703297178255561151e-01 -1.858751302167551966e-01 -2.006895832877425567e-01 1.245505690525883918e-01 2.346196672997311328e-01 1.064453393758996308e-01 1.993361209426857961e-01 5.593198126567853340e-02 5.573501533814784192e-02 3.515166272765411944e-03 1.995210580715513216e-02 -8.263252756846729830e-02 -6.518136985778332990e-03 -4.405503082614588284e-02
-1.204079562203822729e+00 -4.064996686012607441e-01 -2.876794735033902928e-01 -5.103985125429268965e-01 1.035144173141092638e+00 1.125112275399100525e+00 2.878427216186486559e-01 2.562010523817274121e-01 -4.091485423606375793e-01 8.386201988012446928e-02 -9.658423298016632907e-02 -2.505828657986122754e-01 9.939406513631360296e-02 3.874023890780160517e-01
-1.038720758263633082e+00 6.208442894131583484e-02 9.612792417363729136e-01 1.963853343570202969e-02 6.370620534064574958e-02 1.623142260027507153e-02 4.586212467769008871e-02 -7.616423503989211419e-02 -3.169819763802575463e-02 -1.758179857863806372e-02 6.527917397089934987e-03 9.680336127284824843e-02 -3.881583193842423618e-02 4.083342470087988202e-02
-7.816357624248351232e-01 4.826152551039246397e-02 5.259213177170653231e-02 6.851548483679636981e-01 3.238534054394603401e-01 -9.314757490209396584e-02 2.095984110182915611e-02 -2.257142813593305541e-01 -9.220698810496760767e-02 -7.105560842082588036e-02 -1.063043131745335448e-02 8.079609646467356132e-02 -2.839407856298142158e-02 2.011527150806686481e-01
-5.855511515088431818e-01 9.584066903020241890e-01 -1.485132235765475595e-01 -3.917254084799352554e-01 1.330134093698339681e-01 -6.582210993256863985e-01 5.439384607613648726e-01 2.067747851395966563e-01 -2.043460833628728546e-01 -2.422194407023975649e-01 -3.212282655489837740e-02 1.097572322486996266e-01 1.314236300162327231e-01 2.893708643176357564e-01
-2.769262334288755123e-01 -5.266686205407903332e-01 -6.560541004079345484e-01 -5.513502996084879149e-01 -7.237938532452192764e-01 1.234716819824532408e+00 1.250432817183680267e+00 1.551816915160374455e-01 -9.820910171536237354e-02 2.721434484596354508e-01 -3.232465052870158728e-01 2.051010139319342784e-01 2.297499702079767725e-01 -8.109120824590453080e-02
-3.326268448644438269e-01 -6.860903337917987344e-01 3.139096662082078160e-01 1.313909666208209703e+00 -5.891495808395529332e-01 -6.190365978864725838e-01 -1.670996882204613398e-01 -1.400559586386059263e-01 3.815133544635221918e-01 1.669291882576701136e-01 9.678574242233710379e-02 3.976022423640275250e-01 1.276050822840974486e-01 -1.542100993225301586e-01
-2.457975555260427658e-01 1.031088795145125081e+00 -9.206613993673096186e-01 -5.549238640200561123e-01 -7.192750973829591388e-01 1.996982885027251686e-01 5.977017605303212022e-01 2.651782084644118687e-01 2.256229958643254929e-02 -1.932788508774283542e-01 -3.023366421295639594e-02 5.476143701917705053e-01 -1.168381758037507767e-01 2.271507234139234499e-01
-6.122638254997336826e-01 1.649292577639984714e+00 -1.492143017510574099e+00 -1.736445259679881836e+00 -6.375578732842868135e-01 1.313569692756351714e-01 1.123951157719040639e+00 -1.326245486082020253e-01 3.903687470493611422e-01 5.205369645118931299e-01 1.548383379898995993e-01 5.835780888508226294e-01 -2.199936988979508401e-01 3.870912190881996562e-01
-3.027727835230169251e-02 -2.475079985785736680e-01 -9.938359584152380022e-02 -1.749851971751630736e-02 7.765875103481489905e-02 -2.803445292002762490e-01 1.465382514034845041e-01 4.236306770036827873e-01 3.481774761584401356e-01 -1.590105359071688346e-02 -1.229385514089857273e-01 -1.659512238870204659e-02 1.111456776284898001e-01 -1.667183455061092279e-01
-4.798004723282581763e-01 -6.348440468109667334e-01 3.651559531890254950e-01 6.031190247242610436e-01 1.233448737359675584e-01 2.760529434618276823e-01 1.419971671989261053e-01 -6.421671857682305362e-02 -1.682211876313775556e-01 2.167962986303709899e-02 -2.684757063429999216e-02 2.534362577234239994e-02 -8.145227058344030324e-02 8.674887263984880012e-03
-9.841389534468356626e-01 -7.746799641545449866e-01 2.624235667806578132e-01 5.262822451490457576e-01 7.511499426720659178e-01 -8.631832601135726035e-01 6.781098148202733267e-01 7.501534378362109678e-02 2.269414223898928717e-01 -3.879242767610978360e-02 3.454178357115655906e-01 -6.766838134549423012e-02 1.627643423057758276e-01 -1.896556882321343562e-01
-3.164244837684629941e-01 -7.968364632708058171e-01 -3.439637284122720184e-01 9.240667826844269905e-01 -1.001573116129865104e+00 7.085399032463767233e-01 5.340163295994713177e-01 1.052557889408394787e-01 3.723150490056950090e-01 5.756218879294894286e-02 -3.935255135261754855e-01 3.107040430128883424e-01 -1.978966106606195041e-01 1.477456691297605040e-01
-8.186195288895874445e-01 1.813804711104184675e-01 -4.810327482686812539e-01 7.441701237507599709e-01 4.125522674874581019e-01 -2.465783050570726220e-01 7.488921915372873106e-02 2.493646682825413630e-01 1.110114523196670949e-02 -8.564716692198125203e-02 -1.427223199411429277e-01 -1.412600564414571713e-01 2.051386550678420406e-01 1.472494140794136375e-01
-7.544680011280008314e-01 6.813118073878137171e-01 -1.741077768486456900e+00 7.972541448230602290e-01 -4.011783434972216456e-01 -7.718888266568648682e-01 1.700069150894251979e-01 8.426434361404800955e-01 4.844789298081326190e-01 4.489468066083251441e-01 2.295472169569051646e-01 1.752979686054461084e-01 -4.295808820352970958e-01 3.786924350284596175e-01
-3.316624415907779705e-02 -8.417514653825932669e-01 -1.221141886240584062e+00 5.034231440105976230e-01 7.327969313243976046e-01 1.961017838292057336e-01 4.136704240328252236e-01 3.140784752853165163e-01 3.293890189133757973e-02 -3.756434542493343465e-02 1.488750914974185276e-02 6.274338045805075842e-03 -1.957153811730813833e-02 4.900981039947602258e-02
3.278869484722401473e-01 -1.343516968611833950e-01 -8.351855343822798261e-01 -3.042695275940451513e-02 2.820758122325286998e-01 -2.478004227291165720e-03 2.875729621373117606e-01 -1.835685122411888359e-01 -4.773150618630509628e-02 1.859748727794865719e-01 -6.317339144798013451e-02 2.212316845598247261e-01 9.017817087638566043e-02 1.198098569206197325e-02
-1.342988608463694611e+00 -3.429886084636925014e-01 8.279782256278192532e-03 1.657011391536317380e+00 2.329397799041504208e-02 8.208326704096075010e-03 9.434503218536985369e-02 -1.225076516345961208e-01 1.306261754399388186e-01 3.105285320092473697e-02 -5.584261193841610904e-02 5.302472022343122926e-03 -1.043970735209701767e-02 2.663301516101969010e-02
8.269677348324605548e-01 -6.410241592266335831e-01 -9.166278341109991290e-01 -2.384139500583908333e-01 -2.205759570527335983e-02 6.304314901573614405e-01 -2.402360438659859737e-02 -1.323845588077405266e-01 3.581044125553300983e-01 -1.717045958270497705e-02 2.416732125552015220e-02 1.746663214715493961e-01 4.455564302520716863e-02 4.279507722511897982e-02
1.157390588217240834e-01 -4.439017951839815401e-01 5.560982048160201252e-01 -1.439009853915881876e-01 -1.314778402450046402e-01 7.039114965782617035e-03 5.851745582049397432e-02 -1.802582983661721594e-01 -2.082708590554741349e-03 1.366480890442644258e-01 3.323550750303609636e-02 -1.161439173059328062e-01 7.935336770124118422e-02 1.411205850548780949e-01
6.184762846708898726e-02 1.061847628467081917e+00 -4.062918157135406161e-01 -7.055231323312953773e-01 -1.340953614125828475e+00 -5.509465682501329953e-01 -6.018169517863769524e-02 2.336621185186441296e-01 6.269012020157728182e-01 4.988432596221166193e-01 8.790917213891791260e-02 2.752602696974383867e-01 6.171507616150876396e-01 -2.895393762985071229e-01
4.080765305943073740e-01 -3.728150750070596126e-02 -6.933012533253987142e-01 9.720692150237207618e-02 -6.915574313084873470e-01 1.714130758805069432e-01 4.889004937071250723e-01 2.446404376523639845e-01 1.325832338965017843e-01 -1.141479875102968389e-01 4.873174557914529414e-02 3.891958723152162680e-02 1.321331904421224569e-03 1.448066034082985155e-02
-8.142092309066032429e-01 1.857907690933952027e-01 -9.551510295486962399e-01 3.558109734526174184e-01 6.535724130531535003e-01 8.805245743014846749e-01 -3.718662538836268738e-01 -5.340684776149274837e-01 4.895046096331515800e-02 4.259223772602414582e-01 -4.333950080744860545e-01 2.387733181277072458e-01 9.946940602632904638e-02 3.298615463943026516e-01
-2.693554757357198293e-01 -8.224432673141962580e-02 -3.349638926241703674e-01 3.077164372085703925e-01 1.581481599597597265e-01 6.482776682866697726e-01 -2.427090194065742446e-01 3.860652775980044638e-02 -5.166675858186586812e-01 -4.189042741099942013e-01 -1.289467008100076140e-01 2.892793405120633321e-01 1.585754705695356093e-01 5.031735095843516969e-01
-2.258114868723801738e-01 -2.723461409041671444e-01 4.817828011643632280e-02 -3.700238330622281357e-01 7.131322908650794545e-02 4.679903882983711960e-01 6.331112033652908089e-02 1.429628742394369878e-01 2.016091042610220763e-01 4.336378733756711124e-01 -4.126597175606955270e-02 -2.083302842620213258e-01 -1.228178066717413308e-01 -7.842150754116070099e-02
2.119443612129757737e-01 -6.648520533899223706e-01 -6.308278859780321879e-01 -1.635872206087177205e-01 -5.412305878122001396e-02 6.575262954993659203e-01 6.965572822988487234e-01 -4.380032126302134121e-01 6.150559788228640024e-01 4.619392584889322334e-02 1.102174703503507394e-02 -2.854397894683236014e-01 4.002803269943450148e-02 6.849143608321854593e-02
-6.918638426027081678e-01 7.179472630009826606e-01 -4.668075115627217664e-01 -1.529969463495254312e+00 4.178337623626747765e-01 2.267697552373012237e-01 5.474113453341105107e-01 -3.867276690329166100e-01 2.215853147570231718e-01 4.549535311037707919e-01 1.866808622556127562e-01 1.764948710045413371e-01 -2.429068988331177237e-01 4.785845191149076250e-01
-1.001830276260688990e+00 -1.830276260707424871e-03 9.981697237392984645e-01 1.318614884264414887e-02 1.305459728048201720e-02 9.348824526572048488e-04 6.995647240266593403e-02 -2.490238974591751225e-02 -1.172686498605406830e-02 2.976833797166885537e-02 -7.896526986601091688e-03 9.700802775431916283e-03 3.101532261495541093e-03 2.029967515783157733e-02
4.538216427196883340e-01 -6.207692382623741789e-01 -1.059166426082002843e+00 6.121074963025249782e-02 -2.229990875649660864e-01 5.909384932728852791e-01 7.921257858580923461e-01 7.271637607919514967e-02 -6.806258479960917984e-02 1.510555305321717168e-01 -3.018968689477083411e-03 -7.132965802955427981e-02 -3.257937853155273844e-02 6.604260251145756266e-02
-3.423394859610264795e-01 1.427628256535520279e-01 -1.991577456746547181e-01 2.002756198724286452e-01 -1.547350207903540609e-01 -1.400619780813035231e-01 2.840992953435759194e-01 3.730790854791661282e-01 -3.295489441071725034e-02 2.423283271231380098e-01 6.976842901097513039e-03 -2.549593822159738621e-01 -1.297251968792509369e-02 -2.355130906796820342e-03
-1.302598165279728049e+00 -3.025981652797215538e-01 -1.371351784256399808e+00 1.199150004393753521e+00 1.472012134292959740e+00 2.575956994004006684e-01 1.650710673295068681e-02 -5.144419382218169343e-03 5.066242479978869812e-02 7.324409926917078290e-03 4.890010274322235256e-02 -2.578098676899084549e-03 -4.003243239579035162e-02 8.213702162497116266e-02
-5.572975317867996381e-01 -3.486269816396634913e-01 1.442702468213196587e+00 -2.190009396186708646e+00 -1.484329663163916901e+00 1.723536466274893986e+00 -4.085651083080673596e-01 2.007306530071019668e-01 3.703275502981171474e-01 2.651493092044051036e-01 2.891817400044989217e-01 1.432792018938052747e-01 1.615469830865615131e-01 5.023601477467826149e-01
-5.025380149000120422e-01 4.974619851000003368e-01 1.064416602869963979e+00 -9.633061912853421171e-01 -8.118814615163397752e-01 3.010870088533836864e-01 -2.068417202056550552e-01 -8.617807697955232049e-01 -1.386754647365443516e-01 5.071520415623408384e-01 -2.398196451596720513e-01 5.872277768957077093e-01 2.499466298033925227e-01 6.275370611585063818e-01
-2.574482594849019645e-01 -1.036548842306931617e-01 7.602649261150214166e-02 -5.038421738038569853e-01 6.243673184713540714e-01 5.120829305202192344e-02 7.099731966602286504e-02 8.333194194434037638e-02 5.619617263499572524e-02 -9.213033307211160317e-02 -1.063882443151566853e-02 -7.905877239073395846e-02 1.060197075936838013e-01 8.861184008409896118e-02
-6.662320041970205553e-01 3.337679958029872163e-01 3.060092713794095309e-01 -3.934576540694408875e-01 2.497435041457141958e-01 7.824330943885626777e-03 2.516315757154137245e-01 3.551064589670555605e-01 -1.578005548436318961e-01 -2.023391152248614488e-01 -2.024977525037520987e-01 -1.015864710869614773e-01 8.748152014808972810e-02 2.423347334673193743e-01
