2.970922431779883155e+01
2.970852134671504174e+01
2.970957995693331100e+01
2.657616006844224543e+01
2.970913097505291844e+01
2.340421723542889509e+01
2.970876540991146442e+01
2.004476726915529383e+01
2.320594550129121103e+01
2.837140082209862513e+01
2.970968586003828449e+01
2.970933049503508627e+01
2.970912576768754931e+01
2.481865489044248463e+01
2.655995792960534629e+01
2.970975714654078814e+01
1.861609879186129746e+01
2.970928478599394396e+01
2.970945155928587411e+01
2.970928688676465868e+01
2.970856278025839003e+01
2.970981329649372071e+01
2.970945783543821150e+01
2.970967305016570137e+01
2.970968752941105961e+01
2.588026655251866970e+01
2.970925111288632792e+01
2.580377786116853400e+01
2.970955699106247394e+01
2.970989106995266482e+01
2.970926078583258700e+01
2.427051578080626015e+01
2.220172670327521303e+01
2.970902488612922099e+01
2.604195315706639136e+01
2.970905382916397031e+01
2.837712267858451298e+01
2.555148053777215011e+01
2.970911857743807971e+01
2.970878047859413584e+01
2.970958732988761852e+01
2.970941324620287816e+01
2.970971992890320834e+01
2.970897681874757623e+01
2.970941656622387583e+01
2.970988041775157029e+01
2.609539905311644858e+01
2.970910110326751763e+01
1.631047598021229206e+01
2.589797783575857437e+01
