4.327571388412597142e-01
4.574103643831147203e-01
2.664083762531457844e-01
8.424315769243306828e-01
5.762184936779570776e-01
5.409474100958575615e-01
2.965809994401035765e-01
4.502404239776513495e-01
4.036692441665213904e-01
2.999058657371693193e-01
5.062647426796466066e-01
3.545859341502453077e-01
1.689243343924054785e-01
5.004226848142133699e-01
4.718930517793689106e-01
8.509772403967130749e-01
3.458635194522052259e-01
4.816515088670372258e-01
5.584777657132965478e-01
4.005074550427454860e-01
5.841403473017613424e-01
6.842092612528950513e-01
4.181706267822333234e-01
2.477200970049080742e-01
4.556301675455577960e-01
2.858627556490587751e-01
8.670462939887034759e-01
4.106959012971401202e-01
9.562181750876471709e-01
9.215988299831404662e-01
5.751287887942457822e-01
4.689670473145898799e-01
2.728788778611533350e-01
2.756164795812990342e-01
2.183229850170534947e-01
1.140501070794985861e+00
4.346629645041856227e-01
7.086110020680579380e-01
6.084445694955462614e-01
3.300150230363945725e-01
4.439271892464579095e-01
3.787016272413614715e-01
3.529365403151776270e-01
5.430529386304873141e-01
1.040261958958769162e+00
1.580763974294741914e+00
6.554559844721394857e-01
6.346627285575184851e-01
9.085158974826689215e-01
3.463867078596634119e-01
