6.765371844253131872e-01
5.343674184364811675e-01
3.811430169284252822e-01
1.200327408420011066e+00
1.011003894806562720e+00
3.371967477534134616e-01
5.147620732235860253e-01
3.079157285644509856e-01
6.916433738995070302e-01
6.213230610880760008e-01
9.535073430752456503e-01
5.787338605344742870e-01
2.668490579713390654e-01
5.803227272119231284e-01
3.399306171815069111e-01
3.670741982531020575e-01
2.367629163684410731e-01
3.490941179743530798e-01
4.931682128263802367e-01
6.752763553412505226e-01
1.813980189817734068e-01
3.612432055625467986e-01
2.508077988533529146e-01
2.277868543901912513e-01
1.811236909881098756e-01
1.090399000237664673e+00
2.232103791847554752e-01
3.326474955205585005e-01
6.549064393395019890e-01
4.330891175932620185e-01
4.191123567094035551e-01
5.903168420915542169e-01
3.856776408634247644e-01
5.689338915076870284e-01
5.244565045520072077e-01
3.360874878077242389e-01
2.384545990531876936e-01
3.456659362698463189e-01
2.818061515579585730e-01
4.622526904825903227e-01
4.557924860140466494e-01
4.003288282373667073e-01
6.739710064687998159e-01
4.076364182164536332e-01
4.737263106413548419e-01
5.175409717542762689e-01
5.036268862016405334e-01
9.538424103370038987e-01
4.172245430238242792e-01
5.821127601551291386e-01
