-4.602400700504720277e+00 -9.534300300175850396e+00 -2.716853976370450674e+00 -7.971730380044298236e+00 -6.512776346600589683e+00 -7.114357346279958527e+00 -7.938887160602252635e-01 -5.224182694382550451e+00 -4.086431342091480623e+00 -3.045943339156397478e+00 3.899864617335057626e-01 9.226924977458333954e-01 -8.515362754214972352e-02 3.295335358719407637e+00 3.100643265395323311e+00 6.936099536350331718e+00 4.202904922258011489e+00 4.382948782314273650e+00 5.446818344588804983e+00 7.653880147089036967e+00 7.376218659656903931e+00 7.364178462535720726e+00
-7.786421808539760292e+00 -6.649881020101817697e+00 -8.016535463494758318e+00 -5.700241161328607475e+00 -4.852207647938032942e+00 -1.682288830705575222e+00 -2.469354333158768178e+00 -2.658723540097720495e+00 6.952529824410806913e-01 -3.843469601885819209e+00 1.756268676952639218e+00 -3.870715852268221902e+00 2.467652338794679157e+00 -1.749928186909126326e+00 3.133059016907860705e+00 8.440630859377542539e-01 3.869646515034506962e+00 6.888378752115196235e+00 6.713898531963430116e+00 3.663610587320488055e+00 8.251145390236759525e+00 1.038047923790228211e+01
-1.052710806401663035e+01 -9.527983723303563579e+00 -8.528378022929912206e+00 -7.527815012356549929e+00 -6.528395904323348375e+00 -5.527424244305374046e+00 -4.527665762326003929e+00 -3.528408629915013250e+00 -2.527153981944792349e+00 -1.528211651465179344e+00 -5.279277992456083979e-01 4.724356996805525455e-01 1.471553416827426020e+00 2.472514735439521161e+00 3.471921222189177314e+00 4.471712598481877521e+00 5.471829282024609498e+00 6.471382589915499750e+00 7.471622818985686365e+00 8.471544774153937141e+00 9.471505740562188080e+00 1.047213758704971198e+01
-1.052637145152859688e+01 -9.527798312218752841e+00 -8.528055282743546073e+00 -7.527424442084424072e+00 -6.527990365834803299e+00 -5.528158927770235209e+00 -4.527949708016485886e+00 -3.528214374991046398e+00 -2.527915651412572018e+00 -1.527120637209986143e+00 -5.274916165190735029e-01 4.714262462538680865e-01 1.471550551740545387e+00 2.471774098960775490e+00 3.471827661184688552e+00 4.471241121677774544e+00 5.471437258211990340e+00 6.471705069331544991e+00 7.471604702560330935e+00 8.471684110848324067e+00 9.471910407332797988e+00 1.047201721140565134e+01
-9.495398297689103373e+00 -7.108097574266502683e+00 -8.890387225664285964e+00 -4.503449459800833665e+00 -5.667757716123839273e+00 -5.591636097053078736e+00 4.161885583993298887e-01 -3.560077375003713129e+00 -3.605237177288985961e+00 -2.016225257218889677e+00 2.292583964669850261e+00 4.425978295675146446e-01 4.439671841770270744e-01 1.780071898738214031e+00 2.189811121165294416e+00 2.844455153721639373e+00 3.833144333933905301e+00 4.399285880223523293e+00 8.272749435621330250e+00 7.311044455315243162e+00 7.840059979370813004e+00 7.755994054384008685e+00
-5.750195598853632184e+00 -3.774081373207655687e+00 -6.737504801932098886e+00 -7.566040337095863322e+00 -6.562113279589218529e+00 -6.947830642203953744e-01 -5.369201581056204375e+00 -1.065620205752213501e+00 -1.067904540430777649e+00 4.935085216774869110e+00 -1.468097484322226087e+00 -9.683585708606701203e-02 8.267265558582396201e-01 -5.850183288277355231e-01 2.406995878676652545e+00 2.062967686838371950e+00 4.591349963248285704e-01 3.713418921879959367e+00 7.784614387206921116e+00 3.679009256819434803e+00 5.485282448584143822e+00 8.767848772589140083e+00
-9.330127098050594370e+00 -9.143446506875902102e+00 -4.549245933857406499e+00 -4.279543273479089471e+00 -6.271337613202223160e+00 -5.325891921960846709e+00 -4.164837545582996903e+00 5.210727717007226367e-01 -4.029162331129810148e+00 -1.903809460401464593e+00 -4.421006472638979723e-01 -1.385744276537128616e-01 4.883820035820156669e+00 1.904347695508214366e+00 1.425115191289948013e+00 2.606906286013533247e+00 3.896800133071296912e+00 7.416488811707058204e+00 4.148609994603767781e+00 5.940382632000804186e+00 7.354165247514327319e+00 8.864055629406575321e+00
-6.748315880035838710e+00 -7.253704578755973742e+00 -1.690207424856057461e+00 -3.810494944194926514e+00 -2.574535391308254706e-01 -7.871859435526492810e+00 -2.366627647053217487e+00 -4.734637290016824984e+00 -3.355678856556971290e+00 -1.043626860743239321e-01 1.640463321217460191e+00 -9.415521042726454626e-01 3.976017550195471095e+00 2.683268412154785842e+00 3.591725056731121413e+00 2.501914484590308962e+00 5.134037647240681235e-01 4.706347022907390709e+00 5.655600590479179068e+00 5.237154251130712090e+00 3.460418578755598773e+00 4.552269022766481932e+00
-1.052783933325296317e+01 -9.527651429610239475e+00 -8.527996831076134043e+00 -7.527925912724741764e+00 -6.527948040949103969e+00 -5.528054077612162942e+00 -4.527827490555049295e+00 -3.527949195789105374e+00 -2.528044257746929091e+00 -1.528048437522647518e+00 -5.281775411832398959e-01 4.719059351217680387e-01 1.471871908320188993e+00 2.472032732827656787e+00 3.472034401757715827e+00 4.471738304508921402e+00 5.471779770715233582e+00 6.471889372481102853e+00 7.471970539106131071e+00 8.472083553237910181e+00 9.471757243884793454e+00 1.047208645523904913e+01
-4.099628225591198216e+00 -1.989663653660896259e+00 1.514344029028488192e-01 -6.890020803048190423e+00 -4.238867584219446982e+00 -3.586448233197537583e+00 -1.216819064383124260e+00 9.391939666416495580e-01 3.464735396844443205e+00 -3.938784933425079515e+00 1.814244757456541013e+00 3.034991522419029586e+00 4.944324366842418605e-01 -9.137462293215476983e-01 -8.392912861565373639e-01 4.306096794409497441e+00 1.407474070107883612e-01 6.355372979158405711e-01 3.114407092924420528e-01 2.176949318837999137e+00 5.925288204299562267e+00 3.701865467467152726e+00
-1.052837721047801267e+01 -9.525650968531740759e+00 -8.528871049861091791e+00 -7.528522973636778914e+00 -6.527402443567881463e+00 -5.528034386912960230e+00 -4.526209315041679559e+00 -3.528833141307032406e+00 -2.528383796791203508e+00 -1.528549512604850946e+00 -5.277113893429259406e-01 4.710319584806921256e-01 1.471135998388151123e+00 2.471510539074751378e+00 3.473322810848573639e+00 4.474137405176977111e+00 5.471068004389621819e+00 6.470900895317411639e+00 7.470896715541709199e+00 8.470678719004014923e+00 9.474346997459747399e+00 1.047120381357274077e+01
-5.416498820178352602e+00 -5.804812932636199463e+00 -1.884287872006797704e+00 -6.388358433077208076e+00 -4.136956602560420748e+00 -2.671720388595466567e+00 1.624350246965460265e-01 -1.614298971185603726e+00 -9.904854134334355464e-01 1.704815420363299694e+00 -3.056576596534656964e-01 2.032589582607059242e+00 -3.220231267534412467e+00 3.703444028806528898e+00 2.381145458081168620e-02 -6.025361140820786332e-01 2.723119970750423668e+00 5.922109856589150567e+00 7.510138417712923342e+00 7.213364772261138924e+00 7.943614703790258247e-01 6.293421453749958872e-01
-5.061452249017515115e+00 -1.016766130754838393e+01 -9.102558654107410163e+00 -8.326843576701241645e+00 -7.588665575754320436e+00 -6.752913859832361254e-01 -5.136907518749322499e+00 2.188585669059161631e+00 -3.138256710857972642e+00 -2.499779622642994692e+00 3.974626347441359453e+00 -3.552693085387502170e-01 -1.477192368841695469e-04 8.412216450516656341e-01 2.383123442578709117e+00 3.137564605961842723e+00 4.683251970867567948e+00 4.802842520985935337e+00 6.547656128926917951e+00 6.723685242228436998e+00 7.815652598539859497e+00 8.338311126675050033e+00
-7.331784576291562772e+00 -5.978084412827013416e+00 -5.944785284972852857e+00 -4.161065792747744574e+00 -1.374181949924812240e+00 -3.342010199772367685e+00 -3.086093450143382544e+00 -3.047829215725169405e+00 1.093622450355684617e-01 -7.303208553731586061e-01 4.813485208012443506e-01 3.072096127904488938e+00 3.761019432385324102e+00 3.789332686325953325e+00 -3.053707908938400273e+00 5.744547879997501383e+00 -1.917397569394960311e+00 -1.728892447112078123e-01 2.028704874790788537e+00 1.265827169000757646e+00 1.002479055456494983e+01 9.246808639194517454e+00
-1.052740483689751727e+01 -9.527878380899132083e+00 -8.527812234644596145e+00 -7.527825802151884460e+00 -6.527648336772621462e+00 -5.528025283996765182e+00 -4.527846358303722951e+00 -3.528477690701203429e+00 -2.528337381367373737e+00 -1.527908198122684524e+00 -5.275067980930341349e-01 4.723682333186172144e-01 1.471784145052723147e+00 2.471777148957542636e+00 3.471842699165632595e+00 4.471908718760298385e+00 5.471794076676657070e+00 6.471504234190273763e+00 7.471871085877706875e+00 8.471929379220295431e+00 9.471794382150454439e+00 1.047178486775903394e+01
-1.052805277392991457e+01 -9.527974296964448087e+00 -8.527777042843151634e+00 -7.528038275100060517e+00 -6.528253030635166709e+00 -5.527382124818624121e+00 -4.527565647519894654e+00 -3.527730260647595983e+00 -2.528043021119868783e+00 -1.528049965060999327e+00 -5.278794436228810838e-01 4.718260498272819348e-01 1.471691402934732551e+00 2.471585321568191773e+00 3.472204837344831319e+00 4.471970203660671217e+00 5.471430379294103474e+00 6.472221720360460395e+00 7.472030568264676376e+00 8.471681039177122230e+00 9.471824716173353309e+00 1.047196731283539783e+01
-8.412778151702875462e+00 -3.517207096690786017e+00 -2.269607667008457064e+00 -1.181502751766170256e+00 -5.492854475199321129e+00 -6.123472398874762135e+00 5.514090336645161017e-01 -4.653998126480835218e+00 -4.948741982186756871e+00 -1.924444575612168862e+00 -4.724368092884430048e-01 -2.060561396457194050e+00 3.827911893291078727e+00 4.297919518204054157e+00 6.639528354386925457e-01 1.916659795349381135e+00 2.160589877958129623e+00 4.544586564680721530e+00 6.067677436772287436e+00 6.847620013771624770e+00 3.538849219173429539e+00 6.024116912142329916e+00
-6.039908010697871532e+00 -9.690353575132526487e+00 -9.287277986940974728e+00 -3.632360824872347571e+00 -6.812515784385965389e+00 -1.595672740034181025e+00 -4.746278225164576980e+00 -4.679822378107658665e+00 -2.460994294708350960e+00 -1.709531046330845072e+00 3.005726077791124773e+00 -1.045921689885549899e+00 2.534058695061555122e-01 1.151843758366026815e+00 2.540608673431912656e+00 2.263201388989622309e+00 3.789953168716005294e+00 8.816647898268492156e+00 6.116255145538884719e+00 6.730597585719110043e+00 8.194919452849701358e+00 8.221165206262291747e+00
-1.052809081049841211e+01 -9.527478044947850222e+00 -8.528195886036616713e+00 -7.527905626317737742e+00 -6.528259812018134767e+00 -5.527265703400834340e+00 -4.527313632985821457e+00 -3.527484012862919016e+00 -2.528155027052630288e+00 -1.528041457852578944e+00 -5.283822995631606290e-01 4.715956690700124909e-01 1.471786769011744767e+00 2.471722187379125302e+00 3.472519816735513132e+00 4.471708575168381827e+00 5.471725346425301950e+00 6.472438560703523081e+00 7.471659565249217039e+00 8.471814328709376340e+00 9.471814209500081461e+00 1.047147495476318113e+01
-5.656953428243710391e+00 -4.488596824953267728e+00 -3.421796006879105789e+00 -1.940527247885450723e+00 -3.052700125452294522e+00 2.622284142411082541e+00 -4.739881925585167188e+00 -2.538752049147922296e+00 -1.028106249222241475e+00 4.406289446615832439e+00 -2.743245135991292827e+00 -1.678148450734903818e+00 2.527679655675376669e+00 2.247086368858813632e+00 1.376319540843203848e+00 2.625869516445650476e+00 8.951970384633189948e-01 -2.484693251345635900e+00 5.245176735583633842e+00 4.469860704537790497e+00 2.845857179976380547e+00 3.895468035208372370e+00
-2.095851607140818640e+00 -1.424653755009217093e+00 -6.392057112754660153e+00 -7.823318400443811882e+00 -2.289858806217140441e-02 2.230886661633737944e+00 -4.743508847319579225e+00 -3.277060452950305347e+00 -7.504584050906655257e-01 1.630971718701638595e+00 -1.815189666572269322e+00 -4.161669132807491955e+00 -6.374274420927193985e-01 1.310086776865882152e+00 1.952091370772817580e+00 -6.250828497401335060e-01 5.510236750854652144e+00 3.346986938240273712e+00 4.248336138145630159e+00 1.720142093015979423e+00 4.346435474401535437e+00 6.856690006530168802e+00
-1.052865979474425018e+01 -9.526089180525477929e+00 -8.526404138919058795e+00 -7.528335038837161264e+00 -6.528628368195239062e+00 -5.528535191234302815e+00 -4.528397824879837330e+00 -3.528771940883355995e+00 -2.525997910913163835e+00 -1.528262149807153136e+00 -5.289438779317841011e-01 4.715411623156544607e-01 1.471582490686225597e+00 2.471167225126073674e+00 3.471793208006673126e+00 4.471805598322204034e+00 5.471020575348189752e+00 6.474022235456752483e+00 7.471287097517302911e+00 8.471219327036189739e+00 9.471514489237122802e+00 1.047375967699652222e+01
-8.659438663273059333e+00 -4.978537661558655181e+00 -5.840487849315305624e+00 -1.316409469024978129e+00 -7.961211030569915970e+00 -3.612279924076955417e+00 -5.125084799167421323e+00 -3.078208345156098869e+00 -5.527591938776499347e-04 -1.856242515253690550e+00 1.280058498534927480e+00 -7.649590376682273707e-01 -2.804750312900865516e-01 -9.385259159345133995e-01 1.543865418529641875e+00 5.665618360516338825e+00 5.347014423571118336e+00 5.946603719883714945e+00 5.260343484775546585e+00 5.659330726459190331e+00 5.162769885437404227e+00 7.930496152953370625e+00
-1.052778853705697060e+01 -9.527572112591837339e+00 -8.526168467910862248e+00 -7.528310927065014369e+00 -6.528735192926495401e+00 -5.528030725629896835e+00 -4.526026571603388504e+00 -3.528719330640422314e+00 -2.528656619103518466e+00 -1.525647933097459941e+00 -5.292895906287213847e-01 4.715570188445052935e-01 1.471509826867006154e+00 2.471162749020477278e+00 3.473647383539098854e+00 4.470988777963540883e+00 5.471472998647113783e+00 6.471113143054862960e+00 7.470745620815179677e+00 8.471118619231601699e+00 9.471410898057834871e+00 1.047390664139213179e+01
-5.272560080291839313e+00 -1.007826408435765053e+01 -9.520769384267779856e+00 -7.846854071560098731e+00 -3.166275998405222225e+00 -1.934904036255141735e+00 -2.955732890528794066e+00 -3.130569866797553225e+00 -3.103276457379043674e+00 -2.972291113734851997e+00 2.077170296529057936e+00 -1.640541122342495273e+00 1.021561165379099245e+00 3.148145284214573625e+00 2.355206603373380503e+00 1.919654669453822571e+00 3.421534632896894301e+00 4.071547684343721940e+00 7.084041949094744162e+00 1.099670839218839014e+01 7.022410779681021786e+00 7.887745317944246715e+00
-1.094003859669469492e+01 -6.999752967096189771e+00 -8.158054737389438316e+00 -8.672809166174715756e+00 -5.196864759163219993e+00 -5.386720409542482102e+00 -4.195951197670584776e+00 -1.025580086236578259e+00 -3.760368077254465202e+00 1.187485764950996447e+00 2.038516750135402233e+00 9.429735325441410132e-02 2.395762816064388012e+00 1.800121563166477534e+00 7.117571612162956196e-01 5.277210300190054326e+00 3.701325996207887492e+00 6.447463875694167790e+00 4.615505361291536879e+00 7.633995411256718988e+00 8.681311491625203658e+00 9.135073821347308609e+00
-1.052787914458361485e+01 -9.528632867668573425e+00 -8.525969553326076422e+00 -7.528301190172161483e+00 -6.526005114947254881e+00 -5.528738911782223653e+00 -4.528912227188055084e+00 -3.528744395409537660e+00 -2.528800811205803356e+00 -1.528841059242193268e+00 -5.285411137685276373e-01 4.711950462713705434e-01 1.471909691061069836e+00 2.471258748735476019e+00 3.473457035090016021e+00 4.474248562420893194e+00 5.471268352533867230e+00 6.471607875491663719e+00 7.471864242519430377e+00 8.473532397712752129e+00 9.471170608367012633e+00 1.047154149826912928e+01
-9.722894828311606119e+00 -8.901507502150064255e+00 -1.020673371808848451e+01 -7.169181948283966932e+00 -5.872241788080787117e+00 -4.950581551449374729e+00 -4.001379512972867758e+00 -3.152958286248898734e+00 -1.637093941547491216e+00 -1.148654761478243636e+00 2.568591933176032627e-01 -1.495569806102964305e+00 1.928607509623897265e+00 2.578430549304539632e+00 3.824671140902144550e+00 4.831726517299156143e+00 5.759228710096012449e+00 6.710802086134415312e+00 5.300062344028473760e+00 6.262494967136651880e+00 9.746701468872920771e+00 1.044290082717739487e+01
-9.992329493961333853e+00 -7.078058351184800756e+00 -5.924762260495514354e+00 -5.985583615417745307e+00 -5.144140076757628854e+00 -3.585160015696445601e+00 -1.833238840658221847e+00 -1.108218556288363077e+00 -5.122186907954378032e-01 -2.518643314994898352e-01 7.491406516869595356e-01 -2.940762057368004445e+00 3.941083362111168498e-01 1.625877153801983388e+00 -3.579817436501244732e-01 6.033875406127473529e-01 6.190817930136218727e+00 5.239152327832730549e+00 1.587999695357795060e+00 9.062277120621397231e+00 9.076780334349896506e+00 9.568464612340727982e+00
-1.052784461622243839e+01 -9.527659089315068996e+00 -8.527938322174685837e+00 -7.527847924280315794e+00 -6.527629108178745199e+00 -5.527875565934330382e+00 -4.528347634720937265e+00 -3.528110914874222459e+00 -2.527672083127626479e+00 -1.527836301374570382e+00 -5.286332601787027130e-01 4.715024446962878812e-01 1.471575758409363388e+00 2.472412115883685146e+00 3.471551767539839517e+00 4.471960349929195999e+00 5.471858649504047989e+00 6.472203499626974832e+00 7.472105219018324362e+00 8.471673562180857431e+00 9.471934056830269455e+00 1.047230506594166499e+01
-1.052823012788904578e+01 -9.525831793445478368e+00 -8.525566947657004846e+00 -7.528509479957975259e+00 -6.528469574648283924e+00 -5.528990794915095819e+00 -4.528584581810378040e+00 -3.528227393525988020e+00 -2.528930817741290582e+00 -1.525806603032492603e+00 -5.285550179065783283e-01 4.711952237306515912e-01 1.471308532160371385e+00 2.471555802029214988e+00 3.471501986485570512e+00 4.471148814064113353e+00 5.474002371531577538e+00 6.474103483360851286e+00 7.471407326859086595e+00 8.471002968948926792e+00 9.470986816090192661e+00 1.047117747644766972e+01
-1.053902252993162136e+01 -9.538833940835573344e+00 -8.538883770318607347e+00 -7.538926089616415638e+00 -6.458273852677919535e+00 -5.539417708726515954e+00 -4.538547004075637048e+00 -3.539410317750572688e+00 -2.539159024568176548e+00 -1.538503015847778599e+00 -5.390783198791631037e-01 4.613341442626808231e-01 1.542146479277025861e+00 2.460626756338481158e+00 3.460996781973253889e+00 4.542035614637741858e+00 5.460915481237782032e+00 6.460659300474533850e+00 7.461307679800404102e+00 8.460831915525803382e+00 9.460477029470808930e+00 1.046041206040800731e+01
-1.020006183090140617e+01 -2.754102420803148377e+00 -9.811666345206404571e+00 -2.111869175680984867e+00 4.176764855797374665e-01 -6.516881031298858318e+00 -5.632282976745894842e-02 -5.204008282913394901e+00 -4.731564817432150072e+00 4.294315802931675030e+00 -1.621619918843610897e+00 -1.995504139866921101e+00 2.983489002454700056e-01 3.011488276309642886e-01 3.476030350778999800e+00 2.401982543595893915e+00 3.792717449097590787e+00 3.805058587366963785e+00 4.874849534118997241e+00 6.207751733927352689e+00 6.323659442552167498e+00 8.193748804066999014e+00
-1.052814625907389967e+01 -9.528389647190277145e+00 -8.527697607462112472e+00 -7.528415947739800274e+00 -6.528006776754553542e+00 -5.528148576204491960e+00 -4.528135463182648479e+00 -3.528180017654621636e+00 -2.527520894591503975e+00 -1.527570649568739114e+00 -5.283409799978286969e-01 4.725408036663996114e-01 1.471630186255264761e+00 2.472653508599085725e+00 3.472382285113619460e+00 4.471311189647003914e+00 5.471529968495653762e+00 6.471790738816542543e+00 7.471960135217008414e+00 8.471955508406445290e+00 9.472032584662718691e+00 1.047245357971935142e+01
-1.052708026115910656e+01 -9.528097339916373087e+00 -8.527738072919996526e+00 -7.527839520025420228e+00 -6.528482371020462693e+00 -5.527713269937191143e+00 -4.527849928486507025e+00 -3.528347522962256733e+00 -2.527992093014857389e+00 -1.527666130113750853e+00 -5.272961789847983027e-01 4.714893465755789492e-01 1.471320270550092957e+00 2.471883437585669085e+00 3.471584266972385535e+00 4.472428455006918213e+00 5.471353164863431928e+00 6.472715890955765161e+00 7.471909671079961512e+00 8.471860743117176185e+00 9.471689335059959802e+00 1.047155577595217757e+01
-1.052852061789872096e+01 -9.527936484929261596e+00 -8.528655719276605041e+00 -7.525878701623636147e+00 -6.528575208302671129e+00 -5.526188131686399885e+00 -4.528571274396124835e+00 -3.528790679093557259e+00 -2.528429087516006035e+00 -1.528325815018362732e+00 -5.285974557363513071e-01 4.717703719771364490e-01 1.474030125621602849e+00 2.471231806758689586e+00 3.471561860028552715e+00 4.473439205173301403e+00 5.471069249991224126e+00 6.473887551311298338e+00 7.470905106250096850e+00 8.471439730111404387e+00 9.471145067099376647e+00 1.047167677033309907e+01
-1.052784232584637181e+01 -9.528101866821423016e+00 -8.528068290779959426e+00 -7.527950139472881830e+00 -6.527832271287811849e+00 -5.527938170115124450e+00 -4.528144517670053659e+00 -3.527643052617706942e+00 -2.527684019635092483e+00 -1.528081757704395471e+00 -5.279097871283546795e-01 4.720313309331860552e-01 1.472061341871832241e+00 2.471919583400103093e+00 3.471754664798593737e+00 4.471877614279600621e+00 5.471850732584812249e+00 6.472184004505493249e+00 7.471803533156728960e+00 8.471705368032075967e+00 9.471825635304067958e+00 1.047187005939088422e+01
-9.748498378725738434e+00 -2.164731784676190429e+00 -5.063426871364303139e+00 -5.001335843489965072e+00 -6.996546946309838866e+00 -5.637058850814145039e-01 5.569028392727259913e-02 -2.091675024979619657e+00 -5.813373095155379033e+00 3.029583671996035399e+00 -2.011246036436458162e+00 -1.202457989037313935e+00 -1.523874807734989956e+00 -8.428437684957801324e-01 6.429149675920603713e+00 3.119077425349033206e+00 2.978628271437718578e+00 2.286954222268731129e+00 2.755643624417219328e+00 6.943964749625468613e+00 7.616530600811465490e+00 7.192181574911917785e+00
-4.133602813907646834e+00 -3.946628110253403321e+00 -8.392415841282833355e+00 -8.147901612531901705e+00 -7.108147778522023508e+00 -5.852811334974024504e+00 -5.752103564833809912e+00 1.978050584404089651e-01 -2.590734780487182309e+00 3.694916715944180474e+00 4.185238866786082923e+00 -2.644233930658125509e+00 -1.245927288446653458e+00 1.846081454719383119e+00 -5.068600292263711893e-01 3.036297980961851106e+00 4.851702381146034249e+00 3.861445099330674591e+00 5.762543072210290163e+00 6.000182620144544288e+00 7.785653076898114477e+00 8.483188427720898872e+00
-1.052829293560616009e+01 -9.527398605164215439e+00 -8.527679447349232333e+00 -7.527765903886496801e+00 -6.527424786504434806e+00 -5.527968857701942795e+00 -4.527982894595794505e+00 -3.528001074012454552e+00 -2.528328072544248073e+00 -1.527933996435329789e+00 -5.281945432388113204e-01 4.718698446787072953e-01 1.471841480318373030e+00 2.471802774552172011e+00 3.472007866684267086e+00 4.471898395303552931e+00 5.471893775943584615e+00 6.471979055289095228e+00 7.471991535011603958e+00 8.471779446784324819e+00 9.471613656464878517e+00 1.047198095518714389e+01
-1.052849374399311699e+01 -9.526927266873164157e+00 -8.528425258256238095e+00 -7.527424213148419696e+00 -6.528010968722140817e+00 -5.527934771634376077e+00 -4.528446641422553043e+00 -3.527668815709409600e+00 -2.528315362192421034e+00 -1.527069580413153105e+00 -5.279500453246175340e-01 4.715748535024619770e-01 1.471447508178897579e+00 2.471740293644611342e+00 3.472720343016334255e+00 4.472683268927282185e+00 5.471955682479091365e+00 6.471628683947271199e+00 7.471393960856152816e+00 8.471693816922854836e+00 9.471761408590026576e+00 1.047175451680297620e+01
-1.089129264706393130e+01 -1.015321524969401779e+01 -4.823097632054993866e+00 -7.973135562664191767e+00 -2.843366110249085921e+00 -6.091258970238742521e+00 -5.016950423721832308e+00 -4.267985433598340705e+00 -3.149295905238983728e+00 1.684900445330018037e+00 -1.093435738078722963e+00 -7.045663497092102823e-01 4.526049301525641999e-01 1.908370552494556005e+00 6.551958039745910511e+00 3.367913360583676852e+00 4.812477202939131615e+00 5.086056936285007879e+00 6.584957662922709787e+00 7.896946288390603641e+00 8.884574914911297583e+00 9.160527357735064768e+00
-1.052837475652759736e+01 -9.528149532926764920e+00 -8.528525131595820596e+00 -7.528392541063531951e+00 -6.528635087264268222e+00 -5.528331662369467381e+00 -4.526539037776672103e+00 -3.525733622563580028e+00 -2.526311646056843330e+00 -1.528575840247363260e+00 -5.281060811407272126e-01 4.715204883091708155e-01 1.471256558942105386e+00 2.473802720355296358e+00 3.471583095537928543e+00 4.471262452351355776e+00 5.471408208059576950e+00 6.473940578448083016e+00 7.471330789076592538e+00 8.471041348921557912e+00 9.470812236117623684e+00 1.047140413259198510e+01
-1.052711108692037101e+01 -9.528056692257953486e+00 -8.527996506467893312e+00 -7.527844268754575907e+00 -6.527613613680435023e+00 -5.527355689481337819e+00 -4.528201404884894643e+00 -3.528349060491175138e+00 -2.527327533737233622e+00 -1.528259318247863874e+00 -5.282848513875766372e-01 4.715469592060284043e-01 1.471765298470421257e+00 2.471959758623997416e+00 3.472517963572903099e+00 4.472567107602522185e+00 5.472020175382059648e+00 6.471493121310638585e+00 7.471746806129376139e+00 8.471618484779760649e+00 9.471427064463064482e+00 1.047142495594875733e+01
-1.052736389798909755e+01 -9.527657733986735877e+00 -8.527205014357923218e+00 -7.528237091133965109e+00 -6.528631673882355102e+00 -5.528693558404802033e+00 -4.527466552088617036e+00 -3.528382757435212014e+00 -2.527900421748499937e+00 -1.528876745829938599e+00 -5.285513566235309213e-01 4.732345326443887501e-01 1.472115470339891985e+00 2.471490180363295153e+00 3.471999569108131567e+00 4.471734179427265587e+00 5.472518889476898352e+00 6.472522793581129363e+00 7.471687702705503753e+00 8.471481336524130157e+00 9.472713908424013951e+00 1.047115591006481417e+01
-1.052785866835621675e+01 -9.527896949439307761e+00 -8.528027602820660746e+00 -7.528056242852478874e+00 -6.527580217807541274e+00 -5.527825885801590289e+00 -4.528011353104361092e+00 -3.527940080850394011e+00 -2.527886570780522035e+00 -1.528301918297078288e+00 -5.279965637018939617e-01 4.722426148364302634e-01 1.471669925958844161e+00 2.471744998008940541e+00 3.472301221103405666e+00 4.472083708853459072e+00 5.471900893957350576e+00 6.472079014987683010e+00 7.471870979876264585e+00 8.471584013313986361e+00 9.471730208606455648e+00 1.047186214348766242e+01
-1.052795566814238271e+01 -9.528590517213823219e+00 -8.527910458019256623e+00 -7.526502447298071274e+00 -6.528441796174524470e+00 -5.527185263207442745e+00 -4.528028884997844727e+00 -3.528144555261638615e+00 -2.528146924546238239e+00 -1.528388256302363857e+00 -5.274337102680366485e-01 4.714932273120719941e-01 1.472242189475995389e+00 2.472070572802520516e+00 3.471715746352183274e+00 4.472153818139537051e+00 5.472363835105403140e+00 6.472186429330811563e+00 7.471581591197958616e+00 8.471636859604823044e+00 9.471740512082083896e+00 1.047123136920641784e+01
-1.021178829751394090e+01 -9.223955609072582718e+00 -8.218370339749801801e+00 -7.224324142203142785e+00 -6.229702676044863274e+00 -5.217516320910270622e+00 -4.231628705958371484e+00 -3.227943398614343096e+00 -2.218826822567819601e+00 -1.221592095650864573e+00 -2.342292709606340340e-01 7.707974379400299725e-01 1.774581256999350876e+00 -5.227872729029210408e-01 4.674810290308879512e-01 4.773020270835141687e+00 5.768300227936842717e+00 6.763744629278002130e+00 7.764796129998729590e+00 8.756417583437357877e+00 9.762617648414041227e+00 1.076459640745764013e+01
-1.052803662140986773e+01 -9.527307179767040779e+00 -8.528014940220279172e+00 -7.526825827557027893e+00 -6.527376477617181649e+00 -5.528020379144111374e+00 -4.528527912694380930e+00 -3.527669829327034989e+00 -2.528246996003534974e+00 -1.527922746735976389e+00 -5.281911613525593907e-01 4.714703289685981957e-01 1.472531358700832627e+00 2.472529503506256887e+00 3.471573221486643490e+00 4.471911120217873403e+00 5.471623103123738119e+00 6.471746238869263479e+00 7.471817511123262534e+00 8.471801045340129122e+00 9.471375542682245907e+00 1.047144876698835247e+01
-1.052356590492524191e+01 -9.529187815020449648e+00 -8.528887467215438889e+00 -7.529286743829633366e+00 -6.529143498967053816e+00 -5.528989778588186965e+00 -4.529229955504316507e+00 -3.526106612513444816e+00 -2.526013167331575104e+00 -1.524524273107420669e+00 -5.292114780644325833e-01 4.705526365538670319e-01 1.473129494359120883e+00 2.470901979376893820e+00 3.470866276194675137e+00 4.470695508887393643e+00 5.473913325240239658e+00 6.470307288934810330e+00 7.470272911955943229e+00 8.470546735694032492e+00 9.471204830577004685e+00 1.047544337647161861e+01
