-1.041813592674450817e+01 -9.419043027452017824e+00 -8.417311543472434821e+00 -7.421082447468878129e+00 -6.429473992951692196e+00 -5.417547748319183398e+00 -4.425448984695011134e+00 -3.989812327284495641e+00 -2.437250787334922286e+00 -1.430761502160157850e+00 -4.253942568824151671e-01 5.531456380716244237e-01 1.569308343664063798e+00 2.560208665343331802e+00 3.547786124992251100e+00 4.011324313612078640e+00 5.563765365043870759e+00 6.551537188224014763e+00 7.555233199046865522e+00 8.558445097946323799e+00 9.557362325076150356e+00 1.054828209173617104e+01
-6.326001411406251940e+00 -9.744277318859365877e+00 -3.658296090356257135e+00 -7.758592517985456460e+00 -8.623174209516385247e+00 -7.218646234033694320e-01 -4.766297821770349330e+00 -3.638330558226191780e+00 -3.442355787491090613e+00 -2.216910936058635428e+00 4.312836839137471401e+00 -1.981273958272209201e+00 1.065073821828724565e+00 1.523288359841748374e+00 2.906160267239211059e+00 6.389419146074746259e+00 3.498859185580563302e+00 5.108907736403620170e+00 5.544581061892721152e+00 7.162580955610991396e+00 7.273894094165505919e+00 8.436909573561287345e+00
-1.048520003733303696e+01 -9.482685883614133004e+00 -8.483014454218457345e+00 -7.485419024798007470e+00 -6.485322301360680441e+00 -5.483234648677425938e+00 -4.482446496459553842e+00 -3.485458661886770670e+00 -2.482787956568296650e+00 -1.485226576301171164e+00 -4.854059862819486426e-01 5.167895806106788115e-01 1.514560769227424331e+00 2.514433662322440810e+00 3.517389620569632669e+00 4.514335344460887356e+00 5.516979317096158297e+00 6.514274860647599752e+00 7.516991893676213010e+00 8.514229546216409261e+00 9.514644141224302132e+00 1.051670909943906729e+01
-1.048416761918506523e+01 -9.484293832020327386e+00 -8.483983872966343043e+00 -7.484464509920659481e+00 -6.484050794081255731e+00 -5.484412698583174262e+00 -4.484174481169748816e+00 -3.484531594948343525e+00 -2.484087540344756206e+00 -1.484456195072695550e+00 -4.843995557590048406e-01 5.159013806418855097e-01 1.515668326480815509e+00 2.515602806075040832e+00 3.515708701177064910e+00 4.515714974565925743e+00 5.515489154918617132e+00 6.515720555050791063e+00 7.515590967102484754e+00 8.515534715218969097e+00 9.515643806620067480e+00 1.051558311419052494e+01
-1.048427489670838497e+01 -9.483875053850074011e+00 -8.484363245693110400e+00 -7.483981008556762404e+00 -6.484367723492038493e+00 -5.484381395307446283e+00 -4.483606177297497553e+00 -3.484492535618228359e+00 -2.484506609764958185e+00 -1.483786168423558038e+00 -4.837050614031870310e-01 5.156578692522906238e-01 1.515366477045152038e+00 2.515986790033901244e+00 3.515646343204108959e+00 4.515765083107082134e+00 5.515464541586963421e+00 6.515178811821073168e+00 7.516022120687100738e+00 8.515062806281173735e+00 9.515074339779937773e+00 1.051525050130757499e+01
-1.048486765948209154e+01 -9.482702669772230308e+00 -8.484919984909613078e+00 -7.484798562797646326e+00 -6.484995690259058421e+00 -5.484068122777078003e+00 -4.483803269538004344e+00 -3.485164699229336804e+00 -2.483967495235519962e+00 -1.482192997905336540e+00 -4.830901744690834221e-01 5.159282338890118780e-01 1.515580939975651020e+00 2.514583255079655189e+00 3.516591596332453662e+00 4.515092576769257349e+00 5.515338192609219092e+00 6.514879370954897553e+00 7.514776061204344160e+00 8.514953072098165876e+00 9.515080603686236316e+00 1.051690323176708652e+01
-1.048237110877585820e+01 -9.484719919210141015e+00 -8.484627546911902130e+00 -7.482676612382618941e+00 -6.485142545943922698e+00 -5.484560551291181696e+00 -4.485291766172124994e+00 -3.482321279292776239e+00 -2.484253632074036489e+00 -1.484616087918940508e+00 -4.840511550957646847e-01 5.149171779101422430e-01 1.514584747905068696e+00 2.514838618988322949e+00 3.515308631414702845e+00 4.517909778112702668e+00 5.514689488167098474e+00 6.514294875616363001e+00 7.514565778726872480e+00 8.514981163496305072e+00 9.518769902939130390e+00 1.051490784978323312e+01
-1.048416594060302742e+01 -9.484103951772482333e+00 -8.484247137030404673e+00 -7.484527599235835993e+00 -6.484340146353288148e+00 -5.484325658699322759e+00 -4.484351616522115336e+00 -3.484379746189169680e+00 -2.484165545722285984e+00 -1.484160926362321220e+00 -4.843733871186248763e-01 5.160175373947115673e-01 1.515641104260630811e+00 2.515947926620189179e+00 3.515451058576058330e+00 4.515591848472311653e+00 5.515673942694613530e+00 6.515603508630938734e+00 7.515644054690554299e+00 8.515658348629418839e+00 9.515511538664052082e+00 1.051553659496659954e+01
-1.048440070145509395e+01 -9.483654645017596252e+00 -8.484630492261866053e+00 -7.484053429893492648e+00 -6.484197196296658916e+00 -5.484519910744644733e+00 -4.484006401828729338e+00 -3.484478932551368757e+00 -2.484385994008983189e+00 -1.484238018027753014e+00 -4.842703013934901435e-01 5.163186819038561026e-01 1.516032311388032738e+00 2.515502917834297136e+00 3.515632133253593139e+00 4.515221226283093969e+00 5.515490453012960259e+00 6.515833380886094872e+00 7.515828180380843548e+00 8.515566888519302324e+00 9.515106487341896013e+00 1.051543917066671519e+01
-1.048443182083688185e+01 -9.483526962724589282e+00 -8.484119954434305555e+00 -7.484392019835395260e+00 -6.484426814046763354e+00 -5.483343872157005805e+00 -4.484059083190819806e+00 -3.484262215820224995e+00 -2.484918395903958910e+00 -1.485089364376923626e+00 -4.843305823477752625e-01 5.157175186005567014e-01 1.516248066994286603e+00 2.516575482758611315e+00 3.515234408053496296e+00 4.515795451673604077e+00 5.515016955408190924e+00 6.515122530135247558e+00 7.515693199905488342e+00 8.516115640374753326e+00 9.514910523864367420e+00 1.051560711589727326e+01
-9.402178302352062644e+00 -8.238334666447274302e+00 -7.974876630824405233e+00 -9.772288574320731058e+00 -5.496937658432515583e+00 -4.163152240490285649e+00 -3.335502544887146037e+00 -2.744943931778519364e+00 -2.044716029344431085e+00 -9.576041130828563119e-01 3.671667007854604314e-01 1.199586929592653339e+00 1.895340504912944812e+00 -6.504229313899667630e-02 3.845844701711251812e+00 4.281843097309002033e+00 2.162240292647203965e+00 6.387924505125721630e+00 8.105724558346318886e+00 9.255693754147912955e+00 6.538294023069273209e+00 1.050105372544251026e+01
-1.048381311988288189e+01 -9.484322426671322859e+00 -8.484128633344708348e+00 -7.484362536871989491e+00 -6.483827436173504211e+00 -5.484470398927276946e+00 -4.484093492681322957e+00 -3.484239095652650775e+00 -2.484028024429621340e+00 -1.484397576952519060e+00 -4.846688898449631466e-01 5.153986124152449833e-01 1.515663230961015628e+00 2.516036627983496032e+00 3.515760136937553071e+00 4.515239687805824076e+00 5.515712933784179484e+00 6.515604673122814106e+00 7.515855388885190891e+00 8.515377914702346729e+00 9.515644176101138996e+00 1.051519405672495644e+01
-5.423150262368904961e+00 -6.127747194412596521e+00 -5.489276277065298970e+00 -2.137856194396171361e+00 -4.525664968279610179e+00 -2.892561671877636353e+00 -2.992895664353421026e+00 -5.126178356461918106e+00 -8.811529097448911330e-01 -3.672598350878166329e+00 -6.609889954384566835e-01 3.406026221315202385e+00 1.672987761885231350e+00 -3.594996875094820243e+00 2.408052214502157451e+00 2.862770972181535534e+00 2.305761826040921392e+00 2.458399915792599089e+00 3.408625827886062609e+00 7.308468195002443935e+00 1.022777528599027619e+01 7.811335307766492875e+00
-1.048442783545363710e+01 -9.483810562301755454e+00 -8.484473671425471153e+00 -7.484792809594775775e+00 -6.484259429980399503e+00 -5.484343308616768553e+00 -4.483955617655414727e+00 -3.484372567046785107e+00 -2.484165865589250899e+00 -1.484647895802147843e+00 -4.839816797863374376e-01 5.151549469340928056e-01 1.516389590095389650e+00 2.515718702565539644e+00 3.516022954474795625e+00 4.515930179845204506e+00 5.515705813061105189e+00 6.515234995972022602e+00 7.515377324413174520e+00 8.515498627315862379e+00 9.515433226119387911e+00 1.051590069044719655e+01
-5.442154308778903271e+00 -9.905670882032969971e+00 -5.179298185749400041e+00 -5.925417482760862775e+00 -6.842023813289779710e+00 -1.528100640452510817e+00 -5.645563779573513408e+00 -4.373034434494218914e+00 -2.079521340892287462e+00 -1.585371323964377854e+00 -1.564285038127368743e+00 1.004602951578989600e+00 5.627587897155431618e-01 1.365642764478344651e+00 1.765360219727047708e+00 3.232631810065747402e+00 7.885192383983403275e+00 3.770096351295865844e+00 5.365259960589319199e+00 1.004886076389177774e+01 7.139781454438429265e+00 8.275389588342743963e+00
-1.048467512090091702e+01 -9.485199611972658928e+00 -8.484760355542990240e+00 -7.484494794498791848e+00 -6.484210659157131573e+00 -5.482438516210413226e+00 -4.484174806963300952e+00 -3.484888743947852419e+00 -2.484426375817141874e+00 -1.484885048459867463e+00 -4.848325665701480602e-01 5.173194963823739556e-01 1.514805111695428863e+00 2.517397250641481676e+00 3.516926411200662628e+00 4.514967318285600939e+00 5.517157148231168762e+00 6.515269446779385021e+00 7.514816905964517346e+00 8.515399444509638371e+00 9.514886956323282519e+00 1.051517691801895182e+01
-1.139387069160662591e+01 -1.038308646774653177e+01 -9.429223596367828364e+00 -2.779152681074317677e+00 -1.180111288112495771e+00 -6.502131054979438218e+00 6.974421233406027376e-01 -4.614807618843778769e+00 2.632246863552524907e+00 -1.876736603979441309e+00 -1.706858816095484510e+00 -7.196119642218103962e-01 4.530589429086702147e-01 1.093680865120852719e+00 2.433240691084994189e+00 3.189355890893222245e+00 4.801099755230247013e+00 5.216677516280903149e+00 5.999445537956312968e+00 6.995734715346047849e+00 8.250765147486184503e+00 9.167978541818232685e+00
-1.048409585654732012e+01 -9.484234824776629935e+00 -8.484031639993176555e+00 -7.483903296291829932e+00 -6.484226174652560459e+00 -5.483929887413966142e+00 -4.484004043042647325e+00 -3.484071604907510888e+00 -2.484347969293576597e+00 -1.484287910163390123e+00 -4.845357090234720943e-01 5.157653912901913884e-01 1.515232145786294282e+00 2.515790015459064222e+00 3.515220329165464008e+00 4.515434764325620520e+00 5.515830837190160096e+00 6.515716992318633771e+00 7.515438683331018055e+00 8.515857741236688483e+00 9.515231221914296711e+00 1.051528660207987009e+01
-1.048608909005461953e+01 -9.486662456935080812e+00 -8.486719796603354737e+00 -7.474808940833264970e+00 -6.473861525004528161e+00 -5.486413607543150661e+00 -4.486543694680372951e+00 -3.486278006976300858e+00 -2.486395517533448896e+00 -1.486368188803835366e+00 -4.863430356437419277e-01 5.134282315319307344e-01 1.513601472431970407e+00 2.525058230215856625e+00 3.513298859650443973e+00 4.513560404831720163e+00 5.513772299343896677e+00 6.513535490090205826e+00 7.512999674136004558e+00 8.513636400753810562e+00 9.513391515070749094e+00 1.052533709054644007e+01
-1.048393108458688516e+01 -9.483845395459381322e+00 -8.484370899810041777e+00 -7.483511445535892648e+00 -6.484203261746598557e+00 -5.484242392195906035e+00 -4.484497090293604771e+00 -3.484407638622977643e+00 -2.484662999822338847e+00 -1.483577487482271806e+00 -4.837018376724380175e-01 5.152167105539149361e-01 1.515406372533592005e+00 2.515379244969638606e+00 3.515586318956163581e+00 4.515140789137635835e+00 5.515349733219888861e+00 6.515387328849582715e+00 7.516405167566089673e+00 8.515200915323049458e+00 9.515595892952230628e+00 1.051541886715725482e+01
-1.048360905322160619e+01 -9.484487238255409736e+00 -8.484442400661384553e+00 -7.484339504418068501e+00 -6.484052079645071132e+00 -5.484338126060643859e+00 -4.484116143462324899e+00 -3.484076502648267848e+00 -2.484141911295314031e+00 -1.484029429880044049e+00 -4.843749021264631693e-01 5.155125009742640430e-01 1.515749664130538577e+00 2.515691106292337054e+00 3.515313600274650341e+00 4.515497570010749584e+00 5.515783415260640865e+00 6.515533254566518551e+00 7.515402005138723140e+00 8.515610274943432145e+00 9.515657586130229717e+00 1.051539212194356132e+01
-8.889211653791811329e+00 -7.042557176364524274e+00 -7.249279601661374528e+00 -6.494221794338180587e+00 -5.204684852721518595e+00 -3.073077804279801040e+00 -3.662231545848771308e+00 -2.215410965625792983e+00 -9.789393341943654070e-01 -3.918182363530591239e-01 1.504678817111031019e+00 -4.743910992563763251e+00 2.483548253587040122e+00 3.487114332934016403e+00 4.541571953568130482e+00 5.443221528119513763e+00 1.527020441658240024e-01 3.345829115452372271e-01 7.573582918756013527e+00 3.397659035480854239e+00 1.075925610618676842e+01 1.061256186427957182e+01
-1.049011232870008570e+01 -9.497243035056623484e+00 -7.848928993398652132e+00 -7.511496961515843118e+00 -6.514004030955463875e+00 -5.617707543975357432e+00 -4.588089799743516828e+00 -3.557524176185395959e+00 -2.506344703638617055e+00 -1.510738143123464328e+00 8.816680021835332504e-04 4.295010191971221358e-01 1.416243372905807929e+00 2.443034797677834824e+00 3.429643860661741428e+00 4.396378940592655660e+00 5.410659124823022026e+00 6.386525745541712595e+00 7.971247761852879421e+00 8.378098322846929236e+00 9.386520532613531032e+00 1.033859037756863941e+01
-1.005787296805333497e+01 -1.130163896627703402e+01 -8.082210416849033408e+00 -7.106487233412291715e+00 -6.138606808918760649e+00 -5.160653479825795031e+00 -4.114947903805978413e+00 -3.083217986178793169e+00 -2.130504050015883610e+00 -1.212702024095729580e+00 -2.380555474121296700e-01 7.718746556913403944e-01 1.914528562992892979e+00 2.796664908152264317e+00 3.814722323588089381e+00 4.765169689522511298e+00 3.549757028449644913e+00 6.714252396486253716e+00 7.596719202648402280e+00 8.833513028349882390e+00 7.616966009107402513e+00 1.059786538784710963e+01
-4.481226474027325324e+00 -4.952313615808208169e+00 -5.602165298052844022e+00 -5.466502192725753773e+00 -6.977310048503899687e-01 -3.857663612557946209e+00 -4.706094529992344455e+00 -1.820707790827121864e+00 5.440571575118522407e-01 -3.210995102703465776e+00 2.031437705844319763e-01 -3.170553019242110970e+00 1.721430205157092885e-01 3.804310318230261334e+00 -1.223905748519006575e+00 2.662932818027558213e+00 7.316789229368306557e+00 4.110604104875386966e+00 8.185209565797498144e+00 5.269983990396057472e+00 -8.409113632195692745e-01 8.106731585210059876e+00
-1.048302241550256753e+01 -9.484896683557463959e+00 -8.483757430179551307e+00 -7.484801725907781034e+00 -6.484061927957966986e+00 -5.484309667213411288e+00 -4.484106415374712995e+00 -3.484682434661836581e+00 -2.483526581390334442e+00 -1.484423951669187502e+00 -4.827098636464786097e-01 5.152883739633846716e-01 1.515334440903220781e+00 2.514968729154615446e+00 3.515034033493549259e+00 4.515668137506992252e+00 5.515268719331771763e+00 6.514914310113933738e+00 7.515961891548196050e+00 8.516319623724966092e+00 9.515505372123271854e+00 1.051517127318814637e+01
-1.048357104611662294e+01 -9.483438090505906359e+00 -8.484999575736829058e+00 -7.483707510950896591e+00 -6.484692865135977868e+00 -5.484793425622303431e+00 -4.484177545729000514e+00 -3.484634489837016957e+00 -2.484628633680651788e+00 -1.483888187530350677e+00 -4.839432696727143934e-01 5.153078799220693895e-01 1.515222652730624731e+00 2.515128060159360857e+00 3.516599177298221690e+00 4.515909722921525926e+00 5.516437514600436742e+00 6.515959284183660216e+00 7.515694289383564097e+00 8.515502645549453575e+00 9.514979100701483006e+00 1.051487012105909891e+01
-1.048279987681990377e+01 -9.484935406934111413e+00 -8.484917801212167987e+00 -7.484706316481934962e+00 -6.485015768896435162e+00 -5.485128853808733496e+00 -4.484907772730673869e+00 -3.484968241642818043e+00 -2.482305910776947400e+00 -1.484395090829226049e+00 -4.842446561564006657e-01 5.172421221028731253e-01 1.515177774835725799e+00 2.515623826194895329e+00 3.515528853644035223e+00 4.515298787165777483e+00 5.515262651849884179e+00 6.514901641417639055e+00 7.517148423601295093e+00 8.514964166690008440e+00 9.517359602857728973e+00 1.051495365392078440e+01
-1.048420074107967537e+01 -9.484347226944819909e+00 -8.484301599589249676e+00 -7.484515326944272573e+00 -6.484444717791927104e+00 -5.484223837879572017e+00 -4.484325523403551728e+00 -3.484449292448440261e+00 -2.483975338664899724e+00 -1.484298179772761017e+00 -4.847113740715069952e-01 5.155081572857813654e-01 1.515992452475160235e+00 2.515924130651082891e+00 3.515839916738597637e+00 4.515814756127923602e+00 5.515790303322406274e+00 6.515453984114259356e+00 7.515765820714564782e+00 8.515744199129672509e+00 9.515370872887697118e+00 1.051572437313470587e+01
-1.048357355323702222e+01 -9.484226015481072025e+00 -8.484480788084576730e+00 -7.484190222891902167e+00 -6.484803130003527372e+00 -5.483885620805351024e+00 -4.484630984338826565e+00 -3.484379817816343206e+00 -2.483861317011427872e+00 -1.484642882916054063e+00 -4.843999716368561081e-01 5.154101801189536758e-01 1.516158784655010194e+00 2.515573496845638246e+00 3.515667925504125435e+00 4.515910665419971437e+00 5.515602405098348981e+00 6.515314037826929194e+00 7.515511776235976882e+00 8.515253270891584236e+00 9.515392254022032148e+00 1.051641531559554110e+01
-9.621161531424679225e+00 -8.473093374021251734e+00 -7.350090796741759469e+00 -6.522059951690949653e+00 -5.681236833290650878e+00 -4.521267423646341932e+00 -3.684021384048120851e+00 -2.979824158837378612e+00 -4.451499873051742107e+00 -1.249275928867163543e+00 -2.458045466410761826e+00 -8.966924214156584139e-01 2.191956463767448682e+00 2.407012659175634006e+00 3.802542954110031292e+00 4.513770411899038493e+00 5.430666382519186541e+00 7.130456169446493853e+00 7.772979267641201062e+00 8.240934653470940674e+00 6.453438165912347202e+00 1.028964782349516405e+01
-7.699797702791888909e+00 -1.081139266041082081e+01 -1.263007847053371657e+00 -3.577968000804602422e+00 -2.792047820083900067e+00 -7.306887272852983450e+00 2.487252608601135506e+00 4.286735794172541247e+00 -4.652714871098661220e+00 -3.306696687982562555e+00 -2.402667197218717021e+00 -1.359743510996313187e+00 -7.052620544281011927e-01 4.343114307473631364e+00 1.530102755878514076e+00 1.890801740152408872e+00 2.504396744361903071e+00 4.335119520669547200e+00 5.027129467354074066e+00 5.774482658067192631e+00 6.625348708015027732e+00 7.418837128966973893e+00
-1.048501115766433855e+01 -9.484281067821097366e+00 -8.482153502377583365e+00 -7.482235875996684271e+00 -6.484887135299747030e+00 -5.484834742816991238e+00 -4.484950293871483140e+00 -3.484992613169280773e+00 -2.484723721715518252e+00 -1.484734636816112285e+00 -4.849888655272369675e-01 5.148124721917284319e-01 1.514800856736579604e+00 2.515181193974889595e+00 3.517225722697652657e+00 4.515383775261319954e+00 5.514952498403468795e+00 6.515385183421049220e+00 7.514856885102666695e+00 8.517938050356786306e+00 9.514647963372150130e+00 1.051774481954899976e+01
-1.048459990424193222e+01 -9.484619998457755941e+00 -8.484059647741640120e+00 -7.483747528019298656e+00 -6.483579450371586006e+00 -5.484589570286614091e+00 -4.484648392620419699e+00 -3.484662362459049589e+00 -2.484389321031898135e+00 -1.484077372672890860e+00 -4.840527634051845496e-01 5.156868611546929770e-01 1.515950567004345828e+00 2.516077211973328787e+00 3.515635049817223745e+00 4.516103698787350851e+00 5.515454231676717001e+00 6.515427729961531966e+00 7.515175952491427225e+00 8.515788732943198269e+00 9.515240198847907394e+00 1.051562188464131253e+01
-1.048493460769006447e+01 -9.484466927295375882e+00 -8.484500559216202831e+00 -7.485006580298616541e+00 -6.484980920499014090e+00 -5.482741201465778147e+00 -4.481860058551482950e+00 -3.484228002076813269e+00 -2.485034102743318485e+00 -1.484630854969680058e+00 -4.851743003184232350e-01 5.154462212865897897e-01 1.517160421068011189e+00 2.516999287361436188e+00 3.514975106174285102e+00 4.514912409538563764e+00 5.515304712409312415e+00 6.515082655305199921e+00 7.515055512840090657e+00 8.515243818814091981e+00 9.517854912037192250e+00 1.051465886628085222e+01
-1.437872563817519378e-01 -7.233092350626222355e+00 -6.891633897008389020e+00 -5.682078399692954029e+00 -1.440611190269200925e+00 -1.561742203428031495e+00 -3.948967806085523335e+00 -6.402941334422864728e-01 2.409978915459421334e+00 1.850451029240951506e-02 -5.191388677581092459e+00 -1.899775839172044289e+00 -2.626272477269051997e+00 2.086914727077961551e+00 -2.250399381171623858e-01 6.131274241607450826e+00 2.501741247445325556e+00 2.418915658996627194e+00 4.660308351211160272e+00 4.125567726285113146e+00 5.462338468733655361e+00 8.014276129955604233e+00
-7.634368007425054614e+00 -7.060663231412641849e+00 -6.140995656910056333e+00 -5.964120947710134679e+00 -4.494602875724512003e+00 -3.235555583946775560e+00 -5.967533011057011727e+00 -2.168320934570290959e+00 -2.036887527965121070e+00 8.235805632210402294e-02 -5.355233702959905528e+00 1.944901026515148512e+00 2.845585978655599924e+00 3.306541910522236449e+00 4.292732792779122342e+00 4.362315628196940409e+00 5.722086001817193512e+00 1.466686065110778259e+00 3.195526421282187890e+00 3.308807935712038795e+00 9.492750462525888722e+00 1.038312500823328755e+01
-1.048408325829289112e+01 -9.484608121893613131e+00 -8.484404430470670277e+00 -7.484404862604366215e+00 -6.484249182722773952e+00 -5.484038204632001978e+00 -4.483961091122838027e+00 -3.484113231978639647e+00 -2.484184466979710848e+00 -1.484012976966122110e+00 -4.843249998309424598e-01 5.158162557265928427e-01 1.515507771887561361e+00 2.515738754787223641e+00 3.515997587957166104e+00 4.515357285060657588e+00 5.515505089678542916e+00 6.515566929497499160e+00 7.515409930863162558e+00 8.515873669900676290e+00 9.515171705999154739e+00 1.051557565412737993e+01
-1.109085369988750180e+01 -4.560691041950469149e+00 -7.367105301635516135e+00 -4.618516156580270149e+00 -7.811025768650153189e+00 -6.151173290785977521e+00 -2.443508106341513386e+00 -3.933150823744462343e+00 -1.101353237571266019e+00 6.279372533801537148e-01 -1.448725509352799534e+00 -7.045186244824697130e-01 4.154079455977750079e+00 1.840351851513931436e+00 5.885942256832296771e+00 3.124307683029653671e+00 4.317996084635967513e+00 4.843534028690169357e+00 6.875732114948727158e+00 4.909103576697012805e+00 6.504029583620505761e+00 8.492743479647252514e+00
-9.721859615575056068e+00 -7.358031204904667888e+00 -6.828956385152943120e+00 -3.413223080477362892e+00 -6.768229849929656261e+00 -1.589302171579848988e+00 -3.538838630527950446e+00 8.843200512980864403e-02 2.553802923043843265e+00 -2.729526355616243904e+00 -2.656243591863793885e-02 -6.908403035424564020e-01 -1.941199538623712195e+00 1.221332502796940611e+00 2.000263564206640421e+00 2.849717039414882080e+00 3.536193963043063437e+00 7.959945860475066581e+00 4.804341070133659741e+00 5.593614879651926941e+00 7.713644479418079847e+00 6.630417092525650702e+00
-1.026956543684650569e+01 -9.231355197203086504e+00 -8.706308870953977319e+00 -7.462641129918647032e+00 -4.323329890516068197e+00 -5.614802550200934661e+00 -4.826550337339047481e+00 -1.531830179363688371e+00 -2.737039326626758307e+00 -1.758528142730459765e+00 -9.746235967290679536e-01 2.245585862552418988e+00 1.195847931415386700e+00 2.159712809127497302e+00 4.795790922075418905e+00 4.125264321186205230e+00 4.691615829167563589e+00 5.644287876527406489e+00 6.488426238835738324e+00 7.768721871614672203e+00 9.136661098187911279e+00 9.529795705729043220e+00
-8.549828758933005091e+00 -6.053172433378258610e+00 -5.145551984009831159e+00 -5.377308744271031671e+00 -7.900478813489646868e+00 -2.737463150623993258e+00 -6.776564785875965669e+00 -3.983481458121357122e+00 -2.924494311063354335e+00 2.022801034020942357e-01 5.434315153386783948e-01 -1.386160025657995343e+00 7.370011220920480444e-02 2.787074029495859140e+00 3.644120725568520847e+00 2.119030734734316468e+00 3.596996834510020946e+00 7.560763000913444110e+00 8.985468134014487518e+00 8.859535240671684519e+00 6.252674243425101253e+00 6.554565599132052611e+00
-1.048402916640048943e+01 -9.484033249318605030e+00 -8.484567321836955500e+00 -7.484297759830974783e+00 -6.484039939939975739e+00 -5.484006471931950344e+00 -4.483775623142728151e+00 -3.484363235533256997e+00 -2.484258286654943859e+00 -1.484394364058983840e+00 -4.843674302101259599e-01 5.157790407538271893e-01 1.515351422131050896e+00 2.515435241162764513e+00 3.516020618379100071e+00 4.515685439109786259e+00 5.515901573002324199e+00 6.515503205358969652e+00 7.515289813280091380e+00 8.515255592763409709e+00 9.515395477414115177e+00 1.051565123349426933e+01
-3.207730994355318277e+00 -2.748770404990612537e+00 -6.241021002410394480e+00 -2.134045581308476436e+00 -1.394304195396009138e+00 -3.831429339749014229e+00 -2.130192552854058174e+00 -4.511789785465366798e+00 -3.871453122630589827e-01 -2.743847618981400505e+00 2.143187680300847830e+00 -1.701692733160163673e+00 -2.676513036611646967e+00 6.218592800462028336e+00 -1.659639627217098123e+00 2.782625061395072930e+00 7.228463013950830351e+00 -9.210057397666415735e-02 -2.520971218217763488e-01 4.209821525309392243e+00 5.285735599368723392e+00 8.189030007765191854e+00
-1.048409999636076861e+01 -9.484664638611379317e+00 -8.482445602389885764e+00 -7.485329312357031029e+00 -6.484746662053177957e+00 -5.485017840835169523e+00 -4.484745417806216494e+00 -3.482618060978969865e+00 -2.485012424263073783e+00 -1.484954354437892476e+00 -4.852857860651766941e-01 5.152185586365902736e-01 1.517859178510594376e+00 2.515121328559798641e+00 3.517710777846266623e+00 4.514928015795634408e+00 5.515521119264052530e+00 6.514968442645949764e+00 7.517779457298207291e+00 8.514702203598902841e+00 9.515430244532511850e+00 1.051481657746164267e+01
-6.014371575931571456e+00 -4.481627552787458058e+00 -3.868867938073520030e+00 -8.595841844207138038e+00 -4.582824970294202771e+00 -2.129581056286093066e+00 -1.991924968719379185e+00 -2.509654529884802976e+00 5.095948558959987329e-01 1.877113249901118497e+00 -1.225908407413894619e+00 -4.489188807207896564e-02 1.127993825776851811e+00 4.112393606290622117e+00 -1.371414098639156531e+00 5.995152832875237259e+00 -1.527490828351154573e-01 2.823409359451325429e-01 9.138301414754115726e+00 3.286740590478484325e+00 2.145975033231822593e+00 8.839187375986050199e+00
-1.048399049416180162e+01 -9.484457898885001015e+00 -8.484405886381846784e+00 -7.483888354152441025e+00 -6.484472300857282434e+00 -5.484733406454310511e+00 -4.484693814069025564e+00 -3.484028678387408817e+00 -2.483680907636854229e+00 -1.484658692032088112e+00 -4.837242923676914330e-01 5.162105970084720497e-01 1.516065295785674394e+00 2.515939917415384031e+00 3.516001295298341489e+00 4.515435408800843931e+00 5.515450548380618656e+00 6.515606958419089878e+00 7.514759223908194841e+00 8.515598502010112369e+00 9.515127468854188919e+00 1.051567531749605955e+01
-8.288086009821697075e+00 -6.557247242258291919e+00 -4.424393727420344646e+00 -5.317599001372602885e+00 -4.886733577862599986e+00 -8.083073082958946998e+00 -3.306328256623669581e+00 -2.008414839024786236e+00 -3.360279864024859897e+00 3.109770759778831106e+00 2.987046847587369491e+00 6.520106428738610127e-01 1.155291472367625305e+00 1.128902558875749751e+00 -4.479555435731057411e-01 9.934928645358604982e-01 4.762181559889314464e+00 3.744676647756692844e+00 6.536242857549146024e+00 7.693583550061463328e+00 4.580581262888521188e+00 9.681465928767504892e+00
-1.048401360654016656e+01 -9.484233756295648021e+00 -8.483965192667460187e+00 -7.483620782128809878e+00 -6.484586973420585210e+00 -5.484545026651836963e+00 -4.483911749652833123e+00 -3.484648753634914442e+00 -2.483752478591410906e+00 -1.484709237448182506e+00 -4.839084043421539860e-01 5.164426521144118709e-01 1.515358436175372248e+00 2.515391703017732183e+00 3.515471945770761053e+00 4.515599313446063690e+00 5.515511843629855804e+00 6.515359635718843023e+00 7.515294621952554266e+00 8.515430967577476196e+00 9.515778194435622339e+00 1.051539245552637603e+01
-6.587950368766970044e+00 -6.098718887043825809e+00 -3.645446672794733889e+00 -9.741004511186712733e-02 -3.013581811547121347e-01 -5.419982759403283445e+00 -7.418209744626093283e+00 3.062401528177760568e-01 -1.850050908852771903e+00 -5.757864710695045574e+00 7.882352477026395299e-01 -1.342902505337283392e+00 1.239118130569796250e+00 -2.806987290336963703e+00 5.338694028736841624e+00 3.357716511778176649e+00 4.442621860069202455e-01 3.831805826952867644e+00 6.136502775837259449e+00 4.030877414827356731e+00 6.290903630360110022e+00 9.907661976524821057e+00
