-1.052829980579284808e+01 -9.528519568118170469e+00 -8.529093247922979515e+00 -7.528121006759739942e+00 -6.528044638308598380e+00 -5.528795373710721606e+00 -4.528454062613576525e+00 -3.528788146647540813e+00 -2.527857233854833297e+00 -1.529274118217546885e+00 -5.282518985596489358e-01 4.715597731146008442e-01 1.471526752141395278e+00 2.469848993149676986e+00 3.471317070451654274e+00 4.471983159807599861e+00 5.471452432599942739e+00 6.470199341801086135e+00 7.470811682668601961e+00 8.470394435254013032e+00 9.470608415928758461e+00 1.047139613601294705e+01
-9.640223561449145606e+00 -3.871336758094598984e+00 -8.003061817112548937e+00 -2.079708849091530976e+00 -6.238759597145130620e+00 -9.835096838518854412e+00 -4.598323260502636067e+00 -3.553281601644442400e+00 -1.675149529906700518e+00 3.716050016380740395e+00 -3.305210482235246272e-02 8.456067549281788276e-01 1.148736561307723170e+00 2.747578927668012927e+00 3.823104228825997541e+00 4.231667332191445752e+00 5.122816640918141040e+00 4.984282132300664081e+00 5.938609507172801116e+00 2.986407250535808355e+00 3.990467987777483572e+00 9.360265670704853491e+00
-1.052638126334003488e+01 -9.529154861176538205e+00 -8.529724383557368839e+00 -7.529984915459699835e+00 -6.526055032218016194e+00 -5.528834322298095572e+00 -4.529466936195426285e+00 -3.529235819185316814e+00 -2.529484772885378874e+00 -1.529963964427050627e+00 -5.306475700979831345e-01 4.724220393056235423e-01 1.469871929084719753e+00 2.470518147742209791e+00 3.471351882612164985e+00 4.471926441585477363e+00 5.469583159481942403e+00 6.470287567173892640e+00 7.474157875573098408e+00 8.470861038362441420e+00 9.474653443490918647e+00 1.047089940885251735e+01
-9.910037810209260556e+00 -8.968623436766902657e+00 -7.943880595367763142e+00 -6.841171437056299709e+00 -5.942255168505832685e+00 -5.182018438814725236e+00 -4.108266797499396716e+00 -2.957603851574877041e+00 -1.975625850922037019e+00 -9.575053759388930663e-01 1.261319538927839767e-01 1.045628811118118895e+00 -1.566046834664101883e+00 2.947596856745364313e+00 1.608704819686287424e-01 1.395933756459698749e+00 5.940568073413123429e+00 7.011639845014291161e+00 7.944633855299061409e+00 8.906161832471749307e+00 9.628807108515564650e+00 1.061266211484561950e+01
-6.977706885202365150e+00 -4.110052447877570181e+00 -4.287903557047014758e-01 -7.451115048370907656e-01 1.193337475101045486e+00 -4.006339066587519149e+00 -3.579631587757989286e-01 -4.214793712303596784e+00 -1.236898340288411058e+00 3.876336308030712718e+00 1.899474335838062355e+00 1.428446767985725119e+00 2.324328374273463726e+00 -2.821906154255366950e-01 1.341263451000511253e+00 2.819809794616031429e+00 -1.475909007680990204e+00 -1.545656111612925265e+00 3.765896618658373551e+00 1.815499158657276846e+00 2.441576044422931524e+00 1.843041970136281016e+00
-3.908503366880164975e+00 -6.994194000473305195e+00 -6.684760055482717789e+00 -7.116876223774928789e+00 -5.964363613253436114e-01 -4.756016993438263007e+00 -4.395970032555036155e+00 1.894108866898139620e+00 1.793745183596590964e+00 -1.880165003925967859e+00 -2.423830845242702203e+00 -6.137347922385752996e-01 1.953895428429309522e+00 -1.320070720676718157e+00 5.509176250862335422e-03 7.658259836361804851e-01 5.604701824687797540e+00 4.990281857035729018e+00 6.510788664659616920e+00 4.750722900160523565e+00 4.679686025402101102e+00 7.108891577680791940e+00
-7.638092155194974531e+00 -7.374457740811454443e+00 -4.796531873840563343e+00 -3.984374585587694195e+00 -4.003135547234217384e+00 -1.751207885766499439e+00 -2.005184228320595174e+00 -1.284106780426459649e+00 8.304482713302987484e-01 2.235093759264216162e-01 1.456431128788544083e+00 -2.637931384075525187e+00 -3.378181037629285122e+00 3.998730333560468253e+00 -2.462744173459846309e+00 3.137461175059015894e-01 6.873867709274312787e+00 1.632025104304009933e+00 2.467692768280269178e+00 8.712240612751619651e+00 2.977315880954751748e+00 1.119753918209444166e+01
-1.052904910797419546e+01 -9.528344521468319783e+00 -8.529412264173670266e+00 -7.526962215250199151e+00 -6.528050618415512929e+00 -5.528343225067301248e+00 -4.529868150299234841e+00 -3.527469793503934525e+00 -2.529087240045706508e+00 -1.528673576360384700e+00 -5.291411598974953279e-01 4.709814170544817102e-01 1.470652116293258871e+00 2.471614604646507729e+00 3.470852156931709231e+00 4.470241000706502987e+00 5.472082694823097171e+00 6.469301631504841055e+00 7.472175961191013016e+00 8.470484567636795248e+00 9.472093915397476138e+00 1.047152089869434910e+01
-1.052901629392398064e+01 -9.527262427251448784e+00 -8.529056348245255492e+00 -7.529213339429031038e+00 -6.527929649095641551e+00 -5.528223097663047980e+00 -4.528421223502274273e+00 -3.528916702013143336e+00 -2.528840966861343631e+00 -1.529046282510865495e+00 -5.279665443707663997e-01 4.706495400856773870e-01 1.472152940590268244e+00 2.472168907184483899e+00 3.468789294023400416e+00 4.470573410053139796e+00 5.471323750574477174e+00 6.470503523607138874e+00 7.471635639328845002e+00 8.470582484860305073e+00 9.471319958228948011e+00 1.047179251875389205e+01
-1.052828453819865473e+01 -9.525926809419281938e+00 -8.528271857310430804e+00 -7.528776172209893147e+00 -6.527469772506847789e+00 -5.529606345702317682e+00 -4.527745712209840789e+00 -3.530356991697461311e+00 -2.528713639486911191e+00 -1.528830323029664484e+00 -5.289384980093494448e-01 4.711243774403079954e-01 1.470709544013830694e+00 2.470582332800718817e+00 3.470426056872698339e+00 4.471177865158415088e+00 5.471186746250483068e+00 6.471753623675200018e+00 7.472064119170997998e+00 8.470955308865400823e+00 9.471124265681599041e+00 1.046941551227459399e+01
-1.052945175496019914e+01 -9.528317277404399377e+00 -8.528104764494029766e+00 -7.528035399588699050e+00 -6.527280536564918023e+00 -5.528197375210861964e+00 -4.528516215356912511e+00 -3.528378737243752283e+00 -2.528716486963348942e+00 -1.527983901175584691e+00 -5.287431451407478278e-01 4.701573056253405269e-01 1.471752765503786975e+00 2.471157136288542944e+00 3.470865930345912176e+00 4.471422525969407147e+00 5.470581087199116510e+00 6.469914222982785290e+00 7.471627379682923120e+00 8.472631591287512975e+00 9.469088721004382592e+00 1.047012602063741049e+01
-8.671077682694757982e+00 -8.902061398835252604e+00 -7.694146626666459099e+00 -2.295283789870314006e+00 -6.265331684706580972e+00 1.378214166660812978e+00 -4.400239088863252768e+00 1.804078444127546366e+00 2.224327304102863501e+00 -2.697336132041440848e+00 -1.242645274328734395e+00 5.213796323300055047e-01 4.002165503594240503e-01 3.525394181882126610e+00 2.851250851812660692e+00 9.992878761281143163e-01 4.456952360953286174e+00 2.094805598192425400e+00 3.101455468436547402e+00 4.422193746274841075e+00 5.476734590207160025e+00 8.279429998962886117e+00
-1.052994315901936062e+01 -9.529380431568059251e+00 -8.528712442314068554e+00 -7.527947491204200148e+00 -6.527660219168108569e+00 -5.529253540729930805e+00 -4.529272070323875354e+00 -3.527678614651613032e+00 -2.529710328375722739e+00 -1.528293689882202600e+00 -5.282587764615289672e-01 4.708290489559914249e-01 1.473365569317886425e+00 2.471120217645713879e+00 3.470871949399066736e+00 4.472105787897659113e+00 5.471257084811279370e+00 6.469776758754798962e+00 7.470472233200631251e+00 8.472026297653265203e+00 9.471210906112739636e+00 1.047067400237376411e+01
-6.316443385576642200e+00 -4.109081397971097616e+00 -5.716726431279539611e+00 -7.929543444296920818e+00 -1.172463999287106873e+00 -8.900055325073289225e+00 -4.669515310702458066e+00 -2.474051690364540868e+00 -8.009864714113656969e-01 8.637814810082466987e-01 1.517117331729938901e+00 1.705700535440067833e+00 1.053188377567118916e+00 8.702936931870866033e-01 1.998892454088366577e+00 5.369723500823032403e+00 3.410982775860369021e+00 7.324887007270429962e+00 4.064715362270419519e+00 1.072244334686824452e+00 6.227916202918034827e+00 5.977023491536940014e+00
-1.054958432946796343e+01 -9.495235473168762041e+00 -8.488190583900433239e+00 -7.627443024047537712e+00 -6.571599800040955230e+00 -4.236007784658092135e+00 -4.906445086060558403e+00 -3.557203447603563884e+00 -2.612539124100708321e+00 -2.123294269040126858e-01 -6.439701618010305051e-01 3.809470952333015581e-01 1.246224669970656285e+00 2.137557305399961916e+00 4.903667286355299915e+00 3.877415700925711750e+00 5.052435316182108060e+00 6.248589617240724259e+00 7.071924491156186043e+00 8.247593273101138323e+00 9.245327677118636345e+00 9.856464901493804831e+00
-8.615536373639519852e+00 -7.950192271859529924e+00 -7.379136715556940729e+00 -5.034704261728055741e+00 -4.343143256640809469e+00 -4.861528107211643857e+00 -3.008140539468022290e+00 -2.183935546146104301e+00 -1.630545003931238801e+00 -4.300453507647513440e+00 -1.994918522239941261e-01 -2.069179663202513009e+00 2.049849965931192841e+00 2.201037302374400539e+00 2.830602781990807504e-01 4.019505916246395749e+00 5.876807358760803623e+00 6.271390666055742358e+00 3.136139922911608480e+00 7.762074382867705680e+00 9.247486880154747624e+00 1.009623351817813308e+01
-1.052936375073418418e+01 -9.528085961260583048e+00 -8.528748966076163285e+00 -7.528573884882744593e+00 -6.528577923097392599e+00 -5.530528187074464697e+00 -4.529540776529101365e+00 -3.529815725304885632e+00 -2.528110682287005417e+00 -1.526498317041186326e+00 -5.282916270873894149e-01 4.714605815031163161e-01 1.470224589786733205e+00 2.471446783027847260e+00 3.473622665486537642e+00 4.469577894292081410e+00 5.471134529195030183e+00 6.471508131108485884e+00 7.470979676327912600e+00 8.470564895055497701e+00 9.471203402362071699e+00 1.047201174565336146e+01
-1.064745119358785708e+01 -9.004958944937184739e+00 -6.061974431658396334e+00 -1.831278716220180236e+00 -2.247297405585979124e+00 -3.627960535085776428e+00 -3.752721598032545458e+00 -2.587076974534023854e+00 -3.108786491271002372e+00 2.342105540414040288e+00 6.907590277773160148e-01 -1.757315279369813910e+00 1.585641618811363118e+00 1.704237892614944849e+00 -1.071105880873751914e+00 3.619129392761733399e+00 3.269142245030019822e+00 2.543628722513014750e+00 6.431053059868336419e+00 7.532716907837659903e+00 1.056783631908048449e+01 4.779275816871512816e+00
-1.146240200527572561e+01 -2.204756892639402999e+00 -1.248785811200695983e+00 -8.595835260225301866e+00 -7.641393575559270346e+00 -6.610316973175057953e+00 2.783995558720233632e+00 -4.639386019883363410e+00 -3.482375620912856906e+00 -2.742724606759070038e+00 -1.668402132679670968e+00 -6.223197557019131132e-01 2.862918829830375933e-01 1.337298209991921283e+00 2.304733103178096876e+00 3.289456368159146216e+00 4.334249158814651892e+00 5.247374106689577822e+00 6.196153263203266093e+00 7.123656595107538791e+00 8.116938970150538779e+00 9.266150529438242245e+00
-1.052841963415801985e+01 -9.529321608895607199e+00 -8.529012379998517801e+00 -7.525565659458024470e+00 -6.525945639068444493e+00 -5.529078518802492681e+00 -4.530054976994357219e+00 -3.529743542725404026e+00 -2.524982316250143910e+00 -1.529556458646606387e+00 -5.307826453989328286e-01 4.690367003733335594e-01 1.474449360912487350e+00 2.473544100468792806e+00 3.471054906194845913e+00 4.469585845416224501e+00 5.469603533094565151e+00 6.472908580845036397e+00 7.470191607421087454e+00 8.469792852347531209e+00 9.470012227242627034e+00 1.046988275850360139e+01
-1.053023328530513680e+01 -9.529015093025821059e+00 -8.526188812133925765e+00 -7.529488026079816265e+00 -6.529240637001651137e+00 -5.529746404764322776e+00 -4.530176347968241757e+00 -3.526459193703807671e+00 -2.529345027086387532e+00 -1.528979330238962930e+00 -5.285181094976945104e-01 4.705341244963108238e-01 1.470368915322156411e+00 2.469702386381950276e+00 3.475148917260503012e+00 4.470983141186566812e+00 5.468955435874789828e+00 6.471368641677232247e+00 7.473036737265921658e+00 8.469471120360227090e+00 9.471541726115079385e+00 1.047387821328911706e+01
-1.052997982705183944e+01 -9.529390791600398813e+00 -8.529103713279415189e+00 -7.528463551943973542e+00 -6.527279058640651499e+00 -5.530155653303326702e+00 -4.525905938988389110e+00 -3.529828453605842853e+00 -2.529361451213997469e+00 -1.526174964552579283e+00 -5.292620306665281049e-01 4.713702479546650892e-01 1.469681775028044868e+00 2.469043684953986073e+00 3.474655953997904945e+00 4.474989196116263557e+00 5.469916319305239583e+00 6.469822814518748189e+00 7.470432309264484871e+00 8.470134934241110969e+00 9.471751538867287934e+00 1.047070575302296014e+01
-1.052794525230478939e+01 -9.528367089276965629e+00 -8.529416175728496086e+00 -7.528175929730613447e+00 -6.529075013642957614e+00 -5.529418835585770964e+00 -4.528987186198895287e+00 -3.529408851807790626e+00 -2.527664968913246213e+00 -1.528017597442334008e+00 -5.304403772408434747e-01 4.722734222357782841e-01 1.470945371145537806e+00 2.470368234271338892e+00 3.470422213727765381e+00 4.470505429262452424e+00 5.471298029476933777e+00 6.471171630377106965e+00 7.472208535129363227e+00 8.471147460693646991e+00 9.471682874316501355e+00 1.047249316965990573e+01
-1.052868843654344744e+01 -9.528569979762490760e+00 -8.528886137699537073e+00 -7.529026044702003873e+00 -6.529308056628163826e+00 -5.527638560330348838e+00 -4.528894229030075991e+00 -3.528546622192335391e+00 -2.529370432888912390e+00 -1.529073214327755892e+00 -5.289916453713807698e-01 4.709023924713697795e-01 1.470414498651560820e+00 2.471966029906802476e+00 3.472471887076434172e+00 4.470313424075181175e+00 5.471139104867514646e+00 6.470789411867194474e+00 7.471519963646471751e+00 8.470686027610833335e+00 9.471895562315511441e+00 1.047249414941125067e+01
-6.933982251705055333e+00 -8.773836218238114881e+00 -8.199925738760192928e+00 -7.888191613153405335e+00 -3.103172086005134389e+00 -5.408320571214646044e+00 -4.574145283689914798e+00 -3.675259451169637703e+00 -2.537681343041711557e+00 -1.672068044036724821e+00 -1.383236198481275325e+00 2.960445800177357256e+00 1.349671177539876199e+00 1.154890731987912256e+00 1.937254468510724470e+00 3.260850008895722407e+00 3.519867923049579517e+00 5.132550941500355179e+00 9.319899786027262323e+00 7.149639948127234135e+00 8.074536822648836321e+00 9.657810283454871580e+00
-7.246875537110611276e+00 -5.600255324154192138e+00 -6.977760099559308316e+00 -1.409711827479233293e+00 -1.175388089293996963e+00 -3.428050236012408991e+00 -2.440117778461011522e+00 -3.614912796244624804e+00 1.377997421845130077e+00 4.525838722571407402e+00 -2.430531691182510556e+00 -2.916837206897550772e+00 2.966123696103498686e-01 -8.824767380748297363e-01 2.175674547011742455e+00 -1.698987018430986318e-01 6.059124578394995631e+00 3.959759100795531506e+00 5.273400873890302876e+00 2.306254217747649271e+00 3.224251274138300261e+00 8.461502012731893174e+00
-1.052892635356291606e+01 -9.529892388392561031e+00 -8.528180237520807339e+00 -7.529222640801558342e+00 -6.528291832316980958e+00 -5.527890953827979459e+00 -4.528231057931067838e+00 -3.529342937875879826e+00 -2.528082560409178114e+00 -1.530266265977497042e+00 -5.290836204181950109e-01 4.716468643058462362e-01 1.471716646443722354e+00 2.471006173979155562e+00 3.469999652694578884e+00 4.471357878636240457e+00 5.470859159122820614e+00 6.470537949692124258e+00 7.472654883157130001e+00 8.470807802270762465e+00 9.471523713659161459e+00 1.047289921749722374e+01
-1.052926271713595696e+01 -9.528210397132417242e+00 -8.529241438277747278e+00 -7.527754622765584713e+00 -6.528542447157878570e+00 -5.526813159950762611e+00 -4.530723746188670020e+00 -3.530760417946373408e+00 -2.527794416316524462e+00 -1.526877778836269073e+00 -5.277199850163754036e-01 4.726905717768374871e-01 1.471072432331055779e+00 2.472276744178740771e+00 3.470317010513751299e+00 4.469642636112185485e+00 5.472214867106886871e+00 6.469445702365844042e+00 7.470907148651093621e+00 8.470314089886157305e+00 9.470890630713910241e+00 1.047152838551184395e+01
-8.446520909071576710e+00 -3.637189352064795766e+00 -7.355153357537059122e+00 -5.195898142225614968e+00 -4.998513184444608015e+00 2.749576732907215604e+00 9.776150495246369587e-01 2.212958888766650922e+00 1.542788573065204005e+00 -1.878092635381048536e+00 -4.538399083963895464e+00 -1.395012822286246568e+00 6.692217883888814667e-01 6.303206129993550455e-01 3.878401665378383711e-01 2.716201031000779587e+00 2.669860885974320475e+00 1.288340694241286055e+00 5.385038006948919431e+00 2.122382308645879512e+00 5.151853957801383110e+00 8.308379882596424792e+00
-5.981688124542019480e+00 -5.888373735068711312e+00 -9.724035430502471655e+00 -3.345978344284590733e+00 -3.776077790598498574e+00 -3.602247779125246296e+00 -2.283777297095062941e+00 -1.247143309735405659e-01 -6.061259617635167629e+00 -1.159378644401045433e+00 3.087349383410381343e+00 -8.779500027080786584e-01 -1.176779289470651246e+00 1.887016677354247385e-01 3.294340417938498966e+00 4.273001340010130988e+00 5.573120386968943407e+00 5.638499262874917761e+00 4.445748770947509421e+00 4.060903942349091800e+00 1.038918520390206801e+01 2.419009102692032620e+00
-9.160341006954320520e+00 -8.396954147429466886e+00 -7.099950019801392287e+00 -6.265161406378995324e+00 -4.849388251032134889e+00 -6.960284380208477728e+00 -6.316336679226881579e+00 -2.097300300979486831e+00 -1.153072531609415030e+00 -3.127658241756999802e-01 -2.122875909582495169e+00 -1.474769807376707487e+00 2.402873855639315437e+00 3.350856368857341838e+00 4.202308072296460750e+00 5.264444055289821733e+00 6.149155836295259192e+00 7.245851544275152989e+00 2.557532570256646487e+00 9.079069958532244300e+00 9.962400392875409239e+00 5.362306702861743268e+00
-1.052887450666595015e+01 -9.528608789159495274e+00 -8.530994450165470866e+00 -7.525105421854718202e+00 -6.528586467220023337e+00 -5.530069222165792553e+00 -4.525711675597875683e+00 -3.531119917942737274e+00 -2.529797097160061625e+00 -1.529825990511607614e+00 -5.256510725752931990e-01 4.709303775294149119e-01 1.471019218252454408e+00 2.470482985065730830e+00 3.470452735708507319e+00 4.471464077518735536e+00 5.468772510574613221e+00 6.471931005404746529e+00 7.469818139956744929e+00 8.471123362468036433e+00 9.474271366880682166e+00 1.047167792408302489e+01
-1.025283353064611624e+01 -9.245410917676130325e+00 -8.258009678204000892e+00 -7.273930329681619789e+00 -6.272313934249114098e+00 -5.287193845669628800e+00 -7.001912361188974643e+00 -3.257910947015016934e+00 -2.289416057105585711e+00 -1.259677634617228481e+00 -3.031836834895532684e-01 7.199726385146987262e-01 1.718866558104454434e+00 2.719167656638700414e+00 3.700216852933872147e+00 4.698743862040977604e+00 5.715603773533794119e+00 6.717948218451939013e+00 7.706706660335081338e+00 8.691166840956629613e+00 6.981168943500811075e+00 1.069983000695593844e+01
-1.052936712483119663e+01 -9.527649482881487941e+00 -8.527686050331064749e+00 -7.527912018990004839e+00 -6.528210422193465590e+00 -5.527667990123692476e+00 -4.528764283453885042e+00 -3.528353555297325528e+00 -2.529553806578567432e+00 -1.529220154678291976e+00 -5.290815738791909695e-01 4.710079448466792940e-01 1.470995219255021524e+00 2.471149364316991281e+00 3.469711551273396921e+00 4.472400823438695383e+00 5.471275286579661667e+00 6.470662789249946201e+00 7.469499932432702494e+00 8.471910187805226755e+00 9.470721171999509025e+00 1.047173128446393520e+01
-1.052952764996074109e+01 -9.528588847003188533e+00 -8.527707100591863210e+00 -7.530650146982894810e+00 -6.528518543324684842e+00 -5.529802859506824930e+00 -4.527800203047009475e+00 -3.528740861199120005e+00 -2.528073400936339254e+00 -1.529255271635266311e+00 -5.280100561001113135e-01 4.708504372022321860e-01 1.471618010916490249e+00 2.470624610104339425e+00 3.470751456239005606e+00 4.471254273571744875e+00 5.471865876831788711e+00 6.470812469043508486e+00 7.471536695279855422e+00 8.470991201021449868e+00 9.471801265396846858e+00 1.047216773710466953e+01
-9.175889915344560777e+00 -7.115091298085141958e+00 -7.253868214313626162e+00 -6.117451711490422106e+00 -1.012258004658043653e+01 -4.182178145998445729e+00 -3.916649098431973286e+00 -1.970029751047921440e+00 -1.430259490057473437e+00 -6.091863503624594944e-01 8.294934507897702702e-02 9.189079449331774008e-01 2.779061610736843768e+00 -1.657763587571048802e+00 4.162888130118370889e+00 5.352462251881893174e+00 5.947781020047058220e+00 6.317535764549286448e+00 7.597760927242946494e+00 8.970721393803565036e+00 4.877597877743652610e+00 5.910880435571653990e+00
1.677721718517357630e+00 -1.946779079611482777e+00 -7.040982980975692307e+00 -2.182229150099135317e-01 -1.316755357218785116e+00 -5.117902823880742247e-01 -5.285215728611896147e+00 -9.655063039653527523e-01 -4.679335980594560240e+00 2.511478362988753155e+00 -8.717160102018799428e-01 -3.769782156174040999e+00 1.378953682827159577e+00 -9.394718332753067003e-01 1.001024964663419503e-01 7.677274111066765272e-01 1.168874630335273723e+00 2.472557205010033510e+00 4.757401749666666291e+00 4.700711678432496932e+00 4.384583265980497302e+00 2.993045519119645448e+00
-8.711980898239787052e+00 -5.888286400168531998e+00 -8.554425216979272051e+00 -6.903905086208527386e+00 -4.666081643275085789e+00 -4.367316887535611869e+00 -4.491089788544495143e+00 -3.576234090595332926e+00 -2.631035199657654200e+00 -2.120612439012986350e+00 1.797177670340445732e-01 -1.038879721889088392e+00 2.269845271985670987e-02 5.197948446199082362e+00 2.243838826124902486e+00 4.172206861861002203e+00 4.302586654027692248e+00 8.707773309614207591e+00 5.272867901809641822e+00 6.618992601799031483e+00 6.691203836993990350e+00 8.907611806346830363e+00
-1.053036890178923102e+01 -9.528931654989715838e+00 -8.528318949043752539e+00 -7.527384169399759628e+00 -6.528779380023475909e+00 -5.528856217861175537e+00 -4.528856053948402405e+00 -3.528047665953648604e+00 -2.528474651277067053e+00 -1.529139064252383662e+00 -5.271043702960103161e-01 4.710272476076955428e-01 1.472452633082856011e+00 2.470362029969679796e+00 3.470487304031838249e+00 4.471654675900925469e+00 5.469703413546074700e+00 6.472040660679329704e+00 7.472367681562895214e+00 8.471177272498598754e+00 9.471463665366167461e+00 1.046912358701227852e+01
-5.908029381325190954e+00 -9.455181125846404910e+00 -4.292249287751243259e+00 -6.844774659250809634e+00 -6.755291128696228498e+00 -4.757501214349245444e+00 -3.902873463114077790e+00 -3.844742345128455696e+00 -7.481173337642301746e-01 -2.279738146048714498e+00 -1.127677969393407809e+00 -2.001950966655235142e-01 -9.787608386575872288e-01 -1.257115194296274385e-01 3.444920157043673381e+00 2.274820418136204392e+00 4.460663077113636632e+00 5.530049641688817630e+00 5.860106471945149664e+00 6.962400244193691634e+00 1.285394544617503598e+01 9.201537145548442709e+00
-7.206445215108347568e+00 -2.462901695610719699e-01 -7.064692500558321875e+00 1.498032943885334589e-01 -4.122724283629326081e+00 -2.027700218361864426e+00 -2.112763964964985419e+00 -3.365612382000478853e+00 6.568614693112522218e-01 -4.328202347008113904e+00 2.453744010980217549e+00 -1.314887748890609442e+00 1.310252871390012563e+00 -1.824858324377257590e+00 2.151921839654451940e+00 1.684406255322883794e+00 3.902424350753211701e+00 3.052103062360998820e+00 -4.653256319552534492e-01 4.158898030054243300e+00 7.498789116734624116e+00 6.427897577889122083e+00
-1.052752889286384885e+01 -9.528859015215511263e+00 -8.529361080039619125e+00 -7.527909543026588324e+00 -6.529159616340274752e+00 -5.529659408737302329e+00 -4.528392772782915188e+00 -3.528133865107193401e+00 -2.528169568289385438e+00 -1.528978246856819823e+00 -5.285442952405308148e-01 4.726947959173823932e-01 1.470740411769263289e+00 2.471035059880129836e+00 3.471432049166072176e+00 4.471208472143521462e+00 5.471064787696708009e+00 6.470347810875288985e+00 7.471141729842537771e+00 8.470840212296355531e+00 9.471643332730639742e+00 1.047014673460613565e+01
-8.201676234935295184e+00 -9.216774196373776817e+00 -8.732231088958016585e+00 -7.045902472915892112e+00 -6.634236169158985952e+00 -5.287157522519658315e+00 -2.154916186339179252e+00 -4.146575690937476466e+00 -2.664551267359117848e+00 6.708168759313537510e-01 -8.473517969147078555e-01 -1.535327468528072115e-02 7.453196579225973561e-01 1.741893849425997010e+00 2.356114806686121721e+00 3.845642603519607405e+00 4.735844300118865036e+00 6.441783147831389833e+00 6.633549322631699496e+00 7.343653472250142755e+00 1.069355048524383989e+01 9.106156471959689469e+00
-1.053917325875258015e+01 -3.929888149489690452e+00 -1.270340559936157909e+00 -6.642209719176131344e+00 5.561442863462526809e-01 -6.767843431799116516e+00 1.570479018935040383e+00 2.685471338300133848e+00 -3.137909358315012831e+00 -3.134515967124317903e+00 -2.368364215810621509e+00 -1.199775261627532341e+00 -4.322782971010020736e-01 -7.861301095381141302e-01 1.223209028229770290e-01 1.536864782851302014e+00 2.667927672232667913e+00 3.808560941499257613e+00 4.468670449903230590e+00 6.058642867467548321e+00 7.546952970851102727e+00 8.553992189884670694e+00
-1.052879253300758933e+01 -9.528816486624153370e+00 -8.529439377513799769e+00 -7.528110208836489292e+00 -6.528024281290440101e+00 -5.529666523364449304e+00 -4.529064032164479059e+00 -3.528755421665595193e+00 -2.527711528268723029e+00 -1.528771015730781002e+00 -5.296777960929119899e-01 4.705567407336985752e-01 1.471442570063187461e+00 2.471397128972126822e+00 3.470651862296175949e+00 4.470739287408898477e+00 5.470844586464480130e+00 6.472366300496178226e+00 7.472347912463265018e+00 8.470173393460829203e+00 9.470898871394709317e+00 1.047300964322955963e+01
-1.053216310861443361e+01 -9.529300290075216395e+00 -8.527271482077523501e+00 -7.527834090319569071e+00 -6.527890744534406764e+00 -5.527717116204176051e+00 -4.529489572075288351e+00 -3.528970475223955461e+00 -2.526208373633304305e+00 -1.527392211285512502e+00 -5.280949723991650302e-01 4.708835530009949366e-01 1.469291073354792587e+00 2.469309684905120150e+00 3.467305635186745505e+00 4.473035675558161728e+00 5.471162957223963730e+00 6.471872855993815676e+00 7.471641209992482047e+00 8.471926030787541251e+00 9.471268293532443039e+00 1.047223455933005809e+01
-1.052977874570279937e+01 -9.530106198719961341e+00 -8.526592668823225196e+00 -7.526419219306946573e+00 -6.530285653404213519e+00 -5.530538228086465224e+00 -4.530099329284647425e+00 -3.530457493595115182e+00 -2.530526664785364588e+00 -1.528149035505284914e+00 -5.300540148534711449e-01 4.685449332675979406e-01 1.469031575389866617e+00 2.474005717106820157e+00 3.472845989533427158e+00 4.476897957988747123e+00 5.469196710058215061e+00 6.477442416616439047e+00 7.470302063294420591e+00 8.470303568311692288e+00 9.472446623512272623e+00 1.046958878941155113e+01
-1.052935870025652321e+01 -9.529356018047442589e+00 -8.524865985255352996e+00 -7.525383115153449154e+00 -6.528165862302891753e+00 -5.532065734605904339e+00 -4.530868575315597724e+00 -3.530515522103435444e+00 -2.525944635610695599e+00 -1.530049339275475262e+00 -5.240805897523195256e-01 4.719078388403605828e-01 1.471696465868825854e+00 2.471977963704933501e+00 3.468718960542551244e+00 4.471135869283550335e+00 5.470013931054946710e+00 6.470912024040096355e+00 7.468140661377784539e+00 8.474232867021434856e+00 9.470143645663133825e+00 1.046937294270503038e+01
-4.842537807094743130e+00 -1.511897659346350231e+00 -5.278203869203165866e+00 -6.697404093716369466e+00 -1.541060708378958033e+00 -5.912723159760665759e+00 -5.474256731625659178e+00 -3.020448702581781664e+00 -4.878012036644772564e+00 -1.574269572667849282e+00 -3.161669830610779997e+00 -9.328358359594933757e-01 2.132709482927856115e+00 -4.401659901039272071e-01 5.849818335277887194e+00 1.732242675023720313e+00 2.462731969808176657e+00 8.892236743389513975e+00 3.255811016049648288e+00 6.657293755223848919e+00 6.581939855263478023e+00 7.068301257154293360e+00
-3.449190771339154971e+00 -1.264999476710245929e+00 -6.882733408977342648e+00 -6.420506236238208153e+00 -6.558828523418682721e-01 -6.784530731087731859e+00 -4.536858942309690335e+00 -4.331813373265764433e+00 -3.124281628830614554e+00 -1.929271085301516475e+00 4.255231426793237404e+00 -1.525798070091854974e+00 4.229649758308297036e-01 -4.217405061664265542e-01 2.017742332862537236e+00 6.217646873694942400e+00 2.765019199927799765e+00 3.967812879403270987e+00 5.393935699776024606e+00 5.959071225681845441e+00 3.895236755506897630e+00 5.800544805606953069e+00
