1.852120573857739955e-02 3.492659224461625023e-02 2.173415203263033210e-02 3.158421477232118552e-02 1.102657281656937993e-02 -9.846732161920291812e-03 -4.300401546263074581e-02 1.798457239193227142e-01 4.421039544305076924e-02 3.596019918539713339e-02 -4.091131439690829513e-02 2.562204568442340985e-02 1.011854398986370418e-01 -2.691310965155626136e-02
5.774766217427736853e-02 -4.993487046181861733e-02 -4.639251357402329745e-02 -4.951095017531301212e-02 -2.758897253483242468e-02 2.962754159803221987e-01 -5.425212483796010288e-02 1.482786925266112998e-01 -2.126795017320782730e-02 -2.925551611184450118e-02 1.769508387463465116e-01 -1.621939683793954812e-02 8.560116852583472824e-02 -8.649011318392281489e-02
2.698899492427676156e-03 2.746125586304606903e-02 2.267675611433321026e-01 3.024859244980110384e-02 -7.667593743070694190e-02 9.615632410297211830e-02 -3.663286169127402681e-02 -5.623443685771913891e-01 -7.055121293254529302e-01 5.398833716253024217e-01 1.260715995781321874e-01 5.416830280484518090e-01 2.237414344035350000e-01 -4.960539961984533619e-02
7.101583855005777490e-02 -6.854191949052498845e-03 7.148239161492958571e-02 -3.891736072774476529e-01 -1.664599584287030920e-01 3.323647532504930835e-02 2.736977220948455525e-01 3.875975323518703330e-01 7.032289519787870979e-02 7.640773831232826330e-02 3.412411091439765398e-02 -6.434775842444460936e-02 9.203371111675705263e-02 -9.914152933593640971e-02
8.232468074315060780e-02 -3.559958406777590650e-02 5.118306177540533214e-02 -2.209103777554256853e-02 -5.999480081022665057e-02 4.767842443443941203e-02 -6.128685660466048901e-02 1.990257134395382599e-01 5.156313423969473286e-03 4.092205391812449300e-02 3.599121041650708841e-02 7.374389438924805473e-02 2.443899258941223396e-02 2.449304190940741754e-03
-6.420010011613462575e-02 2.893847785535852424e-02 3.934963691189722473e-02 -9.834041827244487111e-02 2.710574891755531540e-02 1.407591141832546522e-01 -3.243852491465773480e-02 2.469657538176000533e-01 -1.478199496023345494e-02 5.674993789639817821e-02 -2.327326156257147893e-02 -3.204648898963651654e-02 8.163307045379819549e-02 2.752041884234667293e-02
-8.773205437029280018e-03 -6.175688388001476792e-03 2.174121777021025687e-02 2.748271426885555424e-02 -6.652255557668113051e-02 4.085486509187853665e-02 1.501980334240053325e-02 2.763250433538322337e-01 -3.150133025939315379e-02 4.708010251855514194e-02 2.846964857073362720e-02 -1.773594627996007145e-02 1.263806328782215993e-01 -6.870393179109224313e-02
5.278648518633306808e-03 7.354858873931197083e-03 -1.151461629039743362e-02 -3.693266821252444432e-02 -4.719042485344791815e-02 1.461862182994465853e-01 2.994945584825345342e-02 2.983995032253997093e-01 1.910523401821654504e-02 2.370915485393140787e-02 -2.187369793844176624e-02 -1.452840659999544148e-01 1.375625319084025633e-01 -2.080876218891883345e-02
-6.529482734693659030e-02 1.277066286172452159e-01 3.750012833526213119e-02 -2.307929982357136423e-01 9.346946944871578622e-03 1.247616285394001628e-01 8.650598939016493349e-02 2.764217636153820101e-01 -1.899013304123302881e-01 8.514656629576920766e-03 5.128807886220940887e-02 2.657607887805038191e-02 9.244466240921059286e-02 2.886396383613712424e-02
1.773194138697555822e-01 4.446637814499737433e-03 1.524247287140232943e-01 8.697818877414557892e-02 -1.777254909475550204e-01 -2.594062729785628907e-01 -1.463881245458790170e-01 -1.006491365709561991e-01 9.269952521419369540e-02 5.606723463990321427e-02 1.616709596867849930e-01 -5.355175772401046808e-02 3.481158133033671054e-01 4.193965081282043095e-02
1.166130623727404392e-02 -1.557119612166213245e-02 1.606860791352206306e-03 -2.193150630544418028e-02 -3.369071196789315270e-02 7.777063316198179477e-02 -6.273810602474629017e-02 2.688977105616648378e-01 8.403232357453336090e-03 1.513525076105834422e-01 -3.072477388262469591e-02 -1.967094217170730144e-03 5.276547681437542686e-02 -2.189296895261384768e-02
-1.960806727106341740e-01 5.094217477381757925e-02 3.622083080247265330e-02 1.153106888027602694e-01 -1.382262347205890640e-01 -1.830928505501883824e-02 1.202376438535038283e-01 1.854167270664763556e-01 -2.866612080810603674e-02 1.176799814553463885e-01 1.401776164642177525e-01 8.649344031936526123e-03 1.622791573391796083e-01 -1.716904812328328978e-01
-4.995174600852855980e-03 -4.141134777328596764e-03 7.261694450601944607e-03 1.602470621868513911e-02 -1.095223168745950437e-01 1.218093596344724944e-01 1.554265967223144229e-03 2.662795409958669257e-01 3.111552433722726205e-03 4.091426801068577535e-02 1.455966586282839668e-02 2.940365545115222745e-02 5.720016855150241580e-02 -5.551888126143472713e-02
1.005243447156551305e-02 1.215428370452540860e-02 3.150974409304507090e-02 -1.559854980296606752e-03 -3.254087550851660071e-02 7.765772991357991484e-02 -3.884997129975734098e-02 2.416361338857619390e-01 2.994258040822121714e-02 1.550751910083413877e-02 -6.913533866064966449e-02 -1.578016912774556080e-02 1.138147416456189026e-01 9.532412416343699624e-03
4.924230446501014213e-02 -4.008363833285884248e-02 6.482175311697993547e-02 -6.651452114798275805e-02 -5.595788169267580658e-02 1.354761378204187017e-01 -7.828299886098376292e-02 3.100999157938328366e-01 2.570668932028566042e-02 3.740036070318287359e-02 -5.588854549067701072e-02 -1.081548436710247779e-01 3.367200809596612721e-02 1.324046299430566842e-01
-1.067408681265666626e-01 -3.305487727986330948e-02 1.787292219757267986e-01 -2.819560413074313071e-03 -1.364565972433560981e-02 3.121776099171217830e-02 -7.055834604367089424e-02 -9.024206990424737951e-02 1.033747889600380720e-01 1.295926875497598052e-01 7.144303411387737529e-03 3.122875562128236138e-01 1.287736647342449248e-01 -1.901172322814048132e-01
4.624145142606230635e-02 -8.441791843921292796e-03 -5.016342313778619083e-02 -1.126273364642304264e-01 1.140642693981736532e-02 9.751627908755219898e-02 1.032795039369544532e-01 2.035272781891492577e-01 -1.509860443448518205e-02 5.809585907225810891e-02 1.003757652432104306e-03 2.527010316063336287e-02 8.529862108199576243e-02 -6.136675460390176445e-02
-4.513208993814242120e+00 -1.283456807888147533e-01 -4.288297754551875784e-02 -4.159444336228449585e-02 -1.504667984377479339e-01 -2.742516016899704603e-02 -1.468053336459446134e-01 4.584841199543165935e-01 -2.611136323850311858e-02 4.559835397811821345e+00 1.000011927221062802e-01 8.454303477128229105e-02 1.998242054584463689e-01 5.809417034660918633e-02
3.236659301197933325e-02 1.887313104219631027e-03 3.063032840282492453e-02 -4.402345381832241389e-03 -4.488103143855957933e-02 5.903658769221382246e-02 -2.127613096715436081e-02 2.012972352485550287e-01 -2.488598539303946144e-02 -2.099999295065021337e-02 3.014954788511016448e-02 -1.943346904853646140e-02 1.827641012352977934e-01 -1.831138133789839834e-02
1.001493782804303567e-01 -8.545189642845754663e-02 6.507458716038450053e-02 8.040676781099573289e-02 -2.185402972485037815e-02 4.031433378764863462e-02 -1.865663571254272401e-02 2.268895888689841100e-01 -3.038716395612074406e-01 1.381796035622115670e-01 1.693602248954123590e-02 -8.668050066955723665e-02 1.121713984965705957e-01 1.203343917023788068e-01
9.199051559491053937e-03 4.006328692380122652e-02 8.068291705802038347e-03 3.330042087431374712e-03 -9.448814443046092693e-02 5.887098519914758799e-02 -5.429371551903057480e-02 2.503212120580385336e-01 4.373641770016678532e-02 5.555759569419362054e-02 1.060036011087043401e-02 1.357852292192473012e-02 1.541500642275047545e-02 2.398245762840364032e-02
3.888597489272095642e-02 -7.844777872915720263e-02 1.780943687100428399e-02 2.300347410633314660e-02 -4.805751788825605997e-03 7.612608676739372748e-02 3.728992470115639890e-02 2.115616857216048863e-01 5.151789758718900575e-03 4.354336466888348439e-02 2.109713990083143115e-03 -4.801329298345365787e-03 4.931565052285853679e-02 -3.280087212189923551e-02
3.110757468402856885e-02 -6.361456445493833545e-02 5.655899657940903491e-02 -1.356219710747986196e-01 -7.614861264314154443e-03 7.227274817477774560e-02 -1.533721437438245461e-01 3.395310624272601108e-01 9.672453740732625538e-02 1.051288331489358130e-01 1.514723968610687949e-02 1.482932423197595995e-01 -7.259682045572424247e-02 -4.800250337147397850e-02
4.305856413743142097e-02 2.556129875753646724e-02 -1.408386759017015571e-02 7.243149295159171351e-03 -7.889386950772513118e-02 9.490128336200749637e-02 -1.019355488660370762e-02 2.836273358555902457e-01 -9.567907228728769059e-03 8.516603001454630881e-03 -5.707276101968560000e-02 -1.970935968398885435e-03 1.167369854918698518e-01 -2.392095363720699724e-02
-4.783176111252890328e-02 -1.440125672205787299e-02 -5.708110143135235182e-02 -5.710101216999288742e-03 -6.963045572315473830e-06 2.345862796112496984e-01 -1.029861153572841359e-01 3.122467003552522047e-01 2.209027222875855484e-02 8.392990667114670622e-02 -3.610572764483056807e-02 1.180792635736126195e-01 -6.181116736232680764e-02 -6.105685848453749898e-02
6.714111648859583115e-02 -2.899312885176516641e+00 1.303638250629696460e-01 -1.428598228421409655e-01 -1.834425877978140829e-01 1.188278315426857523e-01 4.534227504401711073e-02 3.100687114823485580e+00 9.804476534377437602e-03 9.679524720802354376e-02 -4.061546674684118896e-02 -9.391470340377332249e-02 2.211998618675648232e-01 -4.607491254210338560e-02
1.811051942558807581e-01 7.082659838816271480e-02 2.014144826911034858e-01 -4.730926784952826925e-01 1.019098086696683392e-01 1.663627206101837563e-01 -5.142879743154260552e-01 1.895888552491033496e-01 4.306276958246731124e-02 6.272741465636580416e-02 1.466879697690294526e-02 4.929009249251517510e-02 8.630744363793858842e-03 2.817345449370912691e-01
2.564543067291425588e-02 3.707894011699733317e-02 -4.431740696158904813e-04 4.374651900990535192e-02 -1.537797062244770363e-01 6.730777800487218465e-02 -1.670986000758620249e-02 2.765038761072562967e-01 -7.587805590557271385e-02 -2.641676829067001603e-02 6.879072866499739980e-02 7.669711278756342898e-02 1.035790334781004907e-01 -4.218048428215489393e-02
1.831636283264508405e-02 -3.672459523746247900e-02 9.891961245530594971e-02 -3.369555950885373963e-01 -1.033835221396678383e-01 2.057614296465521408e-01 -3.832424142240820758e-02 2.610935042132713213e-01 9.278837162227265845e-02 -7.614446286579942477e-03 2.198765432654256335e-01 9.461166808538187811e-02 -3.429599496971619949e-02 -5.012772691395254304e-02
1.828061728929870622e-01 -8.411121593613377079e-02 1.571450070298769375e-01 8.958148318569908453e-02 -4.599778462529213741e-01 1.249988976954852643e-01 -3.325778178668371832e-02 3.173445417229176502e-01 -3.770432979261622020e-01 6.901690094551303500e-02 1.450988858587067554e-01 -1.315968696655100967e-02 1.473112082428616743e-01 1.181881013569346661e-01
3.814682143809938059e-02 -1.234980049951767481e-02 2.329208495653139338e-02 -4.042254631043395996e-02 2.271406070704649893e-02 5.414906981737870051e-02 -7.728476073470511021e-02 2.423450228351029800e-01 -4.565118482954769186e-02 -2.053015819623387264e-02 -2.358849366225886091e-02 1.095438656296711111e-01 7.927350009962587374e-02 3.430388881177127980e-02
-2.889834513639022440e-02 3.120172952781183687e-02 7.249362009405097007e-03 -2.868341418149206179e-02 7.679886352692326390e-02 4.264405083736026725e-02 3.649603505240847645e-02 2.594236172732990453e-01 3.073318823757475657e-02 -2.526981503643861426e-01 4.550371690273139619e-02 -3.615513599070904749e-02 5.857429380467948227e-02 1.417515585633139508e-01
4.490906766355451385e-02 -8.229167905931089599e-03 2.141633315868138321e-02 -5.320181580784048847e-02 -4.787805599539531054e-02 1.192372714941589140e-01 -4.102841066407957732e-02 1.775657973695163316e-01 1.853704173777084852e-02 4.840083349154627318e-03 -7.955346141009154298e-03 3.614583946009709836e-02 1.048143470907460656e-01 1.476838525310594438e-02
2.828449241123945357e-02 2.312328949994613136e-03 8.297173935971556558e-02 -1.456760470638407412e-02 -4.947407515706286896e-02 -4.256587637554387626e-02 3.237824549226971799e-02 2.898592351164117065e-01 -2.857037682794741351e-02 -1.573504388862319303e-02 -1.162277534163948939e-03 -4.077734680475447737e-02 1.591575540263169830e-01 -1.816962399893817109e-02
-3.720533194035043761e-02 -7.054123067393795743e-02 -3.859399428919316200e-02 8.618273833520558036e-02 -3.201000285504916609e-02 1.379102859526513403e-01 -4.521742652954460762e-02 3.682946963361380943e-01 7.668504647307852751e-02 -1.082221575603446728e-01 -6.100504678823315957e-02 3.850510626732545766e-03 3.580513181003998346e-02 6.800815116533709404e-02
-1.576237106841060429e-02 -6.080449472330042016e-02 4.509269028689877334e-02 -5.779513670588472263e-02 3.762519538411492059e-02 1.655663289460208576e-01 -1.732988620828420766e-03 2.065692202321362803e-01 4.340422072530425446e-02 2.622445815701227208e-03 1.053750893524363352e-01 -4.149711502228214249e-02 -3.777478999834504858e-02 -6.946924541031261613e-03
9.596668337092346956e-02 -6.234782536130775016e-02 -1.600386002828847049e-02 1.236901893192335344e-01 -1.212536779375014140e-01 4.704998187313363250e-02 5.081648054152593241e-02 2.037415028033044695e-01 -5.521722654942703978e-03 -5.641065849863403231e-02 -5.118621850937390277e-02 -1.026465579043247950e-01 1.949699804602275377e-01 8.307707258855456800e-02
-5.876886562594167002e-03 -2.596201757245168718e-03 -1.786761109417018406e-03 4.114864763627418959e-02 -2.876258270551117213e-02 7.207131364660730732e-02 -9.505043560123091484e-03 3.171140498144632280e-01 -4.045325325873396632e-03 -1.136220300168425817e-02 2.824424756021376784e-02 -8.215144170412985725e-02 6.866153446529850435e-02 2.788022666251175133e-03
-5.498755381148262567e-02 -1.068397924238115582e-01 -5.541375577887408532e-02 2.212377761638612828e-01 -9.826213435230299331e-02 9.837336491847177566e-02 -1.035354643590424492e-02 2.970560417125797104e-01 -1.189087468543145593e-01 2.406318226530922977e-01 3.681736007876827699e-02 -2.230872302804049745e-01 3.765376488011970557e-02 1.200239995927320780e-01
6.898248754533681248e-02 -1.301603577721159311e-01 4.925031063707786816e-02 6.546256957389959275e-03 4.536178225784720519e-02 1.017778191920870184e-01 -8.735178376630250985e-02 2.007073224637666575e-01 -1.133732448752827748e-02 -3.635809572086014241e-02 1.263669580734809172e-01 -6.319459682160161185e-02 8.436277925762815377e-02 2.898781224632382761e-02
9.543113195865217044e-03 9.638101979817292886e-03 -2.976499621281044838e+00 5.806631637072924394e-03 -1.226029173763937621e-02 8.167458527932497381e-02 -2.826825359233047646e-02 2.066352916712998478e-01 3.023500378718956050e+00 -3.794347697370145135e-03 -2.096592627605477904e-02 -2.142877484896598544e-02 1.077074349105144740e-01 2.653048103084366428e-03
3.969886110049252598e-02 3.194410978263935441e-02 9.692215655453731427e-02 -5.900313757761124767e-02 -4.053901323236847737e-02 -7.328482050910567480e-02 -1.068542485350058163e-02 2.346339652677624787e-01 3.474864648773201559e-02 -8.857904421194910671e-02 1.050588591705941127e-01 -1.829355519273008490e-02 1.343065264841318551e-01 -2.986759208094491580e-03
7.689374875797508335e-02 -2.539091847119611334e+00 -1.370199110359084788e-02 -8.059093198313926898e-02 -1.114274302921902243e-01 2.779292532439244234e-01 2.460908152880383781e+00 1.121297043609330302e-01 2.598217169144471234e-02 2.895586757195647842e-02 7.556709478059588092e-02 2.333044306570733750e-01 -7.115549284074489111e-02 -9.176136054248082430e-02
1.074983763377923285e-01 -1.387282725330447053e-01 -2.479254100283972306e+00 6.642560014437011440e-02 -1.181618171502301640e-01 -3.858062938188507041e-02 -9.877332148935017916e-03 2.133744126742792846e-01 2.549492308715139099e+00 -4.326300551517303639e-02 7.205468150577507003e-02 6.959493595797068555e-02 4.411068070642154559e-02 8.925553103402224242e-02
4.490912468992766526e-02 -9.369053191072446163e-02 -2.174687334701335892e-02 1.323202387785619716e-01 -1.026194972741471673e-01 1.065503203682865441e-01 1.897161318398641466e-02 2.499998602936279180e-01 -3.798662877884775857e-02 1.763171880386119050e-02 -6.356615680537932786e-03 -1.437056196934319297e-01 1.280577296378818120e-01 9.160653099109888897e-02
-6.714905803023613062e-02 -3.088862443473472733e-02 1.936921425949299919e-02 -1.442164553219773770e+00 1.141780838578663471e-01 4.444381688465184194e-02 8.625328853353032843e-02 3.491990105113745302e-01 1.521402092789645222e+00 -6.552634952035692184e-02 1.547615476882671648e-02 -9.278678907203727344e-02 -4.909913925436836662e-02 -1.876577801135118767e-02
-2.759192309981258195e-01 1.718606526485346765e-03 -4.246478338924560003e-02 1.957515374126000962e-02 1.281364653278311005e-01 5.570013636647289795e-02 2.772861393753702774e-01 2.083008934389554700e-01 3.488787312388341721e-02 1.523965596091872259e-02 -3.052768597151071517e-01 1.726784920651415825e-02 2.878044001070068081e-01 -3.831492900968971882e-02
1.007035689762120212e-01 7.127331488385492408e-02 -1.897930875585714383e-01 -1.579902932393968673e-02 3.584293130619218420e-02 -8.812555634876187427e-02 4.424180563108974507e-02 -2.620397932579758282e-01 6.796698008221586929e-02 5.620457985121495303e-01 2.145093497493230639e-02 4.875248654099881285e-02 -3.336102100723152553e-02 2.078203665136491365e-02
8.412739322808873710e-02 3.944700321262158138e-03 -3.113595326046145195e-02 1.293856413719010612e-02 -5.721748954670392850e-02 2.179639339037856005e-02 -6.193604971867494591e-02 2.426685743229918257e-01 3.637858292540807614e-02 5.317977579398988630e-02 7.405315606070214662e-02 -4.167159721081849233e-02 -9.514689759106119762e-03 5.633000937828354371e-02
-9.151202858208530577e-02 1.515576350964381591e-01 -2.871307000851089364e-02 -2.283384534538736993e-02 -1.117858365371308671e-01 1.586458894714923018e-01 -1.072991054918401715e-01 2.404511303410248602e-01 2.471769112498582721e-02 -2.063245973443258996e-02 7.659135434520768400e-03 1.460013485332780671e-02 2.907304264951043327e-01 -1.216443270549768113e-01
