<<<<<<< HEAD
1.302355517870146528e-01
1.052996880491200854e-01
3.754790823278083001e-01
4.306091866009010283e-01
2.341598446074830420e-01
1.781488814057699543e-01
1.542390837351808042e-01
2.064745680457859001e-01
2.907793153132685049e-01
1.569642578130142907e-01
2.578961250966197438e-01
6.159340853153018047e-01
2.020304724781253614e-01
5.240447096202738297e-01
4.083807334693269064e-01
3.166157587025165698e-01
1.390405311037142821e-01
2.282824485135422632e-01
2.192704607473552336e-01
2.205565781931931868e-01
1.964003999481934160e-01
1.263962322314499953e-01
2.159883886827696775e-01
2.660115461042580898e-01
3.794844137037752252e-01
1.322823196812232815e-01
1.527923312754622120e-01
1.930388745373876336e-01
2.053144981724135121e-01
1.630960035136957420e-01
2.916700039030639124e-01
1.337319245279347812e-01
2.555346978419371640e-01
1.944931139117319630e-01
1.216720773995881438e-01
3.911218672565496268e-01
2.727525317666352200e-01
1.625501103545344550e-01
2.053131082669644725e-01
1.721333384541885447e-01
1.946681713188194718e-01
2.798336394326917942e-01
3.582707229721375786e-01
4.950607640458409842e-01
2.823935064017371599e-01
1.159928289587972838e-01
1.818406615220656275e-01
3.629788165677799161e-01
1.618618115509903865e-01
2.013849824205442840e-01
=======
3.231785538385016365e-01
3.032277571655930815e-01
2.366731478627641383e-01
1.555569207283683253e-01
2.354668980309124471e-01
3.367114121370193836e-01
3.059492855257986976e-01
1.681636856602674590e-01
3.119717318332583256e-01
4.201728436127417088e-01
8.967010706341096982e-02
2.088678400668446122e-01
2.883301862535269100e-01
2.465002303595874855e-01
2.608931500855857788e-01
5.165231030048927918e-01
3.982574686806961139e-01
2.261334880135625336e-01
1.988130458078217477e-01
1.345139244938926559e-01
3.023158667169604796e-01
3.459299803145309271e-01
3.869848716006389355e-01
3.161133453218785139e-01
2.853826179684178510e-01
3.070741088337934355e-01
5.151199896058992200e-01
2.733259366322705053e-01
1.194956123982621604e-01
1.461024267512289476e-01
2.354220018648258417e-01
2.275818359188173934e-01
4.019756523056456365e-01
3.356568341806200340e-01
2.385728424605250142e-01
4.195944443382745304e-01
1.135961665963935857e-01
2.801822227865726767e-01
2.036826435020144543e-01
3.067813293475101788e-01
3.446073165064786892e-01
4.013821020136857376e-01
2.940100969333564462e-01
3.081723380074136709e-01
3.695866824322203703e-01
1.738228378651139883e-01
4.184859129345653850e-01
1.998610449833618519e-01
4.291668190874114996e-01
2.927979621860997694e-01
>>>>>>> ea63ce8354f58d16bf9988ab4c1113c311a33941
