2.732067453395020440e+00
1.557733225568612934e+00
1.445116296789602517e+00
9.290565173852771697e-01
8.893389998569631860e-01
9.210490546724452443e-01
1.294237083918178710e+00
9.585941935965969218e-01
1.925961579151828973e+00
1.434858136617398472e+00
1.986100297862048558e+00
9.475876526427361446e-01
1.319259964841915878e+00
1.140934743528120077e+00
7.497213525604026207e-01
1.238367621632686211e+00
1.081842819720278737e+00
1.318509764112814286e+00
1.252385175738609302e+00
1.054148990824852028e+00
9.687730448764573232e-01
1.061439547434075648e+00
2.304963409061420609e+00
7.607730003984571887e-01
1.380800898995260040e+00
1.108117543211922573e+00
1.983430901636189070e+00
7.612507606297508334e-01
1.525143475655568182e+00
1.337062831870037494e+00
1.508950173601756095e+00
1.123149553566277437e+00
1.717930595202490140e+00
1.385522563985197131e+00
1.735943539200583086e+00
7.295495066548325358e-01
8.863363430906696649e-01
9.642288885556534739e-01
1.030376814299696520e+00
2.253571287029044523e+00
1.852723228264951505e+00
1.272604566747815857e+00
1.301812973441813348e+00
1.180962019522429962e+00
1.016447037181607671e+00
3.785394965654920618e+00
8.955102900501038521e-01
1.046074692536601347e+00
9.601524089567475828e-01
1.514174367442996605e+00
1.955388815601251329e+00
1.305874871151084804e+00
1.060874564575278622e+00
9.682793624864680648e-01
1.702638795345293055e+00
1.527689945854371123e+00
1.432743395071439441e+00
7.799992723774044068e-01
1.732725357875195549e+00
9.533342031777587433e-01
7.318840570593383443e-01
1.133363664461854992e+00
1.045785831111062159e+00
1.523355897680762183e+00
1.458499505789223383e+00
1.396267822488514998e+00
1.216404785346531625e+00
8.755025087282187757e-01
8.523263198174022559e-01
1.658542078819035259e+00
7.675254688057981944e-01
1.020173568322614299e+00
1.549379422203571055e+00
9.022112496933065717e-01
1.357796806842304749e+00
1.023264592328576805e+00
1.439924716914511960e+00
8.876990217324594035e-01
2.199205528529799558e+00
9.113200529762917057e-01
1.523357539536618788e+00
7.470162769329874441e-01
8.532092149625110089e-01
8.935032130107094517e-01
9.503772297944036440e-01
1.096820456942906086e+00
7.987548110369292464e-01
1.076216840995606772e+00
1.268724209056385943e+00
8.011609476154698539e-01
1.004442947142402121e+00
8.692858407050194636e-01
1.022964444224274905e+00
1.388894431646427119e+00
8.631019278599446620e-01
1.476247853117151898e+00
1.558244014018583590e+00
8.362773904864541086e-01
1.120388198193136065e+00
1.410603851753613469e+00
