1.173877383285292925e-01
2.083453649547627740e-01
1.610052765220969517e-01
1.501085802713855721e-01
3.863511684831080761e-01
4.200355794996544212e-01
4.119853762321294965e-01
3.224418659351789285e-01
1.364645255929808065e-01
1.078764180376071552e-01
2.175271416549869052e-01
1.831352761093540116e-01
1.178080676117492787e-01
1.379902295924352318e-01
2.465808370191661658e-01
1.569629158691437654e-01
2.813090117638004650e-01
1.146246953944771441e-01
2.657718117090659415e-01
3.015567352874539142e-01
1.377800958888711902e-01
1.459826639067057230e-01
2.271274731039380768e-01
2.665534011468353448e-01
2.351583336859037476e-01
3.344722511227082307e-01
4.830994241545008561e-01
2.121191302780697785e-01
2.152836784976153439e-01
1.366433479105063076e-01
1.650210749611036309e-01
2.370950940197843193e-01
3.073120831021690091e-01
2.327775139512915925e-01
2.927886477319018854e-01
1.683860976152570799e-01
2.119153599141057609e-01
2.478422451753294897e-01
1.607337302000974855e-01
2.739142012292766215e-01
2.105646107143590573e-01
2.331864930999747176e-01
2.120452262458874804e-01
1.569744224950299916e-01
1.998899328980657253e-01
1.887296620883848752e-01
3.538838265286921025e-01
3.402562920129961754e-01
2.327341079249765354e-01
1.853500114904036988e-01
