3.629135430250128191e+00
3.321476967260063695e+00
4.216999429754487494e+00
4.734941969797255013e+00
4.453074650967205450e+00
2.324683528417919032e+00
2.334765200666604201e+00
5.975707523816742750e+00
4.201948425016257538e+00
3.171392159506813968e+00
3.187114688703004184e+00
4.289591082514295550e+00
6.905651980721026817e+00
2.894545300176654123e+00
4.250467439648129009e+00
4.196019277198684172e+00
3.614038374995661052e+00
4.237044174394177354e+00
3.158023817689568968e+00
7.599916725805073270e+00
6.273043961043401673e+00
4.458183894074406517e+00
2.896188382498105618e+00
7.716610565098428687e+00
4.339772035734340783e+00
4.428063269269493674e+00
5.221925317044770587e+00
4.268944121578996054e+00
4.067583072636201003e+00
4.536438528173733609e+00
4.257722110609559962e+00
3.624675723874636102e+00
5.286956315905984027e+00
4.483159245181259855e+00
4.059275649755744730e+00
6.387278329104181473e+00
4.078893751792911360e+00
4.089199473917651595e+00
4.065288965520516662e+00
4.336441622580714750e+00
4.294117433487044444e+00
6.905764391845581329e+00
3.770075657447151229e+00
4.327182450171350503e+00
4.432147291750160534e+00
1.107242155353191748e+01
4.288337839387018846e+00
6.891769820151274040e+00
6.665086065685293271e+00
4.642487071544612043e+00
