6.117783346956853663e+00
7.447961768290833007e+00
5.345445521114227105e+00
4.240566889083869029e+00
5.780165880252325472e+00
4.581427470797836854e+00
1.052546134766531871e+01
3.253678862902490199e+00
4.561406498039879409e+00
3.759687096539729101e+00
4.101187014632506234e+00
4.280738943975499033e+00
5.587644919797658538e+00
4.679427288512062688e+00
3.820909627524940344e+00
3.839203708869685983e+00
4.384510890745703549e+00
6.420843116829593633e+00
3.739224846726422857e+00
4.030490394985843494e+00
5.143132483130619548e+00
4.377327112769740403e+00
4.878717980051737513e+00
7.477743824304249998e+00
7.358156618388974834e+00
7.418705826244008428e+00
4.667143521007294460e+00
4.519996312759144708e+00
2.379381654484375552e+00
4.340467921359217662e+00
7.311592699301198373e+00
3.977472238202030219e+00
4.144310055136056548e+00
4.393355688049043195e+00
4.672609507334160028e+00
6.744910556022577275e+00
4.261173106395273358e+00
2.281833547011798746e+00
5.462846065266139028e+00
3.664666760465134399e+00
3.957392356957390334e+00
3.692787495268071485e+00
4.010351305570719838e+00
5.583065754437689598e+00
3.768168041197067719e+00
4.300812264543816710e+00
4.268406410310602972e+00
4.323819613692864827e+00
3.682326980163555863e+00
3.177376880630180533e+00
