2.704863314438570754e+01
2.420045026873794214e+01
2.129605275395485009e+01
2.982605536622942566e+01
2.982596943533150124e+01
2.706722342164161077e+01
2.982640011351060494e+01
1.917784596328101188e+01
2.477915127822860697e+01
2.248733341336373215e+01
2.982688774807593646e+01
2.354261932272921243e+01
2.982536543792223327e+01
2.228578120389236261e+01
2.982642471089175018e+01
1.955198797617543960e+01
2.982633005106516322e+01
2.982650861370425943e+01
1.641479394462207253e+01
2.249595199650420341e+01
2.467128117323516534e+01
1.872484974181167772e+01
2.982666461200943786e+01
2.982638245271619581e+01
2.841900022895795175e+01
2.582432585933915803e+01
2.982592704328228095e+01
2.982663773504961213e+01
2.982669298376588785e+01
2.982584412813791985e+01
2.982622623630396319e+01
2.278443020095006943e+01
2.255268665932965177e+01
1.667944032174526825e+01
2.455517973341822824e+01
2.982726189715664233e+01
2.379964951611397694e+01
2.982628557469364239e+01
2.746988361204113360e+01
2.982663045293588056e+01
1.994568836021418790e+01
2.982735795285824665e+01
2.038716499558985618e+01
2.982537371832399842e+01
2.982670475223549644e+01
2.982669545464706573e+01
2.982658954997899414e+01
2.484847044911596825e+01
2.101302653581322843e+01
2.520429200424819527e+01
