2.969617861340395493e+01
2.679502879330761189e+01
2.969701755902167406e+01
2.002319079715327987e+01
2.969718938536121300e+01
2.165452353990701795e+01
2.969703917162652473e+01
2.969744358597886347e+01
2.969616973616136946e+01
2.969741203084640091e+01
2.969673321867232119e+01
2.969670196950626817e+01
2.948962999735071477e+01
2.969747949161029155e+01
2.842141242375977583e+01
2.969703671900606778e+01
2.702676267496427798e+01
2.393686204051747524e+01
2.443971494319329807e+01
2.969706974128579802e+01
2.969714105892750311e+01
2.583321577993783436e+01
2.534902767814379132e+01
2.665890423614921190e+01
2.100238903952750391e+01
2.969724023489598252e+01
2.593585634415724073e+01
2.474303512858957887e+01
2.538559948926483756e+01
2.969746615060645212e+01
2.306117461756084097e+01
2.351485360233492017e+01
2.577833326705795614e+01
2.213272602120122201e+01
2.969726407077694930e+01
2.969718824292979775e+01
2.286987304412985011e+01
2.148590362079104565e+01
2.969729021605185082e+01
2.057049009591414190e+01
2.969663829870450655e+01
2.220558306431155415e+01
1.836704338489893473e+01
2.969664197968388564e+01
2.969633125168656207e+01
2.631452454368471905e+01
2.837776078106315225e+01
2.969692250837933045e+01
2.472965331090442476e+01
2.969751936620052035e+01
