2.243521076042828000e+01
2.979632158886176896e+01
2.667837347080849142e+01
2.715131845434834901e+01
2.842956706845635395e+01
2.101231610367380753e+01
2.607508580078403426e+01
2.829425059836334100e+01
2.374828313803687507e+01
2.069398578094937236e+01
2.979588315196732040e+01
2.581733468175058022e+01
2.065112783423358067e+01
2.492554696418431703e+01
2.326454916249432969e+01
2.979706919601007442e+01
2.979659950440892402e+01
2.979673385286867315e+01
2.522980855103059739e+01
2.979766989061434401e+01
2.979672618813359009e+01
2.587195779160298770e+01
2.979604417382347492e+01
2.979612500694591404e+01
2.477610318603193207e+01
2.979623979917506915e+01
2.979667784739802272e+01
2.979739549386244946e+01
2.979614692465909087e+01
2.979711752431819960e+01
2.581265700282656184e+01
2.649671541084801163e+01
2.979647163659841524e+01
2.979700631877225092e+01
2.091955689699029719e+01
2.979610469044253662e+01
2.699316542175280986e+01
2.979620024387408250e+01
2.864685814928792240e+01
2.841153410914578359e+01
2.149160303865214061e+01
2.979758661412419585e+01
2.584946008200147460e+01
2.220787184734251696e+01
2.313421408280014901e+01
2.170427308059888105e+01
2.979617376325568756e+01
2.979613339944144812e+01
2.575711983120632809e+01
2.562707685450720163e+01
