2.980702299450101833e+01
2.739572593204697171e+01
1.827477719051944405e+01
2.316241786304453498e+01
1.345980220984483289e+01
2.980902688439629244e+01
2.980756721946868737e+01
2.980750634112116870e+01
2.980625040995734309e+01
2.718380534908611068e+01
2.980795910776887325e+01
2.980616657157044358e+01
2.649280755916844399e+01
2.793779777606960835e+01
2.980778951888811790e+01
2.980789441577132948e+01
2.980864776739382904e+01
2.980857565659503905e+01
2.980860070435684506e+01
2.980810693148541546e+01
2.752119522563783960e+01
2.980664958103128370e+01
2.980701483306342325e+01
2.789963242459696247e+01
2.980946934889610134e+01
2.672404397535633791e+01
2.980872747696112057e+01
1.806586958487374872e+01
2.981014460769062779e+01
2.980778546482661895e+01
2.980994241852346605e+01
2.800310062264226829e+01
2.698719584875483335e+01
2.980696013834337066e+01
2.980997641026400657e+01
1.627604587030708672e+01
2.980826361483119413e+01
2.980831686679419334e+01
2.980944470663407841e+01
1.829700802991852271e+01
2.980944381810003208e+01
2.980900304926321454e+01
2.703005179628906163e+01
2.980934741966988000e+01
2.980825703594416964e+01
2.005439120168679068e+01
2.980927266872330961e+01
2.980985853617361414e+01
2.980749350144802889e+01
2.574530387886978033e+01
