3.174256852998693507e-02 -4.746759871507440567e-03 -4.729528504306387132e-02 -1.742146370831689980e-04 2.480047705841616212e-02 -4.690663259423135181e-03 -5.713166880869764708e-02 -3.947903781727822234e-03 1.383998361610826178e-02 7.941257784270709663e-02 5.633750374975845382e-03 -2.121077225709381425e-02 -1.870687357268947110e-02 4.370402434077281725e-03
-3.177217105255054908e-02 4.726701536874208798e-02 -2.684618026234225456e-03 -6.587984254188596067e-02 6.170255811026557208e-02 -3.863064801280251259e-02 2.510413181348922565e-02 2.063436748610971219e-02 -4.592796152637085294e-02 -1.425791594765695065e-03 -1.081777374095764261e-04 6.023912517145868506e-02 -6.843760509605525261e-03 -1.977860832345517544e-02
3.318465534430160152e-02 -6.161900158969429997e-02 1.750299573515021190e-02 -9.822476077708094944e-02 4.608569862495272285e-02 -3.923456026458194135e-02 6.039698890817363913e-02 6.505336556934646075e-02 -6.463894051101198857e-02 -4.616885826543515314e-03 8.844279956431694290e-03 1.450546253009321884e-01 -1.218851544119620295e-01 1.599231256657149269e-02
1.047980155966194149e-01 2.298243690061878980e-02 -2.306625590585631991e-01 -5.274270622003424808e-02 1.173156893192173339e-01 -1.717660567356713297e-01 9.811327999858648896e-02 1.873402290164762757e-02 -7.487801432011185199e-01 6.694493268014294340e-01 -5.969051405345690564e-02 4.764083480211366017e-02 2.300549834343783573e-01 -4.355099186078177642e-02
-1.213601486508670245e-02 7.049252021261789847e-04 -6.336954740628823746e-02 2.343258829313348002e-03 1.540849725061185088e-02 3.376474083208247379e-02 3.910923497873172727e-02 7.746848897776564824e-02 -5.252785236056094209e-03 2.758040508893675954e-02 -8.533621984684759687e-02 -9.267967189787211513e-02 -1.630461096387346431e-02 8.059491768144143309e-02
7.612922013003298356e-03 7.260742145896154076e-02 -3.385899067325087719e-02 -1.734567649265226705e-02 -1.662631479576417159e-01 3.472660046645235921e-02 3.575339097363895019e-03 1.576299552548182381e-01 2.770090092396799986e-02 -2.508646538938619774e-01 8.850180853743702669e-02 2.774878868239503971e-02 -3.129708652524505058e-03 5.325405986051715002e-02
3.282070654478305705e-02 -1.793986556840133917e-02 -1.185361748476994673e-02 -1.119306953806905019e-03 2.821418440242950965e-02 5.022556895488749194e-03 -2.747211518553987694e-02 2.383594931579847975e-02 -6.853530172347798398e-03 -6.169466146016980984e-02 4.425038205316452269e-03 -2.746861641532254844e-02 2.283051799257564823e-02 3.914837850895154514e-02
-2.472712278363675339e-02 -3.398603284914013950e-02 2.080403604255562366e-02 -7.529927008105861963e-03 -5.672568563831714011e-02 6.823657899579690933e-02 8.144498702804241208e-02 9.147048660079284965e-02 -8.672086150134532267e-03 1.103824683434066062e-02 -2.634627314379187069e-01 -5.497978412199106685e-02 -2.478870636887829659e-02 2.037733594815792637e-01
1.152980549348608420e-02 -3.730961765490387744e-02 -3.497194930536476343e-02 2.291317284132792995e-02 3.381065946941234912e-02 -3.727294590540597419e-02 2.031453162223415682e-02 3.785895993948158039e-02 -1.128463392697939306e-02 -1.139899909119267314e-02 2.911216256438686062e-02 4.397035881369406457e-02 -4.810241066195785654e-03 -6.056564516899532596e-02
-6.564295456895574699e-02 9.765319038157958820e-02 -6.059778833496115569e-02 -3.457004347963549967e-02 -1.189688270891454125e-01 4.134005046607811679e-02 7.981066719220168693e-02 1.429427084766137779e-01 2.445996251346459205e-02 -8.478787349476646362e-02 -1.361132639118672882e-01 3.668914833615838367e-02 7.289234276590633721e-02 6.788299372314010593e-03
-5.668054570444632650e-02 -8.102805838595598942e-02 5.401637739866316235e-02 2.069015544765326342e-02 6.912330437177190146e-02 5.008223246969674414e-02 -3.088179479526726584e-02 -4.246465505550399422e-02 -8.093851638212948285e-02 9.421095283067058845e-02 7.300303293535048699e-02 -6.674474951828274216e-02 -6.623380682454552137e-02 6.574168983731047688e-02
4.885567605110233830e-02 1.053153419592164075e-01 -2.891492107699832892e-01 8.867603209976929884e-03 1.036362134241504557e-01 -7.500130046457569311e-01 4.104288827572015741e-01 1.408355532259487064e-01 -7.584144885949437587e-01 6.683226907476468304e-01 6.417856341997096870e-02 1.332431882143909896e-01 6.170651875023373117e-02 5.408209087583040059e-02
-1.849191678601046912e-03 -3.537464340447315364e-02 5.457354535148657357e-03 -1.128312636941714020e-04 2.250397668538736684e-02 1.159528207027658159e-01 -1.015175633478195838e-01 3.267793357113293884e-02 -8.387848340781582646e-02 2.701426376829779707e-02 -8.361053713883104255e-02 5.699911437067869957e-03 5.067931831109382529e-02 4.825328985532579412e-02
6.801935468560336984e-02 -2.139360787987021686e-02 -3.222634504588266918e-02 1.377296738001486387e-03 -3.596778414246473016e-02 1.715791387993969436e-02 5.114604767792428619e-04 -1.267535771760827309e-02 1.353638808095722866e-02 -3.468021334432767194e-02 2.387636712945105134e-03 3.025376732785092088e-02 1.923697310116371725e-02 -1.364186424810199735e-02
-1.378922091740561288e-02 2.507879125751594912e-02 -1.727969076136953025e-02 -4.310329210572808045e-02 4.851621753981009283e-02 -2.698458647255196768e-02 -3.743834458149916666e-02 -5.039034307091234954e-02 1.787272546272198614e-01 -1.581067279216910315e-01 -2.928238265119401801e-02 1.744424922196131655e-01 -8.931195556920683287e-02 4.081740703238471990e-02
1.368448251236269175e-02 -3.428767189797685133e-02 3.134270679079949329e-02 -4.336481687808584062e-03 -3.208097880481125541e-03 -2.639986585826660861e-02 7.210337600629418420e-03 2.384756482609149894e-02 7.944213343875905498e-03 -4.506474961353024167e-02 -7.505181404302369019e-03 1.474067889805874554e-02 2.606654312631545220e-02 -2.138860130782294089e-03
6.010455530529752559e-03 2.281905582323890368e-03 3.932378437943494232e-03 1.341164687752771645e-02 -7.696605344038157798e-03 -1.986539999827107925e-02 1.004584425250727199e-03 2.093875655737840579e-03 1.077009781308362751e-02 -1.375176169704695611e-02 -3.894070098726644391e-02 -9.411676417039781944e-03 3.239852893712624748e-02 1.965828980912434978e-02
6.665007239636297487e-03 -5.739567819677780791e-02 1.295478233997034156e-01 -8.031460107472770948e-03 6.999581092471754418e-02 -2.565975753805697923e-02 -1.504081468099933150e-01 9.885700761041660289e-02 -1.009595548925155545e-01 -9.774473687679127720e-02 -1.292100727104909252e-01 7.891952823890296953e-02 1.291471215169499309e-01 5.817272682675715678e-02
8.629875167849566236e-03 2.201314921886092860e-02 -6.671690450490862234e-02 -1.354795313980632770e-02 6.901354800041557824e-02 1.302068988154004778e-02 -1.659070106383854493e-02 -4.535233150870051494e-02 -5.785120296277073554e-03 6.549412550060038085e-02 -3.664492862047247917e-02 3.702808087591269448e-02 6.060254647931237471e-04 -2.927193635098354965e-02
4.006295475209291357e-02 -8.128785862521369782e-03 -4.139001595002729517e-02 -7.830551953582176594e-03 2.826597642889512596e-03 -1.631579248821294487e-02 -5.704935078393345155e-03 3.119292379020838224e-02 -9.111870935599402851e-03 3.208794270154630840e-02 4.343172624074534416e-04 4.652588130210931483e-03 -1.121880380842817104e-02 -9.660949577605618122e-03
-3.970429247433209657e-02 -1.943004436239280722e-03 -3.981054540232065869e-02 3.288615226179395640e-02 -3.991973530096848410e-02 8.037128563392355318e-02 4.928164714383390793e-02 -4.884186881924734713e-02 -1.100499886752809818e-02 9.881296713346994498e-02 -3.521706760278581899e-02 -6.231298245595356250e-02 -5.380444799023249326e-03 2.467850661036243703e-02
-2.891889744107578944e-02 4.330386919570312215e-02 -1.098463940686079943e-02 1.195013086941883358e-02 1.407214259509423360e-02 1.834287786491428998e-02 -3.087420683266176025e-02 1.364109948809097330e-03 -3.439471639633926575e-02 -3.727241443817906619e-02 -2.755280413941317563e-02 2.697060681860478232e-02 6.167256675300080912e-03 4.972230331167063616e-02
4.784686484440035109e-02 -2.402783984594941691e-02 8.612962740180132859e-02 -8.653689918509976930e-02 -1.048529630540978586e-01 1.794097089805994985e-02 5.817189196086020031e-02 1.563863043353769244e-02 -7.832959431394342920e-02 -1.552635616838332622e-02 6.532524683171636593e-02 -9.327996405905400468e-02 6.316184782944593568e-02 5.023415505169123718e-02
-4.398232505913106730e-03 -3.091554922936455563e-02 2.315170037324764188e-02 -4.159839095539594189e-02 8.314711309947699081e-02 -6.163898872779102756e-02 1.707901804293528517e-02 5.016071697522733047e-02 -2.906391348010926856e-02 -9.795145792676753990e-03 7.224186563120765792e-03 -1.586374160827557292e-02 5.738243518744166882e-02 -4.297558931693826884e-02
-4.162064283053309999e-04 9.645601177981427080e-04 -7.121562380720507235e-02 4.965163176373162818e-02 -7.150893153827173054e-02 6.044415591499510687e-02 -8.075135824317661304e-02 2.718495552173649799e-02 6.514886834320809950e-02 6.181933906330601414e-02 6.084985963569911060e-02 -1.527242971908419344e-01 1.077493592923263882e-01 -5.530069382001508160e-02
-5.181531388762939880e-03 -7.830855393995975189e-02 -9.560736254752694868e-03 7.680265915779027619e-02 3.638144432430484576e-02 2.115771513487543776e-02 2.027118824301573502e-02 -1.490601590120742455e-02 -3.585306533397646100e-02 -2.821038228973539105e-02 -3.861916972684255323e-02 2.936462582275353728e-02 -1.681596254657378997e-02 4.537340332405635779e-02
-7.217269675309131993e-02 8.152447520066006051e-03 1.130670364067384165e-02 7.772666281079879114e-02 -2.841008437790787725e-02 3.501380874863595227e-02 -4.615408319077366622e-03 -1.780049475102676859e-02 1.965320377855598113e-02 -4.254942630718048374e-02 3.268874564211287498e-02 -1.018404136807001675e-02 -1.728801797676464067e-02 1.037421633726025305e-02
-3.883536469657111745e-02 -9.292840331877924576e-03 6.900236995328096201e-02 3.139859984748619159e-02 -3.503236192431428975e-02 -7.980327927589631054e-02 -3.046209996479386575e-02 -2.374379773669866439e-02 4.521725563428871664e-02 6.808364148397527682e-02 -2.625256684134034263e-02 -3.960241630186375761e-02 -2.201709585708297445e-03 7.342018836501870704e-02
7.829293039244297758e-02 3.796714131353207122e-02 -1.475136134430137247e-01 -4.048228821996986693e-02 2.699018816171133706e-02 1.223362644753292483e-02 2.165458159034128888e-02 -3.365520732941322535e-02 -4.165454225219164530e-02 7.940940745273905588e-02 3.456817037203629983e-02 -4.717380456105376568e-02 -1.753953620407321112e-02 3.879856490436492389e-02
-1.243947382747866148e-02 4.524330674036780575e-02 4.274472883330644388e-03 -6.325016596051040441e-02 6.635408296536240633e-03 -5.499727203514727034e-03 1.977792143959059001e-02 -1.504109353825421394e-02 5.731431368515699232e-06 1.939944799688738883e-02 2.603695311720059802e-02 -2.270209672679651680e-02 -3.976076233797631691e-03 3.431010210055587470e-03
-1.835220691972266199e-02 -7.714688076043719860e-03 4.009215370768930142e-02 8.955371494643739327e-03 -1.230398633448633733e-02 1.298788733821706898e-02 -3.917102497388228605e-02 -5.733303673707119963e-03 -1.445734369712023577e-02 2.877944811057099421e-03 1.500285622690111439e-02 1.885591060743618125e-02 1.874590836340566877e-02 -1.788986024940258934e-02
5.024908630480183491e-03 -3.560541014116652692e-03 -2.873894426243170375e-02 2.815153995703348344e-02 -4.178233514384913083e-03 4.640606144125522525e-03 -3.286224976208299009e-02 3.817950311210007580e-02 -3.858670905320178701e-02 -5.538915900768090483e-03 2.201884594161192255e-02 2.507858518878183091e-02 -4.497937427219549783e-02 3.724659743003382040e-02
1.255847311934884525e-01 -2.838161282196938195e-01 1.141355716480373372e-01 -2.662764147855524455e-02 -7.730525920593715739e-02 3.926805506951662472e-02 -9.482607694504315010e-02 1.244339697528623334e-01 1.765545049719973447e-01 -4.756745252738996399e-01 5.243254747260893689e-01 -3.027692157906010650e-01 3.687851727153726444e-02 1.217336409051865825e-01
2.051029741191155720e-02 5.092008790857109612e-02 -9.258415190878702128e-02 -1.758177557952194520e-02 -7.677357961449961243e-02 -4.222149365772590035e-02 8.879198260003575566e-03 7.054519556191664320e-02 1.515595680880030965e-02 1.046121395260253689e-01 4.756167654331779071e-02 8.566462075047154637e-03 -1.526285928980141149e-01 5.693419818794028670e-02
3.460853154803719689e-02 4.271383908160841791e-02 -3.890769651767410353e-02 2.703980513044784532e-03 -3.173160063069646597e-02 1.321143109694294417e-02 -5.692418005749033671e-02 -1.556099576163012983e-02 2.909826030577792808e-03 -3.943750552114959340e-02 4.693512793695507612e-02 2.163220263308762714e-02 -2.141459756190609159e-02 4.115725583527810733e-02
-4.937763889960351815e-02 -5.444947170048852758e-02 -1.272999351678354152e-01 -6.426501623309893718e-02 -8.747766367946896438e-02 6.309656481061692856e-02 -1.063003315081396255e-01 6.693262949928779904e-03 4.261221105482242422e-01 4.179328390600445808e-01 -1.536343226061603895e-02 -9.855877948094743379e-02 -2.515313210273795175e-01 -5.732556878625134217e-02
-3.988087263546281208e-02 -1.061145935015580105e-01 -1.127453274543069317e-02 3.846953305834700798e-02 -6.920864279926039475e-03 8.449646465555910035e-02 2.236802384377047093e-02 -7.325392388431281598e-02 2.929500029693526963e-02 1.165068989435731894e-01 8.473310803926596690e-02 -1.094698097741028664e-01 1.219932813129824267e-01 -1.490520947046550249e-01
9.081757423637336346e-02 -1.182334406644373198e-02 -2.208877076590304300e-02 3.970437022036756025e-02 -1.273065629840993973e-01 5.208796409046055620e-02 -1.049245778477631286e-01 8.162699110652285595e-02 -1.095755090072535465e-01 -5.150428427109304819e-03 -4.498537793863584960e-02 2.396722103508208690e-02 6.286737746419862605e-02 7.667869150918819876e-02
-4.085517213693767857e+00 6.272900853500860963e-02 4.815266761066305107e-02 -4.255032942656920142e-02 7.606392598181416220e-02 -8.578058179740018219e-02 2.700425296520081453e-02 -1.314011891078597886e-02 3.914482786306242801e+00 2.981892365857184354e-02 -1.039513938658624820e-01 1.826888101590573299e-01 4.892854348053050917e-02 -5.703366237771903546e-02
-1.782477318591531648e-02 -1.231583856807424993e-02 2.211626211367681560e-02 -1.735848183942215878e-02 1.774236303239063416e-03 -1.034562107429999080e-02 2.534599287777829918e-02 8.052445543965936620e-03 3.425752733991427323e-02 3.604611731155167413e-03 -1.735894541216890380e-02 2.278093467774744418e-02 -2.334190447285423159e-02 -1.749082740975691289e-02
1.053652004468629347e-02 2.478132318109250998e-02 -2.418452752694843708e-02 2.408397651588194133e-02 -2.102439813350762132e-02 -3.508184665634281330e-02 3.803536378931622608e-02 -1.183815056500103768e-02 -3.264386145611721662e-02 -2.222459890293252208e-02 -2.725137281705233144e-02 5.015495809312105202e-02 3.051191443168574380e-02 -1.959681372896564765e-03
-4.680510015549132000e-03 -2.963199929552053948e-03 2.475225991666758080e-02 -3.044056596408963380e-02 3.556276071840223235e-02 -1.465259763021627875e-03 -5.045626231745482283e-03 -5.469404697000414609e-03 -1.336639770303982115e-02 7.331994535316356879e-03 1.548243100571949395e-02 -2.064978429187432421e-02 -3.728268612869707621e-02 4.012960717344912775e-02
-1.603410892141782507e-01 3.647606380767521445e-02 2.411634454863709198e-02 -9.689665942865438586e-03 9.510538150187607814e-03 -3.909083170827125364e-02 -4.517760740872876768e-02 1.592851920921756481e-01 -1.644882247207440223e-02 1.873868236638604468e-01 -2.084102225850525403e-01 2.679280907913999046e-02 3.440371118549553908e-02 3.082375428984336380e-03
-8.969676311875154906e-02 -7.635336861829036814e-02 3.799451082306810196e-02 6.423262360950528216e-02 4.148604560128556912e-02 4.119762707502826193e-03 8.157255213552741524e-02 1.115292025602841741e-02 4.186473359788401433e-02 -1.293930816240781712e-01 2.073066727624080924e-02 -1.000640476798149991e-01 6.591324663354651558e-02 2.833581702533131269e-02
2.716355896529604186e-02 -1.972623763559267634e-02 -6.906591062749933840e-03 -5.711600160941547599e-02 9.897456061111149783e-03 -4.840109374736986658e-02 5.416510004223370339e-02 -3.895075426155798770e-02 7.746141200040540520e-02 3.725900736321619000e-03 8.588535403626834652e-03 -4.705887423871416009e-03 8.194422379215800245e-02 -8.524400263561014712e-02
-7.749772321636038130e-01 -3.904146670660391810e-02 9.832783950429810349e-02 5.738284053609368218e-01 1.486029489235959067e-01 3.773911193327807168e-02 -1.976471072907937110e-01 5.593821589908226644e-01 -7.468187792789954260e-01 7.933774341513806505e-02 1.020949054981297871e-01 9.063345379396728352e-02 2.764349045581461148e-02 4.279014618900051081e-02
2.184087332603992793e-02 -1.466978837055843421e-02 -5.519515184744427927e-02 -1.201348029597455562e-02 -8.145823856597216722e-03 6.074970521587689382e-02 2.159527342387955809e-02 -2.509406759820758878e-03 2.827336807498437993e-02 -5.500328532301663326e-02 -5.137885718971945369e-03 7.164394022309847343e-02 -3.985243395309051584e-02 -9.680285513419656027e-03
1.061990266670394534e-01 1.378207118381033491e-01 2.386787506514527479e-02 3.265781054170735498e-02 -1.189033073791997963e-01 -2.191466085272811615e+00 1.382839620242589107e-01 2.697143188443975603e-01 -1.361694076233711526e+00 1.588244590392976274e+00 5.602504294009441610e-01 2.277166462783067613e-01 2.355587099883339475e-01 3.536450064694948159e-01
-1.147321287586966498e-01 -5.163706306723961359e-02 1.626749424249243278e-02 1.377377162168475638e-02 -2.453229104110034309e-02 6.685172518813162212e-02 1.188925005513333244e-02 3.698500080859445233e-02 -4.933386145801152943e-03 -1.270675083703806663e-01 2.971678982410254632e-01 3.193084408076448111e-01 -3.299678902522336088e-01 -1.074776947042695718e-01
-4.057797908002036547e-03 -3.483171275938483191e+00 -1.754911862471414397e-02 8.510039998272860701e-03 -1.003012998130195857e-04 -1.036560435425867496e-02 -1.727411104932939298e-02 -6.443943968236651165e-03 3.516828724061512368e+00 2.580978119804179863e-03 3.781903544758213886e-03 8.902856209220585959e-03 -5.491290230733025801e-03 5.744560064986612563e-03
