-6.943959646775096570e-03 -1.557177609793364281e-02 2.911869942220371432e-02 -4.174179728553754909e-02 -7.681199512733410950e-02 6.763985183944609680e-02 -2.714679237081435437e-02 3.911509700278056889e-02 -2.051448552897489758e-02 4.102575110956550170e-02 4.108139882987191238e-02 -5.125038675751593387e-02 -8.919999056284794170e-04 -1.549700978767927853e-02
6.554825149931323147e-02 1.841924383742774701e-02 -7.855194040638920072e-02 4.349929808303434897e-02 4.167056092798781392e-03 3.234615812540289626e-02 -8.398190170189864800e-02 -1.208277970724868783e-01 -3.515707115239168346e-01 -3.194881304992114313e-02 4.070274468517339206e-01 -1.219303751885792222e-02 6.186574824546129531e-03 6.349076765488806395e-02
1.886486809326583594e-02 -9.407961811355798620e-02 -6.664563370043971244e-03 5.348248522978511083e-03 5.941491101351382975e-02 8.424351904406875147e-02 -3.170158959669645143e-02 -2.522891894063804957e-03 -5.964223626668560541e-02 8.548606570577205535e-04 -8.390616089489093266e-02 -3.216648918102915644e-02 7.300842028031054309e-02 3.055931740144714540e-02
5.005643511131416257e-02 -8.532641366132051597e-02 1.038899707092243718e-01 -7.494136216806143724e-02 -2.564620655496236898e-02 -8.005343233166040129e-03 -1.442598835734065776e-02 1.872663242191159594e-02 -4.518559928706723794e-02 -2.246266013891179067e-02 1.897501902665998594e-03 -8.950365739031122814e-02 1.671971446000383443e-01 -1.465985825833878049e-02
-8.269977647507698038e-03 -5.004439709675033043e+00 -1.918978138312638256e-03 -4.379504094245961938e-03 -1.606948364785291267e-02 -2.013371203816332944e+00 -2.388015906518707945e-02 6.859575460085801102e-02 1.469792120662228793e-02 1.986628796183664392e+00 9.875187885845512076e-03 4.995560290324980279e+00 -4.535578131950351866e-02 3.937442897678387552e-03
-3.065166281295067519e-02 -2.296044181579712934e-02 -1.017792240231452788e-01 -9.778684786001367452e-03 -3.176592082939175277e-02 1.276874494251492853e-01 4.905186399653080342e-02 -7.197874851288414699e-02 1.136136910130169791e-01 -2.589912063213618137e-02 1.082247695441991286e-01 -3.927998295607909585e-02 -1.472090857543618680e-01 4.433569383952566667e-02
3.488191074550493070e-02 4.973240660626911808e-02 -1.071308489018838184e-01 -5.369187778569121938e-02 -1.763934461108570065e-02 5.769182070395993678e-02 -3.536292215662516225e-02 3.975317979715631278e-02 4.561895696748641954e-02 1.871558665138719352e-02 -1.120895314153720762e-01 3.258369795421295345e-03 6.203119106049701133e-03 3.166977019309747537e-02
-1.106186933046111598e+00 -3.890610978322880248e-02 1.020278142168408619e+00 1.612418151219814676e-03 8.957586780523660308e-02 -1.239220138947386279e-01 -1.106788667937675719e+00 -1.109364751546883417e-02 1.325432373632496885e-01 2.708454658193489364e-02 1.011769128409855389e-01 7.368220614230607257e-01 8.347531969192497625e-01 -5.953384153804478496e-01
-1.078324820337880734e-02 1.816294206150491364e-02 -9.603903436904979996e-02 7.696076786153394078e-02 -6.603672471953536682e-02 -6.735804160876340818e-02 3.858948353060664971e-02 9.237463487188457556e-02 1.064200844144809997e-02 -4.752283506106552008e-03 7.467347732299929944e-03 -1.527618953325433383e-02 6.394200414793872744e-02 -8.628307101145411828e-02
3.748170995624767327e-02 1.399673822109908511e-03 -2.915465708355764046e-02 -1.207714321778077977e-02 -1.900790045493744307e-02 -6.273341356917205847e-03 -1.516650881826077379e-02 -2.107159236789765688e-02 -6.304075204899457774e-03 6.435089176177289511e-03 2.539392313333236825e-02 -1.178238796634947100e-02 -4.580792294893544503e-02 5.754572902734306217e-02
1.240487125528912937e-01 -1.763107462113423785e-02 -3.681593596689975573e-03 -7.012285743061540122e-02 -2.425656223658096550e-02 -4.850046340434231718e-02 -1.339466866626282393e-01 -9.143055735182484267e-02 -7.207126649351234260e-01 7.533350507237854821e-01 1.363739689223934792e-02 1.857162431682102266e-04 5.244721405690232208e-02 1.282389654656273525e-01
5.800362790886174139e-03 -1.126089947228890165e-01 5.531932230972368830e-02 -3.144980218727570775e-02 -1.477964806383406771e+00 5.232067067927087534e-03 5.480087606090795066e-02 1.522035193616597892e+00 -3.234791209459414452e-02 -1.808470786481034681e-02 2.899127413201466053e-02 -1.989037862587932776e-02 9.205664379303667155e-03 -2.742756278283104907e-02
-1.893871144542668694e-01 4.942897326434815553e-02 1.757167474432663745e-02 -3.108730412951555416e-03 -4.142873554710096995e-02 4.583852454111005115e-02 1.678669272702973669e-01 -1.246161188978865408e-01 2.977500489382525067e-03 1.917027263135992476e-02 7.502497842429156627e-02 1.166202609838985910e-01 -1.993065085119615221e-01 2.495869117082699651e-02
7.723895114339313084e-02 -2.229380877997982902e-03 6.740498399890162973e-02 -6.241635045733609499e-02 -3.091343940912513744e-02 -8.645967610128824088e-02 -7.319924120082776930e-02 -5.598874626403278765e-02 4.270681384315919843e-02 -6.137563165214660055e-03 4.821967589599577414e-03 -1.905843174561312747e-02 -8.424087126900910161e-02 1.900815796110658373e-01
1.968016363379630415e-02 4.669572374174293938e-02 1.320651507386788083e-02 -3.780979032857238048e-02 -5.920934103848941171e-02 -7.211465119737074658e-02 7.349015953494839049e-02 -6.958454316828921807e-04 -6.255957585084782890e-02 -5.943777454781497965e-02 2.183518588166269078e-02 -2.839198244565462742e-02 1.212697896995444113e-01 -1.434798102945532977e-02
3.323699535979952879e-02 4.685499922615062734e-02 -3.079683652689831422e-02 -3.162820422505432938e-02 2.855053414690894228e-03 -5.509082796519078340e-02 -4.359765441299883609e-02 -3.092648347974329137e-02 2.140028066436637857e-02 -6.565744718866360630e-02 2.021438643934293788e-02 1.683115718664466784e-02 1.295747585319908524e-01 -5.165958132876230513e-02
-6.751345972877811907e-02 -5.886359901683693024e-02 -4.045136915593604970e-02 -1.954109694949671822e-02 -9.549513827302079372e-02 1.761176143409706185e-01 1.424541930324214022e-03 1.885313255102099572e-01 2.281670237632792489e-02 -2.344385545088738601e-02 -4.480658775679108308e-02 9.838173856914105009e-02 -1.114211198882983228e-01 -6.412510081125397110e-02
2.627860612694492282e-02 -5.147136662268808616e-02 -1.428474570877098782e-02 -7.226061294843745542e-02 4.093442952023480796e-02 2.636483880837176864e-03 -1.899066907372262691e-02 1.291628507709202400e-01 3.659048772644649117e-02 -1.010679028714929761e-01 -1.607888284670119447e-02 8.885137457443938180e-03 -7.176517185614775252e-02 6.304195214080789145e-02
-5.451064420457754633e-02 7.244729761377075028e-02 -6.296990940950365767e-02 1.529862566888517267e-02 -5.436726304920046215e-02 4.761666104431921259e-02 2.792957935830585325e-02 -1.363986818406575513e-02 -1.405449011794872999e-02 -4.231673578189896340e-02 3.088493475546141148e-02 4.913546953911625270e-02 -3.525406426184703179e-02 -4.588997275142097515e-03
-1.587077422972892060e-03 4.660228057731243163e-03 -1.374736332263107319e-03 -4.172819867973580517e-03 -7.448802178051838925e-03 -1.419217218862516700e-02 -2.017222316273847155e-02 1.584798637158132961e-02 1.597217217013469082e-02 -3.166165851283100213e-02 9.672385743171463962e-03 4.531238460851997230e-04 1.807307015762137439e-02 -2.245888098519482207e-02
-1.838948431320823126e-02 -1.712363813823764708e-02 -1.865048226787291430e-02 -2.861732688048339995e-02 4.253557713961203350e-03 -2.804139313301545408e-02 1.149217493235137055e-01 -2.533776370589232441e-01 -2.973653212184031169e-02 1.740261036702835107e-01 1.016233374836257863e-01 1.873752049794488034e-02 -1.752503913070853070e-01 1.172352122270117897e-01
7.547067454379222107e-02 -4.724619485018338727e-02 -9.510495773084448601e-02 5.861458643993246176e-02 -5.915571210194373736e-03 2.955138152860679185e-02 -8.444938742446086999e-02 5.916616205941459261e-02 -2.264522451707273037e-02 -4.364557715624289846e-02 2.458425843176491321e-02 -1.038496870814106521e-01 9.825371218257493433e-02 1.882642047999787474e-02
6.852576712803427894e-02 -1.332235065691852460e-01 -2.078016772058094430e-02 8.166424404294840567e-02 1.217941280349706459e-02 -2.900416297149286532e-02 9.795028934725807934e-03 -3.765118079823476238e-02 -4.817610735937664229e-02 -5.759372170654925016e-02 1.027108571083283906e-01 -2.910095607097293313e-02 -3.098662751051521613e-02 7.325171638504840432e-02
-4.758879119323178308e-02 2.561411308273500026e-02 6.799790551862271160e-03 2.756679405184149848e-03 -3.550683339916994863e-02 5.065532768134964337e-02 7.326113532224003133e-04 -4.964101708988071654e-03 -7.494712252709612166e-02 3.732027125669282012e-04 2.323695589975020154e-02 3.765391940661141218e-02 3.484923769937087190e-03 -2.669007933905875180e-02
-9.407565141543295928e-01 7.765791722322721302e-01 7.467730751100568054e-02 1.273403294892497262e-01 -7.340826162255188747e-02 6.800817581068062390e-02 -2.105197886081794367e-02 6.552229588261904158e-02 -1.055673876485156315e+00 2.544204794383034263e-02 2.082873513384230976e-02 8.015137616812016974e-01 -4.659510174973460761e-02 1.391845028835632658e-01
-1.885972855952262883e-01 4.819336031337150689e-02 -3.480368349689090035e+00 -1.892451639125996773e-02 -4.311221206726427446e-02 1.655780321647945530e-01 7.808403146179343501e-02 1.493864784336530055e-02 -2.969717643485486960e-02 3.519631650310917959e+00 -9.241627352304487841e-02 6.185839575404279700e-02 -3.785902658200899357e-02 -3.569868186986195624e-02
-3.398575365747321352e-03 3.018538225178439213e-02 -1.259097846697911430e-02 6.170349953917797503e-03 4.113812214087250209e-03 -4.718569932931386546e-02 -2.299747119184954863e-03 6.541306520999204052e-03 -1.736740528592727387e-02 -1.464185246618577435e-02 -2.435547676243241238e-03 -1.945133674971155288e-03 6.604531501733032148e-03 9.860152637705437567e-03
-2.821304448246996117e-03 -9.205447186309809876e-03 1.402366627945418331e-01 -2.112684957130146063e-02 -3.920803499122094832e-02 -9.620327397492133004e-02 -1.077427058772495311e-01 -3.242825684008068116e-02 2.406170659605865597e-03 3.703281461008716552e-02 5.397368704794622968e-02 1.809046445695825650e-05 -1.160916219549271329e-02 4.828820520385982556e-02
-2.192660054757362975e-02 1.609414687755321427e-03 -3.703759741129743210e-02 7.510186161566776743e-03 -1.564184262506496809e-02 2.873449792812533821e-02 1.432412922699284955e-02 1.682768249961039131e-02 1.518601301112060264e-02 -1.236528299251783009e-02 -4.940940414467472064e-03 -2.212855727675316214e-02 1.173905992236533649e-03 -9.714412544058893817e-03
5.303904038341399063e-02 1.851734814099614823e-03 -4.585324031376378229e-02 3.347097824737752664e-02 3.709707037933793194e-02 -1.039730378288039603e-02 -3.695482021294443920e-02 -1.748892725820729577e-01 -5.067058539727889444e-02 1.146093177290695153e-01 -1.701223693769193246e-01 -3.478849938388543783e-02 1.846030185434526516e-01 6.061552664866844131e-02
4.984506020427080519e-02 -3.122594148219176233e-02 -1.271789462272235327e-02 1.029745568271591971e-01 -4.279641655030336223e-02 -9.048848905738468562e-02 4.325234186382413692e-02 -5.406535433922106393e-02 -1.046275307829281354e-01 -8.691599688695372805e-03 -4.216291653457419908e-02 4.959852612578440068e-02 7.054721548014908361e-02 3.216903825250767152e-02
-3.256851579450516232e-02 4.640458834943287508e-02 2.563479115262332769e-02 -6.564567971907051686e-03 -3.900094000924298615e-02 2.849973035651968273e-02 -7.359058403936197257e-02 -5.514479809924267839e-02 -1.042619208772498779e-02 5.954468108411537647e-02 2.665442451836876753e-02 3.526282500370179042e-04 2.947788896846764706e-02 -3.766253898190544125e-02
3.517394037184536776e-02 6.321115189650987343e-02 4.696728208787870340e-02 -1.160901210466377675e-01 -1.028052346476196754e-01 -6.007483318253604987e-02 5.491362327162503318e-03 -1.072600882786925724e-01 1.752784556513018177e-01 -4.790901549949558996e-02 7.533710922802902554e-04 3.511006600385618848e-02 9.157886889850967715e-02 -5.781460997868834856e-02
9.327979349612942894e-03 2.367677171539160283e-02 7.296705392565508430e-04 -7.921028655334719226e-02 5.047041504784868793e-03 -2.024613280886796221e-02 -3.129121728899648958e-02 3.525134954561237599e-02 2.863870438988769945e-02 3.159443434890598507e-02 3.940630328619236511e-03 -8.155363843072165053e-02 1.506389859979714169e-02 2.064139045573928216e-02
-3.355214664505423022e-02 3.033840225395221385e-02 -1.584676507217714844e-02 -8.898015485782695758e-03 -7.111538499265146474e-02 -9.778350329246814597e-04 -1.025375171108553030e+00 7.693744127147086886e-02 9.746248288914493019e-01 8.781159374154041963e-02 6.277043472099795574e-02 -6.025402249308537544e-02 9.049793000519142441e-03 -6.390255735402687598e-02
6.418678412496464647e-02 6.543604152300638854e-03 2.162241327370678368e-01 9.632413067527277606e-02 -3.068061423699358081e-01 -5.077896414330249630e-01 -3.923390416167288897e-01 1.292994451116966648e-01 4.549725489553074764e-02 3.978274399181546683e-01 2.460341076384194858e-01 -1.255917596753096388e-01 4.238572958044081046e-02 4.981455195682539527e-02
-2.088589914379639367e-01 -1.252237833217780261e-01 1.101035547212079746e-01 1.155528257701331774e-01 -1.699380818418342598e-01 3.737738470656765122e-02 -1.757439823009827595e-01 -1.583276625574060736e-02 3.108219645642854578e-01 -1.066499175957871803e-03 7.958256293729731867e-03 2.372619450569273258e-01 -2.029691031566759896e-01 4.216787207375666258e-02
5.747901677835388218e-02 3.465857107255026354e-02 -2.412907431141276593e+00 -1.651203806160294607e-01 -2.100463774177887100e+00 4.110960780542524673e-02 4.060101665389362520e-03 2.405039921069254127e+00 2.081588863833286229e+00 -2.725200135954454830e-02 -9.114510336798895343e-03 4.458020850138694202e-02 -5.733234550633853864e-03 1.368563715219888594e-02
1.155860926421639484e-01 2.578355311905730640e-02 -1.112303774287068392e-01 -3.312215930534587183e-02 7.649241999043411566e-02 2.969600880519219360e-02 -8.750858853118008429e-02 -1.388532552134764397e-01 -1.183263529251531582e-01 -1.033835079979335408e-01 2.794619938954842620e-02 1.923119584028156470e-01 4.296161783250351807e-02 4.325698691575524668e-02
-3.981779540375963988e-02 -1.911514904401132378e-02 -6.648136420792370369e-03 1.411943765696730552e-02 -8.265680859438916117e-02 3.431158581247572420e-02 1.860753677453858002e-02 2.650751109979564320e-03 6.156237282129514016e-02 6.603386449929046775e-02 2.574057207048571685e-04 -6.983939514359961687e-02 4.888954451563679027e-02 -6.674461860866191809e-02
-2.085043027615372802e-02 -1.207268749133152408e-01 8.775887803758494754e-02 2.589716913557398026e-02 5.053552647929115960e-02 -2.294139722955557126e-03 -3.057079032998450546e-02 -1.635090102395613254e-01 -2.051222320775421271e-02 1.417037146199764397e-01 6.654585716875130452e-02 -2.392818676233886277e-02 4.068705471241595983e-02 -6.912594900585602997e-02
1.185448303812021778e-02 7.420850906353394782e-03 -5.757878076764761516e-02 -5.669621265906384794e-02 1.976576498353437711e-02 3.130749395474331787e-02 -2.425629672398556605e-02 3.246054014021341767e-03 1.960443372767751297e-02 1.820441084393231018e-02 5.607684960181161943e-02 -7.492504940421992887e-02 3.383697780048632031e-02 -2.625038362008903434e-02
1.099935267358098483e-02 2.751045914516430865e-02 -1.771979070490954308e-02 -2.889912673216281716e-02 6.204744785527255280e-02 -6.393940497719202698e-02 2.963374639690358539e-02 -7.106876163294863213e-02 -2.732903344002243079e-02 -5.849565551286320386e-02 -1.749434174097015682e-02 8.701138477323115683e-02 5.127112650877503619e-02 -2.191680691618439966e-02
1.077757685117579529e-02 2.674053918461325244e-02 3.349732687360551520e-02 -1.422796979023095987e-01 -8.955639762810546634e-02 3.691284183558381227e-02 -1.217831233978779876e-02 4.555719307161315568e-02 5.639894794447314341e-02 3.309377095666850288e-02 -2.157851768503835088e-02 2.088869099903062354e-02 -3.015040267737447571e-02 -6.512963788473720428e-03
3.658716816079284062e-02 -2.110403672599781705e-02 -4.175667895450873440e-02 -2.316573647373897926e-01 6.633223387562502127e-02 2.855830128365026074e-02 1.731791557679097926e-01 -5.670509059239500077e-02 -1.653015542788127332e-02 7.497920917134524854e-02 3.356774899522677047e-02 -3.901464720547620502e-02 1.825788394614535556e-02 -6.308313186137205764e-02
7.740240310100209020e-02 6.367635178239110239e-02 -7.609197388862159322e-03 -1.744752368103065776e-01 -6.182566669716550445e-01 6.723666447920954026e-01 -2.045474308008853326e-01 -7.467967685870109396e-01 6.090000429231475776e-01 3.235782286657676310e-03 1.291786139586047488e-01 2.055477002784362323e-02 -1.361596565627835043e-01 2.740409439454357110e-01
2.771688382872886103e-02 3.234561949995470864e-02 -1.813405119859031189e-01 1.396161110411086106e-02 4.078707833906193569e-02 8.389945390678858750e-02 -5.484425857322810377e-02 5.632071129484333971e-02 1.328208659078250475e-02 -1.280692986563317440e-02 -2.103874411235561459e-01 8.659561385597620842e-02 4.127637168769211773e-02 2.480430713605587950e-02
2.490538692968493825e-02 -2.535090966844698812e+00 -1.282242747187937147e-02 -3.360495433000885990e-02 4.985783957449016479e-02 1.410033585273342410e-02 2.464909033155311846e+00 3.477899892161891854e-02 -2.132674816865381615e-02 -7.501996803956034743e-02 -2.837943702879360680e-02 2.755397566626704639e-02 3.972557915104660969e-02 1.202394832811649883e-02
-7.269490258618713230e-03 3.222405693719082587e-02 -3.503236828406176839e-02 -1.248677103850500542e-02 3.817969832379924933e-02 -5.558938230274536041e-01 2.493451084484565872e-04 8.706851345931945763e-02 5.348487759409069620e-01 -2.802244691654377784e-02 -1.303836173787165098e-02 -1.374202125488355967e-03 -5.579787147193487895e-02 -2.204445921351267518e-02
8.696067165482594674e-02 -1.111580371066204359e-01 -1.199353124969781526e+00 1.709639482510886821e-01 2.497444499163518628e-01 9.904311953992135376e-01 -1.771245771739377028e-01 4.102676502619737042e-03 -2.908168886801398845e-02 -1.357224844596944591e+00 1.875697455018333626e-01 -2.828468902226383835e-02 -4.376807411432495631e-03 1.178441677618735861e+00
