2.832636968830215540e-02 -1.033285153125372613e+00 -1.338324933210928436e-02 2.392608474390543472e-01 3.930056283185053845e-01 -4.835635525791677491e-02 -5.679734038190137335e-02 1.664822121611823358e-01 9.747358833830410685e-02 -1.066295646778509632e+00 4.274890088333083704e-01 2.819444699195079451e-01 4.992068147196337957e-01 7.779190501442745376e-02
-6.505044114649337350e-02 2.958339601442279421e-02 4.706652212739441052e-03 -4.974956165373890793e-02 -1.025118978025148786e-01 2.020235534740200123e-01 -2.068744096321221138e-01 6.184326736445363432e-02 4.585201848947396963e-02 3.334291149467128457e-01 -2.395981066351765554e-01 -6.911611596514927180e-02 1.159449899256275243e-02 3.673113089722601643e-02
6.791331649734236309e-02 -2.793938657701477979e-02 4.151757845447251460e-02 -3.095987507268795069e-02 -4.205820458508791049e-02 3.938465271070663853e-02 -1.027091131951770597e-01 -1.237756085674608098e-01 2.168932433222148237e-02 5.016905919064917896e-02 1.023474722010636884e-01 3.930094886544976962e-02 4.150576388913204684e-02 -8.352282858719262126e-02
3.089098946975474616e-02 4.429443083430847916e-02 -3.198762784941691639e-02 -6.282636564809587765e-02 1.086426513689599666e-01 -2.124471297326366998e-02 -1.150270092696372287e-01 1.212354797750610919e-03 -2.250460509438272430e-02 -1.454138162603460169e-02 3.977084636874419349e-02 4.776931130215265192e-02 -2.567116074097103642e-02 1.408537861654768873e-02
6.107469173708968135e-03 5.527660346496326982e-02 -5.677007832717926444e-02 1.889715126321811489e-02 -8.800618890837610953e-02 -1.083585409985200476e-01 2.308722579252162760e-02 2.532314252295139040e-02 5.129973784016900878e-02 9.714184910911208282e-02 8.599207226593558184e-02 -5.445430438286234104e-02 -4.145477985436690077e-02 -2.121825940485914594e-02
-8.106556768698751358e-03 -2.989786303214116148e-02 6.683669851702365994e-02 -1.326008725450256165e-02 5.730889825770804635e-02 -1.258548844551102622e-02 6.186613687950546885e-03 -4.016908085977725917e-02 -8.502564246306845708e-02 -3.147820758888553953e-03 2.524824632547543329e-02 1.127803316277602511e-02 -1.590854225831274046e-02 3.410569144638307681e-02
-4.243944987828179166e-02 6.809716833194930097e-02 -1.099207532244657858e-02 2.227362050838030752e-02 7.290975145928736689e-02 2.704524051349915109e-02 -1.365491448186635925e-01 -1.267398823925344198e-01 2.736449834435399422e-03 -3.177509310726632508e-02 1.214421360546644457e-01 4.563900898077460910e-02 -3.088296629634955728e-02 1.209833568896796080e-02
-2.698776478018731755e-03 -6.836499532996900830e-02 8.106222394887103999e-02 4.737543606013742102e-03 8.244190409859192270e-02 -2.534854306805559010e-02 -1.031760579453060434e+00 -3.354985492800086067e-02 9.682394205469565529e-01 -5.931884264088033674e-03 5.496965131867955628e-02 -1.397450882938919003e-01 -1.386812578475351415e-02 1.226802036371416604e-01
1.034158016791321272e-01 -2.872397017466488123e-02 -1.327093445553421125e-01 3.855625836932066730e-02 2.690090419252832987e-04 -4.893729016682304978e-02 3.470618832382777602e-02 6.304034544611478164e-02 3.779460420742553062e-02 -2.815431801440776427e-02 -1.176840831530808762e-01 -4.120220296958049255e-03 4.257274097884317099e-03 7.115284475206257175e-02
-4.240353801378961285e-02 1.010497886942620382e-01 -2.390332513488535940e-02 1.524293125015414863e-02 4.327493745605391628e-02 -3.331700736914626482e-03 -2.408663921329984581e-01 6.078084613353320481e-02 -4.776607213165851712e-02 -5.260263564112223345e-02 1.763760113090281911e-01 -9.992359722552346391e-02 8.919990010840909977e-02 1.773594562186801143e-02
-1.783563331551755615e+00 -1.055954653388040620e+00 -5.387554919116164243e-01 3.663009261453374354e-01 -1.493857849889225486e-01 6.893431301922745003e-02 1.798114160097575187e+00 5.977557887229298372e-03 1.294271644630970441e-02 -2.015131989402153545e-01 1.168356746611888264e-01 2.578211515361518782e-02 3.016103281711829176e+00 -1.688955184785345676e+00
3.275669378920274821e-02 1.368284496488208005e-02 -3.971730056210974469e-02 3.402026617081270465e-02 1.309962478700416044e-02 2.391244280476222811e-03 -7.103061749264351354e-02 -1.303815444674479018e-02 -3.994829404296463410e-02 8.585519360122778609e-03 -3.875910125893325051e-03 7.616332977694426076e-02 -5.431592546173013430e-02 3.408977855905746812e-02
5.727381324181746169e-02 7.890775753025081052e-02 -1.369223849053590181e-01 -2.514679399085287148e+00 -4.331914504069848959e-02 -1.320701074795823105e-01 -1.709058423667171589e-02 -3.218379915484224918e-02 2.485320600914731504e+00 1.541505220547998434e-01 1.186762528461712263e-01 -5.142276647171431514e-02 -3.700303984389757828e-02 6.322537918669793311e-02
-1.241158338640493269e-03 3.444466340360115980e-02 1.107132909303588930e-02 2.019218116253228626e-02 1.365527038281103278e-01 -8.411964149676769420e-01 -5.059254662729762986e-01 4.940745337270259774e-01 3.450590072102303896e-02 8.451756103743930382e-01 -6.744240261495720867e-02 -8.398569222179000371e-02 -1.529878511544184583e-02 -6.806390322182266639e-02
-8.463769832132904403e-02 -4.603160202870350270e-02 5.062320768534083609e-02 -5.424206238650099154e-02 1.167812051395377970e-01 2.220499955575636758e-04 -3.577537676010668355e-02 1.168573683705499550e-01 -1.917578555851926977e-02 1.929455357777464311e-02 3.244079469045425823e-02 -3.378962316848582725e-02 -3.976611487016715185e-02 -2.993781680898631101e-02
1.026171503539918400e-01 -5.508664518029632307e-02 6.102856430985257458e-02 -1.083404259148376958e-01 9.972511721580534783e-03 -6.072381316095595838e-03 2.654495904181222721e-03 -1.023427721366552134e-01 -8.032868345393018306e-02 1.558967062000895798e-01 -1.169693021474016992e-01 2.922362016944999447e-02 5.480979389955420444e-02 4.580046714693306042e-02
-8.007369008038816433e-03 2.656855539649904951e-02 -9.972008900070650911e-03 1.363490520416718241e-02 1.673101119443985360e-02 -3.370202855492812621e-02 1.356727711882309631e-02 8.921870397856739021e-03 -2.753122341424500685e-02 -3.820668487754437515e-02 1.906456126385897357e-02 -4.361966430421659879e-02 1.601180699453969795e-03 5.381271734036099930e-02
-1.861601184411728477e-02 6.103347564134391223e-02 5.379503299353881850e-03 -1.235468300329456426e-02 -8.623436070506319828e-02 -1.060165310844348938e-02 -6.836531702145388911e-02 1.462842800076017968e-01 3.055937227464532169e-02 1.150976965086442441e-02 -2.155482428257722571e-02 -3.202540602971373773e-02 -1.019965108282820387e-01 8.984546550555236322e-02
2.858081617460040552e-02 -5.307993316425230895e-02 2.328616858901528044e-02 -9.236262471478306341e-03 1.448564476167076703e-02 -1.508192065290107520e+00 1.910157416745362005e-02 9.088265251443260195e-03 1.491807934709903805e+00 -1.494031468395597660e-02 -2.617199916327721601e-02 -3.170559909869797113e-04 3.908290291994174354e-02 -2.063257625355441327e-02
1.595508023250035573e-02 9.387439609544051544e-04 2.567226196935227384e-02 -1.028923694634032923e-02 -1.665021551336457947e-02 1.414869793032563251e-02 -3.334555051311066665e-02 5.487928222099553582e-03 -2.113632275014907386e-02 6.620427754795227965e-03 1.988120852912595576e-02 -2.710969756230639446e-02 7.531443268998584337e-03 5.158330973535324437e-03
-5.747036952728445947e-02 -2.410080443181361609e-03 -3.334005458252863041e-02 7.156228747481636898e-02 -5.330853322620558721e-02 8.486888720697083333e-03 -2.219067690757699912e-02 6.963018172976284670e-02 6.212711339440740721e-02 2.034961456830511328e-02 3.217577534422651903e-02 -7.929042326059873580e-02 -1.015263128586009200e-01 7.806768913017764211e-02
-3.460960600160356559e+00 -2.731780140825921036e-02 6.451338763242699115e-02 -2.849841684487533153e-02 -8.193434669935574510e-02 1.668958239715744030e-02 -5.171558072676164103e-02 3.539039399839652766e+00 -1.500717592083638391e-02 4.316229469223277493e-02 -8.834568714353757679e-03 3.616229864924480619e-02 -9.933472281622595518e-03 -2.250190089787760389e-02
3.294847533113352128e-02 4.980027170792899333e-02 -2.243847215739879289e-03 -1.942260721764639542e-02 -1.083646396456778432e-01 -8.274310338409784915e-02 -5.737990543568157603e-02 1.330995648324840019e-01 -8.648180098352706291e-02 -2.679498174992967635e-02 1.448673971834926466e-01 1.822245575264708761e-01 -8.956246801714298766e-02 -7.708381337565049785e-02
-2.258645340391501333e-01 -1.009847254532265926e-01 -2.565246263415336958e-02 -1.769717795792414422e-02 -1.094167014311125605e-02 -5.264784945931390292e-02 4.323287249111272823e-01 -2.176191530970929960e-02 4.394910430764902010e-02 3.969991051062060627e-01 2.507998552749870699e-02 2.209487520409491451e-02 -3.640751146136445016e-01 -1.079632458899265623e-01
2.724844287474338655e-02 -4.618782527966382515e-03 2.167304245732306137e-02 -7.256185742770375219e-04 -8.048800696197962179e-02 2.409576250457781330e-04 -2.213908225235889163e-02 4.333618519708262035e-02 1.093417145571619863e-02 1.863717566850144058e-02 -3.402643020939278423e-02 -1.236524034112649467e-02 3.884394271357875100e-02 -1.368765756847374962e-02
5.151513752367482823e-02 2.838824790777250313e-05 -1.180382401473619239e-02 3.055325812763622431e-02 2.221645915371347688e-02 -5.111730067422483315e-02 -4.032082943821744397e-02 -7.357431276529872999e-03 -2.215015001741472978e-02 -2.545639169091239162e-02 -1.276035922627823949e-01 -1.172827439259592659e-02 1.815251197420613138e-01 4.562530528836443791e-03
1.980368112001055364e-02 -1.683430668667817293e-02 -1.605946368480353978e-02 -9.226738153116944424e-03 -6.153257552648298823e-02 6.982886806456037321e-02 -9.937340683170845651e-03 -2.122029045388882165e-02 1.152967012766120507e-02 -3.908987927152694081e-02 1.302548795417969585e-01 6.474444238655618911e-02 -1.340006028960012974e-01 4.602755671500547915e-03
6.084259546551841480e-02 -1.043232352162033749e-02 -1.899001873582937053e-02 -1.162198658112389288e-02 -3.237652550872376772e-02 2.414920681193717666e-02 -1.620294329699007579e-02 -3.144626790218530560e-03 -3.641709775607099298e-04 -9.426791811733864490e-03 -1.872699891919615486e-02 1.282311193280560174e-02 5.746738905489365279e-03 1.058783258366245358e-02
1.050886144869217498e-01 -4.489827557989891499e-02 3.517675517367889471e-02 -8.224802342628387275e-04 -3.270723827258095739e-02 -4.118851542864734178e-02 -1.922699377894618311e-03 -8.781667008578565581e-02 -1.005192870497382679e-01 8.293602943442387326e-03 -2.474267241154981534e-02 5.628176126101816501e-02 1.601901353379308612e-01 -3.754993120621735736e-02
1.694266473251188412e-02 3.219136507838556843e-02 1.637888073372163467e-01 -1.033082596625981286e-01 -5.129809906896135724e-02 -1.705381710840460918e-01 -3.038480025798519918e-02 -3.536058948434162019e-02 1.027675626038774964e-01 5.154149029585930464e-02 -1.579384233111371522e-02 6.456049767545486706e-02 -8.786653740848061889e-02 5.562101113063756125e-02
-3.905627307395722215e-03 2.201947311366577939e-02 4.764581027056247892e-02 9.860820554562273882e-03 2.946897248936380595e-03 2.810437714056238448e-03 -9.004902300528286330e-02 -4.230381567599897710e-03 -5.869801583986086063e-02 2.963477817919796947e-03 1.135324870639533787e-02 -1.450930580775364881e-02 2.706796109597358474e-02 3.758732656223737201e-02
2.433585679968558804e-02 7.594951141674310957e-02 -5.447440191032765222e-02 2.645034065026069525e-02 -8.747468541185715596e-03 -7.910219158586193067e-02 -8.321887967958022103e-02 -4.958304925620612980e-02 5.154664706040251732e-02 -1.964149118201086175e-02 4.008361756685900612e-02 1.978920172711332026e-02 2.313739000797583600e-02 2.633801648254873243e-02
2.184046830709639175e-02 -1.967718052774335147e-02 -5.018522374184405943e-02 -9.167392013919538341e-02 1.331106117284674151e-01 8.069252888898773013e-03 -5.824240047568000206e-02 5.436242270606578275e-02 -7.858338128332800765e-02 1.402541689012512527e-01 -8.624562677558117452e-02 1.124573322835878686e-01 8.777152354040751447e-03 -1.014005766696200045e-01
-1.953207519144807502e+00 -4.736724873814112530e-02 -3.676737932245981166e-02 -2.884515650703651374e-02 5.309154661745865700e-02 2.007061089045957480e+00 -1.985603831495676763e+00 -4.672518722399172236e-03 -1.729009585096793339e-02 2.054128126866038961e+00 1.846410451639567823e-02 -9.092418682410280395e-02 -1.700322873667954246e-02 4.179939785283666442e-02
2.535851044161863133e-02 -3.030866434749125010e-02 -1.976875748459383741e+00 -7.371536514808706142e-02 -7.409421323306233931e-02 7.462786613739076647e-02 2.023124251540620033e+00 -7.820420845298227397e-02 6.504939977847934429e-02 1.481576188844062336e-01 -3.462189038077172903e-02 -8.482390396161514079e-02 -1.916622791900086595e-02 2.835567467629593677e-02
7.507463031395517072e-02 -1.001424629908087283e-01 3.243539924870823127e-02 1.363084484705637534e-01 -1.018825312665975515e-02 1.302116367053236107e-02 -3.925793244975561702e-02 -1.015670567462029439e+00 -1.292305937665365057e-01 -1.079635801503157910e-04 9.629990275432711577e-01 -2.331071381532946046e-02 7.352322004348259277e-02 1.740969745717281872e-02
2.968044563454508289e-03 -1.225650541915607183e-02 -1.962998490246045669e-02 3.494956273278014558e-02 1.587693418303394444e-02 2.506853860593061950e-02 -1.735921172538518187e-02 1.919327315071900353e-02 -4.922240767580306209e-02 -2.907161763980264935e-02 2.049993251223776458e-02 -8.061803527428890170e-02 3.289222272910127115e-02 4.957235371605522856e-02
1.398065760409117862e-02 -2.462860353610874312e-02 1.633998052870209647e-02 -3.854398333583255315e-02 3.112506095077283153e-02 -1.881547134455030523e-01 9.976593571190472964e-02 9.048010824689908804e-02 -8.230229342496689360e-02 1.100695818312599772e-02 2.268576395346728058e-01 -1.541886341435599328e-01 -2.849125349396557094e-02 1.961624017618432761e-02
1.158459121775974598e-02 1.249095588316378735e-01 -6.391823141266933517e-02 -1.791710856122238904e-02 -1.494493079431107319e-01 -4.920729728393635760e-03 -4.942732449145438578e-02 6.183346164282001872e-02 6.258692489941408699e-02 -1.085394000859657426e-02 1.371047521790097479e-02 1.231158300407528272e-02 1.417503765028029980e-02 -1.176189076202485695e-02
7.842528902680696856e-02 -1.705050045040155948e-02 2.215117678113484589e-03 -6.519947912325194106e-02 4.669649916154601510e-03 -3.398963781251593264e-02 -8.924431523459669391e-02 2.136003210686986814e-02 5.410533609838939079e-02 8.898064096756974628e-03 5.053595866559515426e-02 -4.982391901101503040e-02 8.797892711466769045e-02 -6.001742351515675089e-02
6.058615735191172358e-02 1.104126332408282909e-02 -6.478555737029934036e-02 -2.083931108029929424e-02 -2.229601176844146770e-02 3.428726895349183679e-02 -3.846116061285947268e-02 3.941260980729063834e-02 2.962953273871984233e-02 -5.578276546439263350e-02 1.296544358644554501e-02 -3.643140747035551741e-02 1.975207959342921080e-02 2.378495796769236614e-02
5.049721045863374280e-02 -3.201897781114546038e-02 -8.130330473862441842e-02 -5.249463041159816226e-03 2.304878807415758346e-02 4.704271154926960297e-02 -3.118133722836476801e-03 -8.003311960588775642e-02 -4.937425450666201865e-01 5.062574549333715979e-01 6.961974376661350661e-02 1.873196714648593664e-02 2.512162507210661741e-02 -5.199085745794832653e-02
7.069816490076034909e-04 4.128623607911080517e-02 -1.077773716514175695e-02 -3.573503718105133092e-03 -1.055436499557238852e-02 -3.207621300865648450e-02 8.258545121889726559e-04 -6.618163619274475273e-03 -1.093818189861800461e-02 4.802695836571206633e-02 -9.940764405909431334e-01 -6.169380356297588658e-02 1.005923559409059420e+00 2.640191810062482436e-02
1.051055446515648979e-02 2.258225926738605810e-02 2.510114193795582455e-02 -6.252845168691140154e-02 -3.708606942244265653e-02 1.241815515913454078e-02 -7.350558714846880393e-02 6.075409836049835977e-02 -2.472240032417377317e-02 6.294685046953363283e-02 2.680525429875176349e-02 4.204378874115131254e-02 -1.235496184116136736e-02 -6.010153271999370272e-02
2.345471990112709890e-02 1.337143197025090768e-01 1.152003418808448532e-01 -5.673491640020871495e-03 -4.307703174932678292e-01 2.084790089156721843e-02 5.154343552785666666e-02 -1.318119136748085174e-01 -2.676298140503107770e-01 9.254141520212708430e-03 5.045948337866428268e-01 -6.154828868605771025e-02 3.227590544493505464e-02 -5.886735548134350553e-04
-2.170661366321047780e-01 1.960713097015026052e-01 -5.507838687208042872e-02 2.871943004929981488e-02 -6.892865602939285408e-02 -3.953800467134044316e-02 7.053237703958104010e-02 -9.621303126708258269e-02 2.836656701585216905e-02 -5.046390536839562291e-02 -1.593092462204591941e-01 1.947229799758217195e-01 2.972936322354943206e-01 -1.362458294002795445e-01
4.133547295042142716e-02 1.598898686922534118e-02 -1.216978152452136055e-03 3.031484965836463499e-02 -2.401327003463603685e-02 -1.041094691744945538e-01 -2.167159581377740146e-02 7.309948628561784012e-02 5.408211453102909584e-04 -3.422464580810451185e-02 -9.107948469959772919e-02 5.384673350601877628e-02 3.361563034524361893e-02 2.043656247927669312e-02
2.107916023279499465e-02 3.029457325420823952e-02 -3.313352699919906719e-02 4.697518484254739612e-02 4.342746260541659187e-02 -2.013764426466151836e+00 -1.325309589646500863e-01 -4.498931055113822297e-02 4.669231792202892944e-02 1.986235573533849941e+00 -4.097268949379736375e-02 4.601688246849423847e-02 -8.200990693906090589e-03 4.573384786591830342e-02
-2.753197297357540263e-04 6.642340531874885157e-02 1.153338270720912495e-01 -1.089514248832972043e-01 8.037658629306168590e-02 -9.339422779797608432e-02 -1.109539532460576960e-01 4.592486176174448431e-02 -1.274151870195117109e-01 6.959450291030490343e-03 -2.984853070129016295e-02 6.743764138261643115e-02 3.390593682340321130e-02 4.734003399158862035e-02
-6.386077579809010252e-03 2.217798047401783879e-03 -9.468737963224820725e-03 3.170556824922710765e-02 1.157680567854772399e-02 -3.239479897924839313e-02 -3.495510391564391611e-02 5.109577186589987080e-02 -5.173938211308061474e-02 2.027025143831204940e-02 -1.987039084652395676e-03 2.552579659119630362e-02 4.181067405350544219e-02 -5.440842673201479185e-02
