-9.005562759381607663e+00 -7.882365738451421855e+00 -6.830815513080567669e+00 -5.514006422699318399e+00 -4.840845423766274358e+00 -3.340170972505589031e+00 -2.887225911338517470e+00 -1.430506895615927032e+00 -6.977992520329467929e-01 2.574049517744916860e-01 1.340103292357515352e+00 2.021407874661605764e+00 -4.929217795473768149e+00 3.835221306385724560e+00 4.883806376757735990e+00 5.665925070724731505e+00 6.638117621603962348e+00 7.601999637897075779e+00 8.680949613220034777e-02 9.187199588941414419e+00 2.246730422542111860e+00 3.062675087962875242e+00
-1.138797806938930179e+01 -9.652606568556850064e+00 -8.848857439675821723e+00 -7.605309141539795093e+00 -9.158612689450438271e-01 -1.351490424056668305e-01 3.949803790123503910e-01 1.783529608036352077e+00 -3.154497277626000962e+00 -2.106648780147890587e+00 -1.656146491095251472e+00 -1.070176901976605865e+00 3.189063008856516390e-01 1.434365124148547554e+00 2.287606550874420108e+00 2.847051674196283688e+00 4.091652831963138226e+00 5.214443646589479897e+00 5.307548498818595029e+00 6.799228552837744743e+00 7.251028103456822471e+00 8.271773753934365203e+00
-1.052483005957163442e+01 -9.522936107082783153e+00 -8.524206013842050567e+00 -7.523841196163148837e+00 -6.523691163821634831e+00 -5.524547235532233813e+00 -4.522724294526989652e+00 -3.525148370726538971e+00 -2.524247751994549205e+00 -1.522782304747513749e+00 -5.231205238537253166e-01 4.751629368825494026e-01 1.475712961093957887e+00 2.475832811133432898e+00 3.475557549433284876e+00 4.474487765268857942e+00 5.475963539020593629e+00 6.478088720278313062e+00 7.474388314919055532e+00 8.474200277165941486e+00 9.476697965101772425e+00 1.047486622496086106e+01
-1.052274505286060702e+01 -9.524820963428787479e+00 -8.524091372774417863e+00 -7.524452740834545850e+00 -6.523814479397106680e+00 -5.522521803663556383e+00 -4.524083072827634666e+00 -3.525116095827399931e+00 -2.524966905401511141e+00 -1.524527827785776779e+00 -5.231135585768811325e-01 4.756599417464144608e-01 1.476872702552501693e+00 2.475611885501560749e+00 3.475280953063194289e+00 4.475109358741461207e+00 5.475382586433115151e+00 6.477133234454809596e+00 7.475434762849038961e+00 8.475008150054634370e+00 9.477381197227657594e+00 1.047426314414900439e+01
-9.355106184827116422e+00 -7.846039649059939336e+00 -1.029423511915101841e+01 -6.657950489793384108e+00 -4.352591689620209259e+00 -3.724104422836620021e+00 -2.863205196788241924e+00 -2.674089571951719702e+00 -8.673013079652971413e-01 -1.110917829387839895e+00 -1.133694614900795927e-01 1.784772394439078091e+00 -1.929332568570619744e+00 2.362251809057019702e+00 3.857907563765905046e+00 4.576952237329359185e+00 5.180182459227133940e+00 5.986288923414043950e+00 3.828947779289887610e+00 7.958165343899335831e+00 9.346472258635282415e+00 6.375186765780561871e+00
-1.052603236958387356e+01 -9.522322338074440395e+00 -8.520632963627583933e+00 -7.523477625101826050e+00 -6.521980833262206900e+00 -5.526264529675259496e+00 -4.522758167237057592e+00 -3.520936530083432103e+00 -2.526340480893836116e+00 -1.523805689066659141e+00 -5.252040289342492230e-01 4.744375981390387409e-01 1.474648404866449880e+00 2.479042816907156777e+00 3.473373610526316213e+00 4.473436642438162636e+00 5.474696625024073171e+00 6.473577994853245698e+00 7.477086979895828378e+00 8.473401907831421553e+00 9.480443168431513357e+00 1.047449385002254552e+01
-8.176179738045565415e+00 -6.907353231514556491e+00 -6.599120867868658813e+00 -5.439145683758519922e+00 -5.068883029863063605e+00 -3.731752060744970567e+00 -2.861752774649415354e+00 -2.053815267803640321e+00 -1.165930785525368441e+00 -8.577630457050777757e-02 8.292112165885118236e-01 1.384938169316506817e+00 -4.388024427168272901e+00 3.653148588521290208e+00 4.613927074030021558e+00 5.432973124168777979e+00 5.983035631746449923e+00 -4.910073375191841283e-01 1.011050126519045467e+00 9.577091805492194965e+00 1.085708600276485747e+01 3.095163813279588005e+00
-1.052373787354339640e+01 -9.524135257710097946e+00 -8.524113047529347398e+00 -7.523505229164264563e+00 -6.525505352426646866e+00 -5.523821983147755077e+00 -4.524389240552061153e+00 -3.525581668723713591e+00 -2.524595562029967155e+00 -1.523235533047799350e+00 -5.231048573147205616e-01 4.765518273819537853e-01 1.476624545048583315e+00 2.477288749407634327e+00 3.475355204533441267e+00 4.475535881112918446e+00 5.475801755081519673e+00 6.477067832242351386e+00 7.475480299781668947e+00 8.474637907337051246e+00 9.474683221768247066e+00 1.047558242488990743e+01
-1.052281754057519692e+01 -9.525131914425976731e+00 -8.523154217411175182e+00 -7.525281469930321876e+00 -6.524290803481237688e+00 -5.524527374316365425e+00 -4.523792583156728497e+00 -3.525113973427915326e+00 -2.524876195598720230e+00 -1.521906960416929522e+00 -5.249498967420045403e-01 4.745872955430545659e-01 1.474781032990316376e+00 2.476926174353458521e+00 3.477972295473914954e+00 4.475674268196918604e+00 5.474540781568391523e+00 6.476145666431287751e+00 7.476710882376533363e+00 8.476647537540292987e+00 9.475071993063790998e+00 1.047566904533992016e+01
-8.481029579656119921e+00 -7.501635533838330261e+00 -6.467601150412928490e+00 -5.663543328228898943e+00 -5.392409303606012116e+00 -3.578659153437899754e+00 -4.140706278050414468e+00 -6.116401690434321914e+00 -1.790230425042738105e+00 -1.587268077565334057e+00 3.757540056937000439e-03 1.547580478346120891e+00 -1.813135936439750129e+00 2.578300575188715804e+00 -5.909527096579882954e-01 4.027590028800186239e+00 5.825731923997709671e+00 5.919835088227664244e+00 7.859754220277880066e+00 8.891295021121901954e+00 9.413758936150575352e+00 6.524853397598556981e+00
-1.052408785474566599e+01 -9.523616240444486181e+00 -8.524298691275433271e+00 -7.523833797397948331e+00 -6.524229028346844927e+00 -5.523634069683858172e+00 -4.524516985836342542e+00 -3.524037175896495455e+00 -2.523982451381989733e+00 -1.524038703265503614e+00 -5.241598348048537304e-01 4.756793667646999069e-01 1.475437781688844652e+00 2.475652485069904429e+00 3.476198649880563707e+00 4.475534460422670335e+00 5.475981487807906944e+00 6.475652231750169463e+00 7.475557907399812407e+00 8.476173221048984630e+00 9.475848450240773602e+00 1.047560283440081008e+01
-1.052400965480644146e+01 -9.526335785673422762e+00 -8.524988392875954446e+00 -7.521858299659070823e+00 -6.519878129051489779e+00 -5.523952374742789218e+00 -4.522249201820654818e+00 -3.525767619298274980e+00 -2.524246911094941481e+00 -1.525611753152174899e+00 -5.258564153178237888e-01 4.773112586276031521e-01 1.479432796551417795e+00 2.474023928357787838e+00 3.475016286088655093e+00 4.475376625968644717e+00 5.473984768106170407e+00 6.474056710912414303e+00 7.476329406215384665e+00 8.474566241218276730e+00 9.476517697288224795e+00 1.047702286155385742e+01
-1.052317973903637949e+01 -9.523852578618308584e+00 -8.523871160366320865e+00 -7.525049991228376811e+00 -6.522586926140563790e+00 -5.524329222061416189e+00 -4.525344795801421682e+00 -3.524475991048610979e+00 -2.523738122799176864e+00 -1.523391953923495024e+00 -5.243767269633128336e-01 4.754193655469087787e-01 1.474501193247050423e+00 2.476685085079877169e+00 3.475615643642157693e+00 4.475312710485662038e+00 5.475749277255742342e+00 6.476510436020101125e+00 7.476302415809843893e+00 8.475242131135672707e+00 9.476803221485821993e+00 1.047493977167388302e+01
-6.586652826402653815e+00 -1.024681985229621617e+01 -7.917603570403020541e+00 -7.380863065510721022e+00 -6.544174501960329238e+00 -5.944096394183071119e+00 -5.514621395260153047e-01 -4.934756777218574086e+00 -2.824558816329537869e+00 -1.960317596806535834e+00 2.944585176487317213e+00 3.382074834740837754e-02 5.254955926031189550e-01 5.830932422898537304e+00 2.374594204410582776e+00 3.333376068142975601e+00 3.997077911247700399e+00 5.044553154118327498e+00 5.907506620915775386e+00 7.666856196060649609e+00 7.555001586848129058e+00 9.146389901951662793e+00
-1.052323364330968758e+01 -9.524980685250318047e+00 -8.522021761672062823e+00 -7.524615658955157826e+00 -6.524229398505250188e+00 -5.525097942487770197e+00 -4.521477139131585332e+00 -3.522092870013297627e+00 -2.524388200180087694e+00 -1.525051875547939417e+00 -5.258073420687257027e-01 4.747912673787535454e-01 1.475068995221082702e+00 2.475005844099943175e+00 3.476206371052688482e+00 4.475791820748275640e+00 5.474610881371921423e+00 6.475242474539703252e+00 7.474178829653689959e+00 8.477625773711626067e+00 9.475150050087398412e+00 1.047820825265211653e+01
-7.680109539308034527e+00 -4.785583574555984931e+00 -3.744632644243741204e+00 -4.985471221640286110e+00 -6.814305472863812163e+00 -1.329208795023334666e+00 -6.706102368101851674e-01 -4.801247482357872798e+00 2.221882794903946579e+00 -7.129388850910929332e-01 7.806912851699687739e-02 -5.119091584958607832e+00 -3.549415709511826167e-01 2.238912404992916105e+00 3.966514900253957698e+00 4.591003988557568860e+00 1.196542971744940065e+00 2.935005014833361514e+00 4.855403679092907154e+00 7.397759039930325464e+00 2.765218727139352239e+00 8.220712401233365441e+00
-1.052449551563370278e+01 -9.523362118412141086e+00 -8.522140387107022264e+00 -7.523752797056337371e+00 -6.524807747114776291e+00 -5.524784866381756032e+00 -4.525009568441999974e+00 -3.523113865066664019e+00 -2.523441735316389156e+00 -1.523386049677020182e+00 -5.249722484837864300e-01 4.760059605945272665e-01 1.475124333392491494e+00 2.475750033151017604e+00 3.474157099019400619e+00 4.475400831889020381e+00 5.476620864461771987e+00 6.476128410886634157e+00 7.476697724651208077e+00 8.474978287111632369e+00 9.474503364752637324e+00 1.047678403217683929e+01
-4.252681097137274158e+00 -9.786010289911155624e+00 -2.152973489550037201e+00 -1.332178399856824846e+00 -6.506101378888367925e+00 -6.768466520178899160e+00 -5.302510160138316664e+00 -3.425878885621679082e+00 -2.810881921520372195e+00 -3.197955189973523460e+00 5.111869602990941175e+00 -7.183088567975555172e-01 4.982907408872533139e+00 1.312286840799252952e+00 1.666602034640829899e+00 2.812926880453987977e+00 3.858179694106946389e+00 4.294212713822147975e+00 2.969208655522844076e+00 6.464387058175356415e+00 6.028440868213765569e+00 6.221808475370897540e+00
-1.052518810602758492e+01 -9.524741972711959548e+00 -8.524916122582833822e+00 -7.523243750360904869e+00 -6.523325036195194215e+00 -5.523383582857526619e+00 -4.525843153623021919e+00 -3.521909261969026872e+00 -2.523720080879609640e+00 -1.521504397419370491e+00 -5.252105546268719394e-01 4.761345061388748690e-01 1.475638878616408078e+00 2.474725981327603463e+00 3.475211043926783816e+00 4.475180422040534012e+00 5.474707727405141000e+00 6.475246702405522470e+00 7.476655517789435379e+00 8.476005655798035221e+00 9.476837736639096121e+00 1.047552589056164862e+01
-9.451526658394111990e+00 -3.381498409091624247e+00 -2.855487613537047054e+00 -6.945358570626664729e+00 -7.323111130715095562e+00 -5.788938543149278360e+00 -4.865499181821341779e+00 2.279725767658450586e+00 8.620269534585776050e-01 -2.184249498554428293e+00 -1.148346247846784740e+00 -6.590848932088013701e-01 4.966741057058678521e+00 1.034550172729841844e+00 1.882345417753378713e+00 1.926806653867549235e+00 2.263922903521413232e+00 4.161948244251852280e+00 3.405248055722422507e+00 5.510071524613386451e+00 7.854999825925820467e+00 7.923598213779330379e+00
-1.041905253574525148e+01 -9.588356031091880283e+00 -8.676065422310420772e+00 -6.045955934055513126e+00 -6.592635605998982129e+00 -5.702450014148483959e+00 -3.362729260862233449e+00 -3.631225529546441511e+00 -2.622440549288161726e+00 -1.604419823439154458e+00 -6.711386064797237871e-01 2.585959729932792439e-01 1.390277697268885282e+00 2.270116842471030516e+00 3.261229980244757964e+00 4.239869983008362375e+00 4.939214036788822426e+00 6.310460319686116648e+00 7.094200051641276872e+00 9.596316039044243240e+00 9.139442970539494837e+00 9.885629462675488810e+00
-6.927444677855049804e+00 -7.586562950584954557e+00 -5.613613073947540499e+00 -5.379047403562266183e+00 -6.875104562492439619e+00 -2.362706625823262740e+00 -5.508623236572738335e+00 -1.940159686034341302e+00 -3.681554604205370840e+00 1.273094477856727691e-01 4.910048302001246423e-01 -3.476336004529386958e+00 3.572610168115879947e+00 3.013734069475000332e+00 3.670309866977689683e+00 5.145066065442830627e+00 2.653696152513029372e+00 3.283018788882587913e+00 7.194496027966176044e+00 2.302418250019695023e+00 9.446321710816253159e+00 7.920051490807933803e+00
-1.052346226200457835e+01 -9.525529745966185402e+00 -8.524636205285778701e+00 -7.523992892354741002e+00 -6.521117221564045607e+00 -5.522186163812868642e+00 -4.524811919778578329e+00 -3.524959940463306296e+00 -2.524847123771882806e+00 -1.522425550967440699e+00 -5.246644057333451627e-01 4.745860435068642857e-01 1.474710945039992893e+00 2.479141134768724442e+00 3.479276824742560947e+00 4.475197937339544296e+00 5.474966038018468595e+00 6.475643489509822714e+00 7.473746422678239298e+00 8.473999265581372953e+00 9.475759457796812057e+00 1.047448991611600100e+01
-5.308016246760535850e+00 -8.715835007780277977e+00 -5.966189163358517789e+00 -6.654876551199396140e+00 -6.050065980163973123e+00 -3.153704497267708184e+00 -4.315359923300762901e+00 -2.568557644002678053e-01 -2.290879107086355226e+00 -1.387577468708898421e+00 5.777732837814355094e+00 -2.054704360795077456e+00 -1.729154852614879001e+00 3.418695839120621915e+00 3.350154095186652192e+00 2.989402263691891992e+00 7.209970753569549196e+00 4.160671497687604692e+00 4.566504549838431792e+00 4.628665992923990835e+00 4.914187404288126615e+00 6.336117732710935258e+00
-4.909867909514973761e+00 -9.418140621072398133e+00 -9.979791333617120674e-01 -4.899057903606424347e+00 -5.294055128993734982e+00 -2.261236719033132836e+00 -2.035342282084698695e+00 -4.378848118618029694e+00 -4.171520448167161943e-01 -1.229522860775219328e+00 2.445946693751809509e+00 -1.033608556154223868e+00 -5.938805952862836746e-01 -2.370390033699473431e+00 1.649753251405807086e+00 6.825024557321222041e-01 5.667992778047233671e+00 5.320240103187001246e+00 3.720002846525437334e+00 3.141586100219734945e+00 1.137174420388866025e+01 5.308197517654734909e+00
-8.697874392202111338e+00 -8.128266170305799676e+00 -7.418240083739147117e+00 -6.826091859483047308e+00 -6.247542651791023083e+00 -4.572796532283124549e+00 -3.297329936783177207e+00 -5.986394994727218588e+00 -2.157442655524571151e+00 -2.515324211341317118e-01 3.011841594836145997e-01 -2.470940579686838667e+00 2.301853375921557365e+00 3.733437805967854128e+00 4.448849697786578794e+00 5.027094278594149479e+00 2.036391281096853856e+00 6.173774265457070420e+00 7.136235831701563725e+00 4.747499484148270277e+00 9.489063085932595953e+00 1.012795305496560161e+01
-1.052383224970918718e+01 -9.524406316944139306e+00 -8.523220989175817053e+00 -7.524566690691505855e+00 -6.523006650873197643e+00 -5.525663229890836803e+00 -4.523730593987485449e+00 -3.523249316283257215e+00 -2.524622175165188054e+00 -1.524329806932000153e+00 -5.244270742616965464e-01 4.767103090204880544e-01 1.474100705913512499e+00 2.475180995396582873e+00 3.478300695053544445e+00 4.475149404934848363e+00 5.475649852982968468e+00 6.475720253519025249e+00 7.475504305891012891e+00 8.475708489052266259e+00 9.476067770949812896e+00 1.047584635459562641e+01
-1.052446546845811781e+01 -9.520636913112598521e+00 -8.520539683035806888e+00 -7.525557634166691656e+00 -6.523650240830377811e+00 -5.525326040319416876e+00 -4.526116934350934429e+00 -3.525606912306768592e+00 -2.520009887150724381e+00 -1.525368106297467108e+00 -5.224615603008029296e-01 4.754308641634210630e-01 1.473914730616591839e+00 2.477046611972831158e+00 3.473409983583474414e+00 4.475819382139230029e+00 5.474195364185359125e+00 6.475046756931330805e+00 7.475196781822237568e+00 8.476078811355613141e+00 9.477899584241885833e+00 1.047458455271341826e+01
-1.052410259876733534e+01 -9.524404093961804207e+00 -8.524147197942825827e+00 -7.524039596657862816e+00 -6.523361906747902950e+00 -5.524881556968791685e+00 -4.524673983793361387e+00 -3.522981919686900554e+00 -2.522244334559527346e+00 -1.525216192345711264e+00 -5.240260887552299351e-01 4.742483046244547751e-01 1.475041426379581466e+00 2.477531224150551381e+00 3.475323795933620730e+00 4.474544629115957406e+00 5.475773960013288644e+00 6.476090348918333461e+00 7.475445449013610855e+00 8.476387142796413698e+00 9.476895056326283040e+00 1.047568217631090981e+01
-1.052553805302493828e+01 -9.525207038630139067e+00 -8.521046783436423411e+00 -7.524952698160314313e+00 -6.524321201850060703e+00 -5.524244505573394193e+00 -4.525746274400839653e+00 -3.524107131768374757e+00 -2.525676402855998148e+00 -1.524348441172739044e+00 -5.255188081752244500e-01 4.759124334562834235e-01 1.478271168063979957e+00 2.477825593541959748e+00 3.475266922603944764e+00 4.475963820110655078e+00 5.477899726818899140e+00 6.475131940435270295e+00 7.478243824433192799e+00 8.474968623708585724e+00 9.475475039671755084e+00 1.047463228959927584e+01
-1.052413608099920594e+01 -9.523520744998327459e+00 -8.520669258792278100e+00 -7.524671248752969888e+00 -6.521431095559467650e+00 -5.524720191616889764e+00 -4.521067402918230727e+00 -3.525068245489487495e+00 -2.525916687805523253e+00 -1.523425973613132811e+00 -5.258017402480863467e-01 4.791618514467419487e-01 1.474792026322006677e+00 2.474347904663199316e+00 3.478537768464205371e+00 4.474190280180092572e+00 5.474592015485880481e+00 6.476012401621456860e+00 7.474950060587046252e+00 8.474238656799908398e+00 9.474521302025435077e+00 1.047396844659340509e+01
-6.380509685315320922e+00 -4.416054316236643018e+00 -2.987623395468756993e+00 -1.605115713372409658e+00 -2.792136753710703356e+00 -6.005554910019968773e+00 -2.722133502151526940e+00 -3.474241431666637236e+00 -4.380676395658824163e+00 -1.024830352734387162e+00 1.981675213086551146e-01 1.281924713472717858e+00 7.419770712217088615e-01 -2.298507886388523325e-02 5.049806072735747442e-01 2.914588172894398532e+00 1.512766036096687028e+00 2.763581840463853467e-01 5.866520594355027818e+00 9.433627085694654468e+00 9.071970042646738008e+00 3.477865549584052474e+00
-8.746351443873955134e+00 -8.410332587269468974e+00 -3.632604208938513324e+00 -7.118892663842361301e+00 -8.995342410635084107e+00 -3.152061805910050918e+00 -4.214570064510126279e+00 -3.588619651326787174e+00 -1.625951340169754511e+00 -1.678292058221049876e+00 -8.479470920219027708e-01 5.901777488072098427e-02 1.806086005950410023e+00 6.506985919661696371e+00 2.950019132480209638e+00 3.811176325569950230e+00 4.984191804350113664e+00 5.554629104430764741e+00 3.723891564355523265e+00 8.057010987881204400e+00 5.051785911853621691e+00 8.975054838700357251e+00
-9.509493748958846027e+00 -8.744265074963328388e+00 -6.751829268136560813e+00 -6.990282784466667287e+00 -8.834695291215203028e+00 -4.953312480242367144e+00 -3.800797916093096696e+00 -3.009870496090997438e+00 -2.050444625653460751e+00 1.746323332236432435e-02 -2.787804344635855358e+00 2.162823976586579988e+00 1.954104037002385219e+00 2.529817095830693585e+00 3.829585562925605036e+00 5.751009851343424906e+00 5.174937155349544682e+00 6.080914420819771848e+00 7.552612239681232076e+00 5.474238243018628935e+00 8.920777058980684515e+00 7.453397198990995065e+00
-1.052549991384145045e+01 -9.526068765670046901e+00 -8.521997425705185591e+00 -7.525988776236783195e+00 -6.525289434939605115e+00 -5.521277982741590762e+00 -4.521627757698301053e+00 -3.525109294801959336e+00 -2.521338824182731031e+00 -1.525574091821905398e+00 -5.252398289740050075e-01 4.739925079047697665e-01 1.476597946137191641e+00 2.476822998374700546e+00 3.475062917917970395e+00 4.473930593580011106e+00 5.478732716292144644e+00 6.479806777089837766e+00 7.474127378314738834e+00 8.473779734224086368e+00 9.477427419275050724e+00 1.047361515089869677e+01
-1.052511476488271569e+01 -9.525108200921247104e+00 -8.524688777937118545e+00 -7.524803375317304699e+00 -6.524000269784158590e+00 -5.523431328548632280e+00 -4.523610813035212175e+00 -3.523813386871061937e+00 -2.522527863694836725e+00 -1.524791826917354598e+00 -5.246662101284975677e-01 4.766285592182146758e-01 1.477600412951280973e+00 2.477347212420269784e+00 3.474999564276506803e+00 4.474833654747774503e+00 5.475039946423340353e+00 6.475862296806147000e+00 7.476214083419613132e+00 8.475536512718964133e+00 9.475494044409554562e+00 1.047588457404212647e+01
-1.052481944723555074e+01 -9.523663355545540554e+00 -8.523793092505478342e+00 -7.524223713712258288e+00 -6.523996739224935837e+00 -5.524502439932374998e+00 -4.522531895474932284e+00 -3.524305789308105119e+00 -2.522014571861770804e+00 -1.525251685218359299e+00 -5.237576798959100444e-01 4.754664911465305011e-01 1.474760660393680922e+00 2.475266666574919228e+00 3.476497033102956991e+00 4.476535217328516225e+00 5.476409876211132399e+00 6.475490183992825166e+00 7.475743235512229745e+00 8.476021946831194143e+00 9.474697546525442604e+00 1.047485559569164693e+01
-1.052420158345587708e+01 -9.523423631082868823e+00 -8.526751470159391388e+00 -7.523690309714195834e+00 -6.523108546029421362e+00 -5.522759672592988167e+00 -4.524080831896162280e+00 -3.523795795034279976e+00 -2.527513604949808368e+00 -1.523374077271325788e+00 -5.230702500451673842e-01 4.763168800960873028e-01 1.477153475988997045e+00 2.471755753863940086e+00 3.476305734027516081e+00 4.477378207851542058e+00 5.476538534868849339e+00 6.476805481721052971e+00 7.477114405144346776e+00 8.472486953843725743e+00 9.475866671312942913e+00 1.047693171690811020e+01
-1.052571974356068552e+01 -9.524894137274140249e+00 -8.521486733447426687e+00 -7.524693269621266722e+00 -6.524933819066390583e+00 -5.524272930215708755e+00 -4.520616170357577346e+00 -3.521603118966938339e+00 -2.524963330816133222e+00 -1.524774294685226295e+00 -5.255513902414978844e-01 4.743729267607985634e-01 1.474467355419282200e+00 2.475391212512134231e+00 3.477890628982668986e+00 4.476165394891385318e+00 5.474531527269967057e+00 6.475911538709286930e+00 7.475253197957165696e+00 8.475325856019145121e+00 9.477660853077054526e+00 1.047542249004948367e+01
-1.052435856583439744e+01 -9.528123225000756591e+00 -8.523946757343667358e+00 -7.520591857758445187e+00 -6.520824099806203478e+00 -5.528490858999154156e+00 -4.523402864960095471e+00 -3.524504418400201899e+00 -2.524221817878144591e+00 -1.525658520785237116e+00 -5.240964693101926031e-01 4.798321324315981684e-01 1.475829620930284136e+00 2.476041932674974078e+00 3.472189460965724450e+00 4.476017122241588098e+00 5.475946781310172540e+00 6.476385501298040026e+00 7.475739752027131146e+00 8.476108876141639215e+00 9.474502530964944214e+00 1.047850978848609493e+01
-1.052401471442798453e+01 -9.524819667705079596e+00 -8.523619178005239050e+00 -7.522142919965785879e+00 -6.523967321284789733e+00 -5.525056447156449835e+00 -4.523394610055474274e+00 -3.525575856932194441e+00 -2.524333725937379924e+00 -1.523502613671796624e+00 -5.243851423940935064e-01 4.756510599770287229e-01 1.475272004238583179e+00 2.476151075891465325e+00 3.475989495150059838e+00 4.476955708793614264e+00 5.476543982259247656e+00 6.475372251800509460e+00 7.475388218394732220e+00 8.474766705862494476e+00 9.475517858497116919e+00 1.047608788006684399e+01
-6.867448599528513498e+00 -5.316203013254488852e+00 -2.863208903195559429e+00 -3.099865630512788073e-03 -9.665239955139051098e-01 -7.363376530447491852e-01 2.352721342645430980e+00 -9.422073112617526114e-01 -2.289749082517690049e+00 -1.650860167434989645e+00 -1.177882111689920741e+00 8.563711878841723246e-01 4.278665243486336145e+00 4.450421218995335160e-01 2.927268492605387795e+00 -2.014847797528134699e+00 -9.862423063769565346e-02 5.080261854028900181e-01 -1.413186440382657949e+00 6.800281667337097602e+00 5.000643300133019054e+00 2.640043673622221476e+00
-3.299872465821033440e+00 -5.725424733312308945e+00 -5.274237804910113958e+00 -5.755229845783071951e+00 3.639181240130011652e-01 1.207417549684617786e+00 -6.330264709710449189e+00 -3.352793814792732974e+00 -1.523009536918589424e+00 1.076912539366482680e+00 1.355259508284413883e+00 3.573349929603236719e-01 -8.288246551402478346e-02 -7.173439151390218482e-01 4.870011223148593693e+00 2.511046632657935707e+00 5.167369535712071915e+00 3.759775615389388648e+00 3.852964103356552261e+00 8.069188939340475875e-01 4.621132513033423095e+00 1.579882103756013789e+00
-8.715914293642661903e+00 -7.441225652049991979e+00 -7.472499387192287124e+00 -6.184688020361446270e+00 -5.370917100280986567e+00 -3.911858947319166724e+00 -3.279059028600508796e+00 -2.144989660196374270e+00 -1.239146728401750552e+00 -6.174070754297345864e+00 2.291168933684108455e-01 1.330544626963285237e+00 2.493818735233090056e+00 3.323327450859519860e+00 -1.200464699362129295e+00 5.507051283436164901e+00 6.201818992568824740e+00 7.516091005989967933e+00 2.072642654334636791e+00 8.736745872401517232e+00 9.882047858242053451e+00 5.310512941702701717e+00
-6.207459855530983894e+00 -4.992340161502077933e+00 -3.695971623842687404e+00 -3.871932467856136206e+00 -3.751559708530682435e+00 -1.217786519551888436e+00 -5.502887700392649073e-01 6.800492748152260347e-01 1.958989344666440591e+00 -4.550357084093203941e-02 -3.307135048420353662e+00 -5.116886445922151694e+00 -1.815744475062053276e+00 7.631848309309985368e-02 6.055341211501168885e+00 4.390519149846628721e+00 -3.590188787831643857e+00 1.020676396412592890e+00 4.064371470654018381e+00 4.125630643853028801e+00 9.690186527967046715e+00 5.569598975517109807e+00
-1.179880440132183317e+01 -2.596043561474787431e+00 -1.622872116076035098e+00 -6.847486018235712457e+00 -5.261633096575698332e+00 -7.219493313907985765e+00 -5.696016415511580000e-01 -2.014532649247662288e+00 -2.257460301091774202e+00 2.064525796110834754e+00 -2.084378236387823158e+00 8.449996763289310264e-01 -5.158984105899333539e-02 8.526742367300903513e-01 5.907128872942299935e+00 2.959562979915018044e+00 2.801090610421320903e+00 3.732097742065037416e+00 5.897344738261002028e+00 4.434521057751592110e+00 6.041766553332383438e+00 6.257066956466480256e+00
-6.108958544173302307e+00 -4.930314877352815373e+00 -9.223862667293303730e+00 -7.044831262828656016e+00 -7.247596235926441643e+00 -5.502514325992543753e+00 -4.402494590053965595e+00 -3.517860393320820567e+00 -3.112205245325570857e+00 -2.735395996244054828e+00 3.691382116984994077e+00 -2.525790014066924827e-01 9.949128822357509172e-01 1.093712932674202332e+00 1.720827038284020727e+00 3.067662849669292591e+00 8.718254971805844633e+00 4.706691677803664042e+00 6.055014056478793094e+00 6.975098791918480146e+00 7.674406198244537514e+00 8.849533667214101840e+00
-7.523576626996200112e+00 -7.683599919864110284e+00 -7.625488641731382522e+00 -2.291811571640210321e+00 -4.559503499225064260e+00 -5.534446759826577633e+00 -2.084082493249428403e+00 -2.051619430985204939e+00 -2.462800993647513259e+00 -1.281097515776685958e+00 -2.859063637762032650e-01 -5.211393244651975287e+00 1.839549632195142337e+00 5.772821297853500511e+00 3.929378486213571442e+00 1.409113654250013337e+00 6.740394137421089837e+00 5.339744218132484121e+00 7.181823613716169064e+00 7.106523650443161699e+00 3.807602651828237761e+00 4.937259762712699285e+00
-3.799490282726436075e+00 -6.587069042377359906e+00 -3.459534930535028252e+00 -1.990888670644828551e+00 -1.130863994191086741e+00 -2.927707936194870797e+00 -3.128045138805789271e+00 -9.421585302944081031e-01 -5.356554685408395855e+00 6.027475021604757899e+00 -4.381986673230962026e-01 -1.899420351186422939e+00 -1.538872841631048649e+00 9.307933107901986691e-01 -2.370993500588714831e+00 3.502262615131630952e+00 9.585189798304030173e-01 2.802347465805179461e+00 6.134328254783165235e+00 3.134313630156883690e+00 8.440782314732514280e+00 3.107861022468277667e+00
-1.046751966997044470e+01 -9.571785503101025938e+00 -8.684713700179161222e+00 -7.541829709494803247e+00 -6.483652610053011855e+00 -5.711176095565594579e+00 -4.628780879709186280e+00 -3.627341596688382186e+00 -1.155137690733490929e+00 -3.322723147644647823e-01 -9.188652251093252232e-01 1.646247947759154284e+00 1.303407053755272660e+00 2.186737804748231095e+00 3.243993745887015390e+00 4.194129844104835136e+00 5.172608105167365800e+00 6.315298908914253495e+00 7.126663150520187173e+00 8.198051889816150961e+00 9.068234446378527380e+00 1.013658614171340311e+01
