1.237069193242752996e-01 8.587901310804377242e-02 4.886153950096010223e-02 -8.166506375082815961e-03 -1.834938800580551699e-02 -3.791816597547820189e-03 -3.644659740311454454e-01 -2.043384180212636902e+00 -1.043384180212652446e+00 -4.338418021263500818e-02 9.566158197873543267e-01 1.956615819787355104e+00 2.675491261099809392e-01 7.514985881742525242e-02
9.877946592117787389e-03 -3.644589216495919964e-02 -7.913132447064265620e-03 1.578767763874702659e-03 1.094817573234008537e-03 2.444375447168809293e-02 -2.496122642757083732e+00 -1.496122642757072851e+00 -4.961226427570864517e-01 5.038773572429188219e-01 1.503877357242925150e+00 2.503877357242930035e+00 -2.170225407964551483e-03 -2.427830905056851257e-02
-1.393165429001523223e-02 -2.575461294840143689e-02 -4.237167500131026887e-03 -6.040874705782615841e-04 5.567032919258098865e-04 2.386943838417559041e-02 -2.496726651320245072e+00 -1.496726651320255730e+00 -4.967266513202616141e-01 5.032733486797368316e-01 1.503273348679740051e+00 2.503273348679747379e+00 -5.960043552814030601e-04 -9.490836402266488239e-03
-2.805303127811853425e-02 -1.391201018351151397e-02 -4.629692820190167701e-02 5.074359137176949475e-02 1.324051568762035780e-02 -3.230985207774716983e-02 -2.788499074874724926e+00 -1.790495534544614076e+00 -7.904955345446108561e-01 2.115009251252781275e-01 2.595794750508795712e+00 8.252110402752623752e-01 1.825211040275268148e+00 -4.218802675087596210e-02
-2.277640416201982099e+00 -1.741480981371340997e+00 -3.369214080142203804e-01 -4.873376582123261636e-01 -2.319777129607468458e-02 -3.507833933434022222e-02 -1.871396915878017264e+00 -1.119375304301148732e+00 -1.193753043011558240e-01 1.128603084121978739e+00 2.128603084121979627e+00 1.391496809989196892e+00 5.617730987998573511e+00 -2.265177996533234150e+00
-2.259436335832772924e-01 3.659282454507600812e-02 3.198506924495343046e-02 -7.103299164070525640e-02 -1.778930785508237022e-02 -1.752889301512092213e-02 -2.919124395907221281e+00 -8.710775054414719998e-01 1.289224945585327464e-01 1.128922494558527667e+00 1.080875604092778719e+00 2.080875604092777387e+00 -1.394829067449593341e-01 -2.367425861169186740e-01
-2.162012599284297565e+00 -8.591287672422123212e-01 -8.655397830535618287e-01 -3.129067970220141687e-02 -2.886973605879524993e-02 7.514845990818444510e-02 -2.252079499108197158e+00 -1.019104494144554174e+00 -2.520794991081870551e-01 7.479205008918108355e-01 1.980895505855443606e+00 1.514506809002726939e+00 5.214309295594527605e+00 -2.073223642762797692e+00
-4.598412828834742561e-01 -2.802848868200080723e-01 -7.702580127915187314e-02 9.756564494921241004e-02 -1.371579815053628471e-01 -1.286996756977118461e-01 -2.289231872489045916e+00 -1.289231872489040809e+00 1.577084919712807842e-01 1.157708491971282561e+00 1.710768127510951420e+00 2.710768127510952752e+00 -8.402006341431952352e-01 -3.433930058188008894e-01
-2.037480263898062027e+00 -1.670547130298585259e+00 -4.299595050774303040e-01 -7.111344690880472275e-01 -2.009134572587225609e-01 -3.950060354662732198e-02 -8.981515720569627215e-01 1.018484279430480755e-01 -7.416203095597285744e-01 2.583796904402759220e-01 1.258379690440273313e+00 1.537972459501497635e+00 5.822255241603137677e+00 -2.260076328356177555e+00
-6.029896141637192120e-02 -7.381085145910540324e-02 -3.700186664593350244e-03 5.817892885726580476e-04 -3.414242768075180338e-03 2.060317294243072320e-02 1.008000110868025184e-01 -1.963120314551419110e+00 -9.631203145514128927e-01 3.687968544858818282e-02 1.036879685448590438e+00 2.036879685448582222e+00 -1.066727168308442275e-01 -6.903457063385619319e-02
9.083689904559620609e-03 -3.173787106110437239e-02 1.463873665379197657e-02 2.935797278182050718e-03 1.385000522439354745e-03 2.447461436737486187e-02 -2.130129371280400363e+00 -1.130129371280402140e+00 -2.180945395017633182e+00 8.698706287195951958e-01 -1.809453950176377335e-01 2.362511636792685277e+00 2.326413341736734530e+00 3.202582846970423308e-02
-2.277760667613468293e+00 -1.756004827114420630e+00 -2.482785544516943887e-01 -2.636342629156519513e-01 -1.978021703408023857e-01 3.859732264847204330e-03 -2.078750979890396255e+00 -1.078750979890389372e+00 8.485770989516724927e-02 1.084857709895161060e+00 1.921249020109600858e+00 1.389194380864465561e+00 5.616912320566067152e+00 -2.210496560590595738e+00
-1.330863495996674195e-01 -1.140964238543877157e-01 -4.070608723617099439e-02 -1.044342255028464506e-02 -1.365519171654458463e-02 2.504821774930390127e-02 -2.718150803872758203e+00 2.882412296367107274e-01 -7.181508038727469900e-01 2.818491961272446278e-01 1.281849196127243129e+00 2.281849196127241353e+00 -2.646173616408354912e-01 -1.564787206364591232e-01
-2.164224629471933170e+00 -2.215766804800661571e+00 -1.699779111442753510e-01 -6.141087792061488554e-02 -1.040973031768825802e-01 -1.218005747766410657e-01 -1.008634629481196088e+00 -8.634629481194209047e-03 9.913653705188193443e-01 1.991365370518805022e+00 -3.525190928231984322e-01 5.370554557254889616e-01 5.101792040073661383e+00 -2.425059912972288956e+00
-1.698069180278136692e+00 -6.362553570830620231e-02 -4.372000009952106692e-02 -6.106662278030682706e-02 -6.552447319442883389e-02 -4.548897434433464559e-02 -1.826308479502910753e+00 1.798056280931160211e+00 -1.262773285174402016e+00 -2.627732851744069564e-01 7.372267148255909897e-01 1.737226714825597096e+00 2.737226714825585994e+00 -1.690934718363291678e+00
-4.872728573796244467e-01 -1.724847281567081780e-01 -2.059506681715628229e-01 -3.980730368333046387e-02 -4.750007207791562269e-02 -3.066328211062602227e-02 -2.189764788513604898e+00 -1.054314262282921355e+00 -5.431426228291311858e-02 8.102352114864005417e-01 1.945685737717078201e+00 2.810235211486394657e+00 -7.867825635152504438e-01 -5.078495017275269641e-01
-5.705510735770672470e-01 -4.174303664103233835e-01 -1.253099238325383336e-01 -1.299536149080438296e-01 -5.822939524371445463e-02 1.036838125279756218e-01 -2.081815713342302310e+00 -9.714994083620831500e-01 -8.181571334229958969e-02 9.181842866576892526e-01 2.028500591637909967e+00 2.918184286657703908e+00 -1.010011475372921019e+00 -5.324844223020970269e-01
-4.854597059993131514e-01 -2.408193040124506079e-01 -1.267119462639761385e-01 -6.011490846752534645e-02 -2.140407849000296181e-02 1.020370933359855681e-02 -1.722915150172039223e+00 -7.229151501720316730e-01 2.770848498279668282e-01 1.277084849827966329e+00 2.277084849827966995e+00 1.025340551228665298e+00 -9.679842350495830861e-01 -5.290224606313528311e-01
7.423376632317235657e-03 -6.425275405213473623e-02 4.492244950314657620e-02 1.326450137146774691e-02 -5.297998366569520168e-02 3.980431409356546824e-02 -1.806555405362212818e+00 -8.065554053622110420e-01 -1.799593762815420384e+00 -7.995937628154199395e-01 2.585404473288777538e+00 8.084473534012054374e-01 1.808447353401211988e+00 1.126912316929144092e-02
-6.220594448700389467e-01 -1.259162048673511114e-01 -1.330656209556506930e-01 -7.288924778165131735e-02 -1.052729782579552298e-01 3.542875092038141882e-02 -1.524918941169185693e+00 -5.249189411691794760e-01 4.750810588308227445e-01 -1.778240870662503581e-01 2.475081058830823633e+00 1.822175912933744701e+00 -9.031906622608218971e-01 -6.282587823297992591e-01
-3.218436899197449352e-01 -2.163933012093648689e-01 -1.728829919272894533e-01 -2.233356305489992560e-02 -1.166449266790035681e-02 3.435689228991428701e-03 5.478704788563655281e-01 -1.787414788216205919e+00 -7.874147882162033651e-01 2.125852117837910560e-01 1.212585211783791417e+00 2.212585211783788530e+00 -5.545576444280344575e-01 -3.251046730091958215e-01
-3.028226622556798864e-01 -4.579012189757560858e-01 -6.139787046101710666e-02 -1.440802837282984528e-01 -1.006261606718325541e-01 -3.380660533657731115e-02 -2.679188851679541017e+00 -5.291157816776963507e-01 4.708842183223090894e-01 1.470884218322306536e+00 1.320811148320461870e+00 2.320811148320459871e+00 -8.377663938518056241e-01 -4.472330338594434629e-01
-6.350352420131011311e-02 -5.190045448842472986e-02 -4.300632154577380128e-02 1.085594178524568465e-01 9.365276513372629286e-02 -1.203419124368994009e-01 -9.853929064588988762e-01 -2.227694666246966992e+00 1.014607093541094684e+00 -2.276946662469696292e-01 7.723053337530331186e-01 1.772305333753043222e+00 -6.724185505635649207e-02 1.479823343613473341e-02
-2.241781021081809211e+00 -2.274151410361408665e+00 -9.974060808611814530e-03 6.629552645320811038e-03 -1.184297910774662239e-03 1.514939722518048905e-02 -1.668825583680638491e+00 -6.688255836806408228e-01 -9.452133387080322580e-01 1.331174416319355513e+00 2.331174416319354403e+00 9.448553735339197956e-01 5.441105341007868468e+00 -2.270681330031194101e+00
-3.977512426919860289e-02 -7.023527381593752672e-02 -1.093029874470166501e-01 -1.054927228957086571e-01 2.194635342655771593e-01 -1.523998426627336533e-01 -2.469570746435985065e+00 -2.301401096888505027e+00 -4.695707464359772931e-01 5.304292535640149353e-01 2.429280345578907152e+00 7.997480040569028281e-01 1.799748004056908490e+00 -7.146872988335950527e-02
-3.867774810696240212e-03 -3.352982416889435657e-02 -1.793445836274069893e-02 4.820422112526775993e-02 5.646826967068542188e-03 -2.631793385498159416e-02 -2.285744354422077684e+00 -1.642266640777416686e+00 -6.422666407774201280e-01 2.299707482454155905e+00 -2.277184713038952202e-01 7.722815286961035586e-01 1.772281528696108444e+00 -2.902361867269237505e-02
8.694221248461149465e-03 -2.714536355737613704e-02 1.288762735279122551e-02 2.996302784804611222e-03 -4.979262863743346736e-03 2.056880206347659959e-03 -2.851515396010627423e+00 -2.380526372790104706e+00 -8.515153960106123243e-01 1.484846039893776282e-01 1.148484603989381014e+00 2.384955887876700320e+00 2.383002174851649890e+00 1.357135972083973324e-02
1.302387327943133055e-03 -6.736071744713571785e-02 1.069660367380179111e-02 7.466774670279729964e-05 -2.760126885204633451e-03 1.872758657181407965e-02 -2.787905346897549208e+00 -1.794300092532905788e+00 -7.943000925328960182e-01 2.120946531024556214e-01 2.598736338945090374e+00 8.190579537055392434e-01 1.819057953705540465e+00 -4.366989769530710275e-02
-2.317930547818971565e+00 -2.343066794978689860e+00 1.226426946535215529e-01 -6.082146863593783370e-02 -4.798046731388581204e-02 1.876549098779105480e-03 -1.041044127138648800e+00 -4.104412713864328405e-02 9.589558728613635230e-01 1.958955872861364078e+00 -4.496720785785546792e-01 4.496121530382532483e-01 5.059671907235944843e+00 -2.260703567358006705e+00
-1.404453090967063694e-03 -2.992411487577096088e-02 -2.125297427101189088e-02 1.273200523844535137e-02 -3.645396081124475940e-02 3.438673917227994675e-02 2.028153340740493360e-02 1.130899230514990916e-02 -1.992080159441462106e+00 -9.920801594414685454e-01 7.919840558534646524e-03 1.007919840558533453e+00 2.007919840558540781e+00 -3.982109907907490504e-02
-2.522800972526204166e+00 -2.462274755331070430e+00 -1.008073155407187699e-01 -1.064008495748990646e-01 -1.143133267760099020e-01 1.454575575728367376e-02 -1.500183267476948579e-01 -1.818749902524217976e+00 -8.187499025242044315e-01 1.812500974757879635e-01 2.690883352222873448e+00 3.340347850138130514e+00 4.340347850138129182e+00 -2.483807683399296806e+00
-2.073289089477046154e+00 -1.416680807360312655e-01 -1.035114281440480122e-01 -2.622945685500901458e-01 -1.896278426264906836e-01 -9.434836916312594468e-02 -7.714874518110332868e-01 2.285125481889670740e-01 1.228512548188968712e+00 -1.802846719144422849e+00 1.796846687102777729e+00 1.628818756836353465e+00 2.628818756836363235e+00 -2.082983876713251803e+00
-6.300581049411168276e-03 -3.574421433692375610e-02 -2.823057951341259586e-03 5.313819951041051474e-03 -1.527495767599502648e-03 2.569693575718236603e-02 -2.014794898506953522e-02 -2.497534005079395047e+00 -1.497534005079394381e+00 -4.975340050794057611e-01 5.024659949206009557e-01 1.502465994920595849e+00 2.502465994920601844e+00 1.018844364640703222e-02
-2.180571279908387172e+00 -5.910551107130267434e-01 -6.327576585054077718e-01 -1.754471206514632287e-01 -8.630653004255972593e-03 -1.127141374232815130e-02 -1.909869876817658518e+00 -9.098698768176579632e-01 9.013012318235001652e-02 1.090130123182345034e+00 1.164324578664136078e+00 1.312384164284888355e+00 4.942071292626252443e+00 -2.190115420991896933e+00
-4.508545044026259219e-01 -3.983589410537506925e-01 -2.926763374904221837e-02 -5.134109682496898475e-02 -7.928452912742214864e-02 4.603993821747528331e-03 -1.890198133807574177e+00 -1.342132079705459669e+00 -3.421320797054681062e-01 1.109801866192433817e+00 2.109801866192424935e+00 2.657867920294533004e+00 -8.775825164917336885e-01 -4.314722608452050689e-01
5.932739695943645142e-02 4.206239709314715802e-02 3.177850514679686489e-02 2.170481086755463029e-02 -2.695209052504565772e-02 1.670246293723520736e-02 -6.217221427873783623e-01 3.782778572126204164e-01 -1.531924653085273258e+00 -5.319246530852783650e-01 4.680753469147300172e-01 1.468075346914733403e+00 1.795389478408299655e-01 3.643233838378007183e-02
-1.085544434927840474e+00 -1.910579796941863640e-01 -1.841548464736895707e-01 -2.971846387861284411e-01 -2.706436452235256862e-01 5.750302584681954432e-02 -2.126877117704421227e+00 -2.074428293010340596e+00 -1.268771177044154264e-01 8.731228822955846569e-01 9.255717069896667315e-01 1.659123937361931755e+00 4.139570839571290684e+00 -1.308672447752856183e+00
-1.793253919814088215e+00 -9.307670853958069923e-01 -9.001659443594673959e-01 1.269930370430262523e-01 3.946077900558689344e-02 -2.178903240127778168e-02 -9.597697864672775081e-01 4.023021353273222023e-02 1.040230213532731263e+00 -9.491101376941792900e-01 5.088986230582640685e-02 1.249700432415695506e+00 4.841419975763493255e+00 -1.844616736679105751e+00
-7.039158926365320090e-02 -3.168683937449107840e-02 -1.198063761144507570e-02 -1.517128095562781352e-02 -3.138376203770555997e-03 1.984933232462957747e-02 -1.951874775045649768e+00 -9.518747750456260093e-01 -9.517803035312794036e-01 4.821969646870313819e-02 1.048219696468713158e+00 3.048125224954364665e+00 -1.359959999517450779e-01 -5.106750244523357990e-02
-6.277947128772982666e+00 -2.080512457098601664e-02 -1.660411993808480480e-03 -5.224582875444427205e-02 2.399330933736407157e-02 4.971469923854784922e-02 -2.112465855197585007e+00 -1.112465855197581011e+00 -1.723089566619909752e+00 8.875341448024154367e-01 1.887534144802408997e+00 1.276910433380101795e+00 4.423920391073271619e-01 6.722052871227021775e+00
-5.123841852323491805e-03 -2.363596091834288884e-02 2.322382268581475728e-02 -6.676101893581552760e-02 1.565694753239164558e-02 -1.377794316887842943e-02 -1.454325542697647355e+00 -4.543255426976410272e-01 -1.933969897394570925e+00 1.938020472602006272e+00 -3.263147264487095689e-01 6.736852735512793844e-01 1.673685273551282382e+00 -5.658544502095644996e-02
-7.825924322498248875e-01 -5.751431177484220836e-01 -2.165118749404890686e-01 -1.330620725637742807e-01 -6.140928094706417373e-02 -2.129507256494859307e-02 -1.502653814288219314e+00 -5.026538142882178706e-01 4.973461857117840168e-01 1.497346185711782685e+00 2.497346185711780908e+00 1.459116873150723803e+00 -1.408717239846751346e+00 -7.576648400604718558e-01
-1.818058860806875732e+00 -1.394890897953120490e+00 -2.387396936883071641e-01 -3.049120567078156263e-01 -1.716350483301845309e-01 -8.471796765792760989e-04 -2.705889002254729281e+00 1.324522946555458658e-01 -7.058890022547308352e-01 2.941109977452621704e-01 1.294110997745258507e+00 1.958718046585676387e+00 5.467846102501543015e+00 -1.816924826773054225e+00
-1.626519410786584352e+00 -9.693252157744669528e-01 -7.150472049784295514e-01 1.504750112859278011e-02 -1.653838998892202816e-02 -3.076133541675785121e-02 -1.670075483295333951e+00 -6.700754832953244033e-01 -1.053398270446016971e+00 -5.339827044600829742e-02 2.329924516704670268e+00 1.446677016485728773e+00 4.829849442356176858e+00 -1.826907541459435569e+00
-4.276261947609160119e-01 -4.088279558341413322e-01 -2.763000893966409410e-02 -1.111904878591131463e-01 -1.054035940694307005e-01 1.007969478837381361e-01 -1.054244210079412714e+00 -1.653255456693077052e+00 -6.532554566930710571e-01 1.945755789920603496e+00 1.346744543306919395e+00 2.346744543306910735e+00 -8.479472828469614143e-01 -4.612093058544963764e-01
-8.833559395887286003e-03 -3.436708821710937611e-02 -2.391620463349561354e-02 1.386058874253363188e-02 9.062475792185317736e-03 3.979746893562992327e-02 -2.848996389555733977e+00 -2.390594931391520905e+00 -8.489963895557307572e-01 1.510036104442625537e-01 1.151003610444264691e+00 2.378599890784372839e+00 2.381809293224447899e+00 2.001949516966988751e-02
-5.327484167367874113e-01 -4.533812062085010308e-01 -8.990944159301211824e-02 -1.361398582647858069e-01 -8.242880895553715559e-03 1.369154234485694607e-02 -2.063470648185240730e+00 -1.063470648185225631e+00 -6.347064818523712182e-02 1.032249959722996158e+00 1.936529351814762823e+00 2.936529351814761490e+00 -1.001212511600805932e+00 -5.175020750543400938e-01
-3.707496245070595053e-01 -1.892523900258680225e-01 -2.004439114520412124e-01 -2.607673137860663237e-01 5.559846518067668164e-02 6.478414665736947908e-02 -1.767993587311231352e+00 -7.679935873112335720e-01 -5.150525679720305838e-01 4.849474320279648643e-01 1.484947432027966752e+00 3.232006412688763319e+00 -8.800295855935433842e-01 -3.805494498357793187e-01
-4.618031038811972189e-01 -2.673626533714754672e-01 -2.523556148458547810e-01 -4.012342303415342148e-02 -3.039349227232462577e-02 -1.492961853288357101e-02 -1.969206203032230373e+00 -1.344813067217015767e+00 3.079379696776960232e-02 1.030793796967770959e+00 2.030793796967778064e+00 2.655186932782990450e+00 -9.331983049703006516e-01 -4.439309717409844480e-01
-2.160706198499394048e+00 -4.348800661966901182e-01 -4.202233239155470090e-01 -2.684479558710821112e-01 -1.147032278980366637e-01 -9.519156347925748773e-02 -2.597810511197474970e+00 -1.987483759654379567e-01 -5.978105111974678643e-01 4.021894888025190351e-01 2.775578022441862025e+00 2.427862845250979618e+00 3.427862845250979174e+00 -2.155519596738062926e+00
