-2.048747930812675921e+00 -1.537698500481301966e+00 -2.426477569637978671e-01 -4.355853570045903345e-01 -1.708014280804527885e-01 2.603543537438067490e-02 -4.895121065877320876e-01 5.104878934122736300e-01 1.510487893412268967e+00 -1.063268551817672325e+00 -6.326855181768233083e-02 1.276330104263301291e+00 5.170888368808521207e+00 -2.058758141642309525e+00
-4.009048128907935493e-01 -4.236503321793372856e-01 7.256211875486283380e-02 -5.996466732046404347e-02 -2.843630712150184425e-02 1.209153237315287871e-01 -2.071159023800328125e+00 -1.182836134288633989e+00 -7.115902380032787522e-02 8.171638657113678983e-01 1.817163865711360904e+00 2.928840976199664770e+00 -7.316774946396070733e-01 -4.029169840052622131e-01
-3.921498200616453378e-01 -4.048508678226613311e-01 9.300844355276786934e-02 -4.897407925031815878e-02 -9.351100847087434609e-02 9.269285651736142162e-02 -2.067018733974676170e+00 -1.175579694841365708e+00 -1.755796948413610448e-01 9.329812660253200551e-01 1.932981266025318723e+00 2.824420305158639177e+00 -7.292972193952497184e-01 -4.051816485587255712e-01
-2.636023552236979595e-01 -2.095960148667729284e-01 -1.632291633930908481e-01 -1.108910243821543129e-01 2.381844695663662415e-01 -8.508162417318959614e-02 -1.823701964696003541e+00 -1.539849632921679090e+00 1.762980353039896309e-01 4.601503670783285149e-01 2.176298035303994904e+00 2.460150367078314027e+00 -6.620841450298685649e-01 -2.691039795820060476e-01
9.934935899330968323e-02 1.198459888184805200e-02 8.803319089652633656e-02 -4.845552058092561509e-03 -7.234499497745708330e-02 5.996800333088457557e-02 -1.110371000088140159e+00 -2.234899750626007098e+00 8.896289999118668357e-01 -2.348997506260085966e-01 7.651002493739905708e-01 1.765100249373992458e+00 2.565716025346796991e-01 1.055661651411382018e-01
-5.573748470439250369e-01 -4.609427986090943730e-01 1.872294043487930659e-02 -3.989518247732998235e-05 -1.911963025980262521e-01 2.031228815660768641e-02 -1.301807126771459933e+00 -1.669275288546022251e+00 6.981928732285462846e-01 1.698192873228548283e+00 1.330724711453961984e+00 2.330724711453961095e+00 -9.888560942343459503e-01 -5.434366749086234627e-01
5.141721131449561444e-03 -2.027757568218865880e-03 -1.488107100749701261e-02 1.547249050327431652e-02 -6.517593097498733390e-04 9.311590279848033780e-02 -1.997546774558731641e+00 -9.975467745587254242e-01 -2.182320591546141220e+00 1.002453225441268136e+00 2.177938579259698137e+00 6.421942042643955517e-01 1.642194204264399326e+00 4.057709486283700429e-04
2.414300385003568389e-03 7.045848677557677020e-04 -4.619808769083817018e-03 -1.590758788824174659e-03 -1.058144342058389004e-02 1.400187044911129775e-01 -2.462242293668283732e+00 -1.462242293668286619e+00 -4.622422936682833439e-01 5.377577063317056094e-01 1.537757706331714713e+00 2.537757706331705609e+00 4.042349369720764363e-02 -9.373940390329772721e-03
-6.509644486004153574e-01 -2.746740260063320616e-01 -1.955629551170318114e-01 3.800635380491762527e-02 -1.158161486985595512e-01 5.544014505299385553e-02 -1.730423783561729101e+00 -7.304237835617204411e-01 2.695762164382767834e-01 1.269576216438269789e+00 2.269576216438272898e+00 1.905650711499716987e+00 -1.062236819107116315e+00 -6.637825249570132868e-01
-3.547496077672490644e-03 6.583865188326154527e-03 5.986742070771246954e-02 -2.040785248973969734e-02 -5.819850466735615457e-02 1.640664185605093112e-02 -2.503507732910740025e+00 -2.197066451284539035e+00 -5.035077329107350286e-01 4.964922670892611967e-01 2.510536797296195388e+00 7.888881930716504787e-01 1.788888193071650479e+00 2.513762122465290627e-03
-2.173600926371361264e-01 -1.417986965270868482e-01 -1.216749321409270057e-01 1.841456075624677002e-01 1.535399087539249807e-01 6.193068102773822969e-02 -2.247272238648075238e+00 -1.496508932417821125e+00 -2.472722386480606660e-01 5.034910675821674397e-01 1.503491067582170881e+00 2.752727761351932756e+00 -2.177160510725160703e-01 -8.578154170624952002e-02
-1.810497488798560983e+00 2.324048555372670855e-02 8.515059502746633036e-02 -6.925864715192114884e-02 -1.856593868132867531e-01 1.183639416271774492e-01 -2.039683603356488018e+00 -1.578140808210755530e+00 -5.781408082107406532e-01 4.218591917892488552e-01 1.421859191789247800e+00 2.421859191789245358e+00 3.960316396643499548e+00 -1.807326881615328951e+00
-1.126178640626475380e-01 -4.915427071295849770e-02 -5.499701519699959351e-02 -1.036024373232330431e-01 -9.745242208364411629e-02 9.786866728686113848e-02 -1.696690320119663697e+00 -6.966903201196613660e-01 -9.132068678380068638e-01 8.679313216199292802e-02 1.086793132161989472e+00 3.303309679880333416e+00 -3.434216823510998773e-01 -1.229900416207326819e-01
-3.931992799071213907e-01 -3.866491233891430346e-01 -7.297828910379988709e-02 -1.988598259657534673e-01 -1.233704966589164176e-01 1.475432518078473310e-02 -1.962244819528606188e+00 -1.049089146277771833e+00 3.775518047139171662e-02 9.509108537222263902e-01 1.950910853722222171e+00 3.037755180471395811e+00 -8.862895551912850500e-01 -5.354644874830926105e-01
2.276752658397989543e-02 1.054426266410082164e-02 7.779320980379166028e-02 -1.229160988845325909e-03 -1.079990448604984943e-01 5.643070633089457278e-02 -1.013352102166022561e+00 -2.192093746715131353e+00 9.866478978339812134e-01 -1.920937467150973521e-01 8.079062532848764189e-01 1.807906253284879750e+00 1.055062162067130216e-01 1.520684551490787684e-02
7.076318161559661327e-03 -4.169088493514937731e-04 1.029371240767617711e-03 -9.066908897668304532e-05 -7.376768971465916952e-03 8.055961627269078718e-02 -1.451271750499712354e+00 -4.512717504997117435e-01 5.487282495002755445e-01 1.548728249500286758e+00 1.532952577306956332e-04 -4.455798402819508008e-01 5.544201597180612451e-01 -7.462013976736849366e-04
-1.969858645739039238e+00 -1.487827901313017731e-01 -1.070888477080075701e-01 -1.314992910983978081e-01 -6.668431983177131039e-02 1.053205804142789831e-01 -8.136101466966088047e-01 1.863898533033929716e-01 1.186389853303395858e+00 -1.810654615513848986e+00 1.805709275477614284e+00 1.570025772836862066e+00 2.570025772836873390e+00 -1.991741081390911994e+00
-2.008303795651307233e+00 -4.180844578500222397e-01 -3.803131986023960964e-01 -3.190706884804221377e-01 -2.182963807886348362e-01 -5.707647330181460366e-02 -2.062419250406418936e+00 -1.308974779798646404e+00 -3.089747797986279743e-01 9.375807495935918334e-01 1.937580749593591056e+00 1.830605985079030384e+00 4.797999660618886608e+00 -2.038311970144280227e+00
-2.902624491224888303e-01 -4.661595068971035594e-01 -8.852834289780109334e-02 -2.758116364946521792e-01 -1.170276453352039059e-01 5.332661689763475849e-02 -2.159817210017357159e+00 -8.411984536890468878e-01 1.588015463109728742e-01 8.401827899826389556e-01 2.158801546310962660e+00 2.840182789982627742e+00 -8.592086492828548971e-01 -5.693400256857982233e-01
1.273519448385236098e-02 -5.432655065521279150e-03 1.231507587198981193e-02 -1.041296533235175348e-03 -9.906853486622298199e-03 8.567017833614923306e-02 -1.996575074398439398e+00 -9.965750743984399529e-01 -2.183839475021668974e+00 1.003424925601570150e+00 2.179145699452273099e+00 6.404389269286214770e-01 1.640438926928631025e+00 3.142871363370044330e-03
-4.589819620811700918e-01 -8.835391882630456994e-02 -1.367262035699238435e-03 -7.237488007620425379e-03 -1.854255780484257987e-01 -7.362247422864657935e-03 -2.095410531358568029e+00 -1.095410531358564921e+00 -9.541053135856647494e-02 6.219371771253354719e-01 1.904589468641433525e+00 2.904589468641432859e+00 -5.278361776540227979e-01 -4.843785161938642392e-01
4.680238443314500840e-02 3.871391687592359854e-03 1.054758077409798100e-02 1.422087530660819804e-03 -1.011982354948207097e-02 1.184977280055894977e-01 -2.636237281827960466e+00 -2.103223096148426396e+00 -1.103223096148419069e+00 -1.032230961484236209e-01 8.967769038515743807e-01 2.597331237572407137e+00 2.663208194428479558e+00 1.510255601694321381e-03
-4.182159665772156032e-01 -5.393903840132246996e-02 -1.736699179507915011e-02 2.878397144383746525e-02 -6.068335195964526252e-02 -2.455477770258339965e-01 -2.664360107172144332e+00 -6.479232379652138940e-01 3.520767620347803328e-01 1.352076762034773783e+00 1.335639892827841235e+00 2.335639892827839681e+00 -6.421355088336848649e-01 -2.701039313764022620e-01
-1.306056404692562678e-02 4.424399920845045742e-02 8.457885659654217070e-02 -3.481429122517981645e-02 -1.114648249056406221e-01 -4.663755920000931671e-02 -1.951420695257976901e+00 -9.514206952579830068e-01 -2.179682183481837843e+00 1.048579304742020213e+00 2.204213019479771773e+00 6.646827743828916946e-01 1.664682774382886699e+00 -3.853854535448029972e-02
2.896278831192444225e-01 5.376097906422322437e-02 5.922613142527979879e-02 1.433718288945452224e-01 -6.894129124375925066e-03 8.870921461229186455e-02 -9.090962772538077052e-01 -2.047759968264950547e+00 -1.047759968264943442e+00 -4.775996826494717518e-02 9.522400317350501187e-01 1.952240031735047232e+00 6.630480620974525952e-01 2.409875185524204544e-01
2.266029377555184646e-02 -1.198534493834586302e-03 7.213089931367684671e-02 1.857459876694570779e-03 -8.744704786370069427e-02 7.087561720940202536e-02 -9.155381809991861575e-01 8.446181900080679261e-02 1.084461819000811067e+00 7.358231200292886243e-04 -9.825970689772944855e-01 1.740293102270231568e-02 1.017402931022701296e+00 -1.267390945830117535e-03
-4.072005028521384906e-01 -3.610731744957392242e-01 2.508298925820312553e-02 -1.029561778872583461e-01 -1.770331009551256440e-01 -9.484853025180733921e-03 -2.013858014236190819e+00 -1.070395796268285737e+00 -7.039579626828285086e-02 9.296042037317155948e-01 1.929604203731706713e+00 2.986141985763807405e+00 -7.962894635788664299e-01 -4.778051328558347022e-01
-2.357885546274258726e+00 -9.152272728960816339e-01 -8.579338622220211708e-01 -3.508444617396605514e-02 -1.125625950308290768e-01 1.132363719936368973e-01 -1.439152212995874702e+00 -4.391522129958782550e-01 5.608477870041321811e-01 2.036103882622631867e-01 1.203610388262265518e+00 1.333877330480606638e+00 5.430580752513098908e+00 -2.304823499864563807e+00
-3.733682683807554303e-03 1.647646549753213618e-02 5.209153468467500603e-02 -6.004029137428523732e-02 -6.302399166761039895e-02 5.633469180134337978e-02 -2.154567916876569456e+00 -1.154567916876578559e+00 -1.545679168765748124e-01 -1.912283063836253350e+00 1.845432083123417444e+00 1.915013764438113109e+00 2.018135329708252712e+00 -1.675771899912486401e-02
-5.298756323499823617e-01 -2.643941799593770292e-01 -1.380251731075832211e-01 -4.051685002022209492e-02 -1.717037784154821778e-01 5.400366156297636833e-02 -1.686228022363618573e+00 -6.862280223636150200e-01 3.137719776363843693e-01 3.487427181297703682e-01 1.348742718129765539e+00 3.313771977636386090e+00 -9.356898506863698950e-01 -5.424301737665017109e-01
-3.268228818201851515e-01 -1.975909968534015626e-01 -1.853005925260309272e-01 1.055922217042736672e-01 -2.137682814124721720e-01 -9.756456567269267133e-02 -2.300097598307491609e+00 -7.305069398322665553e-01 -3.000975983074856135e-01 6.999024016925123881e-01 2.269493060167732335e+00 2.699902401692508835e+00 -7.712249798880703722e-01 -2.679742805744012579e-01
-1.376168781351227777e+00 4.146414883796846473e-02 1.052205885468191909e-01 -4.902754411834189807e-02 -1.113629767294455897e-01 4.427689563244699422e-02 -3.107712539863604073e-01 -2.452386050608370560e+00 1.689228746013650140e+00 -4.523860506083691169e-01 5.476139493916277745e-01 1.547613949391627663e+00 2.547613949391636989e+00 -1.386988199741131966e+00
-6.511038833687690097e-01 -4.078007820721243348e-01 -3.135716212935008573e-01 -5.396424470347571667e-02 -7.673523287174982555e-02 9.450425756365926633e-02 -1.122065634490648112e+00 -1.220656344906450863e-01 8.779343655093569954e-01 1.877934365509364101e+00 6.668646144596894754e-01 1.666864614459675487e+00 -1.387567782713872599e+00 -6.652860314344295478e-01
-4.050338727781271908e-01 -1.086312819612773040e-01 -9.471718772548844145e-02 -2.444678804302983788e-01 -4.931290238889288191e-03 9.695522559600960877e-02 -2.167950041899829650e+00 -1.112408171637216725e+00 -1.124081716372208051e-01 8.875918283627798333e-01 1.887591828362774837e+00 2.832049958100174791e+00 -6.405448036148962965e-01 -4.291547684359637849e-01
-1.417682045207108166e-02 7.898374561326915178e-03 -1.919122454950195067e-02 4.933211244285012897e-02 2.023367085140681532e-02 9.133481837443696572e-02 -2.811125051687837662e+00 1.672232626144580792e-01 -8.111250516878354411e-01 1.888749483121583972e-01 1.188874948312149904e+00 2.188874948312156121e+00 1.753867363103263077e-01 -3.847430165149395842e-02
-2.247356991641360047e+00 -3.633907848912064642e-01 -2.629587605936635764e-01 -2.838591279125265987e-01 -3.102548914032012273e-01 -6.779893291581121084e-02 -2.789276391918058096e+00 -2.699002781272506479e-01 7.300997218727639515e-01 2.107236080819578361e-01 2.594421528962671530e+00 2.346401609941893618e+00 3.346401609941899391e+00 -2.249310549335578724e+00
-9.267113182487819456e-01 5.427410477347959644e-02 5.312760815665961561e-02 1.816411435825301957e-02 1.083795682234286184e-01 1.410438571205567815e-01 -1.419793243606362498e+00 -2.182878113619906468e+00 5.802067563936440520e-01 1.580206756393640166e+00 8.171218863800839838e-01 1.817121886380080875e+00 6.971044969831911020e-01 -9.534269896254364829e-01
-2.721958474309393305e-01 -1.346670853985866001e-01 -5.504219147181083072e-02 1.229120780819817627e-01 1.213836721867578294e-02 -1.798186353521696867e-02 -1.829144409634653856e+00 -1.728748213282697233e+00 1.708555903653355690e-01 2.712517867173044883e-01 2.170855590365340149e+00 2.271251786717302323e+00 -4.002264022707738844e-01 -1.973178163787304706e-01
-1.281255220716874588e+00 -3.748379833191967103e-01 -3.653525601119972377e-01 -3.271391536009046752e-01 -1.418251862814648157e-01 2.467192331065628796e-01 -2.490721059600781384e+00 -1.355140392276137584e+00 -3.551403922761522391e-01 6.448596077238532009e-01 1.509278940399218172e+00 1.593000160705952961e+00 4.561138723749587953e+00 -1.479643347439135059e+00
-4.712455599236426984e-01 -2.127579803378938927e-01 -3.237414486881320941e-03 -1.731141184757086227e-01 -7.209812744333032875e-02 6.639502287060256025e-02 -1.617029878722988867e+00 -6.170298787229898663e-01 -1.027685144646969473e+00 1.382970121277014464e+00 2.382970121277017128e+00 1.972314855353035412e+00 -7.939887658241473467e-01 -4.325218821305880645e-01
-7.337872269688092697e-01 -2.232743032115534765e-01 -2.028643044480155644e-01 1.071684182192368939e-01 -4.894380613709264916e-02 6.693053625254968830e-02 -1.743030251193877334e+00 -7.430302511938802201e-01 2.569697488061138957e-01 1.256969748806111120e+00 2.256969748806113341e+00 1.777188285929705902e+00 -8.956003995368717607e-01 -7.477245740672009422e-01
1.491865761633098808e-02 -3.555852604040683762e-03 6.191688563758314390e-02 1.080687278023038239e-02 -9.111990241791813327e-02 8.001465625053186259e-02 -1.359913948681044316e+00 -3.599139486810465360e-01 -1.980313927030664445e+00 1.983445828676891232e+00 -3.236739303466787954e-01 6.763260696533233141e-01 1.676326069653339967e+00 -1.322160444307725335e-03
2.757054197877647009e-02 -1.680925712232448493e-02 5.990088841103949346e-02 -1.345947666174014679e-01 6.047180482650525712e-02 1.918781587361664820e-01 -1.726212893602587561e+00 -2.286772900493340810e+00 2.737871063974163799e-01 1.273787106397423763e+00 7.132270995066656294e-01 1.713227099506655637e+00 1.599384751762879531e-01 7.454290696124701854e-02
-4.505776945394913691e-01 -4.725312510989634340e-01 -1.194561120564366918e-01 -2.342012466809362259e-02 -7.300568513400250426e-02 7.464324928965153372e-02 -1.656961835266350214e+00 -6.569618352663546546e-01 -6.960477407113316861e-01 1.343038164733650008e+00 2.343038164733646678e+00 2.303952259288656990e+00 -9.471889206039920683e-01 -5.845792686380587577e-01
-4.151910153952100835e-01 -3.186755140634552896e-01 -7.547779142984789580e-02 -1.410673884743132989e-01 -7.692419571024014524e-02 1.200243972999105457e-01 -1.899137632293714129e+00 -1.246563320336912861e+00 1.008623677062847196e-01 7.534366796630778129e-01 1.753436679663074704e+00 3.100862367706282541e+00 -7.932018286563471410e-01 -4.784424356160587588e-01
-3.074171677892616472e-01 -3.540411186858216652e-02 4.783719374344611031e-02 1.080981460243985934e-02 -3.455348550102636529e-01 1.992963550091298719e-01 -1.203441085508905273e+00 -1.814354660104069872e+00 -8.143546601040699828e-01 1.796558914491090508e+00 1.185645339895922357e+00 2.185645339895925687e+00 -3.890722840078766342e-01 -1.322727631823954475e-01
-2.220401651427518441e+00 -7.613612578375694717e-01 -7.686484196132591373e-01 -1.474395265724104398e-01 -2.916075819622429011e-01 -1.740528866048617063e-01 -2.676161750402021866e+00 -5.137423806213924360e-01 4.862576193786097845e-01 1.486257619378605455e+00 1.323838249597977024e+00 1.602272135143708365e+00 5.207823726728736169e+00 -2.169092525123829773e+00
-6.110811610611592837e-01 -4.457566037303978823e-01 -1.613921429810536712e-01 -1.048120133229618889e-01 7.841330116870562361e-03 7.092936843697560112e-02 -9.683239175723584724e-01 3.167608242762914861e-02 1.031676082427629870e+00 2.031676082427629648e+00 7.364040705002139475e-02 1.073640407050018286e+00 -1.046008219798575833e+00 -5.997643314077376608e-01
2.789253771536766291e-02 3.132135064047553152e-03 2.991542008403298702e-03 2.344301316921212214e-02 -2.825812932684560602e-02 8.063266115887604557e-02 -2.774772223574369256e+00 -2.102301345437449065e+00 -1.102301345437448399e+00 2.252277764256344628e-01 8.976986545625360581e-01 2.512028827167692935e+00 2.610897605208937211e+00 7.629661357934761079e-03
-2.692506199016519997e+00 -1.877130642662594440e+00 -2.925061551067178467e-01 -5.272907149380101632e-01 -1.393122035243974655e-01 1.402040652961431266e-01 -6.132090305088213622e-01 -1.955369793432777836e+00 1.386790969491174197e+00 4.463020656722721524e-02 2.328526888647272308e+00 3.102893468921567699e+00 4.102893468921569031e+00 -2.624672958592582983e+00
