2.695595610973800049e+01
2.853744477328784868e+01
2.970976336741532009e+01
2.109280440194969231e+01
2.514165728164561031e+01
2.970943200495400660e+01
2.457696316322081387e+01
2.453391365676456815e+01
1.926172544562256661e+01
2.970914369857660375e+01
2.970881429234593085e+01
2.970935994928945334e+01
2.970918559359241939e+01
2.970966259243172658e+01
2.505715183382294597e+01
2.125244780239744458e+01
2.365316021132442259e+01
2.009805068538271655e+01
2.825593639772837307e+01
2.970893857749782185e+01
2.970957987903036823e+01
2.970976991900872122e+01
2.970874230554582240e+01
2.970928687697675130e+01
2.970887523289289689e+01
2.970906031722401153e+01
2.970906037891706930e+01
2.970922340518369964e+01
2.970945333726389492e+01
2.970944840513267948e+01
2.201174635241927646e+01
2.970925025919144602e+01
2.731656679351329586e+01
2.331701821464095659e+01
2.970900800052583079e+01
2.970954122564950595e+01
2.790926028727612263e+01
2.970971609004038072e+01
2.970918598895608298e+01
2.750248737898125739e+01
2.815817683484811695e+01
2.970965066686286349e+01
2.377360961973958808e+01
2.525518860468108073e+01
2.970955921942029221e+01
2.640884819419092722e+01
2.856322214514937841e+01
2.106574833301111127e+01
2.970981707674406991e+01
2.970987264089918867e+01
