-1.048007832975541476e+01 -9.480794539167106905e+00 -8.480808158828438081e+00 -7.480506395413121012e+00 -6.481410337104023256e+00 -5.482057546688741567e+00 -4.479474147273718287e+00 -3.484223221852015939e+00 -2.484223221851982188e+00 -1.476451558484258797e+00 -4.764515584842605733e-01 5.157767781479893898e-01 1.523548441515741203e+00 2.515776778147992943e+00 3.523548441515744756e+00 4.523548441515739427e+00 5.515776778147991166e+00 6.515776778147992943e+00 7.515776778147992943e+00 8.515776778147992943e+00 9.522958899424846635e+00 1.051939568160611316e+01
-1.048084352842783318e+01 -9.480835627087127904e+00 -8.480853325941337673e+00 -7.481149367310786502e+00 -6.481192025609976426e+00 -5.481820020147333494e+00 -4.479399952360163084e+00 -3.484915512867949872e+00 -2.484915512867932108e+00 -1.477293315597547618e+00 -4.772933155975547237e-01 5.227066844024452763e-01 1.522706684402443500e+00 2.515084487132046576e+00 3.515084487132051905e+00 4.522706684402439947e+00 5.515084487132051905e+00 6.522706684402439947e+00 7.519059628925548466e+00 8.518731542608959373e+00 9.518731542608959373e+00 1.051909015022895133e+01
-8.891911331628095994e+00 -8.455098012948990771e+00 -7.539713512325048939e+00 -6.568722219753596825e+00 -5.808583865240840360e+00 -4.333760411946472324e+00 -4.047069301605819014e+00 -6.286886847002777223e+00 -1.523962595667503361e+00 -5.239625956675060259e-01 4.760374043324815951e-01 1.476037404332480651e+00 -1.286886847002767009e+00 3.476037404332481540e+00 4.476037404332486425e+00 5.476037404332488201e+00 6.476037404332480207e+00 3.713113152997228106e+00 4.713113152997234323e+00 6.891308954254740549e+00 9.297841990744707630e+00 9.216137423363282011e+00
-1.048242305151438103e+01 -9.481232955374492732e+00 -8.481089785017742244e+00 -7.482557236470976036e+00 -6.480294107713469032e+00 -5.483605831184172885e+00 -4.478558062829749886e+00 -3.486649810590533249e+00 -2.486649810590508380e+00 -1.486649810590519039e+00 -4.693137102506383940e-01 5.306862897493651587e-01 1.513350189409475632e+00 2.530686289749358053e+00 3.513350189409473856e+00 4.530686289749363382e+00 5.513350189409479185e+00 6.513350189409472080e+00 7.513350189409480961e+00 8.525127068839294608e+00 9.518909425220705600e+00 1.051735942133448809e+01
-9.037213097866274580e+00 -9.196015434079747308e+00 -8.345415720511180524e+00 -4.711540349041079878e+00 -3.988418686522383183e+00 -3.284331727730597894e+00 -2.971437445881125239e+00 -1.169848145858911170e+00 -1.698481458588857740e-01 -3.684703685459126188e+00 1.830151854141103041e+00 -1.684703685459121525e+00 3.830151854141097711e+00 4.830151854141087497e+00 1.315296314540895128e+00 7.672902978286135323e+00 2.472546521112615192e+00 3.472546521112604090e+00 4.472546521112611195e+00 5.472546521112601425e+00 6.472546521112593432e+00 6.823270223017790848e+00
-9.294953485175909691e+00 -8.337043985402162960e+00 -7.456490915349576198e+00 -6.837491463549853599e+00 -5.417025912693729239e+00 -4.425637152698532972e+00 -4.207250195253443792e+00 -2.673975553911127623e+00 -4.608891589037614089e+00 -6.739755539111196292e-01 -2.608891589037644287e+00 1.326024446088881259e+00 2.326024446088881259e+00 3.326024446088879483e+00 4.326024446088873709e+00 5.326024446088878150e+00 3.391108410962361042e+00 7.326024446088885256e+00 5.391108410962359265e+00 6.391108410962361042e+00 7.018684345909088407e+00 1.081465270025393366e+01
-9.075091317852299611e+00 -8.498434520924442737e+00 -7.631934481286290151e+00 -6.785851197084518560e+00 -5.873975989830029221e+00 -4.651792806077088116e+00 -3.840403392160245843e+00 -1.878899546846515278e+00 -4.252201565295939290e+00 1.211004531534909390e-01 1.121100453153483834e+00 2.121100453153488274e+00 -2.522015652959548326e-01 7.477984347040406155e-01 1.747798434704050496e+00 2.747798434704040282e+00 3.747798434704037618e+00 4.747798434704042947e+00 9.121100453153500709e+00 1.012110045315348472e+01 7.335656539661105313e+00 9.481816963267226228e+00
-1.048078315366402791e+01 -9.480776284228676687e+00 -8.480866898189903580e+00 -7.480581928383241319e+00 -6.481142346154559419e+00 -5.480143826793561601e+00 -4.482183959673751161e+00 -3.477856930683973502e+00 -2.483907301317559657e+00 -1.483907301317564986e+00 -4.778569306839681730e-01 5.221430693160318270e-01 1.522143069316031827e+00 2.516092698682424356e+00 3.522143069316030051e+00 4.522143069316031827e+00 5.516092698682422579e+00 6.516092698682426132e+00 7.516092698682431461e+00 8.522143069316028274e+00 9.517226621169923462e+00 1.051887565817344061e+01
-1.048068849065089836e+01 -9.480800357393238897e+00 -8.480813194743603844e+00 -7.481087402186625823e+00 -6.480622053823680062e+00 -5.480182108215304382e+00 -4.482128576121562347e+00 -3.477974501184451839e+00 -2.483725611797776622e+00 -1.483725611797789057e+00 -4.837256117977926095e-01 5.220254988155499376e-01 1.522025498815555267e+00 2.522025498815551714e+00 3.516274388202205614e+00 4.516274388202207390e+00 5.522025498815557043e+00 6.516274388202203838e+00 7.522025498815560596e+00 8.522025498815546385e+00 9.516811515458591941e+00 1.051886740631676886e+01
-1.048068061386324956e+01 -9.480778413909407121e+00 -8.480851187455385798e+00 -7.480624321001524635e+00 -6.481131489473316520e+00 -5.480095620351765007e+00 -4.479618395763370842e+00 -3.478048722344384558e+00 -2.483762892979113346e+00 -1.478048722344375676e+00 -4.837628929791257804e-01 5.162371070208742196e-01 1.521951277655620771e+00 2.516237107020874220e+00 3.521951277655624324e+00 4.521951277655620771e+00 5.516237107020870667e+00 6.516237107020868891e+00 7.521951277655622548e+00 8.516237107020872443e+00 9.520561044019713037e+00 1.051903314228083453e+01
-1.048090398853472038e+01 -9.480909975076254881e+00 -8.480923702771006489e+00 -7.481160068715169587e+00 -6.480668628418976951e+00 -5.481650011444628490e+00 -4.479699307883322490e+00 -3.478081879968001999e+00 -2.483928778970769358e+00 -1.483928778970774687e+00 -4.839287789707835685e-01 5.219181200320086589e-01 1.521918120032012212e+00 2.521918120032008659e+00 3.521918120032012212e+00 4.516071221029218208e+00 5.521918120032006883e+00 6.516071221029219984e+00 7.521918120032012212e+00 8.516071221029225313e+00 9.518272968178450810e+00 1.051897010782903408e+01
-1.047990586134518765e+01 -9.480765136805434423e+00 -8.480779516425988263e+00 -7.481183784929196889e+00 -6.480605768886467999e+00 -5.481748836961660487e+00 -4.482362101701166779e+00 -3.484271797266876192e+00 -2.476043368605029826e+00 -1.484271797266860204e+00 -4.760433686050475899e-01 5.157282027331273611e-01 1.515728202733129137e+00 2.523956631394950634e+00 3.515728202733129137e+00 4.523956631394955963e+00 5.515728202733130914e+00 6.515728202733132690e+00 7.523956631394961292e+00 8.515728202733125585e+00 9.523401466282928496e+00 1.051952232149514010e+01
-1.048153641549028947e+01 -9.481075835498897320e+00 -8.480964717539873021e+00 -7.480706957253563161e+00 -6.481295627626513678e+00 -5.481842619451622767e+00 -4.482518536123375696e+00 -3.484704834493745906e+00 -2.484704834493721037e+00 -1.474918005141354627e+00 -4.749180051413564030e-01 5.152951655062629754e-01 1.515295165506262975e+00 2.515295165506261199e+00 3.525081994858647150e+00 4.525081994858643597e+00 5.525081994858640044e+00 6.515295165506262975e+00 7.515295165506266528e+00 8.520837630060572820e+00 9.519539537754910796e+00 1.051826896789397381e+01
-1.048095426098871030e+01 -9.480887053026398448e+00 -8.480901525779211525e+00 -7.480665554715859145e+00 -6.481142406775193265e+00 -5.480254930867392460e+00 -4.479813331230136697e+00 -3.478300546719285791e+00 -2.478300546719257369e+00 -1.484332961453638688e+00 -4.843329614536440175e-01 5.156670385463577588e-01 1.521699453280719538e+00 2.515667038546357759e+00 3.521699453280719538e+00 4.521699453280717762e+00 5.521699453280723091e+00 6.521699453280719538e+00 7.515667038546355982e+00 8.515667038546355982e+00 9.521465832875524171e+00 1.051843638582662877e+01
-1.048002521219580530e+01 -9.480662303892048115e+00 -8.480678643015302498e+00 -7.480418297377520176e+00 -6.481383616951381654e+00 -5.479078049686835428e+00 -4.478368076411173959e+00 -3.484647492793484957e+00 -2.475406418469805914e+00 -1.484647492793479628e+00 -4.846474927934796284e-01 5.245935815301745464e-01 1.524593581530176323e+00 2.515352507206520372e+00 3.515352507206520372e+00 4.515352507206522148e+00 5.515352507206520372e+00 6.524593581530174546e+00 7.524593581530169217e+00 8.515352507206520372e+00 9.516574216159895627e+00 1.051943357762964126e+01
-4.882849532275328919e+00 -4.775894565344459330e+00 -4.865215350735519806e+00 -5.340757513431964032e-01 -4.492863196809071535e-01 3.136513469631230233e-01 -3.518992895043305591e+00 -4.637240178120607403e+00 -3.637240178120574985e+00 -2.637240178120586975e+00 -1.637240178120588752e+00 -6.372401781205936366e-01 1.403054093831549443e-01 1.362759821879409250e+00 2.362759821879413913e+00 3.362759821879410360e+00 4.362759821879404143e+00 5.514138907048653948e+00 5.988926353620405152e+00 6.988926353620392717e+00 7.988926353620393606e+00 -5.752217147185405111e+00
-9.544446347407092190e+00 -8.565502431795819049e+00 -7.643571548999725351e+00 -6.787560211171591362e+00 -5.921346208576528269e+00 -4.989653259918763517e+00 -4.040054167895754667e+00 -2.565127064996080897e+00 -5.193585564596058468e+00 -5.651270649960730141e-01 4.348729350039194363e-01 1.434872935003922878e+00 2.434872935003919103e+00 3.434872935003920880e+00 4.434872935003926209e+00 1.806414435403921548e+00 6.434872935003923544e+00 3.806414435403917551e+00 4.806414435403921992e+00 9.434872935003919991e+00 6.759896959960807195e+00 1.101390461871616111e+01
-9.620581454533807531e+00 -8.725918458289141810e+00 -7.826971306989510602e+00 -6.889503473833058500e+00 -5.967332709898612642e+00 -4.893906454228927672e+00 -4.025966023294166085e+00 -2.233099158815390783e+00 -1.233099158815375684e+00 -2.330991588153878968e-01 -3.610851878722967090e+00 1.766900841184610993e+00 2.766900841184615878e+00 3.766900841184603443e+00 3.891481212770373510e-01 1.389148121277039127e+00 6.766900841184603443e+00 7.766900841184604332e+00 4.389148121277026249e+00 6.273289336833882679e+00 9.882759511361667748e+00 1.052351337784932994e+01
-8.543927469935741925e+00 -8.205410589471178184e+00 -7.423890682165468213e+00 -6.599742680530652272e+00 -5.703079448824185604e+00 -4.329726570234939231e+00 -3.508418890537064350e+00 -5.070501361489956338e+00 -2.615192724978728789e-01 -3.070501361489938574e+00 -2.070501361489942127e+00 -1.070501361489941905e+00 3.738480727502114576e+00 9.294986385100562076e-01 5.738480727502110135e+00 6.738480727502120793e+00 3.929498638510055208e+00 4.929498638510056097e+00 5.929498638510056985e+00 6.929498638510045438e+00 7.405840754371562973e+00 1.001012648029139207e+01
-9.549890869192068976e+00 -8.586371330477749808e+00 -7.673504938174565915e+00 -6.552725033869150728e+00 -6.109631258193906511e+00 -4.433350516665091057e+00 -4.891797020668602336e+00 -5.258160268734839882e+00 -4.847476436282032175e-01 5.152523563717730237e-01 1.515252356371775022e+00 2.515252356371768361e+00 -2.581602687348319991e-01 7.418397312651654474e-01 1.741839731265170110e+00 6.515252356371774134e+00 3.741839731265162783e+00 4.741839731265166336e+00 5.741839731265169888e+00 6.741839731265164559e+00 9.027469173039431638e+00 1.068000372178416413e+01
-9.014414698489233047e+00 -8.617070448891645640e+00 -7.703319606616060078e+00 -6.748342584071787442e+00 -5.823185500608332177e+00 -5.138088197336608154e+00 -3.434306048868756456e+00 -2.462101214116618753e+00 -1.462101214116593439e+00 -3.406495278977557994e+00 5.378987858833899072e-01 -1.406495278977571317e+00 2.537898785883392350e+00 3.537898785883386132e+00 4.537898785883387909e+00 2.593504721022434012e+00 3.593504721022434900e+00 7.537898785883396791e+00 5.593504721022434900e+00 9.537898785883392350e+00 7.361326008812562272e+00 8.267868743453243852e+00
-1.048084363171999200e+01 -9.480844365602184354e+00 -8.480857094919127093e+00 -7.480442097579906857e+00 -6.480456279760060667e+00 -5.481753753667536699e+00 -4.479465523904021751e+00 -3.477444624697627162e+00 -2.477444624697605846e+00 -1.477444624697621833e+00 -4.840154817158541789e-01 5.225553753023781667e-01 1.515984518284145821e+00 2.515984518284142268e+00 3.515984518284145821e+00 4.515984518284149374e+00 5.515984518284144045e+00 6.515984518284145821e+00 7.522555375302378167e+00 8.522555375302376390e+00 9.519479216838414359e+00 1.051914121007377290e+01
-1.048079464652321491e+01 -9.480781049213616640e+00 -8.480866913429709442e+00 -7.481117558411591872e+00 -6.481147204271765716e+00 -5.481690321794966181e+00 -4.479666434905732686e+00 -3.477873862467033561e+00 -2.477873862467014021e+00 -1.483935803852295621e+00 -4.778738624670317847e-01 5.160641961476990502e-01 1.516064196147697274e+00 2.522126137532968215e+00 3.516064196147702603e+00 4.522126137532969992e+00 5.522126137532964663e+00 6.516064196147697274e+00 7.516064196147707932e+00 8.522126137532966439e+00 9.517129562117835562e+00 1.051884798637845186e+01
-1.048082840374927116e+01 -9.480831506916073792e+00 -8.480844921686429672e+00 -7.481112978675170666e+00 -6.481163553216232387e+00 -5.480196784504428820e+00 -4.479621424593730694e+00 -3.484163659878769082e+00 -2.484163659878738883e+00 -1.478170397945433479e+00 -4.781703979454334785e-01 5.218296020545665215e-01 1.521829602054564745e+00 2.521829602054562969e+00 3.515836340121238024e+00 4.521829602054566521e+00 5.515836340121243353e+00 6.521829602054564745e+00 7.515836340121243353e+00 8.515836340121246906e+00 9.518849377266372258e+00 1.051910650052806773e+01
-1.048124441860073119e+01 -9.480907115915950811e+00 -8.480920973995862866e+00 -7.481211695650777926e+00 -6.481201588938176883e+00 -5.480167820880353702e+00 -4.482366438785717833e+00 -3.477420441636985160e+00 -2.483933191577131439e+00 -1.483933191577136768e+00 -4.839331915771420967e-01 5.225795583630148400e-01 1.522579558363016616e+00 2.516066808422854351e+00 3.522579558363018393e+00 4.522579558363011287e+00 5.516066808422854351e+00 6.516066808422854351e+00 7.522579558363020169e+00 8.519519560208367537e+00 9.519126806577494548e+00 1.051867704482918420e+01
-9.699506701414584597e+00 -9.670564329501155854e+00 -8.753830175481777331e+00 -5.988615317306862806e+00 -5.219705419559748094e+00 -3.750723184088142759e+00 -2.813331028965998293e+00 -9.931299500022988669e-01 6.870049997722560420e-03 -2.048205447124553213e+00 -1.048205447124558987e+00 -4.820544712456184544e-02 4.006870049997713679e+00 5.006870049997709238e+00 8.310442359473650953e+00 1.648221525657916686e+00 2.648221525657914022e+00 3.648221525657922015e+00 4.648221525657915798e+00 5.648221525657921127e+00 6.648221525657910469e+00 8.234822343842626680e+00
-1.048150742020118287e+01 -9.481112368066188623e+00 -8.481013659049166264e+00 -7.480591609735395053e+00 -6.480578321624868465e+00 -5.479919626970175983e+00 -4.478971294720050622e+00 -3.484352986920969286e+00 -2.484352986920960404e+00 -1.477062031288035371e+00 -4.770620312880389235e-01 5.229379687119610765e-01 1.515647013079037819e+00 2.522937968711961076e+00 3.515647013079030714e+00 4.522937968711957524e+00 5.515647013079036043e+00 6.515647013079036043e+00 7.519156944345345650e+00 8.519428037445646140e+00 9.519428037445658575e+00 1.051829091865907806e+01
-1.048099238527088772e+01 -9.481197507205317621e+00 -8.481048070910288672e+00 -7.481314488771285909e+00 -6.480682113292514757e+00 -5.481883474710290471e+00 -4.482514106753196614e+00 -3.475007788362834305e+00 -2.484719933095288269e+00 -1.484719933095288269e+00 -4.750077883628236464e-01 5.249922116371728009e-01 1.524992211637179906e+00 2.515280066904695744e+00 3.515280066904697520e+00 4.515280066904697520e+00 5.515280066904701073e+00 6.515280066904697520e+00 7.524992211637181683e+00 8.518991372463384337e+00 9.521280891177328343e+00 1.051861991631713344e+01
-1.024522229801586803e+01 -8.706088730217278027e+00 -7.789441784561758730e+00 -7.080014151169372383e+00 -6.177119472442361037e+00 -5.576762932136145601e+00 -5.175370607899906439e+00 -1.457398718687717309e+00 -4.573987186876922184e-01 5.426012813123042289e-01 -2.121522311339807843e+00 2.542601281312293793e+00 -1.215223113398137267e-01 8.784776886601816104e-01 5.542601281312302675e+00 2.878477688660186384e+00 3.878477688660185052e+00 4.878477688660179723e+00 5.878477688660194822e+00 9.115690299204841196e+00 9.305388957184556276e+00 9.887772052433168923e+00
-1.167587354626715523e+01 -8.623404577603739796e+00 -7.720622098017488888e+00 -6.947086568184579036e+00 -5.744589359250935168e+00 -4.645530302487837382e+00 -3.541867243860369552e+00 -1.747326059651373331e+00 -3.695286724633932263e+00 2.526739403486408797e-01 1.252673940348631998e+00 -6.952867246339458074e-01 3.047132753660567461e-01 1.304713275366054859e+00 2.304713275366054415e+00 3.304713275366056635e+00 7.252673940348628889e+00 8.199772231064981654e+00 6.357614979284882395e+00 7.357614979284868184e+00 8.357614979284878842e+00 9.208562672724298181e+00
6.663275789660207948e-01 5.552921680562414863e-01 -1.952942777419742093e+00 -1.055189764746375047e+00 -1.904887579109169948e+00 -2.950468032927552109e+00 -3.891518153037544003e+00 -4.832460124258217249e+00 -3.832460124258196821e+00 -2.832460124258212364e+00 -2.765148115084767433e+00 -8.324601242582205796e-01 1.675398757417916329e-01 2.348518849152426702e-01 2.167539875741792965e+00 3.167539875741784083e+00 4.167539875741786304e+00 5.167539875741772093e+00 5.234851884915233455e+00 7.167539875741798738e+00 2.433999283752070752e-01 -1.668786220757983330e+00
-1.048059406707233876e+01 -9.480599461292671393e+00 -8.480616955255914746e+00 -7.480367323553034353e+00 -6.481147935783313940e+00 -5.479926241731094549e+00 -4.483027635311538361e+00 -3.484818509017888033e+00 -2.474973185157217870e+00 -1.484818509017879151e+00 -4.848185090178827039e-01 5.151814909821155197e-01 1.525026814842764367e+00 2.525026814842759038e+00 3.525026814842762590e+00 4.515181490982115520e+00 5.525026814842762590e+00 6.515181490982115520e+00 7.515181490982122625e+00 8.515181490982113743e+00 9.521582918072281743e+00 1.051929225941950286e+01
-9.448331454258644513e+00 -8.583552545322692851e+00 -7.807004842231699548e+00 -6.795067612299932058e+00 -5.914157864113150254e+00 -4.659967374088028080e+00 -3.724894687714761066e+00 -1.594521677037852525e+00 -5.945216770378214388e-01 4.054783229621565788e-01 1.405478322962155691e+00 -1.974547503317254593e+00 -9.745475033172499302e-01 2.545249668274252031e-02 5.405478322962153470e+00 2.025452496682754955e+00 7.405478322962160576e+00 4.025452496682745185e+00 9.405478322962162352e+00 6.025452496682748738e+00 6.895940072699637824e+00 9.467154626060374056e+00
-1.261879202530092492e+01 -3.977327184709260333e-02 -4.362424166267618586e-02 -9.694204332306471938e-02 -1.827092252112655357e-02 1.485417808454989053e-02 3.041846271215005448e-02 -5.430119669967742091e+00 -4.430119669967734097e+00 -3.430119669967719886e+00 -2.430119669967731877e+00 -1.430119669967734097e+00 -4.301196699677305446e-01 5.698803300322690113e-01 1.569880330032266347e+00 2.569880330032264126e+00 3.569880330032272564e+00 4.569880330032265903e+00 5.569880330032270344e+00 -8.322809081452611779e-02 6.352013141481648084e+00 6.085962412366533236e+00
-1.048066200688486305e+01 -9.480670254677539432e+00 -8.480788242071874095e+00 -7.481117974966785766e+00 -6.481131475418809629e+00 -5.481745269149563171e+00 -4.479730721563107920e+00 -3.477663557976507391e+00 -2.477663557976477193e+00 -1.483770240098252202e+00 -4.837702400982486495e-01 5.162297599017495742e-01 1.516229759901749574e+00 2.516229759901747798e+00 3.516229759901749574e+00 4.522336442023503267e+00 5.522336442023501490e+00 6.522336442023505043e+00 7.522336442023506820e+00 8.516229759901749574e+00 9.520235616713749849e+00 1.051916491612790239e+01
-9.857069471768733493e+00 -8.967547269267473808e+00 -7.568007791746650170e+00 -6.670477989162409749e+00 -5.734935201796351301e+00 -4.969860704894373704e+00 -3.500274554561786822e+00 -2.596804503198026026e+00 -1.596804503197995606e+00 -5.968045031980127035e-01 4.031954968019785257e-01 1.403195496801988629e+00 -2.930023025125562119e-01 7.069976974874377929e-01 1.706997697487440790e+00 2.706997697487437460e+00 6.403195496801983744e+00 5.357745804230720665e+00 7.752446750875433779e+00 8.752446750875433779e+00 9.752446750875428449e+00 7.827104715141764757e+00
-1.048088052936571302e+01 -9.480931170962056953e+00 -8.480943434617728371e+00 -7.480569638989191361e+00 -6.480571371249164159e+00 -5.481705096296277446e+00 -4.479528696022239131e+00 -3.477777176282625504e+00 -2.477777176282607741e+00 -1.483989768407553811e+00 -4.839897684075555873e-01 5.222228237173816012e-01 1.522222823717381601e+00 2.516010231592437307e+00 3.522222823717383378e+00 4.516010231592444413e+00 5.516010231592444413e+00 6.522222823717385154e+00 7.516010231592447965e+00 8.516853331842211716e+00 9.521379723467617850e+00 1.051868010989644553e+01
-5.746897321337588238e+00 -3.697732311503750147e+00 -2.470445891286620288e+00 -1.486471860280033974e+00 -1.116422440990783693e+00 -1.952184532942829787e+00 1.466849358251483437e+00 -5.123948344907011787e+00 -3.991972421730451082e+00 -2.991972421730464404e+00 -1.991972421730469289e+00 -9.919724217304746183e-01 8.027578269530044608e-03 8.760516550929837720e-01 2.008027578269523161e+00 3.008027578269526270e+00 4.008027578269530267e+00 4.876051655092988213e+00 5.357769016145165430e+00 7.526310547386549921e+00 8.526310547386554362e+00 -5.678279142700670690e+00
-1.048101594129745706e+01 -9.481027564203191815e+00 -8.481047256087714814e+00 -7.481277698820296251e+00 -6.481297491287635992e+00 -5.481917804276410067e+00 -4.483043829148460446e+00 -3.478349479084670293e+00 -2.478349479084647200e+00 -1.484704433178357874e+00 -4.783494790846631872e-01 5.216505209153332601e-01 1.515295566821643902e+00 2.515295566821638573e+00 3.521650520915329707e+00 4.521650520915331484e+00 5.515295566821643902e+00 6.521650520915335036e+00 7.521650520915340365e+00 8.521650520915336813e+00 9.517032524401489724e+00 1.051873966475779021e+01
-1.048151988637719967e+01 -9.481277742507780104e+00 -8.481109962883332187e+00 -7.481554471972335918e+00 -6.481577565046862333e+00 -5.479995251717907578e+00 -4.482785792174658113e+00 -3.477461726489407212e+00 -2.477461726489377014e+00 -1.485234194519845730e+00 -4.852341945198492823e-01 5.225382735106034460e-01 1.522538273510606999e+00 2.522538273510599893e+00 3.522538273510601670e+00 4.514765805480154270e+00 5.514765805480150718e+00 6.516521829095749396e+00 7.520782249895002991e+00 8.520782249895001215e+00 9.520782249895011873e+00 1.051784079047766340e+01
-8.038643623419568840e+00 -7.986558008250444374e+00 -7.110063587260110118e+00 -6.419253613349103382e+00 -5.840688516514044082e+00 -5.365994473158677280e+00 -4.861907699879318479e+00 -2.129097247115216973e+00 -3.718790773453022336e+00 -2.718790773453032550e+00 8.709027528847851363e-01 -7.187907734530424309e-01 2.870902752884785247e+00 3.870902752884782583e+00 2.281209226546956792e+00 3.281209226546958568e+00 4.281209226546960345e+00 5.281209226546955016e+00 8.870902752884786580e+00 7.281209226546962121e+00 7.014471016610704268e+00 9.425632487983627072e+00
-4.077674443709971897e+00 -6.394014534641812908e+00 -5.684483023270735735e+00 -4.690875390305254911e+00 -4.048237765203527516e+00 -4.545220145559738079e+00 -3.733219897125319431e+00 -4.599399882024295394e+00 -3.602200415062664085e+00 -2.602200415062674743e+00 -1.599399882024291841e+00 -6.022004150626859564e-01 3.977995849373127113e-01 1.397799584937309270e+00 2.397799584937311934e+00 3.400600117975709047e+00 4.397799584937323480e+00 5.397799584937315487e+00 6.397799584937319928e+00 1.729150044220425286e+00 1.406924804111357119e+01 7.014512055682053493e+00
-1.048048946193670616e+01 -9.480503469028247920e+00 -8.480881183662189571e+00 -7.481250497766533059e+00 -6.480633738704684177e+00 -5.479712258347058551e+00 -4.479106693782584969e+00 -3.477028082378897267e+00 -2.483962583609581998e+00 -1.483962583609601538e+00 -4.839625836095997613e-01 5.229719176211151677e-01 1.516037416390398462e+00 2.516037416390394910e+00 3.522971917621115168e+00 4.522971917621113391e+00 5.516037416390400239e+00 6.516037416390398462e+00 7.522971917621116944e+00 8.516037416390407344e+00 9.521383573047144111e+00 1.051921637051485625e+01
-1.047934850271454366e+01 -9.480660140175700690e+00 -8.480680331249129011e+00 -7.481769479472543338e+00 -6.480155564505931665e+00 -5.482716932554136946e+00 -4.478852435607802107e+00 -3.485463700849919633e+00 -2.485463700849896540e+00 -1.485463700849908975e+00 -4.733080711554453757e-01 5.266919288445528480e-01 1.514536299150096355e+00 2.526691928844556401e+00 3.514536299150087473e+00 4.526691928844552848e+00 5.526691928844552848e+00 6.514536299150091025e+00 7.514536299150089249e+00 8.514536299150087473e+00 9.515717976133927891e+00 1.051989693228493117e+01
-1.048048157363450628e+01 -9.480794408612611690e+00 -8.480807245962996177e+00 -7.480553628199482219e+00 -6.481199988417978730e+00 -5.479837783866296164e+00 -4.479299993508215394e+00 -3.477406748824501292e+00 -2.483865180306795040e+00 -1.483865180306809251e+00 -4.838651803068128032e-01 5.225932511755022603e-01 1.522593251175502260e+00 2.516134819693187197e+00 3.516134819693183644e+00 4.522593251175504037e+00 5.522593251175502260e+00 6.516134819693190749e+00 7.516134819693194302e+00 8.522593251175504037e+00 9.516602205789913782e+00 1.051905073106965816e+01
-1.025212843434734822e+01 -9.320562840615107092e+00 -7.435061739751998466e+00 -6.473433122734581602e+00 -5.606052704476453208e+00 -4.448775487310379084e+00 -3.557462150814444612e+00 -5.714924852970813873e+00 -6.285029714003863566e-01 3.714970285996094246e-01 1.371497028599605095e+00 -1.714924852970805436e+00 3.371497028599611756e+00 4.371497028599602430e+00 1.285075147029199005e+00 2.285075147029199005e+00 6.473349326136446535e+00 5.183222369654678197e+00 6.183222369654676420e+00 7.183222369654679973e+00 8.183222369654680861e+00 9.310633503743018125e+00
-9.902849788688621757e+00 -8.732915743082113380e+00 -7.816747547750305891e+00 -7.019503760556072613e+00 -6.107294921902932217e+00 -5.014920627732791125e+00 -3.612560956773939846e+00 -2.322008402455168596e+00 -1.322008402455147280e+00 -3.220084024551567170e-01 6.779915975448375098e-01 -1.714034359772266036e+00 -7.140343597722635938e-01 2.859656402277287457e-01 4.677991597544838065e+00 2.285965640227728635e+00 6.677991597544844282e+00 7.677991597544840729e+00 5.285965640227738405e+00 7.101586811008668398e+00 9.862370243645695922e+00 1.048824846744253492e+01
-1.041541880752565774e+01 -8.800592901065980911e+00 -7.883738266749636736e+00 -7.142579146255201294e+00 -6.226957230814682553e+00 -4.569268018488048533e+00 -3.172954554868712140e+00 -1.098525324643681245e+00 -9.852532464366281495e-02 -3.730140784731211134e+00 1.901474675356327193e+00 -1.730140784731210690e+00 3.901474675356320976e+00 4.901474675356320532e+00 1.269859215268786201e+00 2.269859215268780872e+00 3.269859215268786201e+00 4.269859215268782648e+00 5.269859215268794195e+00 8.180347414408872808e+00 9.990985520395744501e+00 1.006496966686286854e+01
-1.048062015409497860e+01 -9.480627545070905882e+00 -8.480641604316506488e+00 -7.481252496046106870e+00 -6.480621890080236369e+00 -5.479656540704045398e+00 -4.479033467275169045e+00 -3.483978838575165327e+00 -2.483978838575149339e+00 -1.476896186274561984e+00 -4.839788385751582211e-01 5.160211614248382261e-01 1.516021161424845332e+00 2.523103813725434463e+00 3.523103813725436240e+00 4.516021161424843555e+00 5.523103813725441569e+00 6.523103813725439792e+00 7.516021161424847108e+00 8.516021161424840002e+00 9.520722403275698298e+00 1.051922449384899849e+01
-1.048023604195219605e+01 -9.480868156660664070e+00 -8.480880830098270096e+00 -7.480404328216206267e+00 -6.480419370938408363e+00 -5.481797966767441466e+00 -4.479409072209474374e+00 -3.483817014504561271e+00 -2.483817014504539955e+00 -1.477231394160863687e+00 -4.838170145045541659e-01 5.161829854954422814e-01 1.522768605839130984e+00 2.516182985495445834e+00 3.522768605839132761e+00 4.522768605839136313e+00 5.516182985495447610e+00 6.516182985495445834e+00 7.522768605839129208e+00 8.516182985495442281e+00 9.522681553255438303e+00 1.051920885999095034e+01
