-1.048639881983404365e+01 -9.486400723457334649e+00 -8.486418616026645267e+00 -7.486652057617932954e+00 -6.486684326082468033e+00 -5.487108640372762025e+00 -4.484988778829583467e+00 -3.483754672110094930e+00 -2.490436382591722619e+00 -1.490436382591722619e+00 -4.837546721100896008e-01 5.095636174082667225e-01 1.516245327889910399e+00 2.516245327889903294e+00 3.516245327889905070e+00 4.509563617408264946e+00 5.516245327889908623e+00 6.509563617408261393e+00 7.516245327889910399e+00 8.516245327889899741e+00 9.512407749891266917e+00 1.051355782151221163e+01
-9.512371857251414653e+00 -8.830894264601395705e+00 -7.882034928879925850e+00 -7.074751959396895273e+00 -5.735739242621057166e+00 -5.860448330505419356e+00 -5.390800231291766664e+00 -1.420477338462229788e+00 -4.204773384622018106e-01 5.795226615377844226e-01 1.579522661537779760e+00 2.579522661537782646e+00 -6.813530233026783289e-01 3.186469766973152318e-01 5.579522661537779982e+00 2.318646976697318784e+00 3.318646976697328999e+00 4.318646976697324114e+00 5.318646976697324114e+00 6.635503032319546968e+00 1.126266602677179129e+01 9.298948245389464518e+00
-1.048617945425216647e+01 -9.486192421987654555e+00 -8.486432785168295467e+00 -7.486157113686219944e+00 -6.486735532060261988e+00 -5.487436743453153909e+00 -4.488024374470116484e+00 -3.489899011328839507e+00 -2.482843728736037647e+00 -1.482843728736048305e+00 -4.828437287360536345e-01 5.101009886711747043e-01 1.517156271263946365e+00 2.517156271263941036e+00 3.510100988671171152e+00 4.510100988671171152e+00 5.517156271263942813e+00 6.510100988671178257e+00 7.515249004587525761e+00 8.512008255347597085e+00 9.512008255347598862e+00 1.051354465819894202e+01
-1.048639193075632647e+01 -9.486396833238275761e+00 -8.486409871754322154e+00 -7.486846859482231054e+00 -6.486145849255001039e+00 -5.487408622083346899e+00 -4.485152549025688273e+00 -3.482770032164740570e+00 -2.489511377093471367e+00 -1.489511377093478472e+00 -4.895113770934855779e-01 5.172299678352576535e-01 1.510488622906516198e+00 2.517229967835255877e+00 3.517229967835255877e+00 4.510488622906516198e+00 5.517229967835259430e+00 6.517229967835254101e+00 7.510488622906521528e+00 8.510488622906512646e+00 9.513540559532946972e+00 1.051350610804827213e+01
-1.048556009781626841e+01 -9.486311347308479469e+00 -8.486325779083086829e+00 -7.486158595505095548e+00 -6.486819983544663160e+00 -5.487428994002669924e+00 -4.488098056140259473e+00 -3.490249575200401466e+00 -2.481157251718345336e+00 -1.481157251718357770e+00 -4.902495752003961371e-01 5.188427482816404535e-01 1.509750424799605639e+00 2.518842748281640453e+00 3.518842748281636901e+00 4.509750424799603863e+00 5.509750424799598534e+00 6.509750424799603863e+00 7.518012314018891473e+00 8.510580851611779352e+00 9.510580851611766917e+00 1.051390686529604679e+01
-1.048722961206330240e+01 -9.486008476804604683e+00 -8.486037757586348818e+00 -7.485917296599279069e+00 -6.486043598841535029e+00 -5.485183161090734671e+00 -4.490033682774413393e+00 -3.476092737506748520e+00 -2.492909398268556842e+00 -1.492909398268572829e+00 -4.929093982685763820e-01 5.239072624932568090e-01 1.507090601731425394e+00 2.507090601731416513e+00 3.523907262493255033e+00 4.523907262493262138e+00 5.520662072707299473e+00 6.510335806418543925e+00 7.510335806418547477e+00 8.510335806418543925e+00 9.510335806418542148e+00 1.051246054809200636e+01
-9.494135521002560196e+00 -8.527181960763307700e+00 -7.615629466720265306e+00 -6.571613623907802015e+00 -5.662961918094124414e+00 -5.999718632707408794e+00 -2.671865429472178199e+00 3.043920081931030808e-01 1.304392008193125951e+00 2.304392008193121733e+00 3.304392008193108410e+00 -2.486088700114024608e+00 5.304392008193124397e+00 -4.860887001140260510e-01 5.139112998859757253e-01 1.513911299885976947e+00 2.513911299885970063e+00 3.513911299885978501e+00 4.513911299885982054e+00 5.513911299885967843e+00 8.417181318019888892e+00 1.079176911393795280e+01
-1.048619222370067661e+01 -9.486200784417720300e+00 -8.486277503046128601e+00 -7.487209660085797580e+00 -6.485975098880864209e+00 -5.488052909347162611e+00 -4.484729361805060321e+00 -3.490476739677534468e+00 -2.490476739677516704e+00 -1.480109688910578924e+00 -4.904767396775291388e-01 5.198903110894139701e-01 1.519890311089413970e+00 2.509523260322469085e+00 3.509523260322474414e+00 4.509523260322467308e+00 5.519890311089415746e+00 6.519890311089413970e+00 7.509523260322481519e+00 8.509523260322469085e+00 9.514466079798593157e+00 1.051362814280119018e+01
-1.048629984750670019e+01 -9.486308851533314268e+00 -8.486418244682939260e+00 -7.486205538057497222e+00 -6.486223613165993385e+00 -5.487183329903281503e+00 -4.487695751034408431e+00 -3.489101228558226353e+00 -2.483635475181708685e+00 -1.489101228558212142e+00 -4.836354751817282249e-01 5.108987714417896342e-01 1.516364524818275328e+00 2.510898771441787858e+00 3.516364524818269999e+00 4.516364524818273551e+00 5.510898771441787858e+00 6.516364524818275328e+00 7.510898771441793187e+00 8.516364524818266446e+00 9.512081640518522008e+00 1.051340355233034352e+01
-1.048701725087390457e+01 -9.487103804268613771e+00 -8.486870012500082439e+00 -7.486825130202582557e+00 -6.486269793727187150e+00 -5.487398832359112077e+00 -4.487987525083809714e+00 -3.481608367779058355e+00 -2.489884800531644515e+00 -1.489884800531662279e+00 -4.816083677790530260e-01 5.183916322209451977e-01 1.518391632220948750e+00 2.510115199468334168e+00 3.510115199468341274e+00 4.510115199468339497e+00 5.510115199468339497e+00 6.518391632220945198e+00 7.513716325841164334e+00 8.514790513298708063e+00 9.514790513298718722e+00 1.051261995800515692e+01
-1.015566724466824766e+01 -8.765076591059276723e+00 -7.842529330921083286e+00 -6.980014619711268686e+00 -6.072380872046771572e+00 -5.156222103990335981e+00 -3.850415609434266084e+00 -5.386758737115382445e+00 -1.855392029756367744e+00 -8.553920297563712971e-01 1.446079702436265380e-01 1.144607970243626927e+00 2.144607970243631812e+00 3.144607970243625594e+00 1.613241262884625327e+00 2.613241262884626437e+00 6.144607970243632700e+00 4.613241262884618443e+00 8.144607970243630035e+00 6.897052774636766692e+00 9.860796152102150103e+00 1.075372295094839004e+01
-9.162146398969381877e+00 -8.760484362012409321e+00 -7.833216938892155312e+00 -7.001007337290643839e+00 -5.806137777060992100e+00 -5.524597577414728455e+00 -3.026596063936121350e+00 -1.356094944024758941e+00 -3.560949440247330733e-01 6.439050559752556024e-01 1.643905055975248164e+00 -2.108989045946855878e+00 -1.108989045946852103e+00 4.643905055975245944e+00 5.643905055975250384e+00 1.891010954053143678e+00 2.891010954053134796e+00 3.891010954053139237e+00 9.643905055975254825e+00 5.891010954053129467e+00 6.739487876782278342e+00 8.820391781992112712e+00
3.954088994602904528e-01 -1.521657203683555615e+00 -2.052404785874097470e+00 -1.964274528729780922e+00 -1.989197461047849558e+00 -3.508757958247852748e+00 -2.776007505862315039e+00 -4.814068641751498845e+00 -4.318530259312847619e+00 -2.814068641751484634e+00 -1.814068641751492184e+00 -8.140686417514856332e-01 1.859313582484832805e-01 1.185931358248493828e+00 1.681469740687103753e+00 3.185931358248508705e+00 4.185931358248504708e+00 4.681469740687228764e+00 6.185931358248513590e+00 7.185931358248498491e+00 3.240245689477009972e+00 -3.427983630694808159e+00
-1.048639663054860449e+01 -9.486399238251815191e+00 -8.486416545950545398e+00 -7.486645461314125782e+00 -6.486687858842982379e+00 -5.487093103372238545e+00 -4.485030935399898055e+00 -3.483824250542307155e+00 -2.490334519439109329e+00 -1.483824250542294720e+00 -4.903345194391199868e-01 5.096654805608782368e-01 1.516175749457698174e+00 2.509665480560876460e+00 3.516175749457699951e+00 4.516175749457701727e+00 5.509665480560876460e+00 6.516175749457694621e+00 7.516175749457698174e+00 8.516175749457692845e+00 9.512482090599160500e+00 1.051354860395871249e+01
-1.048635217462746283e+01 -9.486358258026548640e+00 -8.486371486532396702e+00 -7.486218541013917260e+00 -6.486706963824936167e+00 -5.487190472978076272e+00 -4.485223232853135400e+00 -3.483685641634192365e+00 -2.489650881933874516e+00 -1.483685641634179930e+00 -4.836856416341870357e-01 5.103491180661112736e-01 1.510349118066109497e+00 2.516314358365807635e+00 3.516314358365807635e+00 4.510349118066105945e+00 5.510349118066114826e+00 6.516314358365814741e+00 7.510349118066118379e+00 8.516314358365805859e+00 9.513700880956918127e+00 1.051351935128596793e+01
-3.859523425097636462e+00 -1.649054511954541447e+00 -1.173222890382019656e+00 -3.516473907355989414e+00 -3.700535562575162807e+00 -1.747239709673686470e+00 -2.376817738754501974e+00 -4.641063872730351036e+00 -3.641063872730330608e+00 -2.641063872730343043e+00 -1.641063872730343487e+00 -6.410638727303541451e-01 -4.983162233077654824e-01 5.016837766922346287e-01 2.358936127269650740e+00 3.358936127269643634e+00 4.358936127269664951e+00 4.501683776692223304e+00 6.358936127269656069e+00 3.365314045986925073e+00 1.149530410551535020e+01 -4.274132561868757563e+00
-9.579413393634242269e+00 -8.608032396462448332e+00 -7.716744055589250806e+00 -6.759648662791962970e+00 -6.000557896403688751e+00 -4.889128754654347375e+00 -3.813657854993951268e+00 -1.960845119049560603e+00 -9.608451190495381766e-01 3.915488095045149830e-02 1.039154880950451165e+00 2.039154880950446724e+00 3.039154880950448501e+00 -1.463184635899626995e+00 5.039154880950444948e+00 5.368153641003825527e-01 7.039154880950450277e+00 2.536815364100378112e+00 9.039154880950452053e+00 4.536815364100371006e+00 6.339198890730271430e+00 1.082742305818763917e+01
-1.048521635613661829e+01 -9.486019007184289364e+00 -8.486039794304153006e+00 -7.486041031100558740e+00 -6.486060708083886794e+00 -5.485569118776115971e+00 -4.489214933731343393e+00 -3.490941985764298039e+00 -2.478948018767612282e+00 -1.490941985764287381e+00 -4.909419857642962626e-01 5.090580142357019611e-01 1.521051981232377059e+00 2.521051981232368178e+00 3.509058014235703737e+00 4.509058014235701961e+00 5.521051981232368178e+00 6.509058014235700185e+00 7.509058014235705514e+00 8.521051981232375283e+00 9.511371054432599337e+00 1.051416019418022429e+01
-1.048615094257354485e+01 -9.486304700205277385e+00 -8.486406702378939571e+00 -7.486180275509330073e+00 -6.486209604719819666e+00 -5.487199209461177674e+00 -4.487744472751568736e+00 -3.483410999009576514e+00 -2.489196132699195374e+00 -1.489196132699206032e+00 -4.891961326992078085e-01 5.108038673007904151e-01 1.516589000990432368e+00 2.510803867300788639e+00 3.516589000990432368e+00 4.516589000990434144e+00 5.516589000990439473e+00 6.510803867300792191e+00 7.516589000990439473e+00 8.515354097058812854e+00 9.512038771232404599e+00 1.051354014890437050e+01
-9.562071506063972492e+00 -8.595255364079573468e+00 -7.674101749370817238e+00 -6.738121175761095039e+00 -6.048475259674106042e+00 -4.827079327208698700e+00 -3.714059605163929856e+00 -1.874479100854534508e+00 -5.012857324355753263e+00 1.255208991454747069e-01 1.125520899145464160e+00 2.125520899145461495e+00 3.125520899145463716e+00 4.125520899145460163e+00 9.871426756442349681e-01 1.987142675644239187e+00 2.987142675644238743e+00 3.987142675644232970e+00 4.987142675644242296e+00 1.012552089914546549e+01 7.950391281060185555e+00 1.070636467772188283e+01
-1.048590922728175912e+01 -9.485921900719393562e+00 -8.486289139837008833e+00 -7.485943209379916752e+00 -6.487056460231521271e+00 -5.487765636295064198e+00 -4.484898265451183974e+00 -3.481327559798955917e+00 -2.481327559798934601e+00 -1.481327559798950588e+00 -4.900805838406032677e-01 5.099194161593967323e-01 1.509919416159396732e+00 2.509919416159396732e+00 3.509919416159396732e+00 4.509919416159400285e+00 5.509919416159396732e+00 6.518672440201047635e+00 7.518672440201044083e+00 8.509919416159403838e+00 9.516335938125848770e+00 1.051382469013333854e+01
-5.038853266082917060e+00 -1.668386356842080032e+00 -1.009187258633266637e+00 -2.641868983327204656e-01 -7.883588177137150765e-01 7.975766709519958031e-01 -2.202514900526862718e+00 -2.620415651066783091e+00 -3.255406920945290050e+00 -2.255406920945289606e+00 -1.255406920945287164e+00 1.379584348933240889e+00 7.445930790547170552e-01 6.864531834704737712e+00 -7.403559101343899496e-01 2.596440898656258156e-01 1.259644089865627370e+00 2.259644089865629368e+00 3.259644089865621819e+00 4.259644089865618710e+00 5.259644089865620487e+00 -4.946576331326275167e+00
-1.048686137795445461e+01 -9.486439913511262034e+00 -8.486453581601367091e+00 -7.486192364245654929e+00 -6.486767783761006712e+00 -5.487346883863198244e+00 -4.487927448004478848e+00 -3.482538763433698392e+00 -2.482538763433668194e+00 -1.482538763433689510e+00 -4.825387634336895104e-01 5.102511532604729894e-01 1.510251153260472989e+00 2.510251153260472989e+00 3.510251153260476542e+00 4.510251153260472989e+00 5.517461236566308713e+00 6.517461236566308713e+00 7.510251153260480095e+00 8.514358233660466624e+00 9.513354156166315079e+00 1.051309694349765778e+01
-1.048576060157608225e+01 -9.486384870823123094e+00 -8.486397883262144504e+00 -7.485871607776413583e+00 -6.485912999476891372e+00 -5.487447070296521900e+00 -4.484773924912911269e+00 -3.482357910241606902e+00 -2.482357910241583809e+00 -1.489742165770035598e+00 -4.897421657700444797e-01 5.102578342299555203e-01 1.517642089758407309e+00 2.517642089758400203e+00 3.510257834229955520e+00 4.510257834229955520e+00 5.517642089758401980e+00 6.510257834229955520e+00 7.510257834229962626e+00 8.517207910899401213e+00 9.510692016814243033e+00 1.051372806135226412e+01
-1.048686150478374657e+01 -9.486873883923346185e+00 -8.486482154747310602e+00 -7.486838676204760290e+00 -6.485954791476791215e+00 -5.488771911879849696e+00 -4.489724729379473089e+00 -3.482779514213870442e+00 -2.482779514213850902e+00 -1.482779514213861560e+00 -4.827795142138668893e-01 5.068882329558643818e-01 1.517220485786134887e+00 2.517220485786131334e+00 3.506888232955867934e+00 4.517220485786127782e+00 5.506888232955862605e+00 6.517220485786131334e+00 7.508383121172128583e+00 8.515725601295157432e+00 9.515725601295164537e+00 1.051233906281941444e+01
-9.260055945610348616e+00 -8.520336959901417373e+00 -7.737876275091775113e+00 -6.634321446030268632e+00 -6.034758733973126787e+00 -5.501420265086941264e+00 -3.232023876658028705e+00 -1.566348987662446568e+00 -5.663489876624240305e-01 -3.004477922922694333e+00 -2.004477922922691668e+00 -1.004477922922691224e+00 3.433651012337563202e+00 4.433651012337556097e+00 1.995522077077314993e+00 2.995522077077316769e+00 3.995522077077312773e+00 4.995522077077316325e+00 5.995522077077319878e+00 9.516979800884609375e+00 8.912193208988950843e+00 9.091934145853146632e+00
-9.305950932990754154e+00 -8.527069091024021219e+00 -7.732872613389734973e+00 -6.680605814987905511e+00 -6.017794910885154280e+00 -4.848823676603021049e+00 -3.786902672640031220e+00 -2.074262172654501857e+00 -4.456945385689687456e+00 -7.426217265449253091e-02 9.257378273455051376e-01 1.925737827345506137e+00 -4.569453856897121025e-01 5.430546143102881196e-01 4.925737827345504805e+00 2.543054614310286787e+00 3.543054614310289452e+00 7.925737827345508357e+00 8.925737827345514575e+00 6.543054614310288564e+00 7.129900813505187784e+00 9.330720741078700087e+00
-1.048596198535096136e+01 -9.486268077553653200e+00 -8.486280769617707165e+00 -7.486708149821923897e+00 -6.486178886653334530e+00 -5.487265617163339826e+00 -4.485169780017288943e+00 -3.489765015007421312e+00 -2.489765015007401772e+00 -1.489765015007401772e+00 -4.833598849786895357e-01 5.102349849925840175e-01 1.516640115021312241e+00 2.516640115021308688e+00 3.516640115021312241e+00 4.516640115021308688e+00 5.516640115021310464e+00 6.510234984992591123e+00 7.515433396636101548e+00 8.511441703377805368e+00 9.511441703377805368e+00 1.051359516703947605e+01
-1.048680881495496919e+01 -9.486719340932614486e+00 -8.486469940197721940e+00 -7.486777876419104416e+00 -6.486795433712256198e+00 -5.485590686005615169e+00 -4.484909527850405198e+00 -3.483132188123734707e+00 -2.490409594875828247e+00 -1.483132188123725825e+00 -4.831321881237276017e-01 5.168678118762723983e-01 1.509590405124162871e+00 2.516867811876265293e+00 3.509590405124162871e+00 4.516867811876272398e+00 5.509590405124159318e+00 6.509590405124159318e+00 7.511752291667203707e+00 8.514705921607943040e+00 9.514705921607948369e+00 1.051284290765497609e+01
-5.412187567427828583e-02 -2.144969262600320725e+00 -2.141398571835762432e+00 -3.204424771482871748e+00 -2.800261100805556680e+00 -1.002361551582900745e+00 -2.590604029726304880e+00 -4.125840464914171335e+00 -3.125840464914170447e+00 -2.125840464914166894e+00 -1.125840464914176220e+00 -2.983418721642776550e+00 8.741595350858240021e-01 1.874159535085833328e+00 2.874159535085823336e+00 3.874159535085825112e+00 4.874159535085828665e+00 3.016581278357222118e+00 4.016581278357254092e+00 7.874159535085822448e+00 2.373819215438043528e+00 -3.927922918316458123e+00
-1.048677569204429005e+01 -9.486430044709257103e+00 -8.486443358896794464e+00 -7.486742957918488983e+00 -6.486757408319535401e+00 -5.485737513242790797e+00 -4.487855724482360031e+00 -3.489396202801302138e+00 -2.489396202801284375e+00 -1.489396202801286151e+00 -4.830839070068080332e-01 5.169160929931919668e-01 1.510603797198704967e+00 2.516916092993188414e+00 3.510603797198699638e+00 4.516916092993191967e+00 5.516916092993186638e+00 6.516916092993188414e+00 7.510603797198719178e+00 8.514175370843574342e+00 9.513344526798892531e+00 1.051319778016345197e+01
-1.048702763071791821e+01 -9.486501567573707661e+00 -8.486523878337308702e+00 -7.486711621792492721e+00 -6.486182943494471331e+00 -5.485785313458611867e+00 -4.485261261971151825e+00 -3.483376905830073866e+00 -2.491804149509817989e+00 -1.483376905830061432e+00 -4.833769058300703136e-01 5.081958504901642470e-01 1.516623094169927910e+00 2.508195850490162471e+00 3.508195850490167800e+00 4.516623094169935015e+00 5.516623094169924357e+00 6.516623094169924357e+00 7.516623094169936792e+00 8.516623094169935015e+00 9.508660748092967907e+00 1.051203653910620339e+01
-1.048641662909231798e+01 -9.486416629092255803e+00 -8.486428706483417628e+00 -7.486150486902793944e+00 -6.486165246502924475e+00 -5.485627880827955494e+00 -4.484949080781511555e+00 -3.483338667587819515e+00 -2.483338667587789317e+00 -1.483338667587815962e+00 -4.894225434823606946e-01 5.105774565176428581e-01 1.510577456517639305e+00 2.510577456517639305e+00 3.510577456517641082e+00 4.510577456517639305e+00 5.516661332412187591e+00 6.516661332412191143e+00 7.510577456517648187e+00 8.516661332412175156e+00 9.513655418022100463e+00 1.051358337090773176e+01
2.644708453617836685e-01 -5.292257710253498004e+00 -5.054756002328244513e+00 -4.432212472091114464e+00 -1.350166329352540773e+00 -2.057757790090173788e+00 -2.489548203738069621e+00 -5.276271252329808981e+00 -2.352971771644778887e+00 -1.352971771644788879e+00 -2.276271252329800099e+00 -1.276271252329796546e+00 -2.762712523297966571e-01 7.237287476701923516e-01 1.723728747670201455e+00 2.723728747670186578e+00 3.723728747670196348e+00 4.723728747670205230e+00 5.723728747670197237e+00 4.373068831762376263e+00 1.199768801578249189e+01 -2.190778799121854803e+00
-8.698968584743347776e+00 -8.278309772108734421e+00 -7.496380431975740777e+00 -6.601787551757408501e+00 -6.070496471055504273e+00 -4.416401369209276950e+00 -4.950358489385219940e+00 -1.361681361147007108e+00 -3.616813611469901213e-01 6.383186388530029953e-01 -2.199054971330437258e+00 -1.199054971330433927e+00 -1.990549713304385904e-01 8.009450286695649623e-01 5.638318638852995335e+00 2.800945028669564962e+00 3.800945028669564962e+00 4.800945028669565851e+00 9.638318638853005993e+00 6.800945028669566739e+00 7.276503127989732533e+00 9.936140437967535988e+00
-1.586490031423400282e+00 -1.180636056187614358e+00 -4.099150981532934779e+00 -2.997473899461353675e+00 -3.325183732427456018e+00 -3.873450960695742129e+00 -3.376721199240143800e+00 -6.013113922423288571e+00 -8.764224213741269587e-01 -4.013113922423262814e+00 1.123577578625870821e+00 -2.013113922423284130e+00 -1.013113922423280577e+00 -1.311392242328579538e-02 5.123577578625861939e+00 1.986886077576724752e+00 2.986886077576718090e+00 3.986886077576724752e+00 4.986886077576727416e+00 5.986886077576726528e+00 -8.924944099403555597e-01 9.391102078607744374e+00
-1.048622421547774053e+01 -9.486264307051886391e+00 -8.486413571983582926e+00 -7.486134517937911070e+00 -6.486681658774609005e+00 -5.485674154013386428e+00 -4.487808790057902897e+00 -3.483148608356730236e+00 -2.489600110799067068e+00 -1.483148608356716025e+00 -4.896001107990795020e-01 5.103998892009204980e-01 1.516851391643278646e+00 2.516851391643275093e+00 3.510399889200924051e+00 4.510399889200916945e+00 5.510399889200922274e+00 6.516851391643282199e+00 7.516851391643291080e+00 8.514937687665213417e+00 9.512313585728406906e+00 1.051353657618163773e+01
-1.048630778677760844e+01 -9.486310759559257733e+00 -8.486324103549106823e+00 -7.486624820157899762e+00 -6.486711537465440713e+00 -5.487372716888778257e+00 -4.485193444415919828e+00 -3.482929630205040539e+00 -2.489486569538698291e+00 -1.482929630205028104e+00 -4.894865695387089488e-01 5.105134304612839458e-01 1.510513430461287498e+00 2.517070369794963014e+00 3.517070369794964790e+00 4.510513430461287498e+00 5.517070369794959461e+00 6.510513430461285722e+00 7.510513430461299933e+00 8.517070369794959461e+00 9.514297278597940277e+00 1.051362597756087958e+01
-9.389601031386586527e+00 -8.712475181008787928e+00 -7.786909556385414710e+00 -6.721468560022799466e+00 -6.032795508705338428e+00 -4.842968046418593353e+00 -3.791060476937059498e+00 -1.978506611899769174e+00 -9.785066118997485241e-01 -3.994843260156720532e+00 1.021493388100234601e+00 2.021493388100234156e+00 3.021493388100235045e+00 5.156739843268143275e-03 5.021493388100232380e+00 2.005156739843281244e+00 3.005156739843268365e+00 8.021493388100230604e+00 9.021493388100235933e+00 6.005156739843263480e+00 6.805977425596076102e+00 8.572664450593828533e+00
-9.024920645066487168e+00 -8.592287733981171627e+00 -7.694547551609357328e+00 -6.740524771294657214e+00 -5.846012115800637510e+00 -4.823220933657466958e+00 -3.380693863927250131e+00 -2.791456474574313340e+00 -1.791456474574297797e+00 -7.914564745743020158e-01 -2.429360685546857468e+00 1.208543525425688880e+00 -4.293606855468520278e-01 3.208543525425688880e+00 4.208543525425688436e+00 5.208543525425688436e+00 3.570639314453141200e+00 4.570639314453138091e+00 5.480876174325383765e+00 9.298307039216737735e+00 1.029830703921674129e+01 7.581449746129317546e+00
-1.048591126298361331e+01 -9.485924234444427228e+00 -8.486300809139548207e+00 -7.485425365919429197e+00 -6.485624736005600965e+00 -5.484244866127308882e+00 -4.481611890549007882e+00 -3.491331113333059122e+00 -2.491331113333039582e+00 -1.491331113333050240e+00 -4.780774096196349632e-01 5.086688866669479836e-01 1.521922590380368590e+00 2.508668886666947984e+00 3.521922590380366813e+00 4.508668886666944431e+00 5.508668886666944431e+00 6.508668886666944431e+00 7.521922590380373919e+00 8.508668886666940878e+00 9.514615716581998228e+00 1.051381142640655675e+01
-1.048535448617552390e+01 -9.486128638752459707e+00 -8.486142474480635300e+00 -7.486862737008118884e+00 -6.486884850331305685e+00 -5.485499087043757882e+00 -4.488495732911603753e+00 -3.490685793825171856e+00 -2.490685793825152317e+00 -1.490685793825152317e+00 -4.906857938251683038e-01 5.184691070833000737e-01 1.518469107083301850e+00 2.518469107083294745e+00 3.518469107083301850e+00 4.518469107083300074e+00 5.516794060102922614e+00 6.510989245704630335e+00 7.510989245704648098e+00 8.510989245704628559e+00 9.510989245704632111e+00 1.051410892300985367e+01
-1.033644106528956996e+01 -8.970384020646184453e+00 -7.869255025021736571e+00 -6.823780182753986345e+00 -5.935260787519247572e+00 -5.220267028746400584e+00 -3.405024075104288173e+00 -2.281898469866009638e+00 -1.281898469865992984e+00 -2.818984698659929844e-01 7.181015301340007984e-01 -1.365666135646832036e+00 -3.656661356468347002e-01 6.343338643531593046e-01 4.718101530133998800e+00 5.718101530134003241e+00 3.634333864353162635e+00 4.634333864353167520e+00 6.418885699006098733e+00 8.933549997171839507e+00 9.933549997171853718e+00 9.093242308505345761e+00
-1.048618606918240204e+01 -9.486273058436125893e+00 -8.486419488421903523e+00 -7.486153562299243447e+00 -6.486675661734548015e+00 -5.485703312537893339e+00 -4.487735648385502429e+00 -3.489425834945670601e+00 -2.483328670940613492e+00 -1.489425834945656391e+00 -4.894258349456617196e-01 5.166713290593776264e-01 1.510574165054340057e+00 2.510574165054334728e+00 3.516671329059377626e+00 4.516671329059379403e+00 5.516671329059379403e+00 6.516671329059377626e+00 7.510574165054347162e+00 8.515135648914348820e+00 9.512109841474076788e+00 1.051352266527034018e+01
-8.415731235976624092e+00 -8.709735444434697271e+00 -7.796017774671105016e+00 -6.716478076432205846e+00 -5.778230882895289078e+00 -4.472287756951495830e+00 -4.776132800122159239e+00 -5.038144586255654644e+00 -6.540030223979120816e-01 -3.038144586255653312e+00 1.345996977602076150e+00 -1.038144586255651092e+00 3.345996977602080147e+00 4.345996977602069045e+00 1.961855413744346244e+00 2.961855413744350685e+00 7.062062714931220064e+00 5.245788984893411389e+00 6.245788984893415829e+00 7.245788984893404283e+00 8.245788984893410500e+00 8.725224657192233835e+00
-1.048671566288587087e+01 -9.486531313170090129e+00 -8.486466720361615756e+00 -7.486245192248738078e+00 -6.486710812557824113e+00 -5.487232073802843502e+00 -4.487746242095141724e+00 -3.489341940392169050e+00 -2.489341940392151287e+00 -1.482993553985249235e+00 -4.829935539852598936e-01 5.106580596078380552e-01 1.510658059607839832e+00 2.517006446014734777e+00 3.517006446014734777e+00 4.510658059607836279e+00 5.517006446014736554e+00 6.517006446014734777e+00 7.510658059607852266e+00 8.513453301380963012e+00 9.514211207966896566e+00 1.051309079338201968e+01
-9.034491179901360525e+00 -8.576224913077552969e+00 -7.655283793994988706e+00 -6.808333493662681590e+00 -5.903573066968193395e+00 -5.610912931438039486e+00 -3.227902348276591837e+00 -1.334718094404850453e+00 -3.347180944048057105e-01 -3.636050842108935477e+00 -2.636050842108941250e+00 2.665281905595166201e+00 3.665281905595171086e+00 3.639491578910656333e-01 1.363949157891070296e+00 6.665281905595162648e+00 7.665281905595160872e+00 4.363949157891065411e+00 5.363949157891070740e+00 6.363949157891058306e+00 7.118122589987502025e+00 9.458357917867019182e+00
-1.048685593598267474e+01 -9.486436021260237439e+00 -8.486449320546601172e+00 -7.486717116765008839e+00 -6.486718748442140026e+00 -5.487250306389556798e+00 -4.487796955487938888e+00 -3.489473190835935767e+00 -2.482782159677956457e+00 -1.489473190835925109e+00 -4.827821596779600100e-01 5.172178403220364373e-01 1.510526809164073114e+00 2.510526809164067785e+00 3.517217840322038214e+00 4.510526809164066009e+00 5.517217840322038214e+00 6.517217840322036437e+00 7.510526809164081996e+00 8.514416936107661371e+00 9.513327713378451733e+00 1.051310617781497747e+01
-1.048598278161482966e+01 -9.486390138383621107e+00 -8.486401671882379816e+00 -7.486639047380224454e+00 -6.486685557629579435e+00 -5.487151382829667412e+00 -4.487685507502080284e+00 -3.489142122085812758e+00 -2.489142122085794995e+00 -1.483361026610852562e+00 -4.833610266108543385e-01 5.108578779141872417e-01 1.510857877914189018e+00 2.516638973389145661e+00 3.516638973389143885e+00 4.510857877914190794e+00 5.516638973389147438e+00 6.516638973389145661e+00 7.510857877914197900e+00 8.516254255209444679e+00 9.511242596093882895e+00 1.051355244744229189e+01
-1.048694876632225004e+01 -9.486594476313737090e+00 -8.486610305072218807e+00 -7.486869983883078561e+00 -6.486888897181904312e+00 -5.485576682300720819e+00 -4.488185350359831460e+00 -3.482655607671892639e+00 -2.482655607671869546e+00 -1.490230203182846935e+00 -4.826556076718961918e-01 5.173443923281055845e-01 1.509769796817145959e+00 2.517344392328103808e+00 3.517344392328105585e+00 4.509769796817140630e+00 5.509769796817142407e+00 6.509769796817142407e+00 7.513247504322377424e+00 8.513866684822874120e+00 9.513866684822875897e+00 1.051287256875499843e+01
