1.967106180609922220e-02 4.323686173034387015e-02 -3.538352198488914357e-02 4.695491284346969135e-02 -6.421714502307145078e-02 -2.460644273841586932e-02 2.835957855000155806e-02 -2.293699701338644537e-02 9.715661576261486188e-02 -8.158549216101013569e-04 -2.853179771797380304e-02 8.675425118885515818e-02
1.200811951255912613e-01 -9.338469147874893517e-02 8.395312263394687224e-02 5.127091593058154956e-02 -1.536345484991336330e-01 -2.761565752417495245e-01 6.344549100071079570e-03 9.110936357182181089e-02 2.442472746463626443e-01 -2.424145980301376999e-02 1.231085076545898743e-01 -2.705613115828168005e-02
-7.104772451080065832e-02 1.347217029216394579e-01 -1.484823300673537017e-01 6.918113887745372392e-02 -8.986333401779676711e-02 4.025710560184542902e-02 -2.264622655540957791e-02 8.892943161892516435e-02 2.016599286508416466e-01 -1.129822511097314242e-02 -1.747200178599681714e-02 -2.829794314033710900e-02
-9.004068873481251359e-03 -2.641225758485029607e-01 -4.934250926510417856e-01 7.301138414631808127e-01 1.297935914716719930e-01 2.876364338946655330e-01 -4.488351203446954152e-01 -3.719370954270031504e-01 -4.264238259799466024e-01 -4.811038170084824817e-02 5.984810996574766451e-01 4.614747168205620143e-01
-2.125402258048564585e-01 4.492790845074363937e-02 -5.573283613993872815e-02 8.949373335447283195e-02 7.844264399044721670e-02 1.663085540491365810e-01 1.858875923844138800e-02 -1.137136904333876375e-01 2.245063929617154008e-01 -2.995062741538007112e-02 -4.002964529822080481e-02 -2.465944447113584126e-02
6.628365501494606037e-03 -8.836501984871872328e-02 1.870398705537789502e-02 -3.890913201530330628e-02 4.858582009250965450e-02 1.263886351827687715e-01 -2.328273615407959116e-02 -1.067498412942161634e-01 1.090894189711898304e-01 -7.511184114840462186e-04 5.264729079335070394e-02 4.165585260914791282e-02
3.969418399267125169e-02 -5.693757971545859720e-02 -2.956401891051214925e-02 9.252859354418260796e-02 -4.400608018903937740e-02 -1.604498096660954276e-02 -3.940153723682585096e-02 4.062783271579432920e-02 1.399879878025868662e-01 -6.255022918030474222e-02 7.099545236643389767e-02 1.031189825911885474e-02
7.029935780368383805e-03 -1.209725443915607782e-02 6.865799941269280782e-02 -8.121377859385874032e-02 -5.989109202402385923e-03 -3.654918760562560903e-02 5.979585899753933620e-02 -8.134038617772237564e-03 1.569972988135564795e-01 -3.054880829554613292e-02 4.106020030438758961e-02 -1.336759407214588302e-02
7.576535554618617219e-02 -1.001689282963793975e-01 -1.430455287585990359e-02 1.087403597973731484e-01 2.559961196606513889e-02 -3.133135766406058287e-01 8.498685940762348845e-02 3.014116564982526059e-02 3.573072312735107309e-02 6.516579590555530987e-02 7.933082776987163132e-02 6.796788112503147905e-02
-2.575131042686393257e-01 -4.577051209161084322e-01 4.671970979086557674e-01 -2.100275602276698572e-01 1.984783757881624089e-01 1.137894272007495683e-01 6.451753177330291633e-01 -3.896699508055328498e-01 -7.340762455834078104e-02 -3.220379796201103262e-01 2.861174671736969044e-01 1.452451770741453041e-01
-5.909112106738307647e-03 -2.602635411713683650e-02 9.422661400912873964e-02 -1.647944302476694045e-01 -2.259797966498610089e-01 -3.975571431395472644e-01 4.532962090555726631e-01 1.525087163946216851e-01 3.047381924374485407e-01 5.875766490170766104e-02 -4.052868377820770598e-03 -9.356616967766819004e-02
-1.891410759497130778e-02 -8.745604639803866709e-03 1.606827454066031211e-02 -3.601822105475313562e-04 -4.236836922178215115e-02 2.023679302688583329e-02 6.527751164470939338e-02 -2.143941792410220676e-03 1.456044139967481721e-01 -5.140514878548937266e-03 -4.643843130972265948e-03 -1.922890725792987185e-02
-5.256285796366480523e-02 -2.470537535360508019e-01 3.338473567357334859e-02 3.840007001528877306e-01 -1.880621805228247512e-01 1.816884279500444732e-01 -1.555115991455921776e-01 1.569733272911249741e-02 5.899526601175821006e-02 1.432216790754537727e-01 -6.026313891549441720e-02 3.210691097283442652e-02
3.250536524709952690e-01 -7.559820341015319745e-01 -2.328875648213744043e-01 4.948985825955385387e-01 -2.709859498163115776e-01 2.762382556864206862e-01 -5.476260672534399854e-01 5.986418506606127066e-01 4.299575371313024696e-01 -3.552724453142754313e-01 7.293093943822680225e-02 1.106747658058743894e-01
-2.618119654692908221e-02 -9.817246528876005796e-02 -5.382251917459136559e-01 1.471303823904065167e-01 1.469867675689697506e-01 2.778932104974054518e-01 1.277680237710076272e-01 8.920949454842430626e-02 8.490238489698967439e-02 5.597366816448649807e-02 -6.691112544501745529e-02 -5.473243032903195304e-02
-7.765210359099612714e-03 3.507490748930980340e-02 3.050306289552923156e-02 -3.749076762751477054e-02 -6.846896383222120241e-02 2.996723558594170667e-02 2.828185982047909386e-02 -3.454270189825853210e-02 1.110280054034962077e-01 -2.097267850200718736e-04 8.299718449828361044e-02 -2.373336270888792149e-02
-7.431681034383555429e-02 -5.186723158979233972e-01 -5.751513710305628316e-03 -1.567974401364420622e-01 -8.278589325833471402e-02 4.552590824785053281e-01 7.895675172130888209e-01 -1.125622062200508922e-01 -3.707632593578210622e-01 -2.250989031409515728e-03 8.108309010069277012e-02 1.436322606458733664e-01
-4.465064454493807532e-03 -1.602434113422215173e-02 -5.377015032009723611e-03 -1.453955633383318020e-02 3.281748079502175286e-02 5.559282446578281758e-03 2.466093415121120569e-02 -2.485580664757042202e-03 1.598310064290066612e-01 -1.735796954918430307e-02 3.176589445848433321e-03 -2.015424361712854148e-02
-2.928993361285778807e-01 9.507447563755500042e-02 -1.231588796120395068e+00 -1.067358543865720488e+00 9.902378761560569620e-01 1.292709431218023841e+00 4.368218991076296964e-01 -7.542298004662938427e-01 3.494911254480263518e-01 1.073784647781202417e-01 1.888585355713717218e-01 3.114619114624130394e-02
-1.672939099793035178e-01 4.640199556819656068e-02 1.142128087902984923e-01 -2.410941524497191984e-02 6.580250192165067874e-03 1.362156803911996131e-02 6.279213333095054472e-02 -1.745817548191450769e-02 1.890098110562702105e-01 -5.107935392733931046e-02 -4.360948814988332978e-02 1.657329828844929936e-02
8.028283485074129422e-02 -1.986537391650786688e-01 -1.966825744945490881e-02 -2.205039901006952130e-01 1.427876957430852523e-01 6.048110306776677270e-02 2.136434818594934448e-01 -6.630021248499974595e-02 1.134361823351008325e-01 -8.476829583005426882e-02 1.870972515035662087e-01 -6.219253184743350760e-02
-4.669989610725462648e-03 -1.084423298881891096e-01 -9.565783463634690287e-02 6.576064082552397771e-02 -2.337386285832338539e-01 4.810696550510715763e-01 -1.448098023994269512e-01 -6.798186689764681989e-02 -3.767660432486632377e-03 3.037440083176757843e-01 2.363649670337674563e-02 -6.950116596755483156e-02
-2.357929329805720453e+00 -2.001566459047293467e+00 -1.011910858924876533e-01 1.069068634665725659e+00 -1.253809787675087328e+00 2.093133923848884415e+00 1.758881465331193716e+00 5.869234858727157000e-01 4.027273854670098130e-01 -8.528190526174737884e-02 8.962615166167275937e-02 -5.494095668282940326e-02
-1.007919087702965899e-01 3.525944791071184969e-01 6.348862011829096985e-02 -2.197927459866872157e-01 -1.696058224958758853e-01 -3.584154681355718464e-01 1.086013717695790692e-01 1.631913848447798243e-01 1.468121490193528833e-01 6.977168051479232247e-02 -4.355975292392159914e-02 1.333475354204771424e-01
5.102564244414441175e-02 -1.971747965410066382e-03 -1.497156039150488449e-01 7.891076126933994905e-02 -2.054888189481482094e-02 -1.212635173691665735e-01 1.476511826777225367e-01 -5.477072298813207007e-02 3.014070398687034857e-01 -7.959999723732553989e-02 1.871507289551384984e-02 -2.419770530348876528e-02
-2.149523661561601046e-03 -5.291793398753814187e-03 -2.243645056836203744e-01 6.691046202231661078e-03 -4.101452275796550750e-03 2.011645378521379202e-01 4.372316725875084742e-02 2.694999623159586091e-02 7.052904331080030176e-02 1.338973916972987788e-01 -9.773482939350833232e-03 -9.163290211169465571e-02
-2.989174429051313919e-01 3.038766750917745729e-01 -1.190818702695277259e-01 -3.051947584082826959e-01 2.237119656274348112e-01 1.817757171839304575e-01 -6.385348584088088031e-02 2.480386050027524880e-01 8.067184499339376258e-02 -7.592323377824077013e-02 4.461157105879613033e-02 -7.407406527398113782e-02
-2.110305220876580734e-02 7.023139087825730487e-05 -6.871727863552985413e-03 -1.736001695050698457e-03 6.369184616524395728e-03 1.541425687768730943e-02 5.689079399767778961e-02 -8.747612009916111431e-03 1.285654001591674533e-01 -7.623052864918766769e-03 -1.589433259150410671e-03 -1.399746465854285506e-02
1.015975817199830933e-05 4.309389393676602009e-03 -9.907685769528631198e-03 -1.297288887012826644e-02 -1.008825020732837842e-02 7.397804981719442730e-03 3.377622817462321014e-02 2.875914642155250403e-02 1.320592663888811580e-01 -2.103393391478616814e-02 9.089921381962308075e-03 -1.575763525677820881e-02
-1.983096498492886457e-03 -2.152307265763556132e-03 -1.921036752224491648e-02 -1.396094762945243942e-03 1.328743933325661833e-03 -4.673975166498583501e-03 6.211379873891618303e-02 3.613711293475610487e-03 1.432330288275068808e-01 -2.294051825689895005e-02 -6.114127881396516986e-03 -6.177272956946170887e-03
-4.553637615161221230e-02 9.160965984176636101e-02 1.074592179497865785e-02 -1.295042251453837057e-01 -1.506021676011314037e-01 2.190843037914255720e-02 8.059646109856224983e-02 6.759864290897760197e-02 2.207000798333646763e-01 7.018535104875207875e-02 -9.221468780156659439e-02 1.544322761872392313e-04
2.663557203640969095e-03 -1.991947031522267944e-02 -1.032097387099233619e-02 -9.887075905647910723e-01 -1.348199978957933219e-02 1.011292409435203155e+00 4.116999841705671487e-02 2.167617861931805251e-02 1.130246967149119430e-01 -1.256185932071798503e-02 3.335687222449607719e-02 -3.255029627128588898e-02
-5.992167349267550278e-03 3.988476003242819590e-01 3.008349059810292575e-02 -3.862627726374782688e-01 -5.579441558013877034e-02 -5.771371589941804991e-01 -5.317770874602094633e-01 1.163073467459053711e-01 7.225574123791864700e-01 6.832729360317135736e-02 3.754070167532227997e-01 -8.925035900558674073e-03
3.272314004477266773e-03 4.771065334026562688e-02 -4.430857640169466594e-01 -1.558576850059817942e-01 1.969549890932430214e-01 -1.611528794178192225e-01 2.416038216958549534e-01 3.860270176242786566e-01 3.512178686970605646e-01 -1.848346199740939777e-01 7.270354640901527388e-02 -2.089177399673162183e-01
-4.062794024723206943e-02 -3.624035316041628908e-03 -5.924178804206996218e-02 3.867398339955875619e-02 3.180118530106648689e-02 -5.184839646231459431e-02 1.140841837373328532e-01 8.014439689592051108e-02 8.063636675291346867e-02 -3.825031852781993202e-02 -2.178975941210652828e-02 1.568364440283021022e-02
-4.723296194509795515e-03 9.672650087894255760e-03 -4.325290819979810825e-02 6.514155542329595761e-02 -3.201129083457202040e-02 -2.994512250768817038e-02 3.267012653070349576e-02 4.081776317663892567e-02 5.395937042485741270e-02 3.909174477673355019e-02 4.993075345012899097e-02 -3.570982365164696026e-02
3.087416778751884971e-03 -6.106435457447504517e-02 1.006716326886954865e-01 1.298963439191783142e-02 -1.145655537145585517e-01 1.502453609856657483e-02 1.372220362072934796e-01 -1.103586555159384031e-01 4.425837213986291707e-02 5.913933451154068655e-02 -1.503597839035772030e-03 6.074072130941645525e-02
3.012329764702125767e-01 -2.612857783954688345e-02 1.860580557827076764e-01 -4.659469134081213326e-01 -2.960439834409066273e-02 -4.192904254098550054e-01 1.291096626151641280e-01 -1.765963574340613795e-01 2.341009409042787148e-01 2.050343158009496625e-01 7.042762251243134264e-02 1.372446208319686167e-01
-3.140842307208061013e-02 -3.098026800675380416e-03 -1.221243834146254481e-01 6.155417416578812251e-02 3.481837842447927170e-03 1.009810857256551037e-01 7.178362901472315483e-02 3.528141101842845184e-03 5.020216356548274500e-02 6.762296623713602572e-03 -9.421049618662588956e-03 1.340007734842807094e-02
1.096802134841991794e-01 -2.875297593614140612e-01 -2.293343550713365653e-01 7.360564947678255310e-02 -2.234006353481726020e-02 4.511355003046627066e-01 -3.492406785285847026e-01 1.975565033971601880e-01 1.313161608314874773e-01 1.738874251089157080e-02 1.165353607038334127e-01 -6.313175173082696823e-02
5.890094007407867087e-03 6.650635817995084742e-02 -2.762784889532722207e-02 -2.175377679711416878e-01 -6.842136496074287255e-02 -2.175114481086431670e-04 2.474958400340982745e-01 5.969481350452021662e-02 1.191423394122414353e-01 -2.878945438136989998e-02 -2.517103299556712470e-02 1.467705799607640568e-02
8.912462549662245048e-02 -1.502542873411867042e-01 -1.527518567863486720e-01 -2.211393075537063657e-01 3.123824646921855575e-01 -3.022776254405619423e-02 2.870017486722293287e-01 -7.988374646472300167e-02 1.238510171002866755e-01 -6.438187120052625556e-02 1.139386709113718588e-01 -8.201817250011120275e-02
-4.882115684110208131e-01 -6.223957545154825688e-01 9.686997290647153536e-02 1.514097337806890042e-01 3.479918165747252212e-01 1.114807490854442751e+00 -4.617589003019327842e-01 2.208082462865814666e-01 -4.392715603610509167e-01 1.718479587343638704e-01 -5.252917729530223734e-03 5.879700466378124518e-02
-2.161086570703341925e-01 -2.573459899846303744e-01 5.218943602717764918e-01 -5.585089258190402139e-01 1.899431954656353172e-01 4.189405961079201157e-01 -5.340376281179866347e-02 -7.482141298737834956e-02 1.214979156181530823e-01 1.279626557782225470e-02 -1.588411669779801194e-01 1.995991050918920207e-01
-3.590499458753981452e-04 -3.439475492048559013e-03 -2.030771519095124489e-02 7.375662004353681321e-03 -1.494966182346496326e-03 -1.132021813163681945e-02 6.408440805196598256e-02 5.558492261539632780e-03 1.512911473162578124e-01 -2.512318052598053186e-02 -1.496429820513811570e-02 -5.659283478102396410e-03
-1.142491028677616698e-02 1.101882178802272155e-02 -9.947909558102592253e-01 -1.017806297604913368e+00 1.009167831298905416e+00 9.782315766504433574e-01 5.829248466093192582e-02 -7.945726873390835526e-03 1.370963828780323301e-01 -2.104121188562676700e-02 1.330037162473868273e-02 -8.456843958070619713e-03
-2.611977186155456376e-01 -6.994543860457147488e-01 1.524335223522026439e-01 4.234523172111844813e-01 1.802085598694210672e-02 9.719598169399876197e-02 4.341327920320501854e-01 -5.272238008202306814e-01 2.863926245355202238e-01 1.734035989460628591e-01 6.764484020804577280e-02 -1.915910500247828066e-02
-3.892552234654783963e-03 -9.216742615129530636e-03 -5.189501303186101061e-02 2.526891888102201361e-02 -1.021381705129511056e-02 1.075899600063727202e-01 -2.389892859560757699e-02 -3.482059369469546473e-02 1.391853429088186489e-01 -3.862642876645887291e-02 7.297541283010074153e-02 -2.681403615457421050e-02
-7.683488223100895520e-02 -4.691180410502873016e-02 1.613228977230296221e-03 3.126662962765828224e-01 -1.571944502081640826e-01 -2.812791245308140509e-01 9.370060083260953188e-02 9.996471139752091672e-03 1.960068908357155415e-01 2.091840646066308110e-02 4.201326238618824371e-02 3.094662664831169391e-02
-3.876134542453917031e-02 6.919351554035677032e-02 7.938206564158084566e-02 -2.020827553502398399e-01 -1.046903581891764703e-02 -9.740324339597798697e-02 1.062840785681074957e-01 3.801994175110646329e-02 2.153223398368413477e-01 -5.449835561712475934e-02 6.245515001103445207e-02 -2.180083326019040951e-02
-4.260780860412633486e-01 -9.771189178747398396e-02 -8.481025609228542983e-02 4.087308160799917878e-01 1.588490553324050925e-01 4.231593448930965479e-02 1.696676033789876192e-01 -4.006138537967727231e-01 5.062957128655160011e-01 5.744429102393232289e-02 1.017885688390392368e-01 -2.902363718093486922e-01
3.973775109497663938e-02 -4.951100314383263291e-03 -8.381410359819020661e-02 7.898572926577622499e-02 -4.014673702192025212e-02 -4.862401876827739389e-01 5.137598123172212317e-01 1.990344949265663698e-04 1.110668696520698273e-01 -3.321431646279162514e-02 3.298863002751400292e-02 1.727014070961234438e-02
-5.182636895449502755e-03 2.248493602617549891e-03 -9.350607650279237071e-02 -2.198924969765201076e-01 1.655561732317900880e-01 2.090925742369134921e-01 -8.167941881924370429e-02 6.853066928689775794e-02 2.059533944640090930e-01 -1.930430434098334702e-02 -5.290637688933898242e-02 -3.326847191586242841e-02
-4.576422748726794582e-02 6.119181046159612863e-02 6.345433339497948133e-03 -2.379054241715299750e-02 5.650150830594455331e-02 -7.169373080893404193e-02 -4.467604142601643014e-02 3.117148988563864243e-02 1.340850640943233307e-01 2.190242639250897239e-02 3.563016076011495115e-02 -1.526182861821558968e-02
3.019353226403725388e-01 1.826802325006415539e-01 -2.860434416096663268e-01 -1.591426568980314205e-01 -6.888764195377831134e-01 -3.700760515137383605e-02 3.119099087897870271e-01 -1.099735314289869703e-01 4.958204350124639781e-01 -1.935623502582726752e-01 2.579319208045502965e-01 6.996970761833644359e-02
-1.274802947240230230e-02 -1.010788452730339813e-02 -2.607746220599000894e-02 1.543479166769158410e-02 2.488578561584452176e-02 -1.191755178704914306e-02 4.779974852375813710e-02 2.735323582377883339e-04 1.608574240616326145e-01 -1.899360771762492392e-02 5.189684253807530512e-04 -2.428419246013807306e-02
1.308096054161679289e-01 -7.668648675824020489e-02 2.320024678785931049e-01 -3.215249080308933971e-01 -9.664704682397769198e-02 -2.190098010146267205e-01 1.520117816101947683e-01 1.665336291218626544e-02 1.883765552470606786e-01 -1.002663835451552965e-01 1.629687407858339820e-01 7.695363480489401942e-02
-4.897686923848310059e-01 2.801308548011148813e-01 1.448616162677660024e-01 -3.106643059386453021e-01 1.702388748386391426e-01 -3.386862777844391048e-01 4.926807787415537487e-01 2.960813342619365018e-01 7.074024601154849101e-02 -2.931395882108708273e-01 1.199794375604554958e-01 3.187244317809453768e-03
-3.795304808351004366e-01 6.327468287977409123e-01 -1.457562840295703488e+00 -2.031007828651926195e-02 3.415014555097671822e-01 -2.093586125857049146e-02 -4.416459540565655928e-01 6.898421106986771800e-01 1.440929050103669506e-01 3.477455313901691158e-01 5.057644207749930620e-01 -1.960665149672173313e-01
-2.117272759391361614e+00 -5.226442309880220405e-01 1.360107272165633763e+00 -2.462501798856217228e+00 5.595846618305383435e-01 7.684444263240277628e-01 5.468637360823794813e-01 6.948446359724006482e-01 7.637058749681018277e-01 4.013044054973090025e-01 4.379493820912462865e-01 -2.847440832139991884e-01
2.609273959236439039e-02 -1.302610403134571437e-01 1.375736697557301824e-01 -6.418755138918386116e-02 -6.433103111487184500e-02 5.284423350774010431e-02 6.024397825283581143e-02 1.019880119122579601e-02 1.616522191193239255e-01 -6.410413586872724945e-02 3.490864281875636493e-02 -1.498900306969896956e-02
8.725509730737571190e-02 -9.841941465687371882e-02 -2.076549556868922952e-01 -1.506690105356326206e-02 -5.445589163605688704e-02 1.630685566921268870e-01 8.149042391300773125e-02 1.802387595082787231e-01 2.167619849508931884e-01 -1.052634949863974073e-01 -9.928736908494670277e-02 -3.025272784914462276e-03
-1.381121734994196146e-02 -9.784808112421745918e-02 -1.016756870617516600e-01 1.203354727049883305e-01 6.303145598353128432e-02 1.400641526552583449e-01 -6.576412889334928846e-02 -9.174145360437459262e-03 1.192283419981351733e-01 -9.446740634664366545e-03 -7.852392307438362667e-03 8.554491871924967128e-03
-6.176384189454903195e-03 -2.070993727640921822e-01 2.554403488530558874e-01 1.765158200835178701e-02 -4.871706059756150675e-02 4.104747216158549650e-02 -4.496116541760566271e-02 4.357440134944282062e-02 -9.457736362689725396e-02 1.272012115338763683e-02 8.547921063163674282e-02 9.125973292018867145e-02
1.668720621689347983e-01 -1.831221460559377123e-01 -1.750197061216610672e-01 -9.596911361466081702e-02 1.965963316604700806e-01 2.178614228948727860e-01 -1.891169895864646955e-01 4.268859392646103847e-03 2.581623397749212012e-01 -1.890274709691837363e-01 1.611410247903773962e-01 -2.700509185227683434e-02
-5.942956371102791832e-03 -2.052820155346362918e-01 1.170506945613130484e-01 4.682659300419812071e-02 2.926778812651530462e-02 3.097273018018643076e-01 -4.281046862112872220e-01 -1.312283575977657435e-01 3.571013316076676603e-01 -6.655428360957946210e-02 2.110782023055056845e-03 1.206693306817956113e-01
-1.460130832277736213e-01 7.307489708667933570e-01 -1.078563479585646023e+00 -7.423532237831236280e-01 8.056751587663670833e-01 -4.919142410255172848e-01 3.232030008344330962e-01 -5.142902445333835670e-01 5.820063161990712830e-01 6.072678197660462684e-01 -6.221549126796630524e-01 6.920294408844337442e-01
3.204013016733375102e-02 4.877754307341013867e-02 1.976546924650012804e-01 -1.585207329128333342e-01 -2.876653524791871197e-01 -1.167007600991489952e-01 1.756458632917327622e-01 -8.581273928677224383e-02 2.478968895766782976e-01 1.262696146941021669e-01 -3.828393440290223104e-02 4.340308394623069652e-03
-6.777361525587946578e-02 -7.769625053527128011e-02 1.570374629277863088e-01 -2.243969400513164958e-01 1.700111847618786254e-02 3.639327414714672859e-02 3.091982442664173436e-02 1.982787144646042110e-02 2.884459395254586056e-01 1.811562129933713683e-02 -1.083423851765651091e-02 -4.139854540685755646e-02
-4.860047318005429433e-03 6.906102216255545490e-02 2.437227470324803205e-02 -9.389457552527406825e-02 -2.467144262935771354e-02 -1.461170931334808062e-02 5.961986267391345892e-03 2.860695098659189403e-02 1.894596456830132669e-01 -9.060052715913047283e-02 8.169397314792955708e-04 5.600100489287403865e-02
-1.313301611172154777e-03 1.708073814512732838e-02 -4.462183284161531927e-02 2.391171623398785813e-03 -3.302749065743149776e-02 -5.296822010642895928e-03 6.132589547316236178e-02 -2.398207841180074323e-02 1.884796976598804574e-01 2.719584628921502267e-03 4.732080950480173354e-04 -1.858724761083829086e-02
1.080667596495639773e-03 1.712240729035079817e-02 -3.510932860338970146e-02 -1.768886211270945946e-03 1.183897342429955646e-03 -1.523212136012615930e-02 5.756161468539706949e-02 -9.204304178368509157e-03 1.670643271394971485e-01 -3.884174728032730589e-02 -7.614007369209082471e-03 9.399003430558659430e-03
-4.416806642142973895e-03 1.853770375261837994e-02 1.845024658267477302e-02 -2.708973083007962593e-02 1.400328067139737509e-03 -4.028736496108375337e-02 4.086785396072449561e-02 -3.595377601790985395e-03 1.204823773636599510e-01 -2.275606648306232119e-02 2.633571385625449804e-02 1.771264541712535764e-02
-3.697222815057743528e-03 -8.619667851567883177e-03 -1.593216141518617734e-03 -9.540263019644842912e-02 8.651765499049103580e-02 -1.637729042146227054e-01 2.424957737856270890e-01 -2.082608651783798837e-02 8.295005754311238211e-02 7.589121191197201188e-03 -5.861024977451725210e-02 7.861089248318045564e-02
-2.837786055688767406e-01 -2.838500353481059751e-02 -1.697158306638529568e-01 5.270743112531389718e-01 -2.737369668958057334e-01 1.073170290769478730e-01 1.354948179817382636e-01 4.017644728806789994e-02 1.864876262138837615e-01 -1.288386353182914834e-01 2.962703134064079147e-01 -2.627239807565096563e-01
3.657440077690651131e-02 -5.216361183685912922e-02 -3.544592719235276634e-01 4.502610052239659072e-02 2.400650008726801787e-01 -3.494603701935979773e-02 1.054525658768501739e-01 1.754914477653029825e-01 3.015678597249534659e-02 4.700216233616241052e-02 -1.372512317739300047e-01 4.469321091291989650e-02
2.783343812332362832e-01 -5.986604613585244650e-02 -3.127840504881794770e-01 -4.936786807277707134e-02 2.277206711457268051e-01 -1.496385989966299013e-01 -3.743624030776919742e-01 -1.496194440892986977e-01 3.627839755530205545e-01 1.829164682241336826e-01 1.898032170984223499e-01 -2.787799120725839574e-04
1.545182605836931122e-02 -9.310320162889482165e-02 -4.085370875504332200e-02 3.195485122063540517e-01 -3.447046582165606554e-01 -7.068495446377663638e-02 1.987216136317831727e-01 -1.759018196863509353e-01 2.095844838855998593e-01 -6.424508052759164700e-02 1.990765142054616299e-01 -7.248004227312573877e-03
-7.339408051347648398e-02 -3.305779751834208580e-01 -4.689692731849907648e-01 3.285787245880898433e-01 4.295118392632201743e-01 -5.003899840127378276e-03 1.747275172550255273e-01 2.697877174719336413e-01 -5.023954012657800769e-03 -5.232421460463951984e-02 -1.432405173848224911e-01 2.156963862790372763e-02
-3.070423750309755374e-03 -3.213197155933574314e-03 -2.128539586259869595e-02 8.077312437746906118e-03 -1.835022672449303227e-03 3.290259009156773669e-03 5.781240053727582096e-02 -2.173734182956261335e-03 1.478835311387950990e-01 -1.624009257679038046e-02 -8.297287758850840217e-03 -1.530682668104826546e-02
-7.812594849714986356e-02 1.134460817452392495e-01 3.359297606067698783e-02 1.000190290221902589e-01 1.429958781442551997e-03 -2.365477768997811814e-01 -2.907646188970906126e-02 -2.164485928897457584e-02 1.078867860485795138e-01 -4.998452513989060098e-02 1.316121836014986501e-01 7.303407893791559469e-02
-5.862947048370689695e-02 2.064624817779876515e-04 -9.320482383717142161e-02 -9.296393476832247316e-02 -1.665935077897633954e-01 1.094677458395249409e-01 3.561550808202543772e-01 -3.585323507855284753e-01 -1.374926966097287928e-01 6.144023728351865055e-01 1.524564602498353072e-01 -1.796298154703200867e-01
-3.250165341619725146e-01 -6.859650784862232342e-01 3.111252108464787614e-01 -9.058064148014119965e-01 1.523456955726889328e+00 -2.814319723209805432e-02 -3.964636191128853016e-01 2.375318426453670584e-01 1.498417057735290381e-01 6.006692863409347077e-02 3.117294410520601300e-01 -1.067157184017891308e-01
-1.032908153902857423e-01 1.959960761269170793e-02 -1.110665324367943740e-01 2.667734727089009217e-02 8.568607346576988248e-02 1.077134292255311487e-01 -1.646719142281729067e-02 1.205466327528119039e-02 1.193455150933098591e-01 9.047847016816128185e-02 -1.000843622266742311e-01 1.499531784697403537e-02
1.754759746860195535e-01 -1.029584081588280631e-01 -2.052543158078275198e-01 6.987010277934463387e-02 -1.457168302995409392e-01 7.031027934676213620e-03 -2.955980074191105408e-02 1.689260804831161089e-01 8.806918375331727888e-02 2.305932994586633589e-01 -1.786797681803495019e-01 6.784497657535745740e-02
-2.928088012081284663e-01 -6.403083397291784440e-01 5.063184062026631072e-01 -4.142799766884988077e-01 6.165669673457747635e-01 2.913863269577043891e-01 -4.467404331361667369e-01 -3.527386216331490632e-02 4.187321646705218781e-01 2.291755187284502671e-02 1.082056631559513704e-01 1.092585520186450943e-02
1.530415478531597408e-02 -9.475958644023573657e-03 -5.404488732532437140e-02 -2.411045739388479117e-02 2.017682667021213072e-02 -9.512091311880334354e-03 7.897727923155831165e-02 4.153252001453311415e-02 1.122243292775104290e-01 -2.055761830859140910e-02 4.886916854323659215e-02 -5.374174305662452605e-02
-1.914013864422189903e-02 3.780876755351025506e-03 -3.647020184218897204e-02 3.140423077906526889e-02 -3.467268975189882058e-02 -1.795068376357709244e-02 8.801355919997463917e-02 2.629268635372903479e-02 1.646696631518832221e-01 -3.675322305425986549e-03 -3.024884265446724577e-02 -2.636161479618565062e-02
-7.868202540498547837e-02 1.422475632272491852e-01 -1.137645471718870815e-01 -1.763540621139634834e-01 2.185256089776615174e-01 -1.877907500259386742e-01 1.661772749671710236e-01 7.629835526827655201e-02 1.590206359183339857e-01 8.803980047746578705e-03 -1.613539232000717888e-03 -6.722697197562582661e-02
-8.217700396360896886e-03 -3.785861259633419712e-02 1.223434435121909941e-01 -1.265400175212197942e-01 -6.158469171746288814e-03 -3.624092198860300040e-02 8.387105930952236388e-02 -3.381683015956787886e-02 1.963406819386597224e-01 -1.251100366627878706e-02 -2.100254995234529173e-02 2.543244317412059197e-02
-4.272120422430687042e-02 -4.765115225270711297e-01 5.234884774729278156e-01 -1.048403526620581144e-01 5.256587851576013937e-02 4.207285562738322798e-03 1.060652131448111823e-01 -6.849208789763776804e-03 9.142701639429756666e-02 2.396292312802611110e-02 8.853403229784149314e-04 -2.603832385630211813e-02
-4.008174680905021020e-02 -2.200160295826680823e-02 4.272923574515893885e-02 6.271170103709275412e-02 -3.332314878286961324e-02 -7.360093194281576781e-03 1.466280725341770341e-02 -9.129527851471311295e-02 1.846248761089689383e-01 2.410872008273916983e-02 1.645124594138468871e-02 -5.585193427543315436e-03
-8.191702061829471415e-02 1.097595848097097093e-01 3.518074637273219812e-02 -1.245302271781553172e-01 -9.273848745651969150e-02 -1.161159845340895280e-01 1.268664210205429910e-01 8.550036724083368012e-02 2.227954125420354425e-01 -6.298429287305626345e-02 7.022466702114578060e-03 3.680253645418449238e-02
-9.300156411503267273e-02 1.099502445205780866e-02 -8.897725688656724086e-02 8.162082702097972486e-02 -5.259729545977078619e-02 6.473921802373654166e-02 1.555340805298182638e-01 -5.110787480252666076e-02 2.288596705849839097e-01 -1.117360204620201358e-01 -1.266902209196217426e-02 1.398173568834099392e-02
3.063324373452394958e-02 7.651837668500051370e-02 8.428741494323906125e-02 -1.334817232696778877e-01 -1.342450275841250429e-01 -1.065992492528456959e-01 4.871188030190874707e-02 9.982523211354531190e-02 5.494099256631181788e-02 1.336821376920809545e-01 2.000401778726372190e-02 -2.863577323518789325e-02
-9.802846684658717002e-02 -7.097840863122865940e-03 -5.764655440520072976e-02 -2.717137558012726675e-02 1.400028240199578666e-01 2.632639791564811427e-02 1.774285934978026835e-01 -1.163398085142558769e-01 1.826775686460739845e-01 -2.920511478141870829e-02 3.075417353027178231e-03 -4.838011795975961926e-02
-1.655958471698516787e-01 2.191329828869927401e-02 -4.706871429949971083e-03 2.007549318939041705e-01 -2.065412419299924099e-02 -9.921413604036102840e-03 -4.411269648188949344e-04 2.048089109342023442e-02 1.466235909157779238e-01 2.520168134687888334e-02 -7.338514849420596335e-03 -6.067497284556643000e-02
-1.032127802070292422e+00 -1.010177844973945138e+00 -5.818776631972678581e-01 1.754331810693493310e+00 -2.134771943964203000e+00 5.327700475821673942e-01 9.714241262205918215e-01 4.439868964967519926e-01 4.038257128338025304e-01 4.526215188748501372e-01 1.556535541926295507e-01 1.899831097934596147e-01
-4.047450068118527144e-01 2.330685664255193607e-02 5.797938670084981302e-03 4.227609943845526685e-01 -2.461099627103409959e-01 -6.041190648253991213e-01 5.384721684850537482e-01 2.424937796683171443e-01 3.527890233918417051e-01 -1.469208192382046585e-01 3.968099264464014508e-02 -7.776537781920724035e-02
1.014200085271945578e-01 -1.311946490264034870e-01 -2.619248740205021853e-01 1.496429068804149554e-01 -4.858474643942412713e-02 2.275849035888145577e-01 8.043758698259594053e-02 -3.148989417922641310e-01 3.445640196890497609e-01 -1.205956022405148820e-01 1.350003653161758743e-01 -1.580945498309931085e-02
