9.841509278598901955e-02 3.008482098842507613e-02 -7.233450943127467392e-03 3.051825440277518287e-02 -8.532638588472479801e-02 4.157246682506526847e-03 -2.419731256429837052e-03 1.944536425613179256e-02 1.396734213507261346e-02 -3.890179469451204852e-02 9.506100497169048258e-02 7.347142136762453424e-01
-7.498299655461889562e-03 1.551586461388845643e-02 6.127225723012738601e-02 2.599864931788550826e-02 -1.184613921637091838e-01 1.098630358634924108e-02 -1.236030795931042023e-02 3.410239371566593791e-02 5.365355063080722714e-02 9.916904057130880579e-02 -4.457579207271989558e-02 7.746797093052106842e-01
1.185475294189211742e-01 8.540089734663236509e-02 -2.095582383460631998e-02 -1.134290072509150024e-02 -3.084933855915350086e-03 -2.966276659846845201e-02 -3.601913830175181713e-02 1.269655271167403725e-02 7.499180652054136809e-02 -2.175124053551175107e-02 4.969341926570276097e-02 6.739685757079153516e-01
5.933828192328986784e-02 3.423340544598010848e-02 -3.624711408987746353e-02 2.864321614989457157e-02 -4.393215832882914340e-02 3.367255828166493964e-02 5.714166089425077449e-02 1.601809361222172531e-02 2.078724140626745515e-02 -2.843703522671792161e-02 4.866771491683174848e-04 7.507771499027285911e-01
9.803358455953629924e-02 -5.133697776881510078e-02 -4.790735276555607713e-02 1.042260617801137601e-01 3.367392141305061704e-03 4.803758861191720353e-02 5.025981064554790878e-03 -6.318002175511469587e-02 5.732084323620666166e-02 -1.672944805294930559e-02 7.859860679925924354e-03 7.477644653889172766e-01
9.465346165203331052e-02 3.088915184861410618e-02 -5.979572735230889030e-02 -1.487667570479506325e-02 -4.921936084559994096e-02 -9.497844338754109217e-02 4.282856419483383609e-02 9.245980427140064462e-02 9.018817767648099060e-02 5.592354455425831150e-02 -7.698595378462298744e-03 7.121080755911278759e-01
-9.325866724711043276e-03 5.678882770541749531e-02 3.930642721493919980e-03 -1.351607109011477015e-01 4.663106277157640089e-02 2.006653380226872119e-02 -1.537707637379551358e-02 -9.310267610402440941e-03 1.964346621256954084e-01 -2.109539997620808183e-01 -6.809594250346522049e-02 1.016854111869192501e+00
-1.249480033342640073e-01 5.654423562107641771e-02 -5.752057995795608475e-02 1.692577842389142162e-01 -2.601588664221803904e-01 5.968839734319127122e-02 2.068946406921530479e-01 1.645331973607482290e-01 8.374341476101880566e-02 -7.968434406698038375e-02 -9.167868205099266588e-02 7.658107829353134610e-01
-3.192148161492980307e-02 5.070666971705712484e-02 -1.204682256241087768e-01 -1.293092496523216561e-01 1.180668309404809407e-01 1.710374853562368069e-01 -9.461504188760333500e-02 3.666418850233289090e-02 2.018515717183882452e-01 -3.468107991664103051e-02 -1.152641889100300132e-01 8.404144984911804395e-01
-1.290278535127083702e-02 -1.701908520887632226e-01 2.657162217062894460e-01 6.184402907426935631e-02 -2.594787230151943680e-01 4.765091334949287522e-02 3.680570234243397271e-02 -2.777521024682277906e-02 1.583953200785641890e-01 1.158231855316097930e-01 -5.281281600326447057e-02 7.294069917426979632e-01
5.171282669955205163e-02 -6.805612766938499980e-02 5.097677283232619067e-02 -3.709905318644431127e-02 -6.668548829848773563e-02 -6.838194884912409538e-03 6.769400276892217905e-02 7.673761988251127930e-03 6.205354662969561619e-02 2.797724924840783167e-01 -6.906881136392462039e-02 6.203462491203705076e-01
1.060934441910897919e-01 7.905158079408297622e-02 2.692338617542688883e-02 -7.165562750612242127e-02 -4.392029323407126845e-02 5.116708452641453159e-02 -5.916804709034866050e-02 6.115480396024745163e-02 1.049093943854281230e-01 1.041446444421470843e-02 -6.127012860338095640e-02 6.887819150770607690e-01
2.502404663380246586e-01 4.336926855902105415e-02 -2.562967502545172582e-01 7.607182623871069915e-02 -5.945704538551499496e-02 2.451838894688094794e-01 -2.843254609184201476e-01 5.021299153885798450e-02 -2.309870264216921376e-01 -5.232411544939163939e-02 1.746585218618985080e-01 9.361354115442557244e-01
2.748308326958648698e-02 9.116027418059698476e-03 -5.143470468260759321e-02 -3.131980643737004161e-03 -5.975884581024544506e-02 7.459630371428137285e-02 2.736626280000672637e-02 6.535426208138099546e-02 1.049060606610689728e-01 -8.582770355384791022e-03 6.793911253875701411e-03 6.997743674137567593e-01
-1.067838751411135864e-02 7.665800936481201311e-02 -1.172189623465770825e-01 -6.570628612383287714e-02 1.250439955515582902e-01 6.785153134943745779e-02 -1.647244156556206332e-02 -1.386042257075372278e-02 2.077966850305219826e-01 -2.738415167030016847e-02 -5.946798305898724421e-03 6.723992059207479777e-01
1.526451705268239700e-01 1.103774406704694511e-01 -1.437658616646164123e-01 -3.419313546210323573e-01 -5.629312980915897324e-02 3.055364153534391100e-02 2.439182840834470678e-01 -3.027003116550333051e-01 1.650245680131353643e-01 3.141607563103690492e-01 -1.821556109881191376e-01 9.026483847184131326e-01
1.087387390608978710e-01 6.479778585902300908e-03 -7.169392455982018242e-02 9.925593401529840543e-03 -1.002068436645613542e-01 -6.338796642039515317e-02 2.247532315350637272e-02 9.480563509045043802e-02 8.143206293231784743e-02 9.223141651118474393e-02 -1.041337212128599227e-02 7.220955351503151043e-01
2.568423500941079476e-02 -4.181307778474507852e-02 1.820920211508300912e-01 -9.924594145673032441e-02 4.297864646652933135e-02 9.179377043980103262e-03 1.086398350345175595e-01 5.443848227467707260e-03 5.763576903392590711e-02 -5.792934971494520524e-02 -3.395721018139044589e-02 6.937738242911913877e-01
9.723698646690713543e-02 5.881630879588969213e-02 -5.143459699913065925e-02 -9.485372858941180929e-02 -1.094419094205608539e-01 -1.274289786148769810e-01 9.361210354934179634e-02 -1.450925637977845961e-01 3.651430739399828540e-01 -2.229800737707255121e-01 1.257389058792898751e-01 9.031664496811210308e-01
4.106315590243764246e-02 -2.517395684543236034e-02 2.369458830157162091e-02 1.792647674785713754e-02 3.558901032347453440e-03 1.147862104752144785e-01 6.466344655617880036e-03 -3.703775104812123686e-02 -2.550743431387230559e-02 5.548596796090529693e-02 -3.962911386593358232e-02 7.568485881174498164e-01
1.202872673309680895e-01 2.625710246274972834e-02 -7.173500055190015767e-02 3.559817601587425551e-02 6.215270310481210703e-02 -1.924582491727575700e-02 1.602565142952515342e-02 9.009893816240317765e-02 1.901180856637537178e-02 -1.500358345593196668e-02 -5.935602649390231411e-02 6.883907654663441456e-01
7.670011096248954829e-02 1.955191752513313688e-02 -7.989185885844907187e-03 -4.038391308979007860e-03 1.168110410205154201e-02 1.284986325635019237e-02 1.912662961965928832e-02 4.978975701081106431e-03 4.446136136625365026e-02 -9.664416762425446020e-03 -2.028597609932278768e-03 7.268526061542049943e-01
5.050169821222046107e-02 3.164026218284676784e-02 -1.932743039602839025e-02 1.201712264148182586e-02 -4.486882023706941641e-02 1.847797486881921913e-02 2.414801312214714946e-02 9.237621370247166286e-02 7.807747882681244367e-02 -2.423007249257853879e-02 -8.488689482840684752e-02 7.585564315173255467e-01
9.543363427699320944e-02 -1.037222758975872017e-01 5.711953778775244461e-02 -1.636765430733784221e-01 1.963795234194516681e-01 4.255694426250961060e-02 -1.204378167926172388e-01 5.892628361200196591e-02 -1.302812198109432329e-01 6.947517163392524786e-02 1.925417327447522253e-01 6.981670049571816472e-01
7.908608725723700883e-02 -2.716998255825308836e-02 -5.100412055437423403e-02 -4.680724101606859033e-02 -2.736522706840179009e-02 4.963761541519268183e-02 2.803754145683195684e-02 9.522789579063366261e-02 2.051813096753194732e-01 -2.680853864185720609e-02 -1.420319831805917643e-01 7.564986205443737788e-01
8.507365735963759446e-02 2.636643630429746921e-02 -1.411772087139779794e-02 4.998659006650486847e-02 -1.074429135998952733e-01 -5.208864907834029334e-02 -2.039864405039023415e-02 -2.662674947450139815e-02 4.446415830120752088e-02 8.741411112864562460e-02 6.001716780942056850e-02 7.598345332248531703e-01
-3.624670789171111629e-01 -3.623789303626421821e-01 -2.063503530873907199e-01 -4.443944847034303480e-02 -1.362412967360640548e-01 -3.008912761702061539e-02 -3.512839695337741791e-02 -9.903761918924477992e-02 1.495259295338057903e+00 6.770691035702526284e-01 6.929730468333468174e-01 -6.966872172884213121e-01
1.502005194274180777e-03 3.518670981660144970e-02 -5.985538142550243801e-02 2.237467890938365372e-02 -1.278785394081849436e-02 -1.958547248121278450e-03 5.674155927411239642e-02 4.588022554027024191e-02 6.185197686951579565e-02 -1.668481097833957386e-02 2.487561348871827893e-02 7.353558016199479574e-01
8.699737136141787175e-02 -9.050361899564604573e-02 1.354042315420631581e-01 -1.866961154506313267e-02 -9.118868019271146597e-02 3.185640872450308525e-02 -1.559957984313355972e-01 3.030510801499147755e-02 6.961227182970265714e-02 1.409794565429752233e-01 -3.157575251238432107e-02 7.852605907815289887e-01
1.016593354671025198e-02 3.312714073162936063e-02 1.203865884438614503e-02 8.412658499128058270e-04 -5.813925650788317329e-02 5.437095092404557045e-02 -1.122340788047398660e-02 2.022419812354334795e-02 8.756678939666440176e-02 -1.212189766886312414e-02 -1.057735996369479729e-03 7.566893377567397438e-01
6.340321933724946124e-02 1.269478994825864321e-02 -4.176298442586018345e-02 -2.761353522974960631e-02 -1.928034808152375920e-02 -4.695414625158777361e-02 6.365501955367174058e-02 8.836089676422069494e-02 7.394799686446461295e-02 -1.159503117102919367e-01 8.414144489014839523e-02 7.578399354610414473e-01
1.338935956326736121e-01 -5.856349966473171215e-02 3.909908797525230711e-02 1.076121924560789755e-01 -1.326305509380805159e-01 -1.097819628148375137e-01 -1.203688176914963770e-01 -2.440648093399285998e-02 1.967765294301299095e-01 4.066471536886964722e-02 -3.927187775929941171e-02 8.594590460594757619e-01
-9.539960400827764142e-02 4.547696641003235590e-02 1.044811034850104403e-01 -4.866011387907608760e-02 -1.258615796474767123e-01 1.233019213435875283e-01 3.216537580698377446e-02 1.815855915740295645e-02 1.304349141478550744e-01 -2.707250801022850067e-02 -5.788969267539403191e-02 7.933466349896226566e-01
-4.154606783471283954e-02 6.088896352293073078e-02 -1.117228659257122475e-02 8.412664698048620548e-02 -5.985917325403500994e-02 -6.814801561454974198e-03 5.666071774502606795e-02 -2.865974191042306926e-02 1.520363194793804551e-01 -7.152013849628133246e-02 -3.793295030417338787e-02 7.962744893458701956e-01
8.254019633233213027e-02 1.091517308941631487e-01 -7.692635975953784899e-02 -1.205898342198271356e-01 -2.622598686103623233e-01 5.214755620188940566e-02 2.687308552846972010e-01 1.672727445479066932e-01 -1.177282217848100165e-01 -1.076952686531955361e-01 1.846395455819240805e-01 7.131989013048619652e-01
1.924340792591594240e-01 -1.267298075022383896e-01 -1.980737138822676741e-02 -2.633454703299271948e-02 -4.038526956717664040e-03 -5.560733793467206865e-02 -2.307085110291462460e-02 -3.139834250582931863e-02 1.609246703330703687e-01 -2.015319350291847750e-02 -8.938301413800690820e-03 8.552015068681227961e-01
1.141635420251109756e-01 4.618050560885390843e-02 -4.485748707453533074e-02 -6.607200993710797554e-02 -1.060921948967745998e-01 2.537660731770980532e-02 -1.415947144091178438e-02 2.469673790327592960e-02 1.978226613930811686e-02 1.367842481149688927e-01 9.910988813371202771e-03 7.467682445467727081e-01
-1.651632114092861647e-02 1.335265252834500482e-01 3.773753920430900077e-02 -1.307795664638111421e-01 -6.400148693064440508e-02 -6.456351135772953054e-02 1.554229587677342650e-01 8.939823279831305217e-03 7.603666554228685759e-02 -4.772537541029054503e-02 8.617642552712804355e-03 7.957870837931217967e-01
-4.855204691871616712e-02 7.376494542991686443e-02 2.930502004406616151e-02 -8.021881892307004824e-02 -2.360488575012568979e-02 -5.554474590827575275e-02 1.466620449220607525e-01 6.545905232619902980e-02 1.215839548088637062e-01 -3.421748903625547455e-02 -4.717083408636219694e-02 7.450157802117406414e-01
4.844127972242180669e-02 -2.352845621909520346e-02 3.712607176345608662e-02 -6.528271543996752579e-02 -7.849672419143631508e-03 3.799485850095375705e-02 2.032609535561901576e-03 1.060800177457735388e-01 1.906669097974575400e-02 -7.544972025893484369e-02 -6.221249200906091986e-03 8.200722624101762781e-01
1.003160195864798154e-01 -3.112407729786921540e-02 -5.369638838226785393e-02 6.446922641901445261e-02 -2.937138046345869058e-02 -1.649452613144810481e-02 -9.086853187949502086e-03 9.931293032102644913e-02 5.720223728155153509e-02 -2.233611050635807976e-02 -2.203286685502060804e-02 7.553237663363416843e-01
-1.036578057063779201e-01 -1.957575099932436918e-02 2.719640470166574675e-02 -4.589018512266883343e-02 -2.981447229995204742e-02 5.959872721805596629e-02 -9.347414185572623657e-02 1.610280565636527661e-01 1.585845196134209878e-01 -5.336880875660052898e-02 9.683511175663657433e-02 7.350203220072597521e-01
6.720322067188058690e-02 -3.163454716019673679e-02 -2.251011471337003439e-02 -2.076109558274429751e-03 -1.808500609959785149e-02 -5.498193733327947155e-03 1.511488095797016221e-03 1.393259034949987339e-02 5.853549089256881305e-02 5.718732100300510240e-02 7.595192957596417702e-03 7.663206444144611273e-01
1.123349850872368549e-01 6.399022808046892288e-03 -2.483769264874038929e-02 -6.051302053059369121e-04 4.961507546651453687e-03 7.013261751045237954e-03 -2.791928146286961482e-02 4.717460831655992393e-02 2.582984231032886893e-02 2.437402506057706475e-02 -3.050818205569973823e-02 7.482650106122112899e-01
1.737655099552863625e-01 2.715394420195959418e-02 -7.595757003918804373e-02 7.654262722050174383e-02 -2.920374525560251108e-02 -8.185880380704885217e-02 3.912246150087294455e-02 -3.132578517312414185e-02 9.307106877094595276e-02 -6.819679406221844375e-02 1.744248048000247332e-03 7.676248157596570199e-01
2.150030221622369064e-01 -4.089609311376157796e-02 -2.714977943867172283e-02 -6.362235979083127879e-02 -2.168717838128631781e-01 -2.167341831447126832e-01 5.883254894054780471e-02 -1.705279264430000635e-02 2.386126368273618348e-01 1.275825623856151891e-01 -4.686892047277169127e-02 8.816471192221921882e-01
9.603013941843092927e-02 -6.654347635952879460e-03 2.023103891632963697e-02 5.948938482562730196e-02 -1.361459917803220510e-01 -5.797185952330266567e-02 5.099015113069624294e-02 3.161834439566023336e-02 5.432221932592151692e-02 8.824317055145379507e-03 5.938684304032321865e-02 7.123617379514850523e-01
7.002572923269997918e-02 4.477874847529392244e-02 -2.683600860539796240e-02 6.469336176711107389e-02 -1.151225074101483448e-01 4.548868377758270160e-02 -2.999638599596647984e-02 6.116549129677001546e-03 4.212109979084634886e-02 6.983978760477940750e-02 -3.136395990928145250e-02 7.527368792628456040e-01
1.880326569533669612e-01 6.373489615601557468e-02 -1.451830783260151247e-01 -3.388184183540721706e-01 8.247617805225393450e-02 1.581687007888935292e-01 -4.329229642983944970e-02 -4.795707089519318789e-02 2.093626263868648626e-02 4.244134965523943537e-02 1.376964323412580848e-01 7.742463645394477290e-01
5.118740379341799041e-02 -6.595874892183843652e-02 7.428606051400755972e-02 6.323373445298295387e-04 -4.660655605651128734e-03 -3.245504721325470458e-03 -1.051182033261192916e-01 -6.720684177931295772e-04 2.090154693989765000e-01 1.175696974036997688e-01 -1.306423574787390733e-02 6.325104254060116560e-01
