2.234728098257459938e-01 -6.061254597335806460e-02 -6.324295070878381553e-02 8.315262369736432790e-03 -7.570130270868381979e-03 -8.564454407164332622e-03 1.232695492653968633e-01 2.784367770870326275e-01 1.569867042273991875e-01 -1.794532786921741729e-02 -1.843681564690648547e-02 4.765132435691736834e-01
3.368779494828799681e-01 1.151652020651634800e-01 -2.814551640250371328e-02 -4.028969528790507515e-01 -1.102165709131229382e-01 1.987501922974284907e-01 -1.461755953771048389e-01 2.319139796473002058e-01 3.294788369737828848e-01 5.158285330198594809e-02 9.284902319635424117e-02 4.214387200750734364e-01
7.345202526166083601e-01 -3.698176528127536389e-01 -5.893307273893901854e-01 -6.434936592899162533e-02 5.839649140948256247e-03 -3.113331889661806184e-01 4.451177770857860927e-01 2.822793364120825821e-01 1.293146104346218524e-03 1.561905742602236191e-01 5.696625373329107234e-01 2.305497836125966760e-01
-1.607595760557474496e-01 9.640378529528506601e-02 -5.188224919369351928e-01 -5.686562272843752597e-01 4.363247041645355040e-01 2.535569983187977439e-01 -3.019042861643130293e-01 1.099936655461695389e+00 5.501485368578916679e-01 -1.346995838069475759e-01 -5.617061550200628250e-01 9.007997616383622841e-01
1.243274830963948807e-01 -8.586252756836849909e-02 2.043304940943834608e-02 8.011014286292800213e-02 6.021525502310585282e-02 2.334180626766307193e-02 3.080484928576114612e-02 2.055107631963507819e-01 2.167721340153675458e-01 7.710034449174413274e-02 -1.647602504558309811e-01 5.026290718436320359e-01
1.632122405958706945e-01 -4.805230928395037154e-02 3.325645717404859120e-02 1.272462639826259789e-01 -4.272482591446862682e-02 1.447398741249841976e-02 -4.152302437691633707e-02 1.223800945496290732e-01 3.737014906893742494e-01 -1.338202674959343974e-01 -2.221572278873820139e-01 7.446292420227911268e-01
2.452854285898492803e-01 -7.856758952078275737e-02 6.819077407770181981e-03 1.022827984499007636e-01 -6.667451528034777641e-02 -4.717721316589191388e-02 -3.326494302335014641e-02 1.984408847852291435e-01 2.267297216370376955e-01 7.203600877346669207e-02 -6.571547768747093565e-02 5.304279405027760852e-01
5.972434618663323702e-01 2.278580771052732615e-02 -2.005047544822693636e-02 6.905869149481175251e-02 -1.412157538391111411e-01 3.758977980596452106e-02 -1.267151571483892125e-01 1.221007844623282629e-01 -6.472331465449158994e-02 2.892116411019723388e-01 8.904268027379230732e-02 2.162939758426764003e-01
2.355156461685491698e-01 4.197046205907487698e-02 -2.196053725986408245e-01 -1.324822397412341868e-01 1.104446313208691521e-01 -1.756331612981799628e-01 1.156883740825270096e-01 4.613584448095946478e-01 5.662572224444079039e-02 1.410824586231895772e-01 1.330498179646781853e-01 3.226073378333180752e-01
2.561120709298675968e-01 -1.004762208016674874e-01 6.764866277998324295e-02 -8.686265920116849337e-02 -7.867390387699169096e-02 7.571461390459090224e-03 1.499550072648548893e-01 1.648700515023219515e-01 1.727820099005818177e-01 -3.921830493540009316e-02 1.638939538009625829e-01 4.130199927143829997e-01
1.758430933658700623e-01 -4.629677861523644189e-02 -2.716913553572864598e-02 3.034564365689921411e-02 1.989241893743703277e-03 -3.132752761356664972e-02 1.161227968335472593e-01 2.621763619398628231e-01 1.144243512826251530e-01 7.953331159072662970e-02 -1.168764526173418500e-01 5.318572152867852010e-01
1.389989743734509897e-01 2.521561154070350863e-01 1.472461551212997932e-01 -1.041329384000299063e-01 -3.327254108628634466e-01 -2.417079440125041723e-01 -7.630375888021875830e-02 -3.265134578551574102e-02 7.660154224257429423e-01 -3.163354961478226923e-01 -3.396316087457482147e-01 1.229693956975360436e+00
7.351866838557979955e-02 1.434385755910948766e-02 1.698154207162403395e-01 2.813176607138898749e-02 -9.652496597214069857e-03 -6.878585488747682164e-02 -1.933954920448779230e-02 2.183810549337231732e-01 2.528893387524216441e-01 -1.619823155923905966e-01 -2.432012251214130116e-02 6.176223538434335580e-01
1.562027942223949972e-01 -6.802565748578126570e-02 -4.266390146062894878e-02 8.379650258333588841e-02 5.874350270737944968e-02 -2.056710728395704652e-03 4.189822440820515498e-02 2.440226503397517899e-01 6.637468495551646086e-02 1.224781202698041194e-01 -1.618683682766633783e-02 4.460387484842707750e-01
9.837536683370140880e-03 -1.587646320934706368e-01 1.438961113292344662e-01 2.120145295210456859e-01 9.267238469926254718e-02 1.884241198408711515e-01 -1.112835741207794521e-01 -1.543989717270113568e-02 3.357586936781433162e-01 -1.488067372389505760e-01 -6.409989488490519527e-02 6.064134812270659536e-01
2.039475599701759678e-01 -1.218116269990145994e-01 6.337780990540259340e-02 2.433547081845309490e-01 -1.263303818454276049e-02 -1.398697522083739049e-02 -1.644545124954391313e-03 -8.799550206842743361e-02 2.702759666818288498e-01 -1.445248658494301675e-01 -1.420500903723166120e-01 8.343127205457714357e-01
-1.926696873830943402e-01 -3.138895305661618673e-01 3.995232655932337007e-01 1.752771556514534368e-01 3.768089369751232987e-01 -2.510015152139644101e-01 -4.752200768356691918e-01 -2.193889318617238682e-01 7.662594754105789274e-01 -6.176215165011045283e-04 -1.142209417977276265e-01 9.397615930126395067e-01
4.438806370052963968e-01 -2.872060367708378359e-01 -1.021867113348549211e-01 -1.253710431331285236e-01 -4.864929639274970241e-02 -1.158052389079661931e-01 -1.195424134999810775e-02 1.481731613932361358e-01 2.209466353983476072e-01 1.842587063695086125e-01 1.772449169741302233e-01 6.072906322172026972e-01
2.274973308902803262e-02 1.202952389186460469e-01 -2.560316109805238494e-02 -1.077787459318758911e-01 -1.068055016810658120e-01 6.935519395728807768e-02 -5.441145827113945399e-02 8.739014537722900045e-02 5.471170969020200392e-01 -1.364195083907208672e-01 -9.364387674292356384e-03 6.840974762711218293e-01
-1.260893914836166418e-01 -3.814843164391111263e-01 7.116245489890012099e-02 -2.550320246035249205e-01 1.876610210833326020e-01 2.082129388089363209e-01 -2.009109678561869783e-01 2.761571718541784848e-01 1.139089659629624274e+00 2.453633357662132752e-01 3.638063179816188875e-01 -4.373140781721776560e-01
1.432795614348922608e-01 -5.060366071299258334e-03 -6.212436481129475496e-02 -7.318630987342837624e-02 1.120839439230172235e-02 1.155021272820190570e-01 6.618109476758943233e-02 1.326802088132497393e-01 1.345355212004054890e-01 2.139717670954140727e-01 -1.102167507227658078e-01 5.238512379611028891e-01
3.483587238527592334e-01 -1.911290023350259715e-01 3.961094833412569932e-02 2.418763336207463144e-01 -3.242059685770690147e-01 -2.234511409083708433e-01 5.873306639788065941e-02 3.201289895910177652e-01 2.766694819605481359e-01 -1.917020522743004621e-02 2.755509998707698222e-02 5.356457947719275303e-01
8.492742140587425381e-02 -3.988733854464521222e-01 -2.286209784341484141e-01 1.938907283562579797e-01 2.518436082147967880e-01 5.841847400023316393e-03 1.982641251125044080e-01 6.314764606200555797e-01 -1.169518968192537478e-01 8.427506485118242685e-02 -2.285994490428555903e-01 6.131485752502014996e-01
2.352840008317145792e-01 -3.161528139209078547e-02 5.601197735727379834e-02 -3.332069218332930904e-02 2.139032685387656091e-02 -1.799470091331452637e-01 1.344141918959881193e-02 2.671307157323975501e-01 3.055524640925230129e-01 -2.053909353167550356e-02 -9.120686710597351865e-02 5.484401607570164039e-01
1.870412340828430942e-01 -1.533743965658605247e-02 -1.231675099178652921e-04 -7.309558669422319688e-02 9.587651175899622458e-02 1.180442418914583597e-01 -6.003740366762255060e-02 -1.977442654853631479e-02 3.920534169654140699e-01 -1.563133381002323186e-01 3.256897006330205374e-03 6.190311819402626314e-01
2.670954680826973515e-01 -8.396035197058082655e-02 -1.633781234651020264e-02 4.163542028602576148e-03 1.091571374262040456e-01 7.738445560654101663e-02 -3.376945443380942324e-02 4.188426953346203324e-02 3.300174531078202134e-01 5.883510842878381109e-02 -1.186577991597912024e-01 4.548101051647670534e-01
3.093510598989985261e-01 3.019625044728931063e-02 3.420120331202001346e-02 5.559254907446494615e-02 -4.717955689598180707e-02 -1.291991357035990606e-01 8.079890035775855184e-02 8.887540341644881159e-02 1.936235898717339754e-01 -5.585184884118018361e-02 1.339023314758317450e-03 5.288746832154750388e-01
2.262646234443096982e-01 -3.940274032503487955e-02 -3.602581955809969899e-02 6.189164345272234191e-02 6.603104015897906520e-03 -8.478418760859783576e-02 3.115915997974158524e-02 1.596758397875160940e-01 2.745325444293950090e-01 6.252201437304902125e-03 -7.503648605921782455e-02 5.594922384722489372e-01
2.673693417660159555e-01 -1.037184949917277638e-01 1.168582334704429682e-01 -6.198355482133589139e-03 -1.087361215485547206e-01 2.062508666061246831e-02 3.553895907512191754e-02 9.009112272948556488e-02 1.381628795072017135e-01 1.340792482077328082e-02 6.531038831252014565e-02 5.619111571484283196e-01
3.341815956040312674e-01 -1.083029937790352115e-01 -1.804960018390575349e-01 7.339135013309447397e-03 5.262840443986367689e-02 -1.069748197127722011e-01 2.448036743342384136e-02 1.843916144524081480e-01 1.603593617044325181e-01 2.792093371163554272e-01 -2.989457952260370088e-02 4.737007005578305341e-01
-1.379981700743260764e-01 -1.066504705115711715e-03 2.822166890373886683e-01 -1.627950754055144666e-01 -9.059838473976447593e-02 -8.887105251187366051e-02 -1.085725048208930621e-01 2.932586105732667980e-01 7.420039017195947384e-01 -5.809297508234889662e-01 -2.399817249898656413e-01 1.183956088208778290e+00
3.228628863001581362e-01 2.946338943061765914e-02 9.048272916005950517e-02 -1.770160091935873981e-02 -6.871212638406784534e-02 -1.046461188252851282e-01 3.617883801995835230e-02 1.535621318211227715e-01 1.423951814241698755e-01 -7.992311036305657646e-02 8.303487173205859051e-02 5.036250500718097989e-01
1.388951797315906567e-01 1.929141515987663758e-01 9.657085669119228055e-03 9.437418314415427223e-02 -1.687042249934871119e-01 -1.376999016269668252e-01 -6.659620975301384915e-02 1.492475224841705583e-01 4.336145399830437785e-01 -2.724204646265379615e-01 5.720154993553244749e-02 6.601387099218147814e-01
2.358588071947138320e-01 -7.075557366817462890e-02 2.752429983749623763e-02 -6.680520363577123477e-02 -3.268755118443324864e-02 1.365971252431986277e-02 1.168057953335634308e-01 2.181936441921898673e-01 1.087317841377846428e-01 8.649131690099448599e-02 -2.069939975735094959e-03 4.556750298112382525e-01
-1.828417102616232415e-02 1.277072167672375913e-02 -2.127241632492360979e-01 -1.279821605369327320e-01 3.397767878621483773e-01 2.281695429980653278e-01 -5.372541657351764810e-02 4.013263359551311749e-01 8.786102270317194818e-02 1.399662191614107210e-01 -2.244758454005742754e-01 5.179432478979580923e-01
-5.722141999270565771e-01 1.191048259508185464e-01 1.063447870672984963e-01 -1.804868387808392372e-01 1.065821165978050877e-01 5.162915278243279671e-03 -1.787846378129723524e-01 3.173992121837878599e-01 1.150633930156306883e+00 6.388981328616589739e-01 -3.829749749087322380e-02 -3.837206246159916567e-01
1.102263458330625390e-01 9.581491371086826858e-02 -1.106729486990693095e-01 -6.213016412965417096e-02 -1.153150272937278065e-01 7.005043318006760888e-02 1.975497639207123290e-01 7.684395608018122770e-02 3.309550271794650667e-01 -7.218894817444532208e-04 -3.237896642202563874e-02 5.304006775900508286e-01
1.814719200053447612e-01 1.556017199883449886e-02 -1.427538347702115573e-01 3.785092365203025777e-02 -9.332979992875413411e-02 -1.131854706570102759e-01 4.754970802195607193e-02 4.613853715895828433e-02 4.838751594284060875e-01 -1.304860076098923738e-01 4.100372123179798350e-02 7.169270929367267398e-01
1.647308293992792161e-01 1.146955318616721398e-03 -2.166002608700656404e-02 -8.623987511282964202e-02 -1.101792612429451299e-02 6.852394469407280253e-02 4.058016193973548735e-02 1.845768391369072836e-01 1.301543542142921117e-01 5.855153502824386735e-02 1.073482914970235735e-01 4.539270375641459854e-01
3.542197271764387922e-01 1.306720778527280802e-01 -1.121481626320385283e-01 4.474420805664019313e-02 -3.192772658791719759e-02 1.297540487366982340e-02 -2.476846271687324630e-02 3.120284966234725468e-02 3.008257475373641854e-01 -1.499345797993003881e-01 -2.664721682106985234e-02 5.614082548661971650e-01
1.293036748080881593e-01 -8.612670960205975890e-02 -1.181418757854378471e-01 1.392895304472541729e-01 1.699218551936350075e-01 -3.907831737299460872e-01 2.140450904863900883e-01 9.082987594046292024e-03 4.467464916982393230e-01 -1.501676942985471497e-01 -1.194316200587942772e-01 8.468835647153184487e-01
2.068106330717759955e-01 1.124422550189385361e-01 -1.204204914039089941e-02 1.968974782273017199e-01 -2.144017480647351370e-01 1.406530973383448950e-02 -3.025878448314121144e-02 1.742523095730829641e-01 1.642884758000793533e-01 5.166338320771275694e-02 -7.567733032712169183e-02 5.025821888508494872e-01
1.305155191678207538e-01 4.191743780966431659e-03 -3.885968980168408304e-02 -1.139175308711237039e-02 -7.663471142567632177e-02 -1.253395694992697970e-02 8.736558183916687259e-02 3.420518977100545088e-01 1.204040883253428840e-01 4.949382843813814048e-02 -7.259079912185391337e-04 4.967454814623150638e-01
3.649933370622108209e-01 1.528492153408745301e-02 -1.105883758198681829e-02 3.145113556719862646e-02 5.802365413504082664e-02 -2.556217183659850734e-02 3.880570616946060064e-02 2.095092440639302334e-01 1.390012277485835335e-01 -3.313971381288809744e-03 -4.290732154268943332e-02 3.163951975302379260e-01
6.857032948588259735e-02 2.793069120604303457e-01 -1.815615948830832937e-02 -2.358765110869696924e-01 5.447462148581237729e-02 -1.458489735496760475e-01 -8.334353096942496986e-02 2.632528991711992616e-01 5.330969578455595215e-02 3.066463482440329735e-01 -2.448799676602985906e-02 5.727744870966816615e-01
2.971893553038022495e-01 -4.241662923828821985e-02 -5.721878804776302230e-02 9.904367726662680060e-02 4.192184651180740768e-02 -3.802159035840786336e-03 3.283469746246876764e-02 2.484257541278594161e-01 5.187310695124940085e-02 -1.011328422850472052e-02 6.529553553564985957e-02 3.675890088591192151e-01
2.705578438200623714e-01 -4.322089118861231066e-03 7.076119640309369574e-02 -1.065302717628449775e-01 5.056799148595422788e-02 -4.339648117669360483e-02 1.125204520178430118e-01 9.565487302665108549e-02 1.261625396762653950e-01 -1.278605785942218687e-01 1.132061501951023563e-01 5.333004954958359134e-01
1.865599322489034928e-01 1.439296066381378497e-02 9.621484540629730853e-02 -1.689142952027294919e-01 -6.671388125259503088e-02 -3.117941103077447040e-02 3.757292452112463710e-02 2.323950585665438828e-01 2.451859677069074817e-01 -1.937011207063631113e-02 -2.364102409023361578e-02 5.881191560015647246e-01
4.167861207853761352e-01 7.397231151957968549e-03 -8.574597561547750435e-02 -2.976640206896874474e-01 1.816959709369604659e-01 -2.254261572140834335e-01 -1.995825854751919273e-02 1.057004748289990248e-01 2.261353307500962306e-01 -9.451357946148894462e-02 2.276323235193197236e-01 6.485826610237332979e-01
2.459317861763659629e-01 -6.080609563543385582e-02 -6.951908697405517756e-02 -2.656542469203439227e-02 -7.705709186244005804e-02 -5.345262860515030690e-02 6.401935504807933219e-02 1.505745738904427367e-01 3.002710616407254229e-01 1.677906459200444872e-03 -1.704214504334333746e-02 6.325899110658296243e-01
