-1.052659357864072831e+01 -9.526597676460033526e+00 -8.526609828356988885e+00 -7.526431819085390273e+00 -6.526979682628390123e+00 -5.525825438682327118e+00 -4.525325121019386998e+00 -3.529713017527361885e+00 -2.523625118319269944e+00 -1.523625118319282379e+00 -5.236251183192841552e-01 4.702869824726469972e-01 1.470286982472645221e+00 2.470286982472646997e+00 3.476374881680712292e+00 4.470286982472648774e+00 5.476374881680719398e+00 6.476374881680708739e+00 7.470286982472655879e+00 8.470286982472643444e+00 9.473783383484589038e+00 1.047332031499933436e+01
-1.052661076696079334e+01 -9.526620214297004452e+00 -8.526703452183436838e+00 -7.526967858387680010e+00 -6.526496117426576760e+00 -5.527487748725834038e+00 -4.525433657182896141e+00 -3.523871054364878574e+00 -2.523871054364853705e+00 -1.523871054364869693e+00 -5.238710543648732454e-01 4.699106091125475615e-01 1.469910609112549338e+00 2.476128945635124978e+00 3.469910609112545785e+00 4.469910609112542232e+00 5.469910609112549338e+00 6.469910609112542232e+00 7.476128945635137413e+00 8.476128945635126755e+00 9.473761423067616150e+00 1.047319083897905401e+01
-1.052752485261719784e+01 -9.526750536127513769e+00 -8.526767679913461961e+00 -7.526480892165151815e+00 -6.526465745134760965e+00 -5.525927150114013031e+00 -4.528896899385875585e+00 -3.530577094717465059e+00 -2.520994105799614360e+00 -1.530577094717459730e+00 -5.209941057996303471e-01 4.694229052825420467e-01 1.479005894200367877e+00 2.469422905282542047e+00 3.469422905282536718e+00 4.479005894200367877e+00 5.469422905282543823e+00 6.469422905282543823e+00 7.479005894200380311e+00 8.475516072051098249e+00 9.472912734882397601e+00 1.047239386154847374e+01
-1.052631504630505077e+01 -9.526503076607534481e+00 -8.526650717312636019e+00 -7.526333210820519426e+00 -6.526414392346678639e+00 -5.525841975415305640e+00 -4.525077352130972841e+00 -3.523472336882917944e+00 -2.529405796731053258e+00 -1.529405796731067468e+00 -5.294057967310727975e-01 4.705942032689272025e-01 1.470594203268928979e+00 2.470594203268927203e+00 3.470594203268923650e+00 4.476527663117094491e+00 5.470594203268928979e+00 6.476527663117096267e+00 7.476527663117090938e+00 8.476527663117094491e+00 9.475387739186917457e+00 1.047335481101814558e+01
-1.052643491514022855e+01 -9.526447338983400570e+00 -8.526706287637338733e+00 -7.526942366734150625e+00 -6.526479093357908212e+00 -5.526021944358941340e+00 -4.528029525652510046e+00 -3.523528316989539277e+00 -2.529562665149551748e+00 -1.523528316989526843e+00 -5.295626651495624060e-01 4.704373348504358177e-01 1.470437334850439370e+00 2.470437334850437594e+00 3.476471683010466052e+00 4.470437334850435818e+00 5.476471683010464275e+00 6.476471683010464275e+00 7.476471683010462499e+00 8.470437334850434041e+00 9.474864577874537730e+00 1.047330417297780691e+01
-1.052689435383806682e+01 -9.526877202601571781e+00 -8.526738048107764811e+00 -7.526525088162594912e+00 -6.526521686972525771e+00 -5.526034154505888196e+00 -4.525575757534655352e+00 -3.530540459365999695e+00 -2.523919374258651871e+00 -1.530540459365996142e+00 -5.239193742586714109e-01 4.760806257413250364e-01 1.469459540634002082e+00 2.476080625741323260e+00 3.476080625741328589e+00 4.476080625741326813e+00 5.469459540634003858e+00 6.476080625741326813e+00 7.469459540634010963e+00 8.471014491705734173e+00 9.474525674669584063e+00 1.047276276299223063e+01
-1.052659737420345465e+01 -9.526607443663188235e+00 -8.526676700535130493e+00 -7.526994341137733358e+00 -6.526444518091981450e+00 -5.525755283507418625e+00 -4.525209591808636134e+00 -3.523418889465654402e+00 -2.529671275141534892e+00 -1.523418889465649073e+00 -5.296712751415508791e-01 4.703287248584491209e-01 1.470328724858450897e+00 2.476581110534350927e+00 3.476581110534352703e+00 4.470328724858443792e+00 5.476581110534354480e+00 6.470328724858449121e+00 7.476581110534352703e+00 8.470328724858447345e+00 9.472305088219329150e+00 1.047319114851681476e+01
-1.052667321925134303e+01 -9.526680911975816457e+00 -8.526676821607063417e+00 -7.526964853602390093e+00 -6.526463358747674803e+00 -5.527571930634696429e+00 -4.528103935616929476e+00 -3.523572105067701798e+00 -2.523572105067687588e+00 -1.523572105067689364e+00 -5.297437711534147553e-01 4.764278949323035306e-01 1.476427894932310636e+00 2.470256228846583468e+00 3.470256228846583468e+00 4.476427894932307083e+00 5.470256228846583468e+00 6.470256228846583468e+00 7.476427894932303531e+00 8.470256228846583468e+00 9.472435873848464638e+00 1.047316524098542878e+01
-1.052608700503007100e+01 -9.526504148136481831e+00 -8.526649225841861579e+00 -7.526388753544221544e+00 -6.526468653570507428e+00 -5.525934797119010256e+00 -4.528604816984053372e+00 -3.521933276544933378e+00 -2.530281413685177228e+00 -1.530281413685198544e+00 -5.219332765449262723e-01 4.697185863148014562e-01 1.478066723455075504e+00 2.469718586314794351e+00 3.478066723455070175e+00 4.469718586314801456e+00 5.469718586314805009e+00 6.469718586314799680e+00 7.478066723455086162e+00 8.476801272143001498e+00 9.470984037626857699e+00 1.047348708998072375e+01
-9.570623782377422728e+00 -8.582754570409321104e+00 -7.675587007157744779e+00 -6.938174057806533845e+00 -6.166467649309505639e+00 -4.788207537438045946e+00 -3.533813969285459322e+00 -1.807302925921423498e+00 -3.878849054689457176e+00 1.926970740785871605e-01 -1.878849054689464282e+00 -8.788490546894630606e-01 1.211509453105406586e-01 4.192697074078582276e+00 2.121150945310537494e+00 3.121150945310537494e+00 4.121150945310541935e+00 8.192697074078585828e+00 6.121150945310549041e+00 7.121150945310533942e+00 8.639094539097857961e+00 1.116838595158051994e+01
-9.456048831222508610e+00 -8.506423481021769817e+00 -7.656021906341661243e+00 -6.672589202608422809e+00 -5.768951505661560120e+00 -4.394435855408024949e+00 -4.672717740405329501e+00 -1.922229943831849752e+00 -9.222299438318301013e-01 7.777005616816401457e-02 1.077770056168154911e+00 -1.406779374404994565e+00 -4.067793744049944538e-01 5.932206255950063234e-01 1.593220625595006101e+00 2.593220625595006990e+00 3.593220625595008322e+00 8.077770056168155577e+00 9.077770056168162682e+00 6.593220625595004769e+00 7.436586958487512611e+00 1.048443556901130336e+01
-1.242003771537948253e+01 -6.449449751014152632e+00 -1.946393023668360200e+00 -1.439703478923691993e+00 4.357583829766018546e-01 1.604980440044072587e+00 -1.793897405176840154e+00 -4.158422933819701406e+00 -3.158422933819677425e+00 -4.325272176800783797e+00 -1.158422933819690304e+00 -1.584229338196886383e-01 -1.325272176800787793e+00 -3.252721768007844627e-01 2.841577066180307476e+00 3.841577066180304811e+00 4.841577066180317246e+00 6.985730660623349131e+00 3.530573701594945213e+00 4.530573701594930114e+00 5.530573701594927449e+00 3.929066573877418644e+00
-1.052636478485703719e+01 -9.526624102314755760e+00 -8.526637122204345332e+00 -7.526935387572116554e+00 -6.526480514725482962e+00 -5.526043463667676292e+00 -4.527964707633302055e+00 -3.529474631121209072e+00 -2.529474631121189532e+00 -1.523724597116753898e+00 -5.294746311212090717e-01 4.762754028832443254e-01 1.476275402883249654e+00 2.476275402883246102e+00 3.470525368878792705e+00 4.470525368878792705e+00 5.470525368878796257e+00 6.470525368878794481e+00 7.476275402883253207e+00 8.476275402883247878e+00 9.475488122383305623e+00 1.047323068214411990e+01
-9.819532508360339307e+00 -8.836313807050943936e+00 -7.922806246651844297e+00 -7.052663942792502638e+00 -6.149059375628940671e+00 -5.287701660310352381e+00 -3.645153983974154244e+00 -5.619207681128090215e+00 -1.502934617269761963e+00 -5.029346172697756190e-01 4.970653827302209948e-01 1.497065382730219163e+00 2.497065382730219163e+00 3.807923188719152252e-01 4.497065382730220051e+00 2.380792318871924440e+00 6.497065382730224492e+00 7.497065382730223604e+00 5.380792318871923108e+00 6.380792318871913338e+00 7.418877501623562409e+00 1.082686808794766975e+01
-9.473108581040527554e+00 -8.625958092475087824e+00 -7.840254597057033870e+00 -7.023576247511707393e+00 -6.121297236303610667e+00 -5.300689706226050291e+00 -2.893942299420792619e+00 -1.675181613594207475e+00 -6.751816135941699493e-01 3.248183864058087345e-01 1.324818386405801629e+00 -2.803060100497283269e+00 3.324818386405805626e+00 4.324818386405800297e+00 1.969398995027156207e-01 1.196939899502708071e+00 7.324818386405807402e+00 3.196939899502718063e+00 4.196939899502721616e+00 7.312947872058093601e+00 9.208809833053505756e+00 9.911639573572525563e+00
-8.594977038018457804e+00 -8.511031722723918946e+00 -7.626657514489827427e+00 -6.796311910361779951e+00 -5.935460208001908100e+00 -5.110436410874684476e+00 -3.766356757861390125e+00 -5.383917799142246885e+00 -1.854295216505271959e+00 -8.542952165052857261e-01 1.457047834947091669e-01 1.145704783494710277e+00 2.145704783494712498e+00 3.145704783494708501e+00 1.616082200857757556e+00 5.145704783494710277e+00 3.616082200857767770e+00 4.616082200857765550e+00 5.565319630320712641e+00 9.196466872654504243e+00 1.019646687265450247e+01 7.311714619811745308e+00
-9.838766233271902806e+00 -8.514833468614494194e+00 -7.624746336200407093e+00 -6.919044619193447154e+00 -6.056342036218707925e+00 -5.295066651564732219e+00 -3.235758412323570532e+00 -2.180647642857481472e+00 -3.703139816393967276e+00 -1.806476428574629312e-01 -1.703139816393986372e+00 1.819352357142527188e+00 2.968601836060159593e-01 1.296860183606008965e+00 2.296860183606015404e+00 3.296860183606012740e+00 6.819352357142526522e+00 5.296860183606013628e+00 6.296860183606026951e+00 8.740367611909189094e+00 9.375844411127479461e+00 9.129053557935858265e+00
-9.498645330733069159e+00 -8.554579153267344083e+00 -7.684448204571376451e+00 -6.797033516079040716e+00 -5.807265689573337220e+00 -4.524276651422995954e+00 -3.743457643764477982e+00 -3.123929711664720887e+00 -2.123929711664704900e+00 -1.123929711664710229e+00 -2.235510895188280500e+00 -1.235510895188278946e+00 1.876070288335287550e+00 2.876070288335280889e+00 1.764489104811720832e+00 4.876070288335285774e+00 5.876070288335287550e+00 6.876070288335280445e+00 7.876070288335293768e+00 6.764489104811725717e+00 6.749681226461890837e+00 1.033043466968882385e+01
-1.000784480905702800e+01 -9.067685203543897288e+00 -7.826807424462018936e+00 -6.848166364320673161e+00 -5.994553898536072900e+00 -5.082799317850839493e+00 -3.737092980414371990e+00 -2.893655015973913613e+00 -1.893655015973883415e+00 -8.936550159739008459e-01 -2.292298420104454504e+00 1.106344984026087497e+00 -2.922984201044497299e-01 7.077015798955464954e-01 4.106344984026091716e+00 2.707701579895549937e+00 6.106344984026090827e+00 7.106344984026092604e+00 6.288185230256716274e+00 8.525861358287864178e+00 9.525861358287864178e+00 1.006281956459112692e+01
-1.289726649892931931e+01 -1.729908217071168153e+00 -1.707984534670262899e+00 -1.026394342789671121e+00 -2.078810826595381744e+00 -2.995066622666997525e+00 -3.947753698550596102e+00 -3.994422573488648709e+00 -2.994422573488630945e+00 -4.244224056069964668e+00 -9.944225734886458223e-01 5.577426511349903304e-03 -1.244224056069955786e+00 2.005577426511343297e+00 3.005577426511356620e+00 4.005577426511354844e+00 2.755775943930041993e+00 6.005577426511355732e+00 6.715421281091370709e+00 6.045931308016108119e+00 7.045931308016100125e+00 1.676952321272398905e+00
-9.138109692709676324e+00 -8.631389688610674682e+00 -7.700885349046504125e+00 -6.899288438190724015e+00 -6.117463786064353926e+00 -4.980007284463946249e+00 -3.423799677335218394e+00 -2.045641741314529138e+00 -5.642789712680254866e+00 -4.564174131452597427e-02 9.543582586854747474e-01 1.954358258685471084e+00 2.954358258685474858e+00 -6.427897126802659677e-01 3.572102873197386952e-01 5.954358258685473970e+00 6.954358258685477523e+00 3.357210287319734476e+00 6.764904443889152574e+00 7.546664101975066430e+00 8.546664101975068206e+00 9.336361029508067233e+00
-9.683705018755379257e+00 -8.874847416456303151e+00 -7.871701993037525824e+00 -6.898586263261209162e+00 -5.950542995236940413e+00 -4.791406422729354020e+00 -3.872773545967877595e+00 -5.958424965748172042e+00 -9.398737356808543053e-01 6.012626431913392633e-02 1.060126264319131373e+00 -1.958424965748162938e+00 3.060126264319133593e+00 4.060126264319132261e+00 1.041575034251839504e+00 6.060126264319125156e+00 3.041575034251834175e+00 4.041575034251836840e+00 7.133550096092185377e+00 7.968150949918198833e+00 8.968150949918189951e+00 9.718077623345564575e+00
-9.843144337158307167e+00 -9.043619825459566997e+00 -7.806819828625813251e+00 -6.731211133276342906e+00 -5.856107244656709732e+00 -4.550094598630076703e+00 -3.496587032408168483e+00 -5.238019348095233951e+00 -3.938000732050246366e-01 6.061999267949598202e-01 1.606199926794955157e+00 -1.238019348095238392e+00 -2.380193480952317309e-01 7.619806519047563897e-01 1.761980651904765161e+00 2.761980651904770934e+00 7.606199926794956490e+00 8.167319142632397444e+00 6.200861531269677762e+00 7.200861531269667104e+00 8.200861531269662663e+00 8.973995366168672660e+00
-1.052678748457272917e+01 -9.526764931665219649e+00 -8.526778216050423964e+00 -7.526454689489181504e+00 -6.526958829299962517e+00 -5.527617367492471345e+00 -4.528127240525048336e+00 -3.523984382437040708e+00 -2.529737892137323030e+00 -1.523984382437031826e+00 -5.297378921373372407e-01 4.760156175629592923e-01 1.476015617562962845e+00 2.476015617562957516e+00 3.470262107862659207e+00 4.470262107862657430e+00 5.476015617562961069e+00 6.476015617562961069e+00 7.470262107862668088e+00 8.471137990667049422e+00 9.475139734758554866e+00 1.047278989241880431e+01
-1.523322565209081603e+00 -5.801086097692849108e+00 -5.352188160904335135e+00 -2.938455002655953940e+00 -2.763155031214120427e+00 -2.571132983576045916e+00 -1.377795093069429377e-01 -3.555426969425282913e+00 -2.555426969425262929e+00 -1.134833504576814978e+00 -1.348335045768218610e-01 4.445730305747240263e-01 1.865166495423191684e+00 2.444573030574730410e+00 7.470498240734038120e+00 8.392414431710890632e-01 1.839241443171090840e+00 2.839241443171095725e+00 3.839241443171086843e+00 4.839241443171083290e+00 5.839241443171077961e+00 -4.379620436766145986e+00
-9.308563556714776865e+00 -8.751827115621873432e+00 -7.836121230627446366e+00 -6.904437042503793087e+00 -6.004653855558448328e+00 -4.955974645392251077e+00 -4.122896152017791138e+00 -2.430692787992931869e+00 -1.430692787992911219e+00 -4.306927879929259850e-01 -2.942712693990800599e+00 -1.942712693990798822e+00 2.569307212007068575e+00 3.569307212007069907e+00 4.569307212007075236e+00 5.569307212007069907e+00 6.569307212007067243e+00 4.057287306009198069e+00 5.057287306009211392e+00 9.569307212007061025e+00 6.982500462253719675e+00 7.962057725085748494e+00
-1.052649004825131129e+01 -9.526678499511683995e+00 -8.526690632782191415e+00 -7.526956372640349002e+00 -6.526467744938333482e+00 -5.525903806767665571e+00 -4.525419217280344242e+00 -3.523810648105358823e+00 -2.523810648105335730e+00 -1.529817969284259505e+00 -5.238106481053517172e-01 4.701820307157369427e-01 1.470182030715735166e+00 2.476189351894644730e+00 3.470182030715740495e+00 4.470182030715735166e+00 5.476189351894648283e+00 6.476189351894646506e+00 7.470182030715745825e+00 8.475958532907759135e+00 9.470412857153217345e+00 1.047300535745242200e+01
-3.030761913024236698e+00 -5.987785716979719730e+00 -5.824163034279307816e+00 1.149966132350082937e+00 1.854337525446659862e-01 2.016116230312865021e+00 -2.498545809524942207e+00 -5.269611294708556493e+00 -4.269611294708525406e+00 -3.269611294708543170e+00 -2.269611294708536064e+00 -2.236527339839738282e+00 -1.236527339839718298e+00 7.303887052914508349e-01 1.730388705291456164e+00 2.730388705291454166e+00 3.730388705291460827e+00 4.730388705291459495e+00 5.730388705291444396e+00 2.952304904648615835e+00 1.054155679158609082e+01 -9.219549898656900222e-01
-1.052670409327201639e+01 -9.526704599911500537e+00 -8.526733627373513258e+00 -7.525920232588600101e+00 -6.528648054057876848e+00 -5.529981052333642566e+00 -4.523916175419632424e+00 -3.533488144928766062e+00 -2.512686511332328010e+00 -1.533488144928750074e+00 -5.334881449287554034e-01 4.873134886676648847e-01 1.487313488667666661e+00 2.466511855071239268e+00 3.466511855071244597e+00 4.466511855071244597e+00 5.466511855071248149e+00 6.466511855071239268e+00 7.487313488667673766e+00 8.466511855071246373e+00 9.480460340326487767e+00 1.047328556532209731e+01
-1.052657216397884810e+01 -9.526702258566563941e+00 -8.526715811172669746e+00 -7.527041714469161704e+00 -6.527062635699452997e+00 -5.526072691956711580e+00 -4.527951970527125169e+00 -3.524275716224872568e+00 -2.529503244737339784e+00 -1.524275716224861910e+00 -5.295032447373468898e-01 4.704967552626495575e-01 1.475724283775129209e+00 2.470496755262647781e+00 3.475724283775125656e+00 4.475724283775123880e+00 5.470496755262654887e+00 6.475724283775125656e+00 7.470496755262658439e+00 8.475724283775125656e+00 9.475079115649499784e+00 1.047298833372239102e+01
-1.052673965997319527e+01 -9.526745888658542327e+00 -8.526762414046309857e+00 -7.526405181058448690e+00 -6.526970270343790403e+00 -5.527856148102058498e+00 -4.528429522433063070e+00 -3.524135093458699686e+00 -2.524135093458667711e+00 -1.530288989909672992e+00 -5.241350934586819221e-01 4.758649065413180779e-01 1.475864906541319854e+00 2.469711010090319903e+00 3.469711010090327008e+00 4.475864906541314525e+00 5.469711010090319903e+00 6.475864906541318078e+00 7.469711010090327008e+00 8.475864906541323407e+00 9.474644352427937122e+00 1.047278915040871894e+01
-8.710010793816216790e+00 -8.646311127239906469e+00 -7.735862267785164725e+00 -6.860151984184642338e+00 -5.766183358440281737e+00 -5.332655410314810496e+00 -3.273134418855858652e+00 -5.144991935980258724e+00 -1.081136880318862348e+00 -8.113688031886823193e-02 9.188631196811285484e-01 -1.144991935980250952e+00 -1.449919359802503971e-01 3.918863119681122331e+00 1.855008064019753045e+00 2.855008064019752378e+00 6.918863119681127216e+00 7.918863119681121887e+00 5.855008064019758152e+00 6.855008064019757263e+00 7.449118516717575744e+00 8.789954398697812366e+00
-1.052690086429086591e+01 -9.526719617742012147e+00 -8.526733542877146022e+00 -7.526472295719123906e+00 -6.527047219770858888e+00 -5.525820954787441508e+00 -4.525255139070466726e+00 -3.523436765271155124e+00 -2.523436765271142690e+00 -1.530150520699930183e+00 -5.301505206999355124e-01 4.765632347288537574e-01 1.476563234728857310e+00 2.476563234728851981e+00 3.469849479300066264e+00 4.469849479300057382e+00 5.469849479300059159e+00 6.469849479300060935e+00 7.476563234728855534e+00 8.473119058561604078e+00 9.473293659192599137e+00 1.047305935333399063e+01
-9.282148051704115943e+00 -8.818502904436559930e+00 -7.906728541641800945e+00 -7.161281900397320932e+00 -6.253225934939265152e+00 -4.667221026361767500e+00 -3.220049638551972127e+00 -1.219799219271963775e+00 -2.197992192719463445e-01 7.802007807280428864e-01 -2.938510277069624088e+00 -1.938510277069620980e+00 3.780200780728047771e+00 6.148972293036891745e-02 1.061489722930370583e+00 6.780200780728038445e+00 3.061489722930369251e+00 4.061489722930367918e+00 8.550054539622962579e+00 7.291634844078810573e+00 8.291634844078807021e+00 9.318890250033287970e+00
-9.516047457554318356e+00 -8.732046458589040938e+00 -7.808688958377229206e+00 -7.046064041087121588e+00 -6.149628971437326008e+00 -5.323108457523288095e+00 -2.998629381632634594e+00 -1.781955622195406264e+00 -7.819556221953868347e-01 2.180443778046173842e-01 1.218044377804605949e+00 2.218044377804606615e+00 3.218044377804607059e+00 -3.564140748130786296e-01 6.435859251869160413e-01 1.643585925186925811e+00 2.643585925186919372e+00 8.218044377804602618e+00 4.643585925186930474e+00 1.021804437780460617e+01 6.408797794936374359e+00 8.616130003896644851e+00
-1.052693989788265583e+01 -9.526766869324147180e+00 -8.526782180267286293e+00 -7.526501241224750061e+00 -6.526519029485898571e+00 -5.526038753884762400e+00 -4.525597221302703588e+00 -3.523979279297318357e+00 -2.530423703688102322e+00 -1.523979279297311251e+00 -5.304237036881129796e-01 4.760207207026798670e-01 1.476020720702685196e+00 2.469576296311885244e+00 3.476020720702681643e+00 4.469576296311890573e+00 5.476020720702676314e+00 6.469576296311885244e+00 7.476020720702679867e+00 8.470254947346711916e+00 9.475342065942557568e+00 1.047252037460831708e+01
-9.647702165123725138e+00 -8.720475695988328724e+00 -7.780490591391609811e+00 -6.942591253650846284e+00 -6.050816619001839314e+00 -5.262518644196132911e+00 -3.624136764645580211e+00 -2.484503696637435421e+00 -1.484503696637411663e+00 -3.513758307866144293e+00 5.154963033625723501e-01 1.515496303362568353e+00 2.515496303362575237e+00 4.862416921338524878e-01 4.515496303362568575e+00 2.486241692133859260e+00 3.486241692133850378e+00 7.515496303362565911e+00 5.486241692133861925e+00 9.515496303362581898e+00 7.062269321798043009e+00 9.824282245633680688e+00
-1.052666289867320160e+01 -9.526664969934650173e+00 -8.526684095575030042e+00 -7.526391563429076115e+00 -6.527176467193779530e+00 -5.527774540199470010e+00 -4.528561351312827554e+00 -3.519466338171206132e+00 -2.531107333912069990e+00 -1.519466338171184816e+00 -5.311073339120859771e-01 4.688926660879140229e-01 1.468892666087915799e+00 2.468892666087910470e+00 3.480533661828806302e+00 4.480533661828804526e+00 5.468892666087915799e+00 6.468892666087917576e+00 7.480533661828804526e+00 8.468892666087924681e+00 9.475811260329050967e+00 1.047329370914535218e+01
-1.052668136527589837e+01 -9.526682944798992025e+00 -8.526700848544173539e+00 -7.526451149786076655e+00 -6.527039283717204654e+00 -5.525761702859931290e+00 -4.529053361917078746e+00 -3.530906202102249480e+00 -2.530906202102235270e+00 -1.520039217377231466e+00 -5.309062021022405986e-01 4.799607826227543228e-01 1.469093797897755849e+00 2.479960782622750770e+00 3.479960782622752546e+00 4.469093797897755849e+00 5.469093797897757625e+00 6.479960782622756099e+00 7.469093797897766507e+00 8.469093797897748743e+00 9.475529512559825562e+00 1.047328556904739472e+01
-1.052640220878475219e+01 -9.526451296935018576e+00 -8.526676162908017886e+00 -7.526448711583574536e+00 -6.526485133746787071e+00 -5.526004679331711245e+00 -4.528306878933845425e+00 -3.529815599152998473e+00 -2.529815599152970051e+00 -1.522790033200914550e+00 -5.298155991529860387e-01 4.701844008470139613e-01 1.477209966799074792e+00 2.470184400847013961e+00 3.477209966799073015e+00 4.477209966799076568e+00 5.477209966799069463e+00 6.477209966799078344e+00 7.470184400847021067e+00 8.470184400847013961e+00 9.471956223418771970e+00 1.047326696308499372e+01
-9.690389240085604428e+00 -8.895483648245152253e+00 -7.825857218845217567e+00 -7.004149631858707536e+00 -5.827613592954871358e+00 -4.795030587336172267e+00 -3.641122961999535335e+00 -5.425488897130403387e+00 -8.279753263077571646e-01 -3.425488897130405164e+00 1.172024673692236396e+00 2.172024673692233954e+00 3.172024673692233065e+00 5.745111028695889521e-01 5.172024673692233065e+00 2.574511102869591284e+00 3.574511102869593948e+00 4.574511102869589507e+00 8.013241374316100618e+00 7.733294824041308857e+00 8.733294824041298199e+00 9.305624594251359127e+00
-1.052863817628141874e+01 -9.527131586928259566e+00 -8.527123316783798757e+00 -7.525345176119717649e+00 -6.525374211032284322e+00 -5.528468958694826796e+00 -4.523712493140596536e+00 -3.531458764929684691e+00 -2.531458764929668703e+00 -1.518567025322813180e+00 -5.314587649296793614e-01 4.685412350703224149e-01 1.481432974677179715e+00 2.481432974677174386e+00 3.481432974677179715e+00 4.468541235070322415e+00 5.468541235070318862e+00 6.468541235070320639e+00 7.477902092378243992e+00 8.472072117369265243e+00 9.472072117369267019e+00 1.047122576866636123e+01
-1.075239037678363374e+01 -8.769455031873299333e+00 -7.857902191741946041e+00 -6.774642255054140527e+00 -5.838153656752064435e+00 -4.489602503973604719e+00 -3.355954544825323627e+00 -9.681964860206893064e-01 3.180351397933200985e-02 1.031803513979320464e+00 -3.248795699106209689e+00 -2.248795699106215906e+00 4.031803513979310694e+00 5.031803513979310694e+00 7.512043008937885347e-01 1.751204300893796750e+00 2.751204300893790311e+00 3.751204300893792531e+00 7.824919977218018019e+00 7.958088373655440861e+00 8.958088373655435532e+00 9.843759182219322668e+00
-1.014884453865909286e+01 -8.748719184799549353e+00 -7.857128943739146720e+00 -6.694769503583567705e+00 -6.225945204387635101e+00 -5.713021305995566124e+00 -3.190994509478506824e+00 -9.628790005774326977e-01 -4.361694776182546640e+00 1.037120999422572298e+00 2.037120999422569856e+00 3.037120999422571188e+00 -3.616947761825548002e-01 6.383052238174382609e-01 1.638305223817443146e+00 2.638305223817441814e+00 3.638305223817440481e+00 4.638305223817439149e+00 9.123790647318022806e+00 7.551635925984959918e+00 8.551635925984966136e+00 9.148738847946264130e+00
-1.052638726833864524e+01 -9.526672439311017371e+00 -8.526685485277640808e+00 -7.526469850574033060e+00 -6.527012774382107807e+00 -5.527478174899096430e+00 -4.525625222955229177e+00 -3.529412498358974304e+00 -2.523908124897948468e+00 -1.529412498358960093e+00 -5.294124983589671984e-01 4.705875016410310252e-01 1.476091875102037321e+00 2.476091875102035544e+00 3.470587501641031025e+00 4.476091875102037321e+00 5.470587501641036354e+00 6.476091875102039097e+00 7.470587501641039907e+00 8.476091875102031992e+00 9.475486224855888651e+00 1.047317994978618039e+01
-5.613022679073498722e+00 -2.468941845185239181e+00 -1.659336819170523114e+00 -1.018553471497779306e+00 -9.969754716368273151e-01 -2.989110701235587975e+00 -1.925317989513460670e+00 -4.293395142391958075e+00 -3.293395142391945640e+00 -4.763825471555641400e+00 -1.293395142391953190e+00 -2.933951423919538559e-01 7.066048576080468102e-01 1.706604857608041925e+00 2.706604857608038373e+00 3.706604857608036596e+00 4.706604857608036596e+00 3.236174528444341725e+00 4.236174528444347942e+00 3.087121642411264855e+00 1.085565443793684182e+01 -4.926485685837082684e+00
-4.054436923716906449e+00 -6.577786189772387715e-01 -6.027281758189417804e-01 -1.044227490050239959e+00 -2.193189511013331483e-01 8.645342213800237818e-01 -2.586640061356926257e+00 -5.310921983554553805e+00 -4.310921983554535153e+00 -3.310921983554545367e+00 -2.310921983554553361e+00 -1.310921983554551140e+00 -3.109219835545556920e-01 -9.460961888883876458e-01 1.689078016445446639e+00 1.053903811111643662e+00 3.689078016445450192e+00 4.689078016445452413e+00 5.689078016445455965e+00 3.898320141239211445e+00 8.844663079272924833e+00 -4.027976286544811657e+00
-1.045143457341647775e+01 -8.943472651038591792e+00 -8.039551589389686725e+00 -6.797583637754881281e+00 -5.988721143337659925e+00 -4.948778069766083476e+00 -3.973784470787818712e+00 -5.542738100705530968e+00 -1.470843901496221573e+00 -4.708439014962267910e-01 5.291560985037611076e-01 1.529156098503762440e+00 2.529156098503763328e+00 4.572618992944648686e-01 4.529156098503763772e+00 2.457261899294471252e+00 3.457261899294470808e+00 5.765297741023500677e+00 7.221120872339395369e+00 8.221120872339385599e+00 9.221120872339387375e+00 1.012368031025258297e+01
-1.472241275579980968e+00 -1.041876646269603413e+00 -1.097915707367281835e+00 -1.186880463500438410e+00 -3.664637795777980767e-01 -1.921353689230482331e+00 2.728139763555500696e+00 -6.159154062400532759e+00 -5.159154062400518548e+00 -2.747696531421797594e+00 -3.159154062400526985e+00 -2.159154062400527430e+00 2.523034685781946340e-01 -1.591540624005292615e-01 8.408459375994704610e-01 3.252303468578197077e+00 2.840845937599475679e+00 3.840845937599462356e+00 4.840845937599473459e+00 5.840845937599465465e+00 -2.216247585227052674e+00 3.822468322471364033e+00
-1.052637118930844196e+01 -9.526607529175540989e+00 -8.526638441634441179e+00 -7.526459888470466097e+00 -6.526478909802690964e+00 -5.525985886258151680e+00 -4.528082528066899926e+00 -3.529758871448320789e+00 -2.523453750562927311e+00 -1.523453750562932640e+00 -5.234537505629397458e-01 4.702411285516916450e-01 1.470241128551691645e+00 2.476546249437056701e+00 3.476546249437056701e+00 4.470241128551684540e+00 5.470241128551686316e+00 6.470241128551688092e+00 7.476546249437067360e+00 8.470241128551682763e+00 9.475386238741602796e+00 1.047327145849439844e+01
