-1.051529215022238617e+01 -9.515586995773675838e+00 -8.515663967721827987e+00 -7.516025007956418591e+00 -6.515470472418430248e+00 -5.514640962027680615e+00 -4.514050067656402376e+00 -3.518769805573603193e+00 -2.512094863944419387e+00 -1.518769805573594311e+00 -5.120948639444300454e-01 4.812301944263985831e-01 1.481230194426400359e+00 2.487905136055568178e+00 3.481230194426402136e+00 4.481230194426403912e+00 5.481230194426403912e+00 6.487905136055568178e+00 7.487905136055566402e+00 8.486807095564225634e+00 9.482328238643036755e+00 1.048433896408163157e+01
-4.506585393713090859e+00 -4.361172146402576999e+00 -2.486698218857731124e+00 -3.113853089910802563e+00 -2.600756003724832954e+00 -2.093894067784446200e+00 1.471935365011776797e+00 -4.555756392646724606e+00 -3.555756392646713504e+00 -2.988839826100330832e+00 -1.555756392646722386e+00 -5.557563926467214976e-01 4.442436073532810004e-01 1.011160173899654291e+00 2.444243607353276726e+00 3.011160173899658954e+00 4.444243607353273617e+00 5.921000334420845945e+00 5.534405267999113143e+00 6.534405267999111366e+00 7.534405267999116695e+00 -6.321496640433868386e+00
2.883786800984673437e-01 -4.296475203349198857e+00 -3.832430803046953383e+00 -2.976576482716255523e+00 -2.536931012995655266e+00 -9.535680999481392917e-01 -2.864999711600897836e+00 -4.240246325926199766e+00 -3.240246325926174009e+00 -3.380112418712446054e+00 -2.380112418712438505e+00 -1.380112418712424072e+00 -3.801124187124406140e-01 6.198875812875613844e-01 1.619887581287550615e+00 2.619887581287553946e+00 3.619887581287563272e+00 4.619887581287562384e+00 6.759753674073823326e+00 6.926693430900858317e+00 8.452947808064886104e+00 -3.410406143442067162e+00
-1.051496498422181247e+01 -9.515463577075422563e+00 -8.515479238195842626e+00 -7.516145484013996736e+00 -6.515366138382377770e+00 -5.514080138369031658e+00 -4.513306142254293718e+00 -3.519268186254929986e+00 -2.519268186254906894e+00 -1.519268186254919328e+00 -5.192681862549193283e-01 4.894320951266841746e-01 1.489432095126682398e+00 2.480731813745071790e+00 3.489432095126687727e+00 4.480731813745073566e+00 5.480731813745073566e+00 6.489432095126678846e+00 7.480731813745078895e+00 8.489432095126684175e+00 9.482138952748355720e+00 1.048453347994524165e+01
-1.051565537009052065e+01 -9.515668285671964099e+00 -8.515713223848839775e+00 -7.515490868721522943e+00 -6.515502208505163040e+00 -5.516437088732006444e+00 -4.514492762867712727e+00 -3.513108139519001583e+00 -2.518919685516834761e+00 -1.518919685516854301e+00 -5.131081395189944772e-01 4.868918604810037465e-01 1.481080314483145699e+00 2.481080314483142146e+00 3.486891860481001970e+00 4.486891860481000194e+00 5.486891860481003746e+00 6.486891860481001970e+00 7.481080314483143923e+00 8.481080314483149252e+00 9.485043248500332425e+00 1.048407336544583579e+01
-1.051518876325680907e+01 -9.515583956952802680e+00 -8.515596213157884620e+00 -7.516074592586287295e+00 -6.515464136715632293e+00 -5.514585966583007703e+00 -4.513984093781227003e+00 -3.518814640458344911e+00 -2.511950740929343340e+00 -1.511950740929352222e+00 -5.119507409293611033e-01 4.811853595416586415e-01 1.481185359541656865e+00 2.481185359541660418e+00 3.488049259070640673e+00 4.481185359541660418e+00 5.481185359541662194e+00 6.481185359541660418e+00 7.481185359541667523e+00 8.488049259070644226e+00 9.487241683189159502e+00 1.048438858393241091e+01
-1.051569333757186087e+01 -9.515718934041508703e+00 -8.515732784670838384e+00 -7.515968945724056383e+00 -6.515981760722649341e+00 -5.516435366970570797e+00 -4.514444482428091376e+00 -3.513040897351778824e+00 -2.519049716097377711e+00 -1.513040897351766390e+00 -5.190497160973865931e-01 4.869591026482247287e-01 1.486959102648224729e+00 2.486959102648219400e+00 3.480950283902615183e+00 4.480950283902616960e+00 5.480950283902615183e+00 6.486959102648221176e+00 7.480950283902611631e+00 8.486959102648224729e+00 9.486721600490529482e+00 1.048372030546042666e+01
-1.051559973067863041e+01 -9.515607885339045779e+00 -8.515635415234362071e+00 -7.515443339266589362e+00 -6.515973686494602291e+00 -5.514931119301117235e+00 -4.517303872176199775e+00 -3.511673822321693450e+00 -2.511673822321675686e+00 -1.518964584239505200e+00 -5.189645842395140818e-01 4.883261776783136554e-01 1.481035415760489471e+00 2.481035415760484142e+00 3.481035415760485918e+00 4.488326177678318984e+00 5.488326177678315432e+00 6.488326177678313655e+00 7.481035415760485918e+00 8.481035415760478813e+00 9.483943422070952423e+00 1.048422836580059148e+01
-1.051525953208863484e+01 -9.515273859555072988e+00 -8.515708679163990880e+00 -7.515151349658340862e+00 -6.515160666609357776e+00 -5.516732534224354723e+00 -4.514053700322444129e+00 -3.518900280649027934e+00 -2.518900280649013723e+00 -1.511553479189222671e+00 -5.115534791892351052e-01 4.810997193509773950e-01 1.481099719350975619e+00 2.481099719350970290e+00 3.488446520810764895e+00 4.481099719350972066e+00 5.488446520810761342e+00 6.488446520810768448e+00 7.481099719350977395e+00 8.481099719350977395e+00 9.486752098595532701e+00 1.048443957993928599e+01
-1.051536189443011438e+01 -9.515596055002371045e+00 -8.515642643482848939e+00 -7.515415370972345244e+00 -6.515965518118301603e+00 -5.514948230744767699e+00 -4.517112095416951689e+00 -3.512357187034067962e+00 -2.518805277110493179e+00 -1.512357187034059081e+00 -5.123571870340626333e-01 4.811947228894890571e-01 1.481194722889494386e+00 2.487642812965935590e+00 3.487642812965932038e+00 4.481194722889490833e+00 5.487642812965939143e+00 6.481194722889489057e+00 7.481194722889487281e+00 8.481194722889485504e+00 9.486411492763579645e+00 1.048429209315640165e+01
-9.323334986065836105e+00 -8.403568054444171764e+00 -7.845178991838358762e+00 -7.032031541909351979e+00 -5.823669800025828458e+00 -4.826707205593483430e+00 -3.657784886747514452e+00 -5.377062796015513513e+00 -8.695826914669341212e-01 1.304173085330617710e-01 -2.377062796015498858e+00 2.130417308533056442e+00 -3.770627960155037428e-01 4.130417308533048448e+00 5.130417308533057330e+00 2.622937203984496701e+00 3.622937203984490484e+00 8.130417308533059995e+00 5.622937203984489152e+00 6.622937203984495369e+00 7.432456934132162019e+00 9.991635969177103505e+00
-1.051572549072186291e+01 -9.515727908435213322e+00 -8.515740779313190956e+00 -7.515508105131749161e+00 -6.515513864430527491e+00 -5.516416755589593990e+00 -4.514546697112661988e+00 -3.513147940012558479e+00 -2.518638667735178416e+00 -1.513147940012546044e+00 -5.186386677352015084e-01 4.813613322647967152e-01 1.481361332264796715e+00 2.486852059987436192e+00 3.486852059987443297e+00 4.481361332264802044e+00 5.481361332264793162e+00 6.486852059987437968e+00 7.486852059987443297e+00 8.486852059987448627e+00 9.483705549416201919e+00 1.048422335359181723e+01
-1.051548778943035956e+01 -9.515495783903366700e+00 -8.515533699908036880e+00 -7.516182831742550974e+00 -6.516191168942226497e+00 -5.517465233125474100e+00 -4.514131999828581598e+00 -3.519894927062766854e+00 -2.519894927062750867e+00 -1.509056194939386586e+00 -5.198949270627721830e-01 4.801050729372313697e-01 1.490943805060602756e+00 2.490943805060602756e+00 3.490943805060606309e+00 4.480105072937229593e+00 5.480105072937229593e+00 6.490943805060599203e+00 7.480105072937229593e+00 8.480105072937224264e+00 9.485466674647556218e+00 1.048434393920681451e+01
-9.187152194023154195e+00 -8.256443994657002960e+00 -7.727593230346117892e+00 -6.973882947265230392e+00 -5.703201775429644904e+00 -4.764475892253122957e+00 -3.542311236812046182e+00 -1.779615114470232573e+00 -4.150345039778288836e+00 2.203848855297807496e-01 -2.150345039778307044e+00 -1.150345039778307044e+00 3.220384885529774976e+00 8.496549602216940666e-01 5.220384885529768759e+00 2.849654960221693401e+00 3.849654960221696953e+00 4.849654960221688071e+00 9.220384885529769647e+00 6.849654960221689848e+00 7.554374159601973560e+00 1.035640471753645286e+01
-1.051593796959659954e+01 -9.515947312624627230e+00 -8.515974801541727146e+00 -7.516457643867909155e+00 -6.515130341561008009e+00 -5.514366549016401109e+00 -4.517432131381212912e+00 -3.521935746581741355e+00 -2.512328595431016609e+00 -1.512328595431021938e+00 -5.123285954310308199e-01 4.780642534182693026e-01 1.487671404568972733e+00 2.487671404568970956e+00 3.487671404568976286e+00 4.487671404568976286e+00 5.478064253418271079e+00 6.487671404568972733e+00 7.487671404568969180e+00 8.478064253418274632e+00 9.480963810770331790e+00 1.048386499979954856e+01
-9.661944342395184293e+00 -8.669601141355007812e+00 -7.751455889032775382e+00 -6.850406840044758638e+00 -5.973409374809039996e+00 -4.946031851994429296e+00 -3.487007322787704755e+00 -5.975432969416917039e+00 -1.787166819648331906e+00 -7.871668196483407876e-01 2.128331803516518295e-01 1.212833180351649665e+00 2.212833180351651663e+00 3.212833180351646334e+00 4.212833180351651663e+00 2.024567030583091842e+00 3.024567030583091842e+00 7.212833180351649887e+00 8.212833180351649887e+00 6.024567030583085625e+00 6.821253249196169932e+00 1.115971848350004336e+01
-1.051570008847519233e+01 -9.515700110826976754e+00 -8.515713253651140846e+00 -7.515435484830636170e+00 -6.515446951274153520e+00 -5.516531163487915279e+00 -4.517250800166603852e+00 -3.511766949329860665e+00 -2.518871472809790291e+00 -1.518871472809784962e+00 -5.117669493298606653e-01 4.882330506701393347e-01 1.481128527190204380e+00 2.488233050670135782e+00 3.481128527190204380e+00 4.488233050670139335e+00 5.481128527190200828e+00 6.481128527190193722e+00 7.481128527190195499e+00 8.488233050670146440e+00 9.485061662610279498e+00 1.048429991152475971e+01
-1.051516075635496605e+01 -9.515173511748955093e+00 -8.515476154332809244e+00 -7.513682084327394151e+00 -6.513835476880711184e+00 -5.518002586608576010e+00 -4.511739554052988765e+00 -3.521569298749616550e+00 -2.521569298749607668e+00 -1.504840659146948312e+00 -5.048406591469571936e-01 4.784307012503834500e-01 1.478430701250381674e+00 2.478430701250379897e+00 3.478430701250383450e+00 4.478430701250381674e+00 5.495159340853044583e+00 6.495159340853039254e+00 7.478430701250388779e+00 8.478430701250383450e+00 9.486868901008914889e+00 1.048456926440650427e+01
-1.051554039797992601e+01 -9.515550106086505977e+00 -8.515695049681431428e+00 -7.515957123853940658e+00 -6.515500477769148091e+00 -5.514947592534792165e+00 -4.514496247538108520e+00 -3.518429561772132175e+00 -2.518429561772110858e+00 -1.512990146198035291e+00 -5.184295617721215166e-01 4.815704382278767071e-01 1.487009853801954051e+00 2.487009853801948722e+00 3.487009853801957604e+00 4.481570438227882036e+00 5.481570438227882036e+00 6.487009853801954051e+00 7.487009853801943393e+00 8.481570438227889142e+00 9.485260841182695302e+00 1.048425567962906868e+01
-4.214616754637572349e+00 -4.226377073228606562e+00 -1.227796498742472764e-02 -6.689509986958377397e-01 1.151609521565042371e-01 1.205255518447234220e+00 -3.102924168242815472e+00 -5.320505744926389724e+00 -4.320505744926371960e+00 -3.320505744926376845e+00 -2.320505744926375513e+00 -1.320505744926381730e+00 -3.205057449263803981e-01 -1.984308061373019627e-01 1.679494255073623821e+00 2.679494255073617826e+00 3.679494255073617381e+00 4.679494255073618270e+00 5.679494255073615605e+00 4.111555396516314964e+00 9.369506418609477194e+00 -4.197455609835257562e+00
-1.051573523523448017e+01 -9.515740718861852798e+00 -8.515753556212228403e+00 -7.515957929363310086e+00 -6.515968378802568850e+00 -5.515064854344174705e+00 -4.514567513188168846e+00 -3.518556699326094162e+00 -2.518556699326065740e+00 -1.513223331590932474e+00 -5.185566993260852797e-01 4.867766684090621965e-01 1.486776668409056867e+00 2.481443300673911168e+00 3.481443300673912944e+00 4.486776668409063973e+00 5.486776668409065749e+00 6.486776668409060420e+00 7.486776668409055091e+00 8.481443300673916497e+00 9.483424234965998068e+00 1.048414918390865402e+01
-8.842812897647217341e+00 -3.198576769385438889e-01 -2.821493660636878453e-01 1.204227023002908681e-01 2.504726630554790501e-01 1.371585535622835694e+00 -2.343375585204718892e+00 -6.396431528772743569e+00 -5.396431528772774655e+00 -4.396431528772740016e+00 -2.760523678086010069e+00 -2.396431528772741348e+00 -7.605236780861061030e-01 -3.964315287726997150e-01 1.239476321913979495e+00 1.603568471227257319e+00 2.603568471227282632e+00 3.603568471227324377e+00 4.603568471227298176e+00 5.603568471227266201e+00 2.075447809583915060e+00 1.087103485305159367e+01
-1.051572504639626260e+01 -9.515730816870922482e+00 -8.515743803232908249e+00 -7.515419997274889852e+00 -6.515968967229127884e+00 -5.514975681900985194e+00 -4.516972362995147705e+00 -3.512823998928080727e+00 -2.512823998928061187e+00 -1.518750607967380262e+00 -5.187506079673820381e-01 4.871760010719228262e-01 1.487176001071924603e+00 2.481249392032617962e+00 3.481249392032619738e+00 4.487176001071926379e+00 5.481249392032617962e+00 6.481249392032619738e+00 7.487176001071919273e+00 8.487176001071921050e+00 9.483536157757036733e+00 1.048415387421845857e+01
-1.051566606404433202e+01 -9.515670955350456595e+00 -8.515683408995915471e+00 -7.515308316966374136e+00 -6.515320528467949401e+00 -5.516564198007641195e+00 -4.514353238215504049e+00 -3.518618311902359963e+00 -2.518618311902338647e+00 -1.512419201602996921e+00 -5.186183119023493049e-01 4.875807983969977499e-01 1.481381688097647142e+00 2.487580798396995974e+00 3.487580798396999526e+00 4.487580798397001303e+00 5.481381688097654248e+00 6.481381688097650695e+00 7.481381688097648919e+00 8.487580798397001303e+00 9.484060872176812040e+00 1.048423094658010157e+01
-9.981971503001213719e+00 -8.914062823698039040e+00 -7.753696341307771078e+00 -6.843533936440356236e+00 -5.863760764281775728e+00 -5.026028416040102975e+00 -4.092858425134300759e+00 -2.775829212685426484e+00 -1.775829212685404501e+00 -3.228776881627692052e+00 2.241707873145721286e-01 1.224170787314571296e+00 -2.287768816276948836e-01 3.224170787314571740e+00 4.224170787314568187e+00 2.771223118372310612e+00 6.224170787314577957e+00 4.771223118372298622e+00 6.043224676975346377e+00 8.952169231928074566e+00 9.952169231928067461e+00 8.529142800155362636e+00
-8.915050550573782928e+00 -8.636647393788134508e+00 -7.729315586861682519e+00 -6.858146571316578566e+00 -5.939964554939601626e+00 -4.966341667728765508e+00 -4.182607672438694912e+00 -2.698362860718087397e+00 -1.698362860718072298e+00 -3.501837770557835849e+00 3.016371392819113262e-01 -1.501837770557834517e+00 2.301637139281915712e+00 3.301637139281909938e+00 4.301637139281909050e+00 2.498162229442163262e+00 6.301637139281910827e+00 7.301637139281909050e+00 5.498162229442175253e+00 9.301637139281911715e+00 7.445066659988993862e+00 7.730505882126896822e+00
-8.965931501749144772e+00 -8.580048956023667017e+00 -7.662349721251187518e+00 -6.743777545421767883e+00 -5.787460102643002813e+00 -5.008005762747492540e+00 -3.362953928734064846e+00 -2.375070507579360335e+00 -1.375070507579339463e+00 -4.486292212427602344e+00 6.249294924206411084e-01 1.624929492420638555e+00 2.624929492420634336e+00 3.624929492420637001e+00 5.137077875723956577e-01 5.624929492420635668e+00 2.513707787572395880e+00 3.513707787572384333e+00 8.624929492420640997e+00 7.936700050017646113e+00 8.201937223319561099e+00 8.572504871352958133e+00
-9.564054247459388591e+00 -8.557907148410876630e+00 -7.788928918735924078e+00 -6.913255486812197148e+00 -5.978450875861456737e+00 -5.008424899382506901e+00 -3.353881330021786233e+00 -2.585979969758259056e+00 -1.585979969758233743e+00 -3.831396291369137064e+00 4.140200302417532674e-01 1.414020030241752490e+00 2.414020030241754711e+00 1.686037086308550537e-01 4.414020030241749382e+00 5.414020030241751158e+00 6.414020030241752046e+00 4.168603708630857163e+00 8.414020030241760040e+00 6.168603708630846505e+00 6.655302002547505147e+00 8.763887513211951585e+00
-1.051530643281616761e+01 -9.515434005382386928e+00 -8.515633833679290277e+00 -7.515429859134311386e+00 -6.516011011871434278e+00 -5.516502813520769877e+00 -4.517049417915689702e+00 -3.511617531153309102e+00 -2.518762935968963390e+00 -1.518762935968968719e+00 -5.187629359689776010e-01 4.883824688466944508e-01 1.481237064031025952e+00 2.481237064031020623e+00 3.488382468846698004e+00 4.481237064031020623e+00 5.481237064031025952e+00 6.488382468846698004e+00 7.488382468846698004e+00 8.488382468846696227e+00 9.482958639887229424e+00 1.048433618890966379e+01
-4.627657679019046455e+00 -3.191846581236565061e+00 -3.156855862148288949e+00 -2.982646431996855085e+00 -3.288968670790181292e+00 -1.514671516200667867e+00 -2.876338810054127393e+00 -4.865154185521847197e+00 -4.825442474113079250e+00 -2.865154185521840091e+00 -1.865154185521842090e+00 -8.651541855218457533e-01 1.348458144781514711e-01 1.745575258868926616e-01 2.134845814478161685e+00 2.174557525886922971e+00 4.134845814478151027e+00 5.134845814478151027e+00 6.134845814478159909e+00 6.174557525886921638e+00 -1.398595679679879744e+00 1.178062051304908842e+01
-1.051529161682855573e+01 -9.515487298877387090e+00 -8.515582584352637596e+00 -7.515458349646507941e+00 -6.515966918827441390e+00 -5.514920428903259619e+00 -4.517325688661493643e+00 -3.511564590544866249e+00 -2.518931299955990966e+00 -1.518931299955990966e+00 -5.115645905448555908e-01 4.810687000439948235e-01 1.488435409455144409e+00 2.481068700043993047e+00 3.481068700043998376e+00 4.481068700043996600e+00 5.488435409455144409e+00 6.488435409455140856e+00 7.488435409455147962e+00 8.481068700043996600e+00 9.482511966912580803e+00 1.048430927792056799e+01
-1.087074749079891944e+01 -1.045882265696364577e+01 2.687707517271475943e-02 -2.131749037033787708e+00 -1.822215677072297479e+00 -2.634787305633919274e+00 -4.845518514334610671e+00 -1.752893772777643466e+00 -7.528937727776261468e-01 2.471062272223586986e-01 -1.438095954954893063e+00 2.247106227222362307e+00 3.247106227222361419e+00 7.363107009651144175e+00 -5.540958086042567787e-01 4.459041913957411674e-01 1.445904191395757099e+00 2.445904191395741112e+00 3.445904191395754879e+00 4.445904191395747773e+00 5.445904191395742444e+00 6.109973791860698888e+00
-1.051496260477735945e+01 -9.514978757636100681e+00 -8.515726542608284433e+00 -7.516346132890753040e+00 -6.515384099022895725e+00 -5.517109534279853733e+00 -4.518141380087897119e+00 -3.521582222120336780e+00 -2.505091956393270536e+00 -1.505091956393279418e+00 -5.215822221203314513e-01 4.784177778796685487e-01 1.478417777879666772e+00 2.494908043606706372e+00 3.478417777879673878e+00 4.478417777879670325e+00 5.494908043606713477e+00 6.493476980789138153e+00 7.479848840697242096e+00 8.479848840697238543e+00 9.479848840697231438e+00 1.048436842249198087e+01
-1.051569389162413160e+01 -9.515698261389669455e+00 -8.515710335055524993e+00 -7.516021247783854164e+00 -6.515464700589108205e+00 -5.514752764085457670e+00 -4.514201003888786090e+00 -3.518787290731621553e+00 -2.512378804216318429e+00 -1.518787290731612671e+00 -5.123788042163308631e-01 4.876211957836709132e-01 1.487621195783669137e+00 2.487621195783667361e+00 3.481212709268389105e+00 4.481212709268383776e+00 5.481212709268387329e+00 6.481212709268383776e+00 7.487621195783670913e+00 8.481212709268392658e+00 9.483993303200064062e+00 1.048421447741037582e+01
-7.606846486425292930e+00 -8.399007761172999409e+00 -7.531270427556818525e+00 -6.825016490758654797e+00 -5.495685820216808182e+00 -5.351102630883628919e+00 -4.769750527492400138e+00 -4.622100304862407860e+00 -3.622100304862386100e+00 -2.116406680053102285e-01 -1.622100304862398312e+00 1.788359331994690438e+00 2.788359331994689772e+00 1.377899695137603686e+00 4.788359331994689327e+00 3.377899695137604130e+00 6.818136027067723148e+00 5.348122890154304976e+00 6.348122890154300535e+00 7.348122890154303199e+00 8.348122890154309417e+00 7.379998468929439781e+00
-1.009320209279227853e+01 -1.016333869458885530e+01 -5.948508520413597900e+00 -2.999268807167758233e+00 -2.643108553633197300e+00 -1.076395869792838855e+00 -1.466564389237055677e+00 -4.958719773624493676e-01 5.041280226375910445e-01 -3.734323311313386462e+00 2.504128022637578610e+00 -1.734323311313341387e+00 4.504128022637559070e+00 7.233357599607328936e+00 -4.635521515608342913e-01 5.364478484391801416e-01 1.536447848439176589e+00 2.536447848439187691e+00 3.536447848439178809e+00 4.536447848439166819e+00 5.536447848439191688e+00 7.508910636794994709e+00
-9.455233230693755431e+00 -8.782293575736117575e+00 -7.859193366969501326e+00 -7.060046861337535340e+00 -5.755760002242590545e+00 -6.112378085385127946e+00 -5.578560074953817782e+00 -2.146072205109654352e+00 -1.146072205109631481e+00 -1.460722051096474683e-01 8.539277948903503113e-01 1.853927794890350977e+00 2.853927794890354974e+00 4.487188893827864788e-02 4.853927794890356751e+00 5.853927794890355862e+00 3.044871888938280868e+00 4.044871888938284421e+00 5.044871888938274651e+00 5.967189249485773672e+00 1.093161077629928535e+01 8.348636972431961567e+00
-1.051551967825399458e+01 -9.515580489892835558e+00 -8.515662401575912810e+00 -7.515955492515463021e+00 -6.515962279994361950e+00 -5.516490667719725849e+00 -4.517061393369321110e+00 -3.512550532479183474e+00 -2.512550532479158605e+00 -1.512550532479171039e+00 -5.186114792119393968e-01 4.813885207880606032e-01 1.487449467520823632e+00 2.487449467520820079e+00 3.481388520788060603e+00 4.481388520788058827e+00 5.481388520788058827e+00 6.487449467520814750e+00 7.487449467520828961e+00 8.481388520788062380e+00 9.482490513812404487e+00 1.048414620790969565e+01
-1.051559362577447843e+01 -9.515602167865102601e+00 -8.515689291229309177e+00 -7.516035970469792105e+00 -6.516069710424000405e+00 -5.515028987249193548e+00 -4.517045959999625993e+00 -3.513017833402228618e+00 -2.513017833402198420e+00 -1.518675372173836635e+00 -5.186753721738508460e-01 4.869821665977820402e-01 1.481324627826152707e+00 2.486982166597776711e+00 3.486982166597785593e+00 4.486982166597780264e+00 5.481324627826152707e+00 6.481324627826154483e+00 7.481324627826159812e+00 8.486982166597787369e+00 9.484897591004306960e+00 1.048422690464013840e+01
-8.248723667370343904e+00 -8.241397436784318131e+00 -7.371307073576099711e+00 -6.605070415485149837e+00 -5.725779776199051874e+00 -5.066568565811004454e+00 -3.718591846794068623e+00 -2.987828025360569129e+00 -4.273261720372138583e+00 -9.878280253605502548e-01 1.217197463943947566e-02 1.012171974639438865e+00 -2.732617203721579013e-01 3.012171974639434424e+00 4.012171974639437089e+00 2.726738279627848538e+00 6.012171974639442418e+00 4.726738279627844541e+00 8.012171974639443306e+00 6.486154488928102424e+00 1.025275637059865730e+01 6.889080722640885668e+00
-9.754007387264461926e+00 -8.764828889820737601e+00 -7.844583636410976446e+00 -7.180943354382685939e+00 -6.249355370438506085e+00 -4.488622439794423435e+00 -5.183402343157418990e+00 -1.077955068558881013e+00 -4.469731433009887844e+00 9.220449314411259811e-01 1.922044931441116322e+00 2.922044931441118987e+00 -4.697314330098859014e-01 4.922044931441119431e+00 1.530268566990104828e+00 2.530268566990105938e+00 3.530268566990113488e+00 4.530268566990102386e+00 5.530268566990106827e+00 6.530268566990111268e+00 9.244648071217262952e+00 1.102360387270003805e+01
-1.051578562977634590e+01 -9.515149901536366528e+00 -8.515472437170403808e+00 -7.516090865162293966e+00 -6.515380079773324340e+00 -5.514429713514712006e+00 -4.518924097445871979e+00 -3.505855272439399428e+00 -2.521393085745229357e+00 -1.521393085745238238e+00 -5.213930857452435674e-01 4.941447275606094536e-01 1.478606914254751103e+00 2.478606914254751103e+00 3.478606914254756433e+00 4.494144727560613006e+00 5.494144727560607677e+00 6.492057357999417633e+00 7.480694268914787060e+00 8.480694268914788836e+00 9.480694268914779954e+00 1.048375387963923622e+01
-1.051567382822654650e+01 -9.515683499080196839e+00 -8.515719727528344052e+00 -7.515978050333542271e+00 -6.515414536845932858e+00 -5.516875316304227894e+00 -4.517467726868657607e+00 -3.512990203601393802e+00 -2.512990203601370709e+00 -1.519375343722360938e+00 -5.129902036013884725e-01 4.870097963986097511e-01 1.487009796398611527e+00 2.480624656277621298e+00 3.487009796398611527e+00 4.487009796398613304e+00 5.480624656277631956e+00 6.487009796398611527e+00 7.480624656277630180e+00 8.480624656277630180e+00 9.484369809823952835e+00 1.048412293856117827e+01
-9.579764066170337600e+00 -8.627580376609371271e+00 -7.748353307023656100e+00 -6.708887685288757119e+00 -6.113842964891504472e+00 -4.676335499577368715e+00 -3.417400213473094528e+00 -1.321110070145156135e+00 -3.211100701451335970e-01 -3.923797863503752481e+00 1.678889929854851193e+00 -1.923797863503762029e+00 -9.237978635037609187e-01 4.678889929854846308e+00 5.678889929854856966e+00 6.678889929854851637e+00 3.076202136496244854e+00 4.076202136496238637e+00 5.076202136496235084e+00 6.076202136496239525e+00 7.509550795480730123e+00 1.041074049872510265e+01
-9.652856607879737538e+00 -8.674503723048728077e+00 -7.758727586314924096e+00 -6.867565865105800249e+00 -5.819910250863097545e+00 -5.367979999389445034e+00 -3.217303871018930117e+00 -1.983821836164058716e+00 -9.838218361640466147e-01 1.617816383596082375e-02 1.016178163835946169e+00 -1.400808565240124537e+00 -4.008085652401166543e-01 5.991914347598775725e-01 1.599191434759875685e+00 2.599191434759873687e+00 7.016178163835951054e+00 4.599191434759875463e+00 9.016178163835949277e+00 6.599191434759873687e+00 7.834570374646086854e+00 1.088775021841428625e+01
-4.646001650078983580e+00 -3.302674850942859841e+00 -2.941403860565455997e+00 -4.419849952817626715e+00 -3.796229919304638933e+00 -1.398947389612702485e+00 -3.497662966324386336e+00 -5.593704338759291517e+00 -3.010489850866520101e+00 -3.593704338759285299e+00 -1.010489850866527206e+00 -1.593704338759271533e+00 9.895101491334672428e-01 4.062956612407128132e-01 1.406295661240727135e+00 2.406295661240728467e+00 3.406295661240712924e+00 5.989510149133469241e+00 5.406295661240719141e+00 6.406295661240718253e+00 -3.531023031370887910e-01 1.239605306085793224e+01
-1.051600158485498326e+01 -9.515842675146711116e+00 -8.515746368941918831e+00 -7.515457830307179066e+00 -6.516009955582275026e+00 -5.514913442459972615e+00 -4.517228322950254338e+00 -3.512013918635528142e+00 -2.512013918635515708e+00 -1.519085149196060414e+00 -5.120139186355210370e-01 4.809148508039342573e-01 1.487986081364482516e+00 2.480914850803934257e+00 3.480914850803934257e+00 4.487986081364477187e+00 5.487986081364477187e+00 6.480914850803937810e+00 7.480914850803944915e+00 8.483733219179233842e+00 9.485167716714464348e+00 1.048377536711368307e+01
-9.722931956023737499e+00 -8.734504052247206829e+00 -7.813026945677413515e+00 -6.802372122375181185e+00 -5.895714614254357500e+00 -6.008018998463932725e+00 -5.169179791452866546e+00 -1.985189120447659494e+00 -9.851891204476315167e-01 1.481087955236348730e-02 1.014810879552358713e+00 -1.581375460486085682e+00 3.014810879552359157e+00 4.014810879552352496e+00 1.418624539513914762e+00 2.418624539513916538e+00 3.418624539513917426e+00 4.418624539513919203e+00 5.418624539513912097e+00 1.001481087955236049e+01 8.155842479190017258e+00 1.102936432312921688e+01
-7.943945730928394511e+00 -7.745906928049209661e+00 -7.104124141792505398e+00 -6.599857159170706922e+00 -5.353594396920391851e+00 -4.180835435855772886e+00 -4.587811930745634648e+00 -2.126168592042916305e+00 -3.875506712710849122e+00 -1.261685920429028718e-01 -1.875506712710856672e+00 -8.755067127108610014e-01 1.244932872891406639e-01 3.873831407957081474e+00 2.124493287289145549e+00 5.873831407957081474e+00 4.124493287289136667e+00 5.124493287289133114e+00 6.124493287289132226e+00 7.124493287289149990e+00 9.383085656517630824e+00 8.172106565288904889e+00
-1.051558189297261237e+01 -9.515588356351305066e+00 -8.515634613280946397e+00 -7.515437560325331390e+00 -6.515448155050927781e+00 -5.514931323176092803e+00 -4.514334930276326929e+00 -3.518689004873694515e+00 -2.512762846594482014e+00 -1.512762846594501553e+00 -5.127628465945068825e-01 4.872371534054948938e-01 1.481310995126316143e+00 2.481310995126312591e+00 3.481310995126312591e+00 4.481310995126314367e+00 5.487237153405489565e+00 6.481310995126316143e+00 7.481310995126310814e+00 8.487237153405491341e+00 9.484956638718191613e+00 1.048428202217274574e+01
