5.285147022784347781e-01
6.397325425112693198e-01
2.760335295983602499e-01
6.240629388899106011e-01
1.228993528274833880e+00
3.030831373325037492e-01
2.957778266875900064e-01
1.899516192533110548e-01
6.612473699898818724e-01
2.651799510595698739e-01
4.227773927907617080e-01
3.831744410762648601e-01
3.517825363545358797e-01
4.801235075007185826e-01
3.165156610204736820e-01
1.874699077974155692e-01
4.920142204127366248e-01
2.321741057139486974e-01
4.849088885970408436e-01
6.033464693488219677e-01
7.329094825422788340e-01
3.895664974931210001e-01
2.162709103253542819e-01
6.980334488756332334e-01
3.852645890734910372e-01
3.983669358498491686e-01
5.616558831449660616e-01
2.769434954542422389e-01
4.238765458461006830e-01
8.991770373707376196e-01
1.566033080946759026e-01
4.278760920084074271e-01
8.394275970613356286e-01
8.315680779694231139e-01
3.458108314871062294e-01
8.111438498957861398e-01
4.311211297116267493e-01
1.040592662999459961e+00
5.243390264252835165e-01
7.736173463543827289e-01
3.693586579402793890e-01
6.646550389939752668e-01
3.466384195987191053e-01
7.552923401834152894e-01
4.586955242829440782e-01
3.608736213058275633e-01
4.404585933840508005e-01
8.887758043676695641e-01
5.334356458019845482e-01
1.294247561276681502e+00
