-1.050515555962914505e+01 -9.506053406745177625e+00 -8.506067428737859260e+00 -7.505733799189338029e+00 -6.505823809653497491e+00 -5.507004003971802675e+00 -4.507903236895787202e+00 -3.501132663339378226e+00 -2.509716551750878821e+00 -1.501132663339367568e+00 -5.011326633393711205e-01 4.902834482491087442e-01 1.498867336660632432e+00 2.490283448249108744e+00 3.490283448249106968e+00 4.490283448249106968e+00 5.498867336660627103e+00 6.490283448249110521e+00 7.490283448249112297e+00 8.490283448249108744e+00 9.498419720679521561e+00 1.049426833912730928e+01
-9.412399050929501243e+00 -8.801971829304827466e+00 -7.813349753987170132e+00 -6.829277043845556783e+00 -5.925774526730488212e+00 -5.500598245032637834e+00 -3.514778772173582144e+00 -4.893728425120387193e+00 -7.718424588705620204e-01 2.281575411294313183e-01 -1.893728425120377645e+00 -8.937284251203783114e-01 3.228157541129422547e+00 4.228157541129418107e+00 2.106271574879620356e+00 3.106271574879626129e+00 4.106271574879619912e+00 5.106271574879625241e+00 6.106271574879633235e+00 7.389620871648694411e+00 1.094480859176215048e+01 9.566468079318225293e+00
-1.050669103048063135e+01 -9.506042934276834444e+00 -8.506057924844986573e+00 -7.505792445757187181e+00 -6.505813448943868593e+00 -5.505269564010880856e+00 -4.508212111212984041e+00 -3.500757090070036881e+00 -2.509910843589079121e+00 -1.500757090070024447e+00 -5.099108435890933322e-01 4.900891564109066678e-01 1.490089156410913773e+00 2.490089156410904891e+00 3.499242909929966672e+00 4.490089156410910221e+00 5.490089156410904891e+00 6.499242909929970224e+00 7.499242909929961343e+00 8.496368230066517313e+00 9.492963836274356026e+00 1.049325983294032127e+01
-1.050595343079074695e+01 -9.506189312447185458e+00 -8.506201266903756775e+00 -7.505979139019144597e+00 -6.506426185030816711e+00 -5.506947338242417445e+00 -4.507437884468911804e+00 -3.509015191007746282e+00 -2.502827360887405206e+00 -1.509015191007732071e+00 -5.028273608874123113e-01 4.909848089922608239e-01 1.497172639112591241e+00 2.497172639112585912e+00 3.490984808992260824e+00 4.497172639112584136e+00 5.497172639112587689e+00 6.490984808992266153e+00 7.490984808992260824e+00 8.491775296967142950e+00 9.496382147412413488e+00 1.049358350817452568e+01
-1.050600635751398926e+01 -9.506012873046758571e+00 -8.506058865480785158e+00 -7.505862050943761687e+00 -6.505876646631127969e+00 -5.505363357507363276e+00 -4.504776892506257013e+00 -3.509079416536474483e+00 -2.503219709985618380e+00 -1.503219709985618380e+00 -5.032197099856308142e-01 4.909205834635343990e-01 1.496780290014365633e+00 2.490920583463530846e+00 3.490920583463532623e+00 4.490920583463534399e+00 5.496780290014372738e+00 6.490920583463534399e+00 7.490920583463541504e+00 8.496780290014370962e+00 9.494524887508971389e+00 1.049385741607032507e+01
-1.934511353183099303e+00 -2.315116902660986575e+00 -4.052924058509291605e+00 -2.827213776402991652e+00 -3.009172283293307437e+00 -2.902131355098459764e+00 -2.343431939126965347e-01 -4.815989387444562730e+00 -3.815989387444536529e+00 -3.871860028036829160e+00 -1.815989387444550074e+00 -8.159893874445429685e-01 -8.718600280368238309e-01 1.281399719631743928e-01 2.184010612555440822e+00 3.184010612555452369e+00 4.184010612555454145e+00 5.184010612555449704e+00 5.128139971963172172e+00 7.184010612555450592e+00 -2.792867093224062458e+00 8.765175699713152468e+00
-1.050646564449098719e+01 -9.506220185113207322e+00 -8.506199234080568772e+00 -7.505874805999084742e+00 -6.506422717970867353e+00 -5.505387798798352605e+00 -4.507576421749860174e+00 -3.509316124868675502e+00 -2.509316124868655962e+00 -1.502636191350489980e+00 -5.093161248686683962e-01 4.973638086495046906e-01 1.497363808649504691e+00 2.497363808649502914e+00 3.497363808649502914e+00 4.490683875131331604e+00 5.490683875131333380e+00 6.497363808649502914e+00 7.490683875131329827e+00 8.493698849427421038e+00 9.494348830628110747e+00 1.049336410974237133e+01
-1.050607406720524040e+01 -9.506087217479946005e+00 -8.506136205047374332e+00 -7.505919303745056226e+00 -6.506434310227641404e+00 -5.506905633956211688e+00 -4.504995618015545489e+00 -3.503351408988255145e+00 -2.509065326303243637e+00 -1.509065326303250743e+00 -5.090653263032560716e-01 4.966485910117484082e-01 1.496648591011748408e+00 2.496648591011741303e+00 3.490934673696743928e+00 4.490934673696742152e+00 5.496648591011753737e+00 6.496648591011748408e+00 7.490934673696740376e+00 8.496648591011746632e+00 9.492307234555468654e+00 1.049364802613852987e+01
-8.854419736573280630e+00 -8.761478132207674463e+00 -7.834230366051762040e+00 -6.758084161908420207e+00 -5.848346142110449897e+00 -4.410728762382946755e+00 -4.541441344727442875e+00 -1.950313192336749601e+00 -4.432084674071909980e+00 4.968680766325883624e-02 -2.432084674071917085e+00 2.049686807663249954e+00 -4.320846740719138657e-01 5.679153259280773636e-01 5.049686807663244181e+00 6.049686807663249510e+00 6.349703676372517869e+00 5.267898310640075188e+00 6.267898310640076964e+00 7.267898310640076076e+00 8.267898310640070747e+00 8.932887469280592185e+00
-1.050598482194945404e+01 -9.506106780503264631e+00 -8.506119029257783737e+00 -7.505876185033811154e+00 -6.506394626234055067e+00 -5.507056476209646334e+00 -4.507578445259808220e+00 -3.503332877192987027e+00 -2.503332877192971040e+00 -1.503332877192972816e+00 -5.033328771929834744e-01 4.966671228070200783e-01 1.490776067938323735e+00 2.490776067938323735e+00 3.496667122807020078e+00 4.490776067938320182e+00 5.490776067938323735e+00 6.490776067938323735e+00 7.490776067938318405e+00 8.496667122807011197e+00 9.495707786049358390e+00 1.049363339539955220e+01
-1.050646405413075968e+01 -9.506203850053928761e+00 -8.506220099770217757e+00 -7.505895500325364011e+00 -6.506444362246181612e+00 -5.507404768162166064e+00 -4.508005907081757968e+00 -3.503347729586764103e+00 -2.503347729586746340e+00 -1.503347729586744563e+00 -5.100182902745373781e-01 4.966522704132430022e-01 1.496652270413244779e+00 2.489981709725460846e+00 3.489981709725462622e+00 4.496652270413243002e+00 5.489981709725466175e+00 6.496652270413246555e+00 7.490418969399534888e+00 8.496215010739165407e+00 9.496215010739170737e+00 1.049284790337761208e+01
-1.001632266577709096e+01 -8.952549590300034055e+00 -7.864590473897736800e+00 -6.947926458446054276e+00 -5.919054486488254163e+00 -5.354578870413015501e+00 -3.228646570947736549e+00 -1.940353615464162296e+00 -5.115231639328286839e+00 5.964638453585480171e-02 1.059646384535842589e+00 2.059646384535838148e+00 3.059646384535838592e+00 4.059646384535835928e+00 5.059646384535842145e+00 1.884768360671684073e+00 2.884768360671675413e+00 3.884768360671680298e+00 4.884768360671682963e+00 6.258227300238610624e+00 1.068618792897745529e+01 9.363438476224544615e+00
-1.038012437291162371e+01 -8.794473164883310545e+00 -7.873691990375320415e+00 -6.745741483447273090e+00 -5.856237777924057752e+00 -5.504981804677413493e+00 -4.892745072190518130e+00 -1.393084301864901065e+00 -3.930843018648915166e-01 -2.813395298281915924e+00 1.606915698135098047e+00 -8.133952982819140365e-01 1.866047017180872125e-01 1.186604701718085408e+00 5.606915698135093606e+00 3.186604701718085408e+00 4.186604701718086297e+00 8.426861175445536034e+00 6.366658860220870686e+00 7.366658860220871574e+00 8.366658860220875127e+00 8.839417991732473112e+00
-1.050504815544588411e+01 -9.505957781929842199e+00 -8.506005778570060016e+00 -7.506491049785498859e+00 -6.506509333510264170e+00 -5.504066407341834832e+00 -4.503450341184016992e+00 -3.510091066021811201e+00 -2.510091066021788109e+00 -1.510091066021796991e+00 -5.100910660218023196e-01 4.999088275839049800e-01 1.499908827583908533e+00 2.499908827583901427e+00 3.489908933978194128e+00 4.489908933978201233e+00 5.489908933978203009e+00 6.489908933978201233e+00 7.499908827583912085e+00 8.499066718261358844e+00 9.490751043300752698e+00 1.049435538832437054e+01
-1.050598877956240784e+01 -9.506118330257850246e+00 -8.506130463528348784e+00 -7.505925602364277083e+00 -6.505941215055894844e+00 -5.507007694887830596e+00 -4.507470532405099206e+00 -3.503581970083441632e+00 -2.508997663008877055e+00 -1.503581970083436303e+00 -5.035819700834380797e-01 4.910023369911051816e-01 1.496418029916556591e+00 2.491002336991106958e+00 3.496418029916563697e+00 4.491002336991108734e+00 5.491002336991112287e+00 6.496418029916556591e+00 7.496418029916560144e+00 8.491002336991108734e+00 9.495574966919697601e+00 1.049361850405958663e+01
-1.050608899308873845e+01 -9.506090695546427938e+00 -8.506102035330091127e+00 -7.505841875956832610e+00 -6.505857890979799052e+00 -5.505385121838621387e+00 -4.504815871403970107e+00 -3.508905707435177490e+00 -2.503306350247402889e+00 -1.508905707435165056e+00 -5.033063502474242057e-01 4.910942925648278390e-01 1.491094292564829615e+00 2.491094292564826063e+00 3.496693649752574018e+00 4.496693649752577571e+00 5.491094292564831392e+00 6.491094292564826063e+00 7.496693649752575794e+00 8.496693649752574018e+00 9.494027146561574426e+00 1.049388447539373814e+01
-1.752876208530518731e+00 -9.973394344930355260e-01 -1.073596564047401891e+00 -3.999258882500535961e-01 -3.899058644419861608e-01 1.358309328991654130e+00 -1.844770808951167407e+00 -5.429870383522624522e+00 -4.429870383522602317e+00 -3.429870383522614752e+00 -2.429870383522619637e+00 -2.249291881332515786e+00 -4.298703835226189707e-01 5.701296164773765884e-01 7.507081186674753326e-01 2.570129616477374590e+00 3.570129616477389689e+00 4.570129616477372814e+00 4.750708118667482438e+00 6.570129616477386136e+00 -3.209012332716747462e+00 3.221248335943004193e+00
-1.050630884600637671e+01 -9.506231039593158627e+00 -8.506251510063359333e+00 -7.505939170548877826e+00 -6.506386797705825842e+00 -5.506950691173017276e+00 -4.504607140848591484e+00 -3.503213651308984211e+00 -2.503213651308959342e+00 -1.503213651308961119e+00 -5.108271612023873587e-01 4.967863486910282234e-01 1.489172838797612641e+00 2.496786348691026447e+00 3.489172838797616194e+00 4.489172838797614418e+00 5.496786348691030000e+00 6.489172838797614418e+00 7.496786348691021118e+00 8.496786348691028223e+00 9.494963132014317964e+00 1.049310816468839036e+01
-8.727252515581175984e+00 -8.760186865618875274e+00 -7.775810269810505382e+00 -6.580749156740639094e+00 -6.003558778641213678e+00 -4.662585386272787069e+00 -3.533928147000052089e+00 -4.566943157142241638e+00 -3.566943157142213217e+00 -2.566943157142226983e+00 -1.566943157142234533e+00 2.203764530005888567e+00 3.203764530005889455e+00 4.203764530005886790e+00 2.433056842857762803e+00 3.433056842857760582e+00 7.330549210921290637e+00 5.306271904435143405e+00 6.306271904435143405e+00 7.306271904435138076e+00 8.306271904435138964e+00 8.144350728119114535e+00
-1.050712371651425769e+01 -9.507176071744066093e+00 -8.506407320838082597e+00 -7.506055280904897486e+00 -6.506766409020528386e+00 -5.504070371728049693e+00 -4.503143161873937927e+00 -3.499809801917198371e+00 -2.510231018405068681e+00 -1.499809801917185936e+00 -4.998098019171930417e-01 4.897689815949224368e-01 1.489768981594922437e+00 2.489768981594918884e+00 3.489768981594918884e+00 4.489768981594920660e+00 5.500190198082810511e+00 6.489768981594920660e+00 7.495326220650564863e+00 8.494632959027168084e+00 9.494632959027169861e+00 1.049255761470305615e+01
-9.918787868182928236e+00 -8.735346798001224045e+00 -7.811847319699451120e+00 -6.856613230408556525e+00 -5.966532174894063623e+00 -4.932718263332919406e+00 -3.609059989181557793e+00 -2.950986223169900668e+00 -1.950986223169875355e+00 -9.509862231698850144e-01 4.901377683011005210e-02 -1.461891973159793467e+00 -4.618919731597953549e-01 5.381080268402045341e-01 4.049013776830105549e+00 5.049013776830106437e+00 6.049013776830108213e+00 4.538108026840201426e+00 8.049013776830101108e+00 6.552846853846431507e+00 1.003427489470979950e+01 1.056479265742280660e+01
6.405229714846057965e-01 -3.110853540516966831e+00 -2.635466752249965516e+00 -4.353299763499129504e+00 -4.906657009535646097e+00 -2.935650929385607011e+00 -3.114641600669087129e+00 -4.589033256111290093e+00 -3.897274376292942044e+00 -2.589033256111264336e+00 -1.589033256111279435e+00 -5.890332561112784360e-01 4.109667438887228963e-01 1.410966743888719011e+00 2.102725623707054403e+00 3.410966743888734776e+00 4.410966743888725894e+00 5.410966743888712571e+00 6.102725623707062397e+00 7.410966743888719677e+00 5.729661341362978888e+00 -2.865907942719573054e+00
-9.424884638629849931e+00 -8.792893439561719759e+00 -7.859160880211594424e+00 -6.746813261976484455e+00 -5.840391890497301119e+00 -4.267668461899027044e+00 -4.692296569296672715e+00 -1.664686464438862590e+00 -5.416985984094125683e+00 3.353135355611438495e-01 1.335313535561141851e+00 2.335313535561144960e+00 3.335313535561139631e+00 4.335313535561141407e+00 5.830140159058585514e-01 6.335313535561141407e+00 7.335313535561136078e+00 3.583014015905868099e+00 4.583014015905861882e+00 5.583014015905872540e+00 6.476906121726971222e+00 8.415175740607224952e+00
-9.272989640270520084e+00 -8.600492422291235783e+00 -7.742290403052020764e+00 -6.693117633587873705e+00 -5.974015781726372154e+00 -5.378905250496047508e+00 -3.257561146645238548e+00 -1.924672502386612027e+00 -9.246725023865894899e-01 -3.231287541163404331e+00 -2.231287541163409216e+00 2.075327497613395966e+00 -2.312875411634099931e-01 4.075327497613390193e+00 1.768712458836593449e+00 6.075327497613395522e+00 3.768712458836591672e+00 4.768712458836585455e+00 5.768712458836585455e+00 8.809326340308309966e+00 9.034713107972390134e+00 9.183259214145527594e+00
-1.315456384371463727e+01 -7.053456936191652815e+00 -6.302292609850128180e+00 -5.525739094768031379e+00 -4.807218219474606258e+00 -4.210798410038509410e+00 -2.895021174098259653e+00 -1.968197338934132956e+00 -9.681973389341154146e-01 -2.951583451877128006e+00 -1.951583451877132669e+00 2.031802661065868598e+00 3.031802661065869486e+00 1.048416548122865555e+00 5.031802661065874815e+00 3.048416548122865333e+00 8.234781093168123789e+00 3.845436156285373386e+00 4.845436156285372498e+00 5.845436156285382268e+00 6.845436156285375162e+00 7.845436156285382268e+00
-1.300573174017259426e+01 -4.097970449215242894e+00 -2.562727064935173882e+00 -2.633822959077898762e+00 9.569542103328227967e-01 -2.590875230446962441e+00 3.793632304480579975e+00 -4.556816260068080382e+00 -3.556816260068047519e+00 -2.556816260068069280e+00 -4.714058016573717147e+00 -5.568162600680756080e-01 4.431837399319218385e-01 1.443183739931926279e+00 2.443183739931925835e+00 2.859419834262890703e-01 4.443183739931922283e+00 4.433920790116401278e+00 4.295204670283579773e+00 5.295204670283572668e+00 6.295204670283577109e+00 6.569203326039367852e+00
-9.328738352944217382e+00 -8.733198344930586998e+00 -7.811505782012771348e+00 -6.726461501047396929e+00 -5.861494285744694999e+00 -4.342967494317647059e+00 -4.501563295382339014e+00 -2.016377818706006853e+00 -1.016377818705991753e+00 -1.637781870600196754e-02 -2.991682967616485112e+00 1.983622181293992703e+00 2.983622181293996700e+00 3.983622181293990483e+00 1.008317032383522438e+00 2.008317032383517553e+00 3.008317032383517997e+00 7.983622181293989151e+00 5.008317032383517109e+00 9.983622181293995368e+00 6.808180381898255362e+00 8.452737146491863029e+00
-1.050648802315641461e+01 -9.506492702121061456e+00 -8.506147129291822040e+00 -7.505898205394100131e+00 -6.506462691182417046e+00 -5.505270836705495441e+00 -4.508166191930111921e+00 -3.500544501299211575e+00 -2.509935064071928679e+00 -1.500544501299199140e+00 -5.005445012992009168e-01 4.900649359280500050e-01 1.490064935928046452e+00 2.490064935928042900e+00 3.490064935928044676e+00 4.490064935928048229e+00 5.499455498700799083e+00 6.490064935928051781e+00 7.499455498700802636e+00 8.494365872984587895e+00 9.495154561644257640e+00 1.049322438443250327e+01
-1.050410326299346053e+01 -9.505833690139381176e+00 -8.505896155807102232e+00 -7.505581279369936354e+00 -6.505609278651784066e+00 -5.507232015105808287e+00 -4.508917008611300403e+00 -3.496626501056296021e+00 -2.511465539309101658e+00 -1.511465539309119421e+00 -5.114655393091194213e-01 5.033734989437128604e-01 1.488534460690882355e+00 2.503373498943711084e+00 3.488534460690877026e+00 4.503373498943707531e+00 5.488534460690878802e+00 6.488534460690882355e+00 7.488534460690889460e+00 8.502457450059317523e+00 9.489450509575268811e+00 1.049504613402214304e+01
-8.955415886986054730e+00 -8.425563253426286536e+00 -7.644886835112107981e+00 -6.656058897808856401e+00 -5.752236369326124255e+00 -4.355384635433025231e+00 -3.196719135480330820e+00 -5.853904634774749205e+00 -4.853904634774717231e+00 1.324046510521817543e+00 2.324046510521797781e+00 3.324046510521804887e+00 4.324046510521807996e+00 1.460953652252701129e-01 6.324046510521800002e+00 2.146095365225273888e+00 3.146095365225267670e+00 4.146095365225267670e+00 5.146095365225263230e+00 6.146095365225274776e+00 7.159045015307157200e+00 9.903775608134470332e+00
-9.675579583194863886e+00 -8.729701473117010835e+00 -7.936138410489904871e+00 -7.098841967040894652e+00 -5.580566479979726324e+00 -4.474161361490089917e+00 -4.475358418857974030e+00 -2.301518675224764721e+00 -1.301518675224735189e+00 -3.015186752247460689e-01 6.984813247752421628e-01 1.698481324775241275e+00 -2.483684133257158422e+00 3.698481324775240164e+00 4.698481324775238832e+00 5.163158667428371373e-01 6.698481324775244161e+00 2.516315866742837581e+00 4.429128456786035173e+00 8.785668680070363834e+00 9.785668680070362058e+00 1.069863476309322436e+01
-1.050583985397090458e+01 -9.505849770693613365e+00 -8.506065338342034821e+00 -7.506372730671019511e+00 -6.505886651067575244e+00 -5.506980768828237061e+00 -4.507568202404828028e+00 -3.502388331531140153e+00 -2.502388331531117061e+00 -1.502388331531134824e+00 -5.023883315311348241e-01 4.907052037729346949e-01 1.490705203772934695e+00 2.497611668468866952e+00 3.490705203772932919e+00 4.490705203772931142e+00 5.490705203772938248e+00 6.490705203772936471e+00 7.497611668468868729e+00 8.490705203772929366e+00 9.495559558780341192e+00 1.049394840425386377e+01
-1.050613204389804167e+01 -9.506134819239365541e+00 -8.506147060543296945e+00 -7.505909103900203050e+00 -6.506385456770638953e+00 -5.506923768669361507e+00 -4.507401589304210532e+00 -3.503341320902100264e+00 -2.508880645036676071e+00 -1.508880645036681400e+00 -5.033413209021002643e-01 4.966586790978961830e-01 1.491119354963309718e+00 2.496658679097894407e+00 3.491119354963306165e+00 4.496658679097896183e+00 5.491119354963313270e+00 6.496658679097890854e+00 7.491119354963306165e+00 8.496658679097896183e+00 9.493476714938891448e+00 1.049378132820130460e+01
-2.047321168520475076e+00 -1.284074290623938630e+00 -1.326756457426029989e+00 -4.517737994744370766e-01 -4.042791367482951870e-01 -1.819506047645184310e+00 2.509374695813781919e+00 -5.621756454716753559e+00 -4.621756454716720697e+00 -3.621756454716730023e+00 -2.621756454716736240e+00 -1.940950428886772272e+00 -6.217564547167298006e-01 5.904957111320457974e-02 1.378243545283273086e+00 2.378243545283263316e+00 3.378243545283271754e+00 4.059049571113214405e+00 5.378243545283279303e+00 6.378243545283282856e+00 -2.803469096440398545e+00 3.533772219172654605e+00
-9.124621068916152211e+00 -8.491916645447686207e+00 -7.655812737790916422e+00 -6.801210632676562895e+00 -5.926115606962008009e+00 -5.113396317454903972e+00 -3.779999413768762473e+00 -2.893997095683793930e+00 -1.893997095683772391e+00 -3.596693194247436054e+00 1.060029043162161178e-01 1.106002904316214952e+00 -5.966931942474458239e-01 4.033068057525531769e-01 4.106002904316215840e+00 5.106002904316217617e+00 6.106002904316215840e+00 4.403306805752555064e+00 8.106002904316216728e+00 6.441619260810663050e+00 1.006769044564983062e+01 9.788063343296558472e+00
-1.050557982295067916e+01 -9.506034956567656735e+00 -8.506079287522203103e+00 -7.506392979317094927e+00 -6.505953201346761361e+00 -5.507086352699165133e+00 -4.504243576221835355e+00 -3.512593996965071241e+00 -2.502706595950479951e+00 -1.502706595950499491e+00 -5.027065959504994908e-01 4.874060030349340877e-01 1.497293404049505838e+00 2.497293404049495180e+00 3.487406003034939417e+00 4.497293404049496957e+00 5.487406003034932311e+00 6.497293404049498733e+00 7.497293404049493404e+00 8.491082577712173673e+00 9.493616829372271582e+00 1.049425060928545861e+01
-1.050678976608264747e+01 -9.506566241214201796e+00 -8.506231397221009516e+00 -7.505903974006130852e+00 -6.506546173075360429e+00 -5.507427520880639804e+00 -4.508083365688257516e+00 -3.502500176260419096e+00 -2.510283171961235738e+00 -1.502500176260408438e+00 -5.102831719612463957e-01 4.974998237395880096e-01 1.489716828038748275e+00 2.497499823739582681e+00 3.497499823739588010e+00 4.497499823739588010e+00 5.489716828038751828e+00 6.492612265219747769e+00 7.494604386558590292e+00 8.494604386558592068e+00 9.494604386558586739e+00 1.049280784296042057e+01
-1.050760103829875192e+01 -9.506786764345362073e+00 -8.506289467892850453e+00 -7.505652771077384600e+00 -6.505683199248510462e+00 -5.507327900014130861e+00 -4.509568706832132179e+00 -3.493247584185811050e+00 -2.512378231368272097e+00 -1.512378231368261439e+00 -4.932475841858057208e-01 4.876217686317261268e-01 1.487621768631735009e+00 2.487621768631726127e+00 3.487621768631724350e+00 4.506752415814192503e+00 5.487621768631729680e+00 6.506752415814190726e+00 7.487621768631720798e+00 8.500117524781009237e+00 9.494256629862576347e+00 1.049210296503523487e+01
-1.050523292781277007e+01 -9.505251204086961891e+00 -8.505969246341420487e+00 -7.506379594518394427e+00 -6.506603469564142372e+00 -5.503626515580842593e+00 -4.502925959839055636e+00 -3.498917711390694407e+00 -2.510629778219882979e+00 -1.498917711390687302e+00 -5.106297782198954138e-01 4.893702217801028098e-01 1.489370221780101033e+00 2.489370221780099257e+00 3.489370221780102810e+00 4.501082288609305593e+00 5.489370221780109915e+00 6.501082288609303816e+00 7.489370221780109915e+00 8.489370221780101033e+00 9.498497235165402230e+00 1.049438161640004807e+01
-1.292974120054668496e-01 8.788158233800080765e-02 -2.002838331236285185e-01 -3.595906933785079085e-01 -1.058552118639549677e+00 5.073636176658695707e-01 4.934055304252631391e-01 -4.915082265828448982e+00 -3.915082265828425001e+00 -2.915082265828433439e+00 -4.504989825200406806e+00 -9.150822658284392119e-01 8.491773417154842296e-02 1.084917734171563009e+00 2.084917734171563897e+00 4.514754390683456187e+00 6.517487766902974045e-02 1.065174877669021747e+00 2.065174877669027964e+00 3.065174877669028852e+00 4.065174877669027964e+00 -4.054386820310840189e-01
-1.050604294105007597e+01 -9.506054925308980330e+00 -8.506142015145568891e+00 -7.506382646547130832e+00 -6.505959289656434663e+00 -5.506847320632502374e+00 -4.505001942203804788e+00 -3.509181695566946146e+00 -2.503594929860387452e+00 -1.509181695566933712e+00 -5.091816955669354883e-01 4.964050701396018894e-01 1.496405070139601889e+00 2.496405070139603666e+00 3.496405070139603666e+00 4.490818304433060959e+00 5.490818304433060959e+00 6.490818304433060959e+00 7.496405070139596560e+00 8.496405070139605442e+00 9.494531644000241855e+00 1.049370520324869283e+01
-9.899917335421850595e+00 -8.964833080568485713e+00 -7.828757902291966886e+00 -7.000192692322218413e+00 -6.105979753980625091e+00 -5.098442954590136189e+00 -3.703799651499885659e+00 -2.554387554981869979e+00 -4.715329375418204627e+00 -5.543875549818618742e-01 4.456124450181381258e-01 -1.715329375418229052e+00 2.445612445018138903e+00 3.445612445018135794e+00 4.445612445018143788e+00 5.445612445018138459e+00 3.284670624581772280e+00 4.284670624581769616e+00 6.340421633799946832e+00 8.389861773987748350e+00 9.389861773987751903e+00 1.008935965972568205e+01
-1.050612713718275160e+01 -9.506130679933848526e+00 -8.506142660467455485e+00 -7.506372086195787219e+00 -6.505916419862332489e+00 -5.506935819475478056e+00 -4.507423128424703052e+00 -3.503293223171075610e+00 -2.503293223171054294e+00 -1.508923209695643308e+00 -5.089232096956504137e-01 4.910767903043478100e-01 1.496706776828931496e+00 2.496706776828927943e+00 3.496706776828933272e+00 4.491076790304353139e+00 5.491076790304347810e+00 6.496706776828931496e+00 7.491076790304344257e+00 8.496706776828931496e+00 9.493414983661342177e+00 1.049377585253255063e+01
-9.776348165188304407e+00 -8.783082554031690137e+00 -7.852995968258313475e+00 -7.075877701649707419e+00 -6.175571628943334446e+00 -5.056555716782137111e+00 -3.448480331789182785e+00 -2.092192112930436831e+00 -1.092192112930410852e+00 -9.219211293042328670e-02 9.078078870695742708e-01 1.907807887069574493e+00 2.907807887069575603e+00 3.907807887069577379e+00 -1.879060434173291938e-01 8.120939565826712503e-01 1.812093956582681464e+00 7.907807887069582264e+00 3.812093956582668142e+00 9.907807887069578712e+00 6.481766288080452298e+00 1.113405005288535321e+01
-1.050523427975443980e+01 -9.506108977916548852e+00 -8.506121889772732203e+00 -7.505871825936180741e+00 -6.505887129428689519e+00 -5.505391233685321239e+00 -4.508002669635123638e+00 -3.501492598178710836e+00 -2.501492598178698401e+00 -1.509600051763369422e+00 -5.096000517633765270e-01 4.903999482366216967e-01 1.490399948236625249e+00 2.498507401821292717e+00 3.498507401821290941e+00 4.490399948236621697e+00 5.498507401821292717e+00 6.490399948236625249e+00 7.490399948236627026e+00 8.490399948236621697e+00 9.498269296166578002e+00 1.049416319924323382e+01
-1.050613760287782839e+01 -9.506144122135895103e+00 -8.506156508726144594e+00 -7.506365016949459346e+00 -6.505877100777871291e+00 -5.505450130355612259e+00 -4.507323105734862168e+00 -3.503430646759550626e+00 -2.503430646759520428e+00 -1.508970883590237122e+00 -5.089708835902460038e-01 4.910291164097557726e-01 1.491029116409752220e+00 2.491029116409748667e+00 3.496569353240461808e+00 4.496569353240463585e+00 5.496569353240467137e+00 6.491029116409755773e+00 7.496569353240458256e+00 8.496569353240460032e+00 9.493113177913164336e+00 1.049373132278297227e+01
-1.050643185543058422e+01 -9.506240368058717749e+00 -8.506197862496414075e+00 -7.505963627418342554e+00 -6.505935464223661313e+00 -5.507586576213885365e+00 -4.508074551990080892e+00 -3.503364060243418621e+00 -2.503364060243395528e+00 -1.503364060243399081e+00 -5.103272424841343025e-01 4.966359397565884848e-01 1.489672757515865698e+00 2.496635939756586708e+00 3.496635939756590261e+00 4.489672757515867474e+00 5.496635939756592037e+00 6.496635939756586708e+00 7.489672757515863921e+00 8.496635939756588485e+00 9.490544289181187310e+00 1.049302261305804862e+01
-1.050575871579355436e+01 -9.506102526560423982e+00 -8.506114652380340146e+00 -7.505894949659733584e+00 -6.505909873172640800e+00 -5.505409037694342089e+00 -4.507461210712797595e+00 -3.503016168251653184e+00 -2.503016168251628315e+00 -1.509201822802431536e+00 -5.092018228024421944e-01 4.907981771975595819e-01 1.496983831748348592e+00 2.496983831748346816e+00 3.490798177197561358e+00 4.490798177197563135e+00 5.490798177197556029e+00 6.496983831748352145e+00 7.496983831748355698e+00 8.496647099032985651e+00 9.491134913638214599e+00 1.049372798390685624e+01
-1.050615787201304130e+01 -9.506160975179874129e+00 -8.506176058880296154e+00 -7.505929932675593719e+00 -6.506388113579957277e+00 -5.505471215329388102e+00 -4.505012013695450790e+00 -3.509651691398845585e+00 -2.503474016419852788e+00 -1.503474016419856341e+00 -5.096516913988367037e-01 4.965259835801347776e-01 1.496525983580134778e+00 2.490348308601156191e+00 3.496525983580133001e+00 4.496525983580133001e+00 5.490348308601161520e+00 6.496525983580133001e+00 7.490348308601166849e+00 8.490348308601163296e+00 9.495738982476970236e+00 1.049333654648878245e+01
-8.268239259196374036e+00 -8.602549170617704632e+00 -7.713171373267665665e+00 -6.788965424494129763e+00 -5.946745121543996149e+00 -5.075229788868210967e+00 -3.055685814046078974e+00 -4.717239430996048810e+00 -3.717239430996017724e+00 -1.969286747101051116e-01 -1.717239430996039262e+00 1.803071325289885785e+00 2.803071325289890670e+00 1.282760569003956963e+00 4.803071325289885785e+00 3.282760569003960072e+00 6.772524772760919021e+00 5.313307100899889335e+00 6.313307100899896440e+00 7.313307100899894664e+00 8.313307100899887558e+00 7.664295713774313512e+00
