3.840846916972411318e-01
3.863522693257320784e-01
4.429539815018709303e-01
4.135154293200924425e-01
4.918887531979339034e-01
3.925690797927743891e-01
3.993053342237800618e-01
4.790501007448475512e-01
3.855703011305801065e-01
3.538977797831867056e-01
6.437146953213012113e-01
4.619756724318403451e-01
4.035071713632178425e-01
4.912399509943313758e-01
4.125670515637071545e-01
4.733177149555621854e-01
4.831837852997395988e-01
4.188049135771542142e-01
4.425158180232341976e-01
3.961978767509375388e-01
4.822027931327080852e-01
3.941762899361599959e-01
4.165423823999794273e-01
4.479784906344232431e-01
3.777500764949053291e-01
5.181528870633476114e-01
4.011583815409590636e-01
4.883754933713963520e-01
4.545473989451179198e-01
4.969818681926955195e-01
3.567712391796267202e-01
4.304096103513031513e-01
4.904509884178959722e-01
4.863396933386886500e-01
4.592982126131035514e-01
4.134843180324377920e-01
3.955514383416138258e-01
4.697945743503804672e-01
3.909433009914847768e-01
4.480213655034733788e-01
4.834921613385401717e-01
5.039271956205242375e-01
3.866017621523924475e-01
3.708970502607615294e-01
4.351606964958567580e-01
4.405335340260478350e-01
3.554968426260620706e-01
3.611183441489162482e-01
4.465120214339365345e-01
4.238909638351543996e-01
