-1.047968029264693968e+01 -9.480734914879885622e+00 -8.479428157548996481e+00 -7.479770705442547296e+00 -6.480488911609736391e+00 -5.479023404758088134e+00 -4.477687649767496225e+00 -3.477766447107905279e+00 -2.480008043687437436e+00 -1.479724020104498550e+00 -4.791471141983052462e-01 5.202649083327219870e-01 1.519572458822626260e+00 2.521013162691488674e+00 3.520590796728033212e+00 4.519916131753822341e+00 5.520475037057298806e+00 6.520474262196914950e+00 7.520792103965188602e+00 8.520062803883448055e+00 9.519397198815244820e+00 1.052051115002145387e+01
7.252265862761930748e-02 -6.622954572049247091e+00 -3.138572217059079961e+00 -3.860483187896357027e+00 -2.498569640728742769e+00 -4.331878005511585528e+00 -5.694520419029257319e+00 -1.240563072544669243e+00 -2.873213416953557697e+00 -3.592532609459576864e+00 1.051016496094862473e+00 -2.469767156373467998e-01 1.388369807728605965e+00 2.025157315863713059e+00 2.015456832969273471e+00 8.436839032530379257e+00 4.148782425390002082e+00 9.021736379700113773e-01 2.435955792220487304e+00 3.771904594234872121e+00 4.472547503619708209e+00 3.829148112136066651e+00
-1.047930957851084344e+01 -9.479092066260896843e+00 -8.478577812286932414e+00 -7.479565818878757710e+00 -6.480004270645702391e+00 -5.480563302609066767e+00 -4.479112302037815851e+00 -3.479981561276055402e+00 -2.479954359206278269e+00 -1.479724143716424578e+00 -4.780829149213747797e-01 5.201886546882636964e-01 1.519600029018791432e+00 2.521837706592940265e+00 3.520097891715435523e+00 4.520248825577169782e+00 5.520811761644749183e+00 6.521436403420832306e+00 7.519999342885885341e+00 8.520299057391554243e+00 9.519829000261688989e+00 1.051922980966892673e+01
-1.047872736982328234e+01 -9.479410755702037505e+00 -8.480228136547589557e+00 -7.480087041177551299e+00 -6.480534131892705219e+00 -5.479719239541079645e+00 -4.478986370631250935e+00 -3.479333046146432906e+00 -2.479779168286103896e+00 -1.479958455332308631e+00 -4.803035736761422925e-01 5.215026407756475635e-01 1.520577688447442455e+00 2.521054130724872167e+00 3.521082234314883763e+00 4.521495428613626189e+00 5.520647939971887297e+00 6.519475922665799672e+00 7.519643340937109954e+00 8.520916127345765645e+00 9.520368617705308623e+00 1.051991356977006475e+01
-8.037221868076249720e+00 -7.722453547772616389e+00 -6.882016616320933089e+00 -6.254059686344755953e+00 -5.798261997361606745e+00 -4.407939426461164878e+00 -3.220705947329896457e+00 -1.642108958053313250e+00 -9.384703899371388269e-01 -7.321712998568887798e-01 8.984314201795055022e-01 -3.916368176976404936e+00 2.324598839850109400e+00 -1.410989757254851984e+00 4.397962909744037141e+00 5.479447539484100460e+00 5.920089062259630275e+00 1.580768719276314016e+00 7.610231971178787802e+00 2.968518060348197984e+00 1.004139102662381866e+01 1.019093847531749120e+01
-1.047980376028203153e+01 -9.479516644708128936e+00 -8.481541384688831897e+00 -7.477209885350704965e+00 -6.479799535802815313e+00 -5.479833771220670613e+00 -4.475795750252233418e+00 -3.479708370498654446e+00 -2.481482212177718694e+00 -1.480316755107851989e+00 -4.794518768110105356e-01 5.235959247431907215e-01 1.520707632668985454e+00 2.522861409255039433e+00 3.518980670043005077e+00 4.518267910250200359e+00 5.519607822664751140e+00 6.519907589324491326e+00 7.518719281323930304e+00 8.518462735482231096e+00 9.519270169802682702e+00 1.052368915385820181e+01
-3.916458089169744028e+00 -2.505977041469199307e+00 -9.168073091363284632e+00 -6.327850646276119484e+00 -2.332993325871679513e+00 -6.155360376921667154e+00 -5.176864033242078555e+00 -3.246364373574354367e+00 -4.318777342225128990e+00 -6.911027298137351060e-01 2.960990250378833899e+00 -1.772434427258118728e+00 2.889995787045251951e-01 1.083668147157957007e+00 2.247879241746588264e+00 3.450364611581848262e+00 2.868952176127405718e+00 7.708693593802223631e+00 5.873873421140855200e+00 5.923763817900205453e+00 5.937808705703815804e+00 7.716872285457016645e+00
-2.899015160045302242e+00 -1.013392793720404406e+01 -1.074071140091965137e+00 -8.513277411478325618e+00 -7.475747548714222646e+00 2.130258075434622977e+00 2.754897921696463747e+00 -4.668101009486118613e+00 -3.963088228446083328e+00 -2.767493000345288667e+00 -1.496239937697860123e+00 -1.546687147320594313e+00 1.222276660067745380e-01 1.339907072412821254e+00 1.135963366804362273e+00 2.363658157436685503e+00 3.531415194623743758e+00 4.877711355660909298e+00 5.440358335465264261e+00 5.870445713674563137e+00 6.724241516924595707e+00 8.696174497205184650e+00
-7.487613789660421126e+00 -9.161919343683955219e+00 -8.292825464842852767e+00 -7.927526995668891630e+00 -6.682367419200596181e+00 -5.789738031479207514e+00 -4.398655233080864591e+00 7.175206315974623772e-01 -2.722758620904966786e+00 -1.874223879257838510e+00 -1.379965865894215549e+00 3.869408275991389701e+00 4.737345900422760714e+00 1.889561252268681102e+00 1.637584379373473009e+00 4.070977739404641582e+00 3.961029505880686585e+00 5.421904954765562223e+00 6.653678934878167084e+00 6.429733882036665626e+00 8.401521328624747653e+00 8.376938210945741758e+00
-1.048026591776453387e+01 -9.480272124098114261e+00 -8.480850929902365110e+00 -7.480135331438381385e+00 -6.478999631987376162e+00 -5.479922334240255211e+00 -4.479498649524023435e+00 -3.478657806800194763e+00 -2.478306348012248250e+00 -1.480376551435758969e+00 -4.795873710377804855e-01 5.210516354576988363e-01 1.520712559534736386e+00 2.520038177682582869e+00 3.519923841072740700e+00 4.520667043937868002e+00 5.520989005877199318e+00 6.520170656456176772e+00 7.519699384881679549e+00 8.522658606483165755e+00 9.520073687149702479e+00 1.052049875022334469e+01
-1.047832466966729470e+01 -9.479364740916270904e+00 -8.477841730483561378e+00 -7.479052211412001938e+00 -6.480587947436351470e+00 -5.478325221010242885e+00 -4.479013326831838171e+00 -3.480384524234326094e+00 -2.480482067235483257e+00 -1.480783666738050286e+00 -4.785787493667879033e-01 5.211021720685664604e-01 1.520994250408620019e+00 2.520203564993344969e+00 3.519901324740864368e+00 4.519650933078741772e+00 5.520172153345558996e+00 6.519647774032561571e+00 7.521437597207047077e+00 8.519177158109160430e+00 9.519750107757065649e+00 1.052031217210671876e+01
-1.065256259777574854e+01 -4.055293122508754955e+00 -8.780562942889602596e+00 -7.727609941515660275e+00 -7.294465155849749749e+00 -1.015413689726277990e+00 -4.924591079786000414e+00 1.636624904214365461e+00 -3.492334406724103335e+00 -2.520301928393550828e+00 4.051940488339804247e+00 -9.462724707418552761e-01 2.594966206956053068e-01 1.007298044938612858e+00 2.186702441022070786e+00 3.289572644891818332e+00 4.061090131802346903e+00 5.103378151920374250e+00 6.527350222333226704e+00 7.425187953521994899e+00 7.690870802575359377e+00 8.619505282171891380e+00
-1.047970840097826084e+01 -9.479762507094569912e+00 -8.479347308589646914e+00 -7.479110775007454137e+00 -6.479579371823499301e+00 -5.478551847352212789e+00 -4.479181808842858104e+00 -3.479285699738698057e+00 -2.479207833720861842e+00 -1.480056223882860067e+00 -4.794983914629931121e-01 5.202893191440551846e-01 1.519791903482246909e+00 2.520115720616148636e+00 3.520574959502978274e+00 4.520133736120030221e+00 5.521317812190815744e+00 6.520833613858981082e+00 7.520060914145277664e+00 8.520208107815546938e+00 9.519489558921613082e+00 1.052008487521247204e+01
-1.047561326622967925e+01 -9.480296865105634296e+00 -8.477567620575426233e+00 -7.479997143149395455e+00 -6.478134177625175738e+00 -5.481081768870351922e+00 -4.480050697922711933e+00 -3.482269302010552181e+00 -2.480539351701732897e+00 -1.479483589530000032e+00 -4.756480008363830336e-01 5.196324214339114178e-01 1.522923544049254119e+00 2.519153989851460551e+00 3.521683230996121239e+00 4.521185554563990294e+00 5.519043877720820390e+00 6.518559977412211381e+00 7.520994991064066326e+00 8.519554302096358001e+00 9.519267387688145732e+00 1.051829285919665047e+01
-4.516870130838927189e+00 -8.628899712956471291e+00 -3.402011386522242553e+00 -1.018403804847308969e+00 -7.355411566315524396e+00 -6.022467773976117655e+00 -2.707035523317649073e+00 -5.341524778024611564e+00 -2.453254243486802544e+00 -2.562739655530356764e+00 -1.667261757727473315e+00 -8.884290973440956973e-01 5.296416199625969767e+00 2.543747008364818374e+00 1.299652708794954314e+00 2.418111883159455466e+00 7.586621177958313922e+00 3.976375503885277496e+00 5.338027930018071743e+00 5.446668293618694534e+00 6.230544689748541032e+00 6.877754388229663007e+00
-1.047890716520227983e+01 -9.478676696392630774e+00 -8.478296761485671240e+00 -7.479188595983142562e+00 -6.480003793808545964e+00 -5.478562926026921076e+00 -4.478324492546644109e+00 -3.479167168113340480e+00 -2.480628569695092267e+00 -1.479532842609021515e+00 -4.802195551720664923e-01 5.214968872341074757e-01 1.520571882751841741e+00 2.519448543814077013e+00 3.519727441397566992e+00 4.521033200350661474e+00 5.521636034277340954e+00 6.520699973133462279e+00 7.519271190193553167e+00 8.519185776737593585e+00 9.518799091604609686e+00 1.051924889805640362e+01
-1.047983666509396272e+01 -9.479822896420952105e+00 -8.480126298964036025e+00 -7.479621276259445395e+00 -6.479832794517282224e+00 -5.479452237486848176e+00 -4.478787247091540635e+00 -3.480437837541122903e+00 -2.478953793644905090e+00 -1.478919114917525590e+00 -4.790892452001731527e-01 5.215172208845455515e-01 1.520686514675601231e+00 2.519408222287873755e+00 3.520465686917292558e+00 4.520277909934502958e+00 5.519626542925818669e+00 6.521388653665763258e+00 7.519703317433584999e+00 8.520623423159106480e+00 9.519757684320202529e+00 1.052103458344934950e+01
-6.007246920849866001e+00 -5.721769001821408906e+00 -5.701303215315581596e+00 -3.409851600809735039e+00 -3.078045813374275408e+00 -3.094824988749129702e+00 -5.045019799084860423e+00 -2.727233288846095949e+00 -1.864641556080841589e+00 -4.992975392122708023e+00 -2.414726409916123195e+00 1.202353409379008253e+00 2.090459969268382512e+00 3.688382570743976796e+00 -1.512977800998144051e+00 4.817362065518227432e+00 2.223291804226309232e+00 6.445055077412477296e+00 6.343085334387247087e+00 6.872141687645467734e+00 8.858010290683260735e+00 3.480083931220583793e+00
-8.677142054857421627e+00 -7.808141471447056503e+00 -7.158158373973245503e+00 -6.580733856960590877e+00 -5.162333382506782087e+00 -4.175221887892209160e+00 -3.243865484462463478e+00 -2.074810397334502454e+00 -1.525416798959014830e+00 -6.081992336814917799e+00 7.115311165451276842e-01 1.520293254194496235e+00 2.430166785964682052e+00 3.508566722056186915e+00 4.052528613139128488e+00 -1.225886194023748654e-01 1.178185698691839089e+00 6.982548293032645681e+00 8.240342457023482226e+00 9.278695895103595603e+00 1.001429238000026345e+01 5.142863801375304966e+00
-3.350124708046701372e+00 -5.180630350097752412e+00 -3.998787276844126826e+00 -4.444908228436396769e+00 -2.249445609253553080e+00 -2.472735341672954945e+00 4.809651930992133728e-01 -5.503734850270573631e+00 -9.037961119078063987e-03 1.111756560263188254e+00 -1.825356853737633012e-01 3.564458810772022535e+00 2.790090948710952201e+00 -2.184096380663093306e+00 1.714845897343018510e+00 2.444693278016228266e+00 4.243050859162149635e-01 2.636212494275093743e+00 -5.477580501864487417e-02 7.254300046191600515e+00 5.857994806564112977e-01 7.072994754068867351e+00
-7.042435801841591569e+00 -7.328915743800795468e+00 -5.111209440580547714e+00 -6.687509825251396478e+00 -4.932932895531397577e+00 -4.020594835253629817e+00 -5.238030940654607726e-01 -1.729327638245831356e+00 -3.158641080228540954e+00 -3.163705536171721455e+00 1.734189657094143744e+00 4.821027047575698887e-03 9.226940247996650024e-01 -2.509387970786076671e-01 5.563578759246954775e+00 2.529207310644771223e+00 2.679414157339638614e+00 5.162076243228971961e+00 5.705816547563456353e+00 9.641222771623766619e+00 4.017880918313837313e+00 6.438723623662918172e+00
-1.047962206839163457e+01 -9.478177408264434334e+00 -8.479817191646855434e+00 -7.478819588707272814e+00 -6.477882328019903824e+00 -5.478624897585666176e+00 -4.479575688527395627e+00 -3.476977224038414249e+00 -2.479937905953681465e+00 -1.480970697985457107e+00 -4.799676114185356113e-01 5.205624079839665796e-01 1.520473358644675699e+00 2.520930943502611044e+00 3.519699153913688150e+00 4.520491038872428646e+00 5.519773026420304873e+00 6.519144838167854061e+00 7.519912426783273318e+00 8.520259862257663741e+00 9.518860076977439633e+00 1.051987582953137768e+01
-1.047733663293443129e+01 -9.481344613161937218e+00 -8.480389478531730418e+00 -7.478654297915378280e+00 -6.481297912922752147e+00 -5.481531414118665069e+00 -4.479613187638188165e+00 -3.473227116194641084e+00 -2.475711184469126636e+00 -1.481257202950379437e+00 -4.781037298115773382e-01 5.216779681769345700e-01 1.518884924325085706e+00 2.519950312646956903e+00 3.518406418236821764e+00 4.518234399232001763e+00 5.517642882737254340e+00 6.519557309421632141e+00 7.521489513191314202e+00 8.519390148195352452e+00 9.521340576085176366e+00 1.052150267091664837e+01
-5.661881361459184525e-01 -1.207844915036607514e+00 -6.184583977788568276e+00 -2.807529163117292281e+00 -2.026693564579214790e+00 -2.502805846284306135e+00 -7.494063458890106055e+00 -5.228588210045611362e+00 -8.741326538104705612e-01 2.836285392125525995e-01 -4.154951344243218436e-01 4.270425642156957302e+00 -9.303703557078408792e-01 2.051243701057945401e+00 3.829024178776933685e+00 -1.302217160211493141e+00 3.935254060994386904e+00 4.089900623627117149e+00 3.513738813500528302e+00 2.984781142045358049e+00 3.601302234258674240e+00 3.430823992927479971e+00
-1.046665705604993235e+01 -9.483197881416842279e+00 -8.481701059774923834e+00 -7.483450187878194271e+00 -6.481774403290309294e+00 -5.482413633303213629e+00 -4.482297106222677741e+00 -3.482923938469474123e+00 -2.482058002190161261e+00 -1.482914103703070197e+00 -4.673753516240690686e-01 5.162789388136275193e-01 1.518090234561386254e+00 2.532672749324259343e+00 3.518092588944851329e+00 4.518770710988466277e+00 5.532489077611387529e+00 6.517877833409729149e+00 7.518618927760551074e+00 8.517976389689863481e+00 9.517511592669904985e+00 1.051799403266471700e+01
-1.047993627664725125e+01 -9.480155159803961951e+00 -8.479620223018264014e+00 -7.478902367028348763e+00 -6.480712783607570415e+00 -5.480220248076067335e+00 -4.479836729439819365e+00 -3.480011035772905714e+00 -2.479001310738656372e+00 -1.479448151859378058e+00 -4.785395610061691229e-01 5.201160711320813590e-01 1.520143072036168164e+00 2.520756821063418585e+00 3.521700690415755730e+00 4.521053160456073527e+00 5.520932379094022124e+00 6.520332704213515740e+00 7.520423601296801763e+00 8.519719134000201421e+00 9.520892026749505632e+00 1.051992453905667446e+01
-1.047675007310780870e+01 -9.478867677125050406e+00 -8.479843308302484672e+00 -7.478382137688729614e+00 -6.480758515271267228e+00 -5.479262006553735631e+00 -4.478053775700647776e+00 -3.480547417971223467e+00 -2.478370268913829833e+00 -1.477831197055902379e+00 -4.792421880093513664e-01 5.183430788191838445e-01 1.520307156172670204e+00 2.520086499777704603e+00 3.518619718876749403e+00 4.520940708843140143e+00 5.519182491031557447e+00 6.520802552727129608e+00 7.519517826763065571e+00 8.519702556458380371e+00 9.520885336128145582e+00 1.051913099261847151e+01
4.932835774838749687e-01 -5.104824030717551864e+00 -8.765019129836852940e+00 -3.664883503324882330e+00 -1.096851746430579810e+00 -1.016302360453763098e+00 2.120510246373660923e+00 -4.081206038509145095e+00 5.768632898118600250e-02 -2.331038478256368229e+00 1.336412473351304420e-01 -1.841721773740012447e+00 1.122237100756702799e-01 -1.620745294876416054e+00 -1.797700266278565495e+00 1.409987718346931596e+00 4.485681131738258887e-01 4.657318068935416555e+00 4.320458140770589317e+00 6.297877957104565105e+00 4.958564333039979566e+00 6.759783533319485116e+00
-1.047809504277321224e+01 -9.479866030879975369e+00 -8.478029000826841965e+00 -7.478219877251170544e+00 -6.478938731618880453e+00 -5.481771546669975237e+00 -4.479231002994545463e+00 -3.480160395868796996e+00 -2.479705694385529569e+00 -1.481320101090442876e+00 -4.801145673475417652e-01 5.209573625840970834e-01 1.519255627624014338e+00 2.521003176204187568e+00 3.520532619885427650e+00 4.519707691601736244e+00 5.520516660741787263e+00 6.521045122972944696e+00 7.519554954699499305e+00 8.521864515475256141e+00 9.520352598957044776e+00 1.052027201347730667e+01
-1.047918818484654224e+01 -9.480020399798034347e+00 -8.479329514909865750e+00 -7.478261951018478015e+00 -6.478446643460872068e+00 -5.480456653643738463e+00 -4.479228820313107207e+00 -3.478883873332636156e+00 -2.479069400240060617e+00 -1.478922526944771221e+00 -4.793477613817582750e-01 5.205269049514367197e-01 1.519649494778020582e+00 2.520874742757181153e+00 3.520094987343656001e+00 4.519076209853993831e+00 5.519596059213984773e+00 6.519790280948976502e+00 7.521093260835520766e+00 8.520521771501403663e+00 9.519675378095016072e+00 1.051986699212680954e+01
-9.153434190024611894e+00 -7.743486046257684663e+00 -6.637238771121653613e+00 -5.564202670315190780e+00 -4.745697916814664907e+00 -3.535804219217474564e+00 -2.334951425378208878e+00 -1.509711068849190818e+00 -1.445250453215493724e+00 2.219051685402472218e-01 6.139087263308514730e-01 1.727400725749649757e+00 -4.605700972057181097e+00 3.686747192630387193e+00 -2.061871450284455509e+00 5.412614895828180117e+00 6.316668071760757286e+00 7.555300248763607840e+00 8.456746557367605277e+00 2.067343217409705058e+00 9.788694559939388640e+00 3.939630171731603347e+00
-9.633926679776706692e+00 -8.810876505877084597e+00 -7.796026218130974961e+00 -4.661587553849270371e+00 -6.080265155640448782e+00 -7.680890705936977092e+00 -3.758500775459612697e+00 -3.659975062409816182e+00 -2.327285750478695014e+00 8.743350218778519478e-01 1.723565786134753086e+00 2.571903447180477809e+00 1.617374088212738537e+00 -6.643439617292472288e-02 3.559392605863250569e+00 4.722247186824493959e+00 5.313093705531509059e+00 3.238260664070995887e+00 4.526619384521936240e+00 7.889595724073924288e+00 8.964876513185403795e+00 9.924115028771351987e+00
-1.047971394793556499e+01 -9.479145192964509192e+00 -8.481126764281231800e+00 -7.479464934630840389e+00 -6.480202981694169750e+00 -5.479621136053040686e+00 -4.478448980911224453e+00 -3.479953580959287862e+00 -2.479938009245826080e+00 -1.480238073928784814e+00 -4.794335304336190262e-01 5.200466127558094342e-01 1.520811653272666319e+00 2.520521184937507542e+00 3.520035757259877940e+00 4.520972362296140190e+00 5.520280389623199113e+00 6.520366287366899272e+00 7.521689994768655296e+00 8.520057103173291679e+00 9.521121977405108794e+00 1.052099416269495968e+01
-9.237551623156900149e+00 -7.720862818393842808e+00 -7.647329927255023030e+00 -6.440087615401351329e+00 -5.806629411719713474e+00 -3.132042091632713188e+00 -6.984017412434330829e+00 -2.745690162853772431e+00 -1.473223239518003380e+00 6.404197972713455700e-01 -3.821911874467774251e+00 2.631931816083753706e+00 2.373912231402956596e+00 2.828232015592519577e+00 3.607280936251074710e+00 4.272428366431427982e+00 5.701145210641580974e+00 6.398432702290555163e+00 7.880189889732333697e+00 4.090544449334061916e+00 9.209994890985921501e+00 5.824444223332061910e+00
-4.092482899194206603e+00 -3.221175728154315632e+00 -6.262447520577913096e+00 -5.155937827072046176e+00 -1.600288723813400260e+00 9.411502492693530897e-01 -2.960108108118888914e+00 -2.004706718277452282e+00 -9.436450097317810037e-01 6.407370120225496235e-01 -1.667530927735967561e+00 1.069342742255190437e+00 -1.063009756308626486e+00 -5.252061352184918874e+00 4.330944214969520978e+00 6.786914751935833046e-01 3.793880022868890478e+00 -2.562629109679505302e+00 7.076721792843856385e+00 8.687572649854502060e+00 4.986004145476805149e+00 5.030589728610937783e+00
-7.868957965110035424e+00 -7.779317381312826463e+00 -6.311193417399650230e+00 -6.027081272436292103e+00 -4.599475399883003135e+00 -3.821454465374355625e+00 -2.961491335981645712e+00 -2.604410324427590684e+00 -7.208815109173269953e+00 -4.685157063030921942e-01 -1.208453536726251887e+00 7.407721849812873849e-01 2.863333972304736186e+00 2.957507568336061432e+00 1.109926376999650355e-01 6.182013568964225492e+00 5.597991303874382041e+00 1.347249120626013763e+00 8.322425195142255205e+00 7.795779347791434333e+00 4.454687334346704830e+00 1.093602403257713007e+01
-7.953093249060005476e+00 -4.947706822147166505e+00 -2.197069226636320316e+00 1.745600666069612839e+00 -7.639165415751222099e+00 -1.513977280918517909e+00 2.116507006223170784e+00 5.499383615077846343e-03 -3.352897138489318252e+00 1.923924482337584951e+00 -1.476870261632165615e+00 -4.160051161478434123e-01 -9.300057680354588685e-01 -3.177267857840191834e+00 -7.713435599961293576e-02 2.504233440901999508e+00 1.163890208279352745e+00 4.776666305562014436e+00 3.488423109985983039e+00 5.343855312109205613e+00 5.699909170003538250e+00 5.362293760086462413e+00
-1.047836180336097556e+01 -9.480948399075055377e+00 -8.478487442501570825e+00 -7.479482661255396181e+00 -6.479810836978932898e+00 -5.479920032688170295e+00 -4.479499983855284029e+00 -3.477235007353820961e+00 -2.480218063362611858e+00 -1.480552296408195190e+00 -4.789993048391636421e-01 5.205410464920721125e-01 1.519420769742939825e+00 2.520880129865611607e+00 3.520520251921626098e+00 4.519225698641752942e+00 5.520103458992455359e+00 6.519073118201704986e+00 7.520102967254137738e+00 8.521318738094782574e+00 9.521645103327248449e+00 1.052029490166089154e+01
-1.048024343225097255e+01 -9.480440678921620901e+00 -8.480229231444283755e+00 -7.480226281014378031e+00 -6.479544895616449196e+00 -5.479911628094608744e+00 -4.479430722919385488e+00 -3.480192596939494010e+00 -2.479493322697555513e+00 -1.480617615309643753e+00 -4.787684408101355871e-01 5.211280035701495450e-01 1.521565971049376742e+00 2.519862783226079372e+00 3.521030155095166592e+00 4.521099698814460055e+00 5.521847573193619851e+00 6.520035986873216061e+00 7.520374392243935446e+00 8.521213960918492702e+00 9.520589408549378518e+00 1.051996126500041129e+01
-1.080787978312761588e+01 -5.999939488623515338e+00 -6.492176465063124624e+00 -3.991896615118079694e+00 -8.417952411592279915e-01 -7.187660793351597022e+00 -2.109450973561809661e+00 1.775310210501373387e+00 -5.334404123776843143e+00 2.444152212442397776e+00 -6.834086516201927086e-01 4.703178759919236507e-01 -1.948134132012937281e+00 2.781722719549641898e-01 -2.718256779008150215e-01 2.828072988840030888e+00 3.301116803437272651e+00 4.576569420159373180e+00 7.443278545988697203e+00 6.510240493047195542e+00 8.987286515610490412e+00 7.503664959858206807e+00
-2.957010678722153951e+00 -1.976666327240319543e+00 -4.232742855878999677e+00 2.694518208377731039e+00 1.484119975474216702e+00 -3.157828667426870073e+00 2.433586735906098752e+00 -2.699765802395624803e+00 -1.343755043026849449e+00 -1.546788363255878984e+00 -1.699884747177179634e+00 -2.543904809535890266e+00 1.181823428715574442e+00 8.746736472368437099e-01 3.715361967355296891e+00 4.526314366170576253e-01 4.510146311408484987e-01 -2.292946585392332537e-01 3.120328274007175828e+00 3.174407658201219284e+00 3.101497636358196086e+00 1.532887063249224191e-01
-1.048076032643970734e+01 -9.477226709777657021e+00 -8.481056546623069181e+00 -7.480368276888688328e+00 -6.477114042097872115e+00 -5.477482309395631077e+00 -4.477593561465097238e+00 -3.480077078396636381e+00 -2.481482839042474353e+00 -1.481152763420888974e+00 -4.780489707535018340e-01 5.186353420669309600e-01 1.518751660531211911e+00 2.519253770058792696e+00 3.525742197578594528e+00 4.518270800059484671e+00 5.522949123924423276e+00 6.518139923160713778e+00 7.519223133271392356e+00 8.521878773515867422e+00 9.518250221555879520e+00 1.052087883109395072e+01
-1.065657589733599053e+01 -3.897319366749066649e+00 -7.897392818134281178e+00 -7.626411039952464499e+00 -7.522910643244348883e+00 1.319216851058699680e+00 1.549804113898195723e+00 -4.521167261867319098e+00 3.418237195850501120e+00 -1.665559592286315782e+00 -1.357725849818789854e+00 -1.896603586883505166e+00 8.586706132498225230e-01 -1.584897379457684274e-01 1.521289397496478735e+00 3.446891363712266454e+00 4.141890411254708582e+00 5.139260984387501452e+00 6.081069987143792765e+00 4.842478627473265185e+00 7.542163017197075270e+00 7.788793584011711069e+00
-1.048071674122052599e+01 -9.478592878715552672e+00 -8.479939481751483044e+00 -7.479909820990142677e+00 -6.479076123373065599e+00 -5.478442004458470294e+00 -4.479265308515591570e+00 -3.479509821669632075e+00 -2.478269754485637577e+00 -1.480929649011651250e+00 -4.789723963900094361e-01 5.203160955147261291e-01 1.519897678358987037e+00 2.519752213223409143e+00 3.520295703275630572e+00 4.521085777743289569e+00 5.521484689279031244e+00 6.521315523846578088e+00 7.519735993309449640e+00 8.520449252291156128e+00 9.519813002510499444e+00 1.051908840374512799e+01
-1.047963813963258417e+01 -9.478382761505510956e+00 -8.481068658557807893e+00 -7.479452702132155295e+00 -6.479166733947653967e+00 -5.478126595643429297e+00 -4.477452251044175213e+00 -3.478349688378248317e+00 -2.478843028572461193e+00 -1.480503904548550409e+00 -4.799910736354870977e-01 5.213427889076136523e-01 1.519873869690030688e+00 2.519851823422039061e+00 3.520920110019769567e+00 4.519996811720456975e+00 5.518837575885386926e+00 6.519604762169445067e+00 7.521204215559091466e+00 8.519186069342222112e+00 9.519602154466243249e+00 1.052016570893200686e+01
-5.979483140485924331e+00 -2.520800801778202427e+00 -3.471064370670132515e+00 -2.400101290411437382e+00 -1.947854386830440543e+00 7.449361192123176156e-01 -4.300153223238312172e-01 3.552607082664102300e+00 -6.185675759961748454e-01 -3.805755445298059092e-01 -1.519836829982426085e+00 -5.682902156989100284e-01 1.622464708188088967e+00 5.462030692796448150e+00 -5.751356640282968335e+00 -5.793770210476141269e-01 3.348436782839534054e+00 2.987248159417597027e+00 3.077907808570795822e+00 3.432149254143484818e+00 1.372741613116977843e+00 1.016411271604688693e+00
-1.047827272862190284e+01 -9.479356594383697043e+00 -8.478689588606343364e+00 -7.480626992881301618e+00 -6.481349341571309708e+00 -5.479702584445472979e+00 -4.479100875556451200e+00 -3.479308195412157190e+00 -2.477775365114199602e+00 -1.477871127426610087e+00 -4.806963652372271412e-01 5.206889882683807258e-01 1.520389549434192134e+00 2.519275233149533832e+00 3.520633012056357813e+00 4.521439298987399269e+00 5.519994087517270387e+00 6.521082639694217420e+00 7.520016282796872176e+00 8.518634565174586726e+00 9.520454727113254023e+00 1.051975172758102950e+01
-9.855171699411821251e+00 -8.536839255638717816e+00 -7.511860436779605799e+00 -6.457130308310350841e+00 -5.510141678489671513e+00 -4.616915784065290573e+00 -3.524838651104781118e+00 -5.125887557888699320e+00 -1.566758183167423546e+00 -1.315440477914078254e+00 -2.806609521989691380e+00 -1.209850507375722861e+00 2.004549133164854613e+00 2.891745765843095839e+00 4.068179781066508127e+00 4.643493991802555065e+00 5.797568402578183289e+00 6.151756718939054736e+00 7.486993416423150194e+00 8.239724387677810569e+00 9.315364396121875501e+00 7.887678421034940435e+00
-1.047894997420638674e+01 -9.478590520945457953e+00 -8.479369747367773158e+00 -7.479031252590113255e+00 -6.479689831760794050e+00 -5.479227143255153365e+00 -4.479625957933331293e+00 -3.479851978746335561e+00 -2.478469761935148341e+00 -1.479017543521797151e+00 -4.796547320756125998e-01 5.210762071338468360e-01 1.519638476046640818e+00 2.520899129184796195e+00 3.519280751320438938e+00 4.519626942547875004e+00 5.519660052928047733e+00 6.520953682335926871e+00 7.520449129017912071e+00 8.519490865143856340e+00 9.520128403874952738e+00 1.051988515731962615e+01
-7.717588453044291086e+00 -9.758659801998890160e+00 -6.186761140294848360e+00 -7.055243789092408235e+00 -6.699843602890840799e+00 -5.234779662136404887e+00 -4.383698816788666797e+00 -3.679063266469013715e+00 -2.551039580560448439e+00 -1.746902514368009030e+00 -6.618366780380098291e-01 -2.550337178331357757e-02 8.617958607858434705e-01 1.934758338546990863e+00 2.886370435067161289e+00 5.736137999237705287e+00 4.731900752185504544e+00 5.429994658739092372e+00 9.107290652349192328e+00 7.376559026259128515e+00 8.767346304000787072e+00 9.318377002809928200e+00
