1.052710552587945436e+00
2.786869791494186011e+00
1.070288200673129353e+00
2.081622217438149125e+00
1.587133861981551153e+00
1.380272430532583083e+00
1.549955986713178913e+00
1.587238372248962470e+00
1.711346110594684777e+00
1.066247331521223085e+00
2.187828967991106932e+00
2.045429317867260455e+00
7.812568307926093247e-01
2.150950313571702743e+00
4.053360573500096042e-01
2.367094198474879896e+00
1.231416574711361456e+00
9.440783062590955010e-01
1.164370833886868795e+00
1.623533627502750987e+00
1.010021049766475221e+00
1.253405796408718853e+00
5.454280375732132313e-01
1.866629798025353670e+00
4.970171936202899543e-01
3.732145643900484977e+00
1.205444042728047283e+00
6.750335225813490769e-01
1.857988299536301069e+00
4.407243346643029192e+00
1.785437535396680708e+00
1.396669389473905509e+00
5.224615810805744998e-01
1.984939308061710372e+00
3.554221923524801596e+00
1.924605897185595493e+00
1.340700075502309074e+00
5.516253202080002582e-01
1.097065535661455593e+00
1.400840003008863022e+00
2.198707197046656958e+00
1.136317587572486909e+00
1.663878525521363505e+00
1.061048036933191829e+00
2.711166474446318198e+00
2.084684745826798746e+00
6.650486738890238891e-01
1.472203473494190673e+00
1.443619493310708046e+00
2.249537970016856736e+00
