2.581787795706809518e+01
2.070417744408095828e+01
2.979073503620888630e+01
2.186867057315530971e+01
2.979227270453185028e+01
2.979119859550051075e+01
2.978967028893182700e+01
2.493075993707932270e+01
2.979112537758547319e+01
2.979116254691712129e+01
2.979297534988400642e+01
2.042618347105018017e+01
2.979174426927922426e+01
2.979083878308395583e+01
2.979091565275700759e+01
2.638743371182443553e+01
2.189655773775394110e+01
2.094678764647638047e+01
2.578698503159498401e+01
2.979079232428173896e+01
1.982964535192833111e+01
2.651681753292260169e+01
2.979069481491451654e+01
2.099750770532112654e+01
2.979253583766144331e+01
2.028113601017431833e+01
2.979238626660616163e+01
2.979108707372571629e+01
2.979169456264275340e+01
1.761351070274534791e+01
1.670156148489673598e+01
2.979203687393243172e+01
2.355818426105534868e+01
2.979263068086103061e+01
2.979043296384109851e+01
2.979326528687728626e+01
2.979141856216958573e+01
2.352978024369165411e+01
2.671125674413852025e+01
2.979255174962648312e+01
2.979032758611043974e+01
2.561094455120977287e+01
2.141389129497362021e+01
1.757506311257977316e+01
2.978979011422447343e+01
1.889467670808172528e+01
2.979064427002328941e+01
2.979182769397808173e+01
2.979149718834155536e+01
2.979117781360977801e+01
