4.527219962156392441e-01
3.213452865499414890e-01
2.760450910992306439e-01
7.664991462341224082e-01
1.927953707886356893e+00
2.127096832239093738e-01
2.092066464347462906e-01
2.915721424998712896e-01
3.479581707465821405e-01
2.760498232340165892e+00
4.080234374560669508e-01
2.160949827136721402e-01
2.544903828041498617e+00
4.430983260265357604e-01
2.950962116369088006e-01
2.794126975639933952e-01
5.510019927554972163e+00
2.214571628296628236e-01
3.193918730630082026e-01
2.986453811515908385e-01
4.286686656915132954e-01
2.941655609942427918e-01
2.099081062466218173e-01
9.172768732121703295e-01
4.175066218705705268e+00
4.342911498946097626e-01
2.515351625996685714e-01
1.970180068306338073e-01
2.413630925903765267e-01
2.449555341991833946e-01
2.345062569327282798e-01
2.963374196946301775e-01
2.055374789300709604e-01
2.392130263292298054e-01
2.444927497238202352e-01
3.695775210977153002e-01
2.228228854828784855e-01
3.568490626592828452e+00
2.579439920578300294e-01
7.746845836997973134e-01
2.720999776810735238e-01
3.296964753489062261e-01
2.120258260465999467e-01
6.549918255128026168e+00
1.375050313620485687e+00
2.802164731215303073e-01
2.174948502316697674e+00
6.752243889137193866e-01
4.024705223804189158e-01
1.852114612899885271e-01
