1.943075724130434445e-01
1.851580665378040003e+00
3.547967516771368679e-01
3.725657315340143994e-01
3.392684901451943902e-01
1.694470783378690393e-01
3.369139232971336551e-01
2.070741978589817622e-01
4.761196359705077708e-01
2.950512329881298523e-01
2.577016951871538009e-01
7.986659813702203792e-01
8.448980024277600975e+00
2.932415992346210087e-01
2.664966837166017344e-01
2.522434681651512522e-01
2.149732834256764258e-01
3.385180064847579939e-01
3.198513447427564493e-01
1.993732240578621473e-01
3.703127709043392279e-01
2.969977220217263070e-01
6.056617609081790254e-01
3.351468716742304066e-01
3.181283774417192900e-01
6.372998282147444016e-01
4.356423604537251748e-01
2.897134749066902493e-01
1.883016776451284235e-01
1.977810005945871974e-01
2.196212157437130441e-01
4.118275259140593558e-01
3.233337916362964970e-01
2.158931893029362448e-01
7.639452003267891422e-01
8.279291197833521521e-01
5.317165413311941702e-01
1.330473864754563529e+00
3.195565605817601851e-01
7.930814903841714170e+00
2.372026828543122856e-01
6.337981773696442112e+00
2.373991041261258150e+00
2.131210782127472003e-01
2.589143780952086749e-01
2.113821991393269872e-01
3.006308739543145925e-01
2.831005907546255695e-01
3.531815898532331688e-01
3.511881299427305758e-01
