2.381748414043565742e-01
2.174181891119168208e-01
6.241754046974721248e-01
4.164831943737053344e+00
3.337723766523523206e-01
1.533084263089553312e-01
3.735074789482937807e-01
2.641560367020772682e-01
3.986123573369840800e-01
6.206444636610426446e-01
1.376621393673709559e-01
2.026969246476086339e-01
5.781463590003452779e-01
2.361950883799571188e-01
2.177361440387127201e-01
2.274940637958432765e-01
3.708439089162956503e-01
2.698467060743177104e-01
1.214808328986551611e-01
1.537432574060761947e-01
2.561684454111093356e-01
2.795327276173584785e+00
5.458078258039047448e-01
2.585342662162963268e-01
2.173029935744650587e-01
1.777024085020328659e-01
4.708483090809898464e-01
1.566705543366415376e-01
5.997825575401524167e-01
3.050109385707905352e-01
2.795422133101139739e-01
2.381378078533711307e-01
3.219835063624755800e-01
1.189512937733872289e-01
5.853746583098742295e-01
3.373220747236391759e-01
9.940784695606244559e-02
1.431517504675989816e-01
1.565971650742364607e-01
3.102043368155555925e-01
3.682283727167360299e-01
1.128866194158108377e-01
2.134625733858975805e-01
1.389019434528528940e-01
1.165991674618799712e+00
1.872115944279216793e-01
2.811962752032961088e+00
1.361624502865455555e-01
2.823323743433739930e-01
2.825837927519037063e+00
