-2.968262627546344734e-02 3.224890937416843850e-02 3.333761403070206741e-02 2.263146675809104072e-02 -7.128524980718557724e-02 -3.537045201461112842e-02 2.274815302451806132e-02 9.273097493362279786e-02 -3.532426753380828871e-02 -6.852557530920405648e-02 -6.487901062994355650e-02 7.944848055269913834e-02 -6.842337806177298254e-02 1.004474201877164075e-01
1.138855922574143198e-03 1.119255934375938399e-01 -3.489092748767126662e-02 3.846512102963769303e-03 -9.110786051063154978e-02 -9.821837742093028623e-02 3.991215397137612073e-03 5.246095427716188087e-02 -3.331544922491730398e-02 5.615305797076410727e-02 -1.445237868545015680e-02 5.662394687618145864e-03 2.645316748838925230e-02 2.045570127492676166e-02
-1.436288181295263533e-01 2.460641760978313219e-02 -6.470011858148831674e-02 7.250759074605178656e-02 4.162387363063634743e-02 -5.746673959617072669e-02 1.258440995643336779e-01 2.840557884920108175e-02 6.024418541140130062e-02 -1.720218726886470900e-02 -5.077369815947174042e-02 2.364238866899038075e-02 -5.474901162794199028e-02 2.174889811259503314e-02
-4.790851857213893061e-02 -3.058574640820118512e-02 1.997739221812772428e-02 1.655428447726869576e-02 1.420867247998437721e-02 6.881813823879229242e-02 -3.066223434450333647e-03 -7.778674025780582535e-02 5.795062622153767523e-02 -6.961367434137685772e-02 6.129905608319784899e-02 4.201927034988822002e-02 -3.451835791136044496e-02 -7.245719913934357305e-03
-4.573307297913598718e-02 -5.964646074109155108e-03 4.644681521869520151e-03 -4.122059359033651560e-02 3.518361689260924435e-02 2.389158058951474164e-02 5.310511505684692435e-02 -1.385507407272438749e-02 5.757484302990616143e-02 -4.219288243609055356e-02 9.540764940039050263e-03 -3.046811577552152595e-02 -5.127101003708420951e-03 1.072334313036981020e-02
-9.644122671528160273e-02 -1.317604291783719059e-02 1.232496580344633746e-02 -3.898231077136655315e-02 3.873127076543000924e-02 1.532914013702243484e-02 8.641970568108282846e-02 1.948734684247283022e-02 6.857064769080047084e-02 2.493295264289021457e-02 -8.369985682041695615e-03 -6.695915434083216100e-02 4.770483559280254415e-02 -7.946968549905956969e-02
-1.045443836000208709e-02 6.176724427220774138e-02 -1.598466898623688848e-01 -8.546769198102537046e-02 8.239601329780105177e-03 6.571659592567706543e-02 1.045993803378774539e-01 1.816458687748651601e-01 -1.045666528082050822e-01 -2.001717303964979655e-02 -2.765863753703929340e-01 6.795528872579607860e-02 1.191493439840618090e-01 5.796815730090758290e-02
-1.218260262542774502e-02 -2.751916636956963647e-02 -4.875939310054225317e-02 2.216124164892401688e-02 1.525410526023874419e-02 -2.332265800364062211e-02 -2.613730638253135979e-03 4.306969813777809797e-02 -4.210659906313040518e-03 1.158535431801525906e-02 -7.788135845282578157e-03 7.800897037388868083e-02 -3.137178136126691358e-02 -2.208782659019980360e-03
-1.074491582235166803e-01 8.604140683132148471e-02 -6.970367766123063136e-02 -6.977893686167109012e-03 3.529730799135072372e-02 -1.378058629920775324e-02 9.632579487113512862e-02 7.801801409915404273e-02 -1.453831700187726006e-01 -1.897245461053362683e-03 1.333748882722394363e-02 5.212023360212082040e-02 1.095749166085795145e-02 -1.680354730368706709e-02
3.575156413566331348e-02 -4.849240960768957942e-02 -4.512642079881780399e-02 -7.191903898351026392e-02 -4.400698557914798498e-02 4.024571327109597446e-03 1.135685929530363264e-01 3.450719601911643453e-02 1.132395466485444924e-01 -4.068570626794549422e-02 1.328411458885671824e-02 1.967575328162593506e-03 -1.659164541097749804e-03 -5.435097599275169611e-02
-2.448479710814201182e-02 3.895482071655592682e-02 -1.762720694820688050e-02 -3.975437151240235334e-02 -3.350056533972967099e-03 -3.779590856046684266e-02 -1.031751730778877885e-02 -7.605177661775097686e-03 3.290366860369051127e-02 1.230791704358068783e-01 -1.007079770388529805e-01 -3.167883510076390657e-03 1.070975693173899373e-01 -4.712187366223000162e-02
3.232602383598981444e-02 -1.021874595140434550e-01 4.316398655406165213e-02 -6.325252775090186436e-03 -2.431887541607527861e-02 -1.279339689222538934e-02 2.601252066927559406e-02 -3.461367922126208641e-02 4.615556774672441298e-02 4.278130642612283652e-02 2.265790914133884032e-02 4.897471546541079523e-02 -4.859777889501899761e-02 -2.313312789567965877e-02
-1.254776344413742750e-01 -1.898470014424646218e-02 7.834869407130379271e-03 -4.170768511607013396e-02 -4.682330434622986037e-02 8.499043233286757149e-02 1.364753952703560147e-01 5.853905731767344162e-02 5.851133146993180156e-02 -2.912852234846291175e-02 1.923502608323249263e-02 -2.019455311515549328e-02 -4.749242774136398781e-02 -2.567482539875969028e-02
-3.490948641605762237e-02 7.032873541600014045e-02 1.702243547300397175e-02 -6.831213671566332968e-02 -6.620996757812977473e-02 5.092112653053988691e-03 9.689782044505400316e-02 -4.506183396306631672e-02 1.615001582233422522e-02 -9.098549089968044346e-02 1.057972737064885455e-01 2.389912154707156747e-02 4.760126571478530411e-02 -6.720740597566535190e-02
3.237873581018022376e-03 -4.023742909101383353e-02 -5.461478398558037434e-02 5.920688493511142708e-02 -1.248180931729138687e-01 4.092280695074874963e-02 3.490905762751922436e-02 1.511764073020371579e-01 -1.442449223287252946e-01 1.215904011144548630e-01 -1.378003235559686068e-01 6.811017320280512988e-02 -3.617730469736726504e-03 3.628213711977301692e-02
-3.977580714730186845e-02 1.373488407315179294e-02 2.892079790666947370e-02 -7.679348354076270811e-03 -2.462180710684918825e-02 -2.336834912227252203e-02 2.602043347556335512e-02 -4.164777762233540931e-02 2.812871071828065839e-03 -2.482330617608137502e-02 1.113767739536769552e-01 -5.617417613489662787e-02 2.882168054468926127e-02 1.650558986776325815e-02
-1.942471319381494643e-01 1.651828097759129865e-01 -3.868988830809626245e-02 2.251657757692874517e-01 -1.455926336930794818e-01 -1.581135941603864226e-01 -1.113614096911041129e-01 1.758042818534889806e-01 -1.540821650130833886e-01 -4.501440406372072406e-02 1.362577317545601574e-01 1.183480793913975621e-01 1.895116528629665620e-01 -1.530666453104648772e-01
-6.060855112666861666e-02 4.670427567476836961e-02 -2.390920207523010085e-02 -4.458722346723808551e-04 -2.962036935290713116e-02 3.789219468264684587e-02 2.118423561986751066e-02 -3.525567007970344113e-02 -4.043102304588328325e-03 9.456806126693585723e-02 -2.628785636132658851e-02 8.424433392347732696e-03 -7.958319102258418209e-02 6.108307315064334664e-02
5.730485780200789137e-02 -1.534646908324223957e-01 -7.468820602112380413e-02 -1.384954928295034082e-01 1.255354685471840870e-01 5.795888124574760658e-02 1.376615186718660178e-01 9.171940904752162727e-02 -1.661080332763230014e-02 5.974646090843423185e-02 -2.439817197935423843e-01 -6.429263903146259507e-02 5.319158097760327136e-02 1.185178338648510410e-01
-7.953725523675636566e-02 -3.503878710349762199e-02 1.187214163259405625e-01 3.129916368165130275e-02 -3.628843856347006847e-02 -1.257818212888121845e-02 4.816108624347439915e-02 7.229615193135453810e-02 -1.292843415215043645e-01 -2.812729664776324884e-02 4.236179760834257735e-02 -8.524696607480884702e-02 3.101163889897910406e-02 7.235247181646813075e-02
-2.519321471281595060e-02 1.589771943369238869e-02 2.352639895415412075e-02 2.093148505713204877e-02 1.784306897008354487e-02 -2.895363925608748779e-02 2.848876002977067390e-02 3.466047758085527564e-02 -3.384422574950401302e-02 -5.673824220929514495e-02 -3.896745162885859731e-02 2.842381972109050969e-03 3.329431872066813958e-02 1.631462206762484060e-02
-1.647139843146739890e-01 2.943896733121131870e-02 1.954736155570879763e-01 -7.360462864211916867e-02 -9.759017576398573701e-02 -9.896460931366082847e-02 8.492345646734852926e-02 -2.322018561074223886e-04 1.281799712953055614e-01 8.233460816003830562e-02 -4.829794444095877881e-02 1.443097132696991025e-02 -1.089823755770870928e-01 6.770678900016034729e-02
4.509517268785897398e-03 -2.647308581608246586e-02 -1.784908217086616459e-03 -9.782241156524732958e-03 3.609354528881350554e-02 8.669499482902822546e-03 -3.958111310144504097e-02 -4.707336423596109043e-02 6.628494217085625917e-02 6.114630142212857528e-02 -5.796026946773322197e-02 -2.647411677765893617e-02 4.517880830017761973e-02 -2.651055931643678254e-03
-5.789594368636785671e-02 -1.044035511141976069e-02 9.963990765157675761e-03 -8.006627657099524287e-02 1.301803960931429208e-02 4.524627599244594039e-02 1.386720555440675295e-01 1.681628157172912474e-02 -5.441441549040656675e-03 -5.637793097480502807e-02 1.890444650906326560e-02 -8.341235603308670699e-02 9.621662516633382178e-02 -3.510095200286748179e-02
3.222278033691414884e-02 -4.404393298534207968e-02 3.536879485960287700e-02 -1.779371174081209594e-01 1.114549019123925455e-01 -1.602237935609547581e-02 -4.192990865312021254e-02 9.426170924890371963e-03 4.715231022085557278e-02 7.942539953220157517e-04 6.640816323168147184e-02 -2.362656007697797392e-02 -6.101582074091237151e-02 7.185080296843894543e-02
-9.471900397755506074e-02 7.760293565239399782e-02 -9.225726771216601063e-02 9.484775507111350978e-02 3.195981489666622349e-02 5.144714845456255931e-02 -6.731839447937934540e-02 -1.275112353121107267e-01 3.590126610513226513e-02 -5.761154380762781996e-02 6.438496483449410168e-02 8.382636995154493786e-02 3.164818906342266314e-02 -2.209853951096239083e-02
-1.473048951601716172e-01 -2.402555309826857194e-02 9.645163600086281708e-02 2.417119430207989583e-02 2.561878734087548459e-02 4.254096881399636182e-03 9.104130241732654935e-04 1.681160250345999259e-03 4.987822748247246890e-02 -2.160127790258470695e-02 6.743061433400779348e-02 -1.096518518546857682e-02 4.093058642300945876e-02 -9.732734546320444269e-02
-5.944815653259116761e-02 6.348846728311376142e-02 -8.141818399378984716e-02 6.880391339548061480e-02 5.348737626724314742e-02 -1.365580787528693496e-01 7.403681262717683176e-02 1.968587272310765024e-02 2.419702055093932505e-02 -8.660277218668577248e-02 4.379910289004350366e-02 -3.966629490118431939e-02 2.618969571546922274e-03 6.367841028799760272e-02
-5.177623391331986902e-04 -2.773414839778287361e-03 2.161107774732325820e-02 -1.610242311745814850e-02 -4.419926410861459154e-02 -2.966848299899833841e-02 6.853051907976480395e-02 1.779766475998779615e-02 -1.487295300408443890e-02 -2.984259075241151027e-02 3.396193858574203528e-02 9.545120284868476718e-04 -1.549904896192594306e-02 2.072268715062861727e-02
4.956807785350368645e-02 -1.096723966389566429e-01 -2.403725309970460022e-02 1.834639789854685451e-03 1.361225078351076603e-02 -8.600765234673211912e-02 5.495468801168917894e-02 -2.770643257778513530e-02 1.041940240862910955e-01 6.216269567645511807e-02 -1.482368411856034920e-02 3.033070741862637157e-02 -7.915649284170941935e-02 3.484928723304625553e-02
-1.177192710516606483e-01 7.875039536471650781e-02 8.275801756789605973e-03 5.415560949973791116e-02 -8.476882247853741170e-02 4.605298391338605302e-02 -3.532383476840647574e-02 3.648109852225110000e-02 5.650076309575183253e-02 -3.598352721763897755e-02 -2.049431446702498077e-02 4.792490257246237451e-02 -7.546746843122979775e-02 5.171814291893180038e-02
-6.831177834592089271e-02 4.225716158531070410e-02 -8.196461324393906900e-02 5.688444825315055325e-02 -5.125057218513452695e-02 5.366385511760569244e-02 -5.529811897745851718e-02 4.700381072445623809e-02 8.457892762335697534e-02 -7.952902932808311037e-03 2.268038874820698519e-02 -3.977597379777825324e-04 -1.889856066227937892e-02 -1.289182673703974033e-02
-4.454200113522341353e-02 1.641522092536050817e-02 3.710194217139482081e-02 3.135731297602258050e-02 -5.759512031862421000e-02 -1.775115283165656921e-02 3.806436136332892739e-02 4.507281749314392266e-02 -4.093320941887267778e-02 -6.407390665951290254e-02 4.505704350673468694e-02 -1.872886817831719009e-02 -8.794661322000586409e-03 4.945268065775099836e-02
1.327744275931467752e-02 9.905870743056925665e-02 -4.718497258405651013e-02 -3.708004388377626054e-03 -2.952487532027473979e-02 -6.272476794649817222e-02 -4.642172637230718157e-02 -2.507196796444230609e-03 4.754073980133580180e-02 -4.061166592203224734e-02 2.571742065838934430e-02 -4.408508004249709310e-03 6.934269710704550616e-02 -7.742831192885275826e-03
4.523318357711747506e-03 1.636597631916949375e-02 -2.939974110559914755e-02 2.685253488254546808e-02 -5.541895238838481785e-03 -4.535513743879733550e-02 -3.429354713807733490e-02 4.513976210267227340e-02 -4.458686526247659931e-03 -1.766059982534350092e-02 2.140045314087429124e-02 4.908439905530356806e-02 -7.624133442615720069e-03 -8.930243913228788633e-03
-9.563567474177588068e-02 -1.564409679994883950e-02 -3.090065349464082844e-02 1.184368419846306836e-01 -2.142871089244040295e-02 3.115076261402141555e-02 1.062482714260421929e-01 -6.925736283662556336e-02 3.376042307359451711e-02 -1.023113865535184852e-01 9.215153439623771647e-03 3.696872458263061965e-05 3.594136493470950766e-02 1.049055835127419949e-02
-4.809701608540521700e-02 1.035615027092388479e-01 -4.211038994748413089e-02 2.523355911934098764e-02 -6.056431510128650400e-03 -5.422245555497222369e-02 7.459762666193776870e-02 -4.961989299244141949e-02 -7.604722857844088690e-02 -2.524925579127683395e-02 -4.672648505833798538e-02 1.106091112566592038e-01 -1.583666503189422705e-03 4.581348150402884262e-02
-8.918560719798873659e-02 6.580836394168071424e-02 -6.670971437705512652e-02 -1.733461011146319661e-02 2.934715419195927863e-02 -2.065320687826954077e-02 1.137374381024538472e-01 7.413268824004782577e-03 4.414631445568709123e-02 -8.100624711209973572e-02 1.355565628525727886e-02 -5.577531099985027357e-03 -2.340654802464852552e-02 3.996772822999578034e-02
-9.655124268207759819e-02 -6.262502694394572744e-02 6.573401870251588397e-02 5.692286612138662549e-02 -5.026431974813348746e-02 9.969970395576109590e-02 2.471634494757207062e-02 -5.929965356682941752e-02 -5.604487672737408499e-02 7.908279220117395147e-02 -1.194688569293955900e-03 7.238951885977665257e-02 2.421184643564269420e-03 -6.488416196456738005e-02
-8.636106559450114351e-02 1.313927318638278413e-02 1.983566867842807835e-02 3.797619172346024946e-02 2.106636494848825730e-02 -1.379681665122383348e-02 3.087168921179859332e-02 -1.668043936866966254e-02 1.701013950115741122e-02 -4.261123101608209340e-02 -3.450971901786380192e-02 -3.982674709251015494e-02 9.024173495650479604e-02 1.374741576415943259e-02
3.543269678871322631e-02 -6.989134246760794755e-02 -3.127839849691001206e-02 -2.077647447029262393e-02 -6.511934185290238486e-03 5.326094748993701056e-02 4.287302867195942613e-02 2.097224306023286189e-02 1.309426231440816504e-02 2.240206009496333375e-02 -5.962467480204203252e-02 1.369217671662100247e-02 -1.690028438599915778e-02 1.335815290083586585e-02
-1.130290608931086398e-02 3.073669409233334079e-02 -5.084561265421834453e-02 1.620290669244495163e-02 -2.227805594938336853e-02 -5.844134749792193745e-02 8.309876057576265351e-02 -3.410594063254312244e-03 2.055970118116308420e-02 5.027490748142231930e-02 2.888970347166593816e-02 -3.959194790446207701e-02 -3.216709461876485904e-02 -1.622655487947623903e-03
-4.771841060062892437e-02 -4.582883812264839513e-02 4.185110244777241056e-02 2.454936241197363395e-02 4.230567501843699590e-02 -2.108919776378420305e-02 -2.302112805466515616e-02 2.050711935600989938e-02 3.689984631579883156e-02 -9.145669833295530515e-02 7.615043634257241678e-02 1.868809681982441795e-02 -1.988878417615403543e-02 -1.846122432023675902e-03
-1.379660802932464181e-01 5.581840881406611998e-02 2.096371013921617676e-02 -2.182040319385819549e-02 5.259359388029741234e-02 4.813850882114778518e-03 -1.151257454100132471e-02 1.221761815998123335e-01 -1.681774263913606293e-01 -1.325553535202738525e-02 1.852666222626483394e-01 -1.739796142465473427e-01 1.255935386037578538e-01 -3.041181293434280786e-02
-1.463814263262303850e-01 1.342883466261514391e-01 9.919808570952586002e-03 -6.526338818431980104e-02 -1.827449361144945633e-02 1.024309715628366479e-01 -1.267053019303115702e-01 -6.671102648508092647e-03 -1.274597916638767203e-04 1.593168386582471396e-01 3.978134545128129973e-02 -1.516591798341094810e-01 1.178356058809759688e-01 -3.838810519432359764e-02
-7.456243867691084160e-02 -1.344455149639642577e-01 1.399677000166651628e-02 8.714959585340435744e-02 -5.480427526701742852e-02 8.143816728464284282e-02 1.363341625707877869e-01 5.549688287969628542e-02 -5.535273442723178533e-02 1.599946760485737411e-03 6.733626536590406331e-02 -2.946844890000709788e-02 -6.037247531999236777e-02 -2.424344393193495276e-02
-1.086046749415927604e-01 -3.074615409828824336e-02 7.941457882609957719e-02 -2.526197140590284024e-02 2.599519949028965965e-02 7.046130764818157866e-02 7.247592342513534125e-02 -1.770311927873102764e-02 -1.317398309382141960e-02 -1.107924389300910667e-02 -1.538441157751622816e-02 -1.516686441661834264e-02 -2.022979028518831490e-02 1.910566283049102559e-02
-1.519349581169258667e-01 -6.851242134708736276e-02 5.794727490068664333e-02 -3.240788069400885041e-02 2.066956825015011170e-03 4.972533720923610900e-02 1.937846330392948846e-01 1.592824500043763664e-02 1.140103792606797228e-01 -2.435420815202074887e-02 -4.249678571137977673e-02 -4.377166441748688019e-02 -3.693172365068195934e-02 -2.295072491622960134e-02
-2.947934968811769668e-02 1.160078444305502610e-01 -4.182915171587965608e-02 3.350845357279891301e-04 -1.754900053014099293e-01 -5.856327864947195871e-02 9.232035621573417283e-02 -5.355144305576589603e-02 1.113054897967246937e-01 4.136058652272513875e-02 5.353030813459758869e-02 1.059507933701123346e-02 -4.330398938034066281e-02 -1.313507195255638610e-02
-5.133172632235251387e-02 7.037008698871985435e-03 7.084255718330116636e-02 3.601911750657932343e-02 -9.496425134647956678e-02 6.494718020722839436e-02 -5.012189326856784921e-02 -4.460094218945963307e-02 -3.922294610680453902e-03 6.764903355505752502e-03 -6.031352993463096057e-02 4.298137653210229447e-02 6.998569597256459884e-02 1.677925744554636944e-02
