1.432850213551460361e-01 -3.507576452099261943e-02 3.040921618272970570e-02 7.164149192413044043e-02 -1.721363223180457369e-01 -8.425971650065133822e-02 -3.611297628004075250e-03 -8.227563720199859709e-02 2.072100459922691408e-03 -1.998111144215081528e-02 1.205008233944520196e-01 7.803545484923234132e-02 -2.347090509061805844e-02 -2.161166704330736918e-02
6.605360665135108500e-02 -3.610623680418916653e-02 6.068277353518562733e-02 7.655071429310448573e-03 -5.595666336425963484e-04 -7.179206629258623462e-02 -7.202069896565068026e-03 8.263491340649287836e-03 -6.838767665069017676e-02 4.348139902645679553e-03 1.132451101131214458e-02 8.674034675775748465e-04 3.262597389925686597e-02 -4.251668539770852261e-03
8.326373996896202501e-03 1.333187916668246431e-02 -1.302409335700126236e-02 -9.280556983852147890e-02 1.735640694554663743e-01 -1.000577355153561693e-01 8.507871576179745765e-02 -5.092271825761680165e-03 -1.027354906623365455e-01 -1.519501252662612267e-01 1.639393763453201869e-01 -5.107641511145066815e-04 -4.841406158635395973e-02 7.387138389638872593e-02
3.166224635093430745e-02 -6.765799286970702875e-02 8.652102898672044129e-02 8.380215437373467191e-03 -4.515995997609988793e-02 -7.099744322001994359e-03 9.574406523927520007e-03 -8.732971326996391559e-02 4.502454431922199574e-02 1.475543880485668917e-02 6.008025419033988929e-02 -1.714864065816421382e-02 -9.235807256263935811e-03 -1.884458984132870996e-02
5.245922781220817288e-02 -3.576206551719485378e-03 5.217015817818167200e-02 -3.686923615461285691e-02 -2.018867394658956094e-02 1.535170743795671519e-03 -1.521233569388194019e-02 -2.534435754572230207e-02 -2.169349608014671527e-02 -6.054091779276764979e-02 3.897317633398494213e-02 4.087424159796441275e-02 -4.410481465607279244e-02 4.503975017522308943e-02
3.168605872427344289e-02 -2.891907328682528228e-02 -1.221368430948021212e-03 -1.000208427834948649e-01 2.122039101663333524e-02 9.134370476929175309e-02 2.670298768680818072e-02 -6.295780363995964746e-02 -3.236181561799611472e-02 3.926414501537647123e-02 2.091998117557395884e-02 3.831270179613133209e-02 -1.301723200896193894e-02 -2.743014799605798110e-02
4.506350676112740733e-02 -7.879526317134712132e-02 1.103456988878445955e-01 -8.456802285271959943e-03 -9.039125701035856386e-02 -9.625890293452000340e-03 -8.779278995357517323e-02 6.342651913942952413e-02 1.032650004695516016e-01 2.518119294091679394e-02 -2.092344240325837851e-02 -6.333254937658798489e-02 -2.663654285151495493e-02 4.219430556634083673e-02
-4.167813531450943743e-02 -1.710468510408635900e-02 1.064057271640095614e-01 -5.476979862307613384e-02 -3.681669787485394862e-03 -1.252372243917825381e-02 -5.852313175329240322e-03 2.202549787134368275e-02 5.681875527406536619e-02 7.468524912211288447e-02 -5.054188259621528179e-02 -2.720975942900774602e-02 -4.276266741490064582e-02 -2.889091278983562478e-04
-7.474188190432826118e-02 1.974367039218118819e-02 3.662951531358684537e-02 1.688569015301189316e-02 9.483223459883004334e-04 4.402482706358991360e-02 -1.800662197175770946e-02 2.910945705707967956e-02 -1.133298654766852487e-02 3.702731280052392465e-02 -7.765473060526267846e-02 3.351788268729201381e-02 -2.025348388238334268e-02 -1.237528648200860587e-02
6.413375046651284550e-02 4.135586546841212019e-02 -1.977363009218984294e-02 1.482852457288297288e-02 -7.982813499075960828e-02 -2.269050045682903527e-02 -6.394813991884379378e-02 -3.205989222034424935e-02 2.907645492073116997e-02 8.247413260188945355e-03 4.221111798742455817e-02 5.051536851763142877e-02 1.466507121886460527e-02 -4.321158231383748910e-02
7.283380907669914639e-02 -8.204255852874939650e-03 2.645263939993284380e-02 -8.983329767646619848e-03 -5.251001201558020554e-02 -9.438580804021669268e-02 2.761765271704348657e-02 -3.590543281200597042e-02 1.133367685913330564e-01 -1.047573620078200984e-01 -1.635502839965485150e-02 5.616097184472058912e-02 -8.778182729988004765e-03 3.699925641590288278e-02
2.924575530161470371e-02 -4.087180268330574406e-02 5.589843513657778359e-03 -2.253695298603949904e-02 9.576901147650832002e-02 3.943356587057168794e-02 -2.781723367036575273e-02 -5.605582615382463663e-02 -3.331827430535608259e-02 3.565928415865936285e-02 -7.996025876941671717e-02 4.240334231167648682e-02 -1.458083303026897620e-03 1.743931565849162965e-02
-5.019349080619848677e-03 -4.451766846317905743e-03 -2.513227992156729859e-03 7.843335088792807719e-02 2.500960005989021073e-02 -6.184181174328794856e-02 -4.612959523049794258e-02 2.448546528336667180e-02 1.001273514392606555e-02 6.487742593905912632e-03 7.386674757932425129e-04 -3.862429105354682479e-02 2.505083202398273451e-02 -8.116665102521099587e-03
7.098019001424838229e-03 -5.355986813564850291e-02 1.542973419730499229e-01 6.270104066375004059e-02 -1.348999091569662856e-01 -4.151544058140994864e-02 1.417359529301032151e-02 -3.971427469749934380e-02 2.110695048420936637e-03 -3.891085296127433368e-02 -2.064119059927210786e-02 2.952223845383214473e-02 1.284489492063091709e-01 -6.558865708788216842e-02
1.632225471769916669e-01 -4.053280462907772608e-02 6.051996914356237017e-03 -1.167997429449115221e-01 5.908043069412767523e-02 8.684112397900047020e-03 -5.214818431355741635e-02 -4.908463417324367833e-02 -1.096617153075133133e-01 -8.645707352911641275e-02 1.394334469378816777e-01 1.754042891027692355e-02 3.621804542243813735e-02 2.797483286329233848e-02
2.382155173480405772e-02 -2.229583309164508698e-01 -3.936531931612007734e-02 1.146018709590805595e-01 7.615763062296794506e-02 3.320498862308289556e-02 1.370023949189531562e-02 9.754778437193865892e-02 -7.383585472704234931e-02 5.791565284035259109e-02 -1.050982481689384344e-02 -1.195282292764942786e-02 7.536814427712949793e-02 -1.301740237972503211e-01
2.483074592933932206e-02 -2.377435020608263325e-02 5.636133448091359271e-02 3.937788780798775687e-03 -4.187004628196033806e-02 3.425768793469160384e-02 -4.063095480299190598e-02 3.484457819509988175e-02 -2.276962638555810395e-02 1.986107425022099610e-02 -1.705353851055334963e-02 -2.372102138164666404e-02 -2.376039396977277368e-02 2.300840838734623944e-02
-4.511353977237529678e-02 5.911258502021247974e-02 8.254297439534358238e-02 -5.630353082522231850e-02 -3.684593188417129017e-02 4.437211387185098499e-02 -3.532543603761527720e-03 -3.736440686517302628e-02 1.372107988791990791e-03 1.443589513076727789e-02 -4.113731507733341120e-02 2.902084698866071177e-02 1.953886111766206871e-02 -2.657643006540758718e-02
5.284090971574463558e-02 -1.298256734630893749e-01 1.184681917111024690e-01 8.082646483115468738e-02 -1.315006978888405564e-01 9.778226486702057407e-02 -1.175868650764074486e-01 4.239699317067673057e-02 -8.586326175933917115e-02 -1.974008416659739015e-02 1.393757785585624520e-01 -1.918489780085726876e-02 -3.164166699719872522e-02 7.174230717912990531e-03
-2.184765114288527571e-02 5.901320642071351819e-02 5.392634716792010785e-02 -3.572461700208676150e-02 -1.545547972061731348e-02 6.592258093375255590e-02 -1.074973229374505956e-01 2.047626476765009029e-02 7.164335833372263707e-02 -1.910836917356653619e-02 -8.027007240948114131e-02 -1.450371856364081891e-01 6.193609593413717390e-02 9.554453088444438136e-02
4.452804380295566182e-03 4.217717956147349484e-02 1.379228334978283704e-02 4.917632456410438863e-02 -9.841313389999181704e-02 -2.042719039800313177e-02 2.420287932533862763e-03 -3.996576039269043867e-02 -2.726439210749494885e-02 3.017057972860652873e-02 5.138070905275253508e-02 -1.039369044623609725e-02 1.182578524495974705e-02 -5.410100150247891537e-03
6.177133623063955914e-02 -2.728928956799860778e-02 -9.555670183803530605e-04 -2.030268291977405798e-02 -2.016166206034809144e-02 4.053209988419094467e-02 1.162936983934750867e-02 7.106799323698322068e-03 -4.330021618701594688e-02 -6.235361988613321443e-03 -3.357979546485009674e-03 2.114043917037338946e-02 -2.220136888085210911e-02 5.145770141062402242e-03
-3.249210226244272914e-02 -7.590354814025533636e-02 4.183761308730673395e-02 1.754183381861476876e-01 9.295793023127991994e-02 -8.299338784398145596e-02 -1.318230869048299669e-01 2.484122847729584513e-02 -3.210703199251258022e-02 -2.862094156340592652e-02 4.042656908440282748e-02 -1.682313580398820674e-01 1.584785741972564166e-01 2.173288990346519678e-02
1.133119897786908671e-02 7.089392811208730660e-02 7.466358776734208225e-02 3.309453978745664077e-02 -5.743690100190006198e-02 -1.617987826132399193e-02 -1.501058471248591375e-01 5.975674415491976157e-03 -1.519362760009018015e-02 1.447307337244166728e-03 -2.318516518733768073e-02 -1.057152335028000226e-02 -6.382749578586228989e-02 1.426158883340067074e-01
1.857798191484913083e-02 5.422335975104259492e-02 -4.648212136043738257e-02 -2.072993615078873308e-02 3.295005033378100440e-02 6.657529893133045957e-04 -4.656444259999090174e-02 -5.120712693200969029e-02 9.120383735092824073e-02 -1.963603621101843791e-02 5.468593734568525516e-02 -9.053249120876510903e-02 4.863574391165653536e-03 2.150334680608971538e-02
8.637903740935891361e-03 1.563769484866166792e-01 -4.884514727611757173e-02 -1.566939383344027603e-01 8.305628810303569698e-02 -4.544895795896553015e-02 -5.501912356219766653e-03 -1.726024522712333448e-02 1.333676610974776633e-03 -3.657624980964263584e-02 -2.898794320101460986e-02 4.554661594503762317e-02 4.851173055647560461e-02 -6.270828597454564113e-04
3.869635011150207582e-02 -4.402102657098163480e-02 -5.734338631075259346e-02 2.771944568782966356e-02 -3.765896405253966323e-02 9.994152347547097248e-02 3.833451130023791086e-03 -5.155852890334319122e-02 5.966467657425316568e-02 5.341692025768694091e-02 -8.732744139717711629e-02 -1.676837319969637016e-02 9.891693777504384499e-02 -8.398989815747527621e-02
-2.749985315028406069e-02 3.963166996989408303e-02 3.379078207327698702e-02 -2.167861265021326853e-02 -3.002117318267427497e-03 6.729136671482803533e-02 -5.335506802159898504e-02 4.718931180604610687e-04 6.497005092590312295e-03 3.339439438354060985e-03 -7.300530995559308990e-03 -7.623620854537743741e-02 1.078582862420482055e-02 3.078609206993634939e-02
1.207660797837758343e-01 -1.939262761124458875e-02 -3.942334641398870937e-02 7.822844883981707950e-03 -5.118390433787903260e-02 4.594032263622347539e-02 -1.126262898484049896e-01 -5.590570862740469604e-02 3.443728154494815619e-02 7.657229642598964436e-02 -7.019326030311526243e-02 5.376445336885723320e-02 -1.139154243348867723e-01 1.268589692529926705e-01
-1.413780974405424995e-01 3.103121090984575781e-01 1.491068491349131497e-01 -1.382510324481161512e-01 2.560645683265742878e-02 -2.476719505481816963e-01 -1.533471454767891887e-02 -1.898043443630967886e-01 -2.213017268912569058e-02 7.698998688987809813e-02 -1.702677446730346822e-03 -2.135542616392946055e-02 2.147476419340912934e-01 4.387058177248652491e-03
1.029524732868393640e-02 1.184245156006642624e-01 -2.685971059398268093e-02 3.265853833009298157e-02 -3.379806616538320874e-02 -5.042360083941726384e-02 -1.252331737803576497e-02 -2.901881424509768562e-02 -4.667059281575616086e-02 -8.414858570466168808e-02 1.627055137313238725e-02 7.992551852124385459e-03 8.038984816856237225e-02 2.093312150891873946e-02
-1.380014759275886571e-01 -2.119594305576189552e-01 1.313313153116380805e-01 1.502381115806930012e-01 1.115801617314284792e-03 -4.024466506532847765e-03 1.398357144983327673e-02 7.799897196175337166e-02 5.806175632370275119e-02 -9.680748136995717679e-02 8.993674233934875750e-02 1.684788635883449626e-01 -1.867241800278500174e-01 -5.010641336323640171e-02
-2.290444524864412856e-02 9.811539771930578857e-02 -1.001448377661078720e-01 1.074164931193921368e-01 6.924849497464879988e-02 -7.847930481937905045e-02 2.573622105389210268e-02 -2.639173710830356456e-01 -1.574788456831516248e-02 -1.462318651303980421e-01 2.329281172903596986e-01 3.043487069010471224e-02 -1.247916314097078372e-01 1.918594315977290576e-01
6.439717305240945378e-02 -7.206979708227689851e-02 1.894408248701776876e-01 -1.647431313376858664e-01 5.815856455852291829e-02 -1.005071611221938430e-02 -8.925688526674850631e-02 -4.468044589170860545e-03 -3.210135909044830975e-04 5.164070247823560056e-03 -1.273376175812442612e-01 3.049235091489847782e-02 -5.057305938310301813e-02 1.746889677193658175e-01
1.348861072039904754e-02 8.063245391391699046e-02 -1.208811012526791843e-02 -1.806274471336131310e-02 -4.233369742341282216e-02 -2.226420344542862778e-02 -1.484250870391944782e-02 2.715786617054338423e-02 3.159021946670639153e-03 1.688249107526013787e-02 -5.257473407827060324e-02 5.862464093091006214e-04 3.319115909382357871e-02 -9.410164420417511943e-03
3.756067853243925253e-02 2.361288636568530976e-03 5.983461569360898347e-02 -2.852104048583761417e-03 -2.948406203069362311e-04 -9.454258472153522982e-04 -5.484564674385281752e-02 -4.517466799967423396e-02 -2.946223417157662131e-02 -2.332097089033924862e-05 8.089751695022351363e-03 1.541652393811920700e-02 -1.818755330810422829e-02 3.204462163429058763e-02
-4.340289812814258907e-02 -1.362231022767760036e-01 1.534704588101354350e-01 1.522951889140861104e-01 -4.743826101219067448e-02 -3.996169727185827636e-02 5.056915557310256992e-02 -1.318864267396822054e-01 4.417581360551741526e-03 5.791084687866478176e-02 -5.111207309210111932e-03 -7.724698647261879492e-02 1.315027903238316642e-02 5.297875506139954060e-02
-3.336106794804795037e-03 -5.325014297740123664e-02 7.276769276928365948e-02 -6.407570779599669475e-02 4.477225556912660387e-02 3.725604439601669371e-02 2.959599476879346686e-02 -2.373496318425934865e-02 3.875374615779678122e-03 -6.291389610250336037e-03 4.541213832204351458e-02 -1.109819983000203680e-01 -2.973838890792063899e-02 6.125088354945440461e-02
-4.081557912916141534e-02 -5.081452122581031627e-02 8.670456713659796533e-02 5.928857416702830495e-04 8.301382218736892693e-02 -2.423092418143335189e-02 -1.080123676956502576e-01 3.607014428140567497e-02 3.793984957737830260e-02 -2.750412860624169495e-02 9.373174875514897475e-02 3.068405772709266455e-02 -5.280234398848211719e-02 -6.103552416003900360e-02
1.036888533657390754e-01 -5.530650284757621105e-02 -5.080525735491991934e-02 8.327841241353772794e-03 -8.270531191400994075e-02 1.303154231959173792e-01 -1.126003705563616564e-01 8.746017004070508194e-02 -4.067253440783426960e-02 1.097364372408012392e-02 -1.429986154407164589e-02 1.971751295679058380e-03 -6.338594096743310757e-02 8.055978314857686895e-02
3.336135740904266206e-02 -5.541708410673980290e-03 -3.883922781780616007e-02 3.397337414585803461e-03 1.708290684260611522e-02 1.339594832766805854e-01 -1.556365641110756259e-01 -4.074408953026909669e-02 3.451030745459419263e-02 1.497228951356877058e-02 3.375395504345513054e-02 -2.594451733677324845e-02 1.937752298920264460e-03 -2.747595627010787286e-03
3.968179872715835166e-02 1.076824299660771311e-01 -4.848624099343754046e-02 -9.564456620939487674e-02 -6.722717342065270829e-02 -4.880289672554585789e-02 8.008338163167044721e-02 4.913283754847364015e-02 -1.612791863781076196e-01 1.522733615825170306e-01 -3.883210813204610035e-02 8.425301378548785691e-03 -5.191261753396002321e-02 7.842736497854402300e-02
-9.724713627266860783e-02 2.286056473692571825e-02 -1.864095044720080752e-01 2.211972285585478704e-01 2.930016160144984297e-02 -1.013143835730248750e-02 1.211543356322824887e-02 1.353076679651036562e-01 -1.244379429277053806e-01 -9.345113156219787484e-03 1.788365247636540881e-02 -2.893090364999610989e-02 2.768802814874998103e-02 -6.329011794625631626e-03
-1.111777813054458212e-02 2.967009360528051476e-02 3.556751822950959818e-02 -9.142009738069598046e-02 4.526680381399078579e-02 8.156305324015448999e-02 -1.784298096030115799e-01 -2.429572106423471232e-03 1.576807431095841872e-01 -3.759992956294838651e-03 -1.627186324412787377e-01 1.172857231356402852e-02 7.677609735782531253e-02 1.514468736818493783e-02
6.877950731695174624e-02 1.362764419115107817e-01 -2.050011501757262322e-02 -7.289055582735673444e-02 -1.099502780837840477e-01 5.242185516494253517e-02 -7.938035056546943746e-02 6.341999599904986872e-03 -1.418183334189458689e-01 -1.642722942866072303e-02 3.834118544564681097e-02 4.982162928058121720e-02 -7.992938543639662580e-03 1.004988685857356595e-01
3.214395179370917177e-02 -4.771784367435703139e-02 7.668807550095716949e-03 1.283848041181900185e-02 4.738429617237888830e-02 -7.082242515817964434e-02 -3.919086797255721261e-02 4.890408751054384218e-02 5.162457708487092067e-02 2.546567468036664561e-02 -9.260146289451753887e-02 7.790960927585539181e-03 3.369981910692562005e-02 -1.366636911883931625e-02
7.848870890460821204e-02 -1.124021328016435589e-01 1.371111731409123125e-01 2.502594088974344211e-02 -3.642570106062871516e-02 -3.271525408828634962e-02 -4.706852710085290825e-02 -3.269972414153664297e-02 -5.609864921830815671e-03 -6.352732566502362899e-02 -1.032724452580671692e-02 1.807291614872666430e-02 5.150804612563411600e-02 3.409067551582923433e-02
6.247202831031745118e-02 4.523783836150307991e-02 4.271736475234263336e-02 -6.367753417267141280e-02 -2.449259610969173329e-02 5.842759875039904571e-04 -2.397258837622592148e-04 -7.865591215200935793e-02 -8.231223021701124243e-02 -6.235958096812736773e-02 5.559532924614644933e-02 -3.389272626367673819e-02 1.202267868584122185e-01 2.231836867056886942e-02
-5.820215422062926386e-03 -4.194259703989149102e-02 6.364740330808836555e-02 -6.595353516158346946e-03 2.959040100281823231e-03 -7.311108675209242180e-02 1.654054807314265726e-02 -5.500959426473109315e-02 7.652919321732844227e-02 8.139203250615645313e-02 8.908720563786134972e-02 -3.961608860898524487e-03 -2.143157367899280186e-02 -1.187617068881869076e-01
8.371738071042400531e-02 -3.498242638847653962e-02 -1.982415948028387609e-02 -4.263467457448610887e-02 2.735353538354567786e-03 3.204206432733910925e-02 -1.854526639139480668e-02 1.507583100457412020e-02 6.367148930540494911e-03 -2.512586452088240441e-02 -8.382547536189147511e-03 1.019077001786562395e-02 1.189781068553292034e-02 -9.009733903073335534e-03
