4.154210519372413257e-01
2.915941127855602444e-01
6.925943863670130929e-01
5.375197014048548327e-01
1.095853302710136923e+00
3.631371294784564441e-01
6.400509052702306745e-01
9.835462360982326624e-01
6.728733571593988882e-01
3.566835301697644511e-01
5.367632983138520553e-01
2.905860049865044981e-01
9.147540409434775643e-01
2.900114961349842257e-01
3.790530162277807036e-01
7.474230713860674502e-01
5.838937210812006340e-01
2.183160029341290054e-01
5.709112019703008745e-01
8.726032816770331602e-01
4.352414281194997847e-01
4.570893551660866194e-01
4.613405223430509516e-01
1.888792380597490994e-01
9.244280463450341712e-01
3.876422667158727631e-01
8.567972582975157403e-01
3.977316446226515367e-01
3.134405561926678074e-01
1.648447898359839181e+00
1.043710303934688000e+00
3.858699024417115431e-01
1.150866410788798477e+00
6.307248085689759476e-01
4.029313126759136998e-01
5.426867365814208588e-01
8.033523014326260370e-01
2.315639642790627284e-01
3.710751127118837034e-01
5.718967643877737039e-01
8.453292933496714401e-01
4.649168291379663920e-01
6.450798370948410687e-01
2.137588410145861428e-01
9.064137990160350267e-01
5.031006135285828185e-01
7.140502715159979807e-01
6.320268295505079292e-01
2.016941730271931688e-01
2.774336081326811421e-01
