3.814130860463277317e-01
5.233683151043141413e-01
9.152302660535709400e-01
3.056846986964403823e-01
6.523709579997604147e-01
3.570135474763622141e-01
5.278473673990461412e-01
3.617368475432488628e-01
1.063651386085980644e+00
3.014816459907700974e-01
5.814211914430580386e-01
2.859725515515058603e-01
5.827812028496268670e-01
8.181457438283145089e-01
3.144635535736141074e-01
4.060176611077411790e-01
3.791456767588088361e-01
6.278793398240504198e-01
1.125190583863896032e+00
6.875901149315905014e-01
6.170390582634434073e-01
7.079111744465528266e-01
1.104542532216168826e+00
4.227515283446062200e-01
5.487480641638904366e-01
3.642327285293978645e-01
3.308974214233500466e-01
6.548185617492148225e-01
1.115846821440366288e+00
4.528233124425875555e-01
4.980627924428703279e-01
1.491895569005014410e+00
3.829521887463767649e-01
6.103257515299377323e-01
4.859030377055527095e-01
7.008085742139034124e-01
5.765070779315378813e-01
1.532980133582125815e+00
3.379959529164786591e-01
7.705091417002910559e-01
1.610442861429376205e+00
2.502997577152816344e+00
1.536097908666397505e+00
4.699592437287093416e-01
4.288596579573777934e-01
3.861764539238259353e-01
8.697218055292128547e-01
8.898799380323546560e-01
5.074969178990273999e-01
4.022069010231709707e-01
