4.913189139364484287e-02 -7.741691018072700547e-01 5.840598010827250386e-01 2.033074851366200864e-01 -2.508152128382676871e-01 2.163006892251854996e-01 6.894789924392105696e-02 3.306193213098378436e-01 6.492213002143359946e-02 -8.225721153611229020e-02 -1.052775792856469259e-02 4.764207159080913190e-02 -1.381529318439160894e-02 3.611320950615400094e-03
4.913189139364484287e-02 -7.741691018072700547e-01 5.840598010827250386e-01 2.033074851366200864e-01 -2.508152128382676871e-01 2.163006892251854996e-01 6.894789924392105696e-02 3.306193213098378436e-01 6.492213002143359946e-02 -8.225721153611229020e-02 -1.052775792856469259e-02 4.764207159080913190e-02 -1.381529318439160894e-02 3.611320950615400094e-03
4.913189139364484287e-02 -7.741691018072700547e-01 5.840598010827250386e-01 2.033074851366200864e-01 -2.508152128382676871e-01 2.163006892251854996e-01 6.894789924392105696e-02 3.306193213098378436e-01 6.492213002143359946e-02 -8.225721153611229020e-02 -1.052775792856469259e-02 4.764207159080913190e-02 -1.381529318439160894e-02 3.611320950615400094e-03
4.913189139364484287e-02 -7.741691018072700547e-01 5.840598010827250386e-01 2.033074851366200864e-01 -2.508152128382676871e-01 2.163006892251854996e-01 6.894789924392105696e-02 3.306193213098378436e-01 6.492213002143359946e-02 -8.225721153611229020e-02 -1.052775792856469259e-02 4.764207159080913190e-02 -1.381529318439160894e-02 3.611320950615400094e-03
4.913189139364484287e-02 -7.741691018072700547e-01 5.840598010827250386e-01 2.033074851366200864e-01 -2.508152128382676871e-01 2.163006892251854996e-01 6.894789924392105696e-02 3.306193213098378436e-01 6.492213002143359946e-02 -8.225721153611229020e-02 -1.052775792856469259e-02 4.764207159080913190e-02 -1.381529318439160894e-02 3.611320950615400094e-03
4.913189139364484287e-02 -7.741691018072700547e-01 5.840598010827250386e-01 2.033074851366200864e-01 -2.508152128382676871e-01 2.163006892251854996e-01 6.894789924392105696e-02 3.306193213098378436e-01 6.492213002143359946e-02 -8.225721153611229020e-02 -1.052775792856469259e-02 4.764207159080913190e-02 -1.381529318439160894e-02 3.611320950615400094e-03
4.913189139364484287e-02 -7.741691018072700547e-01 5.840598010827250386e-01 2.033074851366200864e-01 -2.508152128382676871e-01 2.163006892251854996e-01 6.894789924392105696e-02 3.306193213098378436e-01 6.492213002143359946e-02 -8.225721153611229020e-02 -1.052775792856469259e-02 4.764207159080913190e-02 -1.381529318439160894e-02 3.611320950615400094e-03
4.913189139364484287e-02 -7.741691018072700547e-01 5.840598010827250386e-01 2.033074851366200864e-01 -2.508152128382676871e-01 2.163006892251854996e-01 6.894789924392105696e-02 3.306193213098378436e-01 6.492213002143359946e-02 -8.225721153611229020e-02 -1.052775792856469259e-02 4.764207159080913190e-02 -1.381529318439160894e-02 3.611320950615400094e-03
4.913189139364484287e-02 -7.741691018072700547e-01 5.840598010827250386e-01 2.033074851366200864e-01 -2.508152128382676871e-01 2.163006892251854996e-01 6.894789924392105696e-02 3.306193213098378436e-01 6.492213002143359946e-02 -8.225721153611229020e-02 -1.052775792856469259e-02 4.764207159080913190e-02 -1.381529318439160894e-02 3.611320950615400094e-03
4.913189139364484287e-02 -7.741691018072700547e-01 5.840598010827250386e-01 2.033074851366200864e-01 -2.508152128382676871e-01 2.163006892251854996e-01 6.894789924392105696e-02 3.306193213098378436e-01 6.492213002143359946e-02 -8.225721153611229020e-02 -1.052775792856469259e-02 4.764207159080913190e-02 -1.381529318439160894e-02 3.611320950615400094e-03
4.913189139364484287e-02 -7.741691018072700547e-01 5.840598010827250386e-01 2.033074851366200864e-01 -2.508152128382676871e-01 2.163006892251854996e-01 6.894789924392105696e-02 3.306193213098378436e-01 6.492213002143359946e-02 -8.225721153611229020e-02 -1.052775792856469259e-02 4.764207159080913190e-02 -1.381529318439160894e-02 3.611320950615400094e-03
4.913189139364484287e-02 -7.741691018072700547e-01 5.840598010827250386e-01 2.033074851366200864e-01 -2.508152128382676871e-01 2.163006892251854996e-01 6.894789924392105696e-02 3.306193213098378436e-01 6.492213002143359946e-02 -8.225721153611229020e-02 -1.052775792856469259e-02 4.764207159080913190e-02 -1.381529318439160894e-02 3.611320950615400094e-03
4.913189139364484287e-02 -7.741691018072700547e-01 5.840598010827250386e-01 2.033074851366200864e-01 -2.508152128382676871e-01 2.163006892251854996e-01 6.894789924392105696e-02 3.306193213098378436e-01 6.492213002143359946e-02 -8.225721153611229020e-02 -1.052775792856469259e-02 4.764207159080913190e-02 -1.381529318439160894e-02 3.611320950615400094e-03
4.913189139364484287e-02 -7.741691018072700547e-01 5.840598010827250386e-01 2.033074851366200864e-01 -2.508152128382676871e-01 2.163006892251854996e-01 6.894789924392105696e-02 3.306193213098378436e-01 6.492213002143359946e-02 -8.225721153611229020e-02 -1.052775792856469259e-02 4.764207159080913190e-02 -1.381529318439160894e-02 3.611320950615400094e-03
4.913189139364484287e-02 -7.741691018072700547e-01 5.840598010827250386e-01 2.033074851366200864e-01 -2.508152128382676871e-01 2.163006892251854996e-01 6.894789924392105696e-02 3.306193213098378436e-01 6.492213002143359946e-02 -8.225721153611229020e-02 -1.052775792856469259e-02 4.764207159080913190e-02 -1.381529318439160894e-02 3.611320950615400094e-03
4.913189139364484287e-02 -7.741691018072700547e-01 5.840598010827250386e-01 2.033074851366200864e-01 -2.508152128382676871e-01 2.163006892251854996e-01 6.894789924392105696e-02 3.306193213098378436e-01 6.492213002143359946e-02 -8.225721153611229020e-02 -1.052775792856469259e-02 4.764207159080913190e-02 -1.381529318439160894e-02 3.611320950615400094e-03
4.913189139364484287e-02 -7.741691018072700547e-01 5.840598010827250386e-01 2.033074851366200864e-01 -2.508152128382676871e-01 2.163006892251854996e-01 6.894789924392105696e-02 3.306193213098378436e-01 6.492213002143359946e-02 -8.225721153611229020e-02 -1.052775792856469259e-02 4.764207159080913190e-02 -1.381529318439160894e-02 3.611320950615400094e-03
4.913189139364484287e-02 -7.741691018072700547e-01 5.840598010827250386e-01 2.033074851366200864e-01 -2.508152128382676871e-01 2.163006892251854996e-01 6.894789924392105696e-02 3.306193213098378436e-01 6.492213002143359946e-02 -8.225721153611229020e-02 -1.052775792856469259e-02 4.764207159080913190e-02 -1.381529318439160894e-02 3.611320950615400094e-03
4.913189139364484287e-02 -7.741691018072700547e-01 5.840598010827250386e-01 2.033074851366200864e-01 -2.508152128382676871e-01 2.163006892251854996e-01 6.894789924392105696e-02 3.306193213098378436e-01 6.492213002143359946e-02 -8.225721153611229020e-02 -1.052775792856469259e-02 4.764207159080913190e-02 -1.381529318439160894e-02 3.611320950615400094e-03
4.913189139364484287e-02 -7.741691018072700547e-01 5.840598010827250386e-01 2.033074851366200864e-01 -2.508152128382676871e-01 2.163006892251854996e-01 6.894789924392105696e-02 3.306193213098378436e-01 6.492213002143359946e-02 -8.225721153611229020e-02 -1.052775792856469259e-02 4.764207159080913190e-02 -1.381529318439160894e-02 3.611320950615400094e-03
4.913189139364484287e-02 -7.741691018072700547e-01 5.840598010827250386e-01 2.033074851366200864e-01 -2.508152128382676871e-01 2.163006892251854996e-01 6.894789924392105696e-02 3.306193213098378436e-01 6.492213002143359946e-02 -8.225721153611229020e-02 -1.052775792856469259e-02 4.764207159080913190e-02 -1.381529318439160894e-02 3.611320950615400094e-03
4.913189139364484287e-02 -7.741691018072700547e-01 5.840598010827250386e-01 2.033074851366200864e-01 -2.508152128382676871e-01 2.163006892251854996e-01 6.894789924392105696e-02 3.306193213098378436e-01 6.492213002143359946e-02 -8.225721153611229020e-02 -1.052775792856469259e-02 4.764207159080913190e-02 -1.381529318439160894e-02 3.611320950615400094e-03
4.913189139364484287e-02 -7.741691018072700547e-01 5.840598010827250386e-01 2.033074851366200864e-01 -2.508152128382676871e-01 2.163006892251854996e-01 6.894789924392105696e-02 3.306193213098378436e-01 6.492213002143359946e-02 -8.225721153611229020e-02 -1.052775792856469259e-02 4.764207159080913190e-02 -1.381529318439160894e-02 3.611320950615400094e-03
4.913189139364484287e-02 -7.741691018072700547e-01 5.840598010827250386e-01 2.033074851366200864e-01 -2.508152128382676871e-01 2.163006892251854996e-01 6.894789924392105696e-02 3.306193213098378436e-01 6.492213002143359946e-02 -8.225721153611229020e-02 -1.052775792856469259e-02 4.764207159080913190e-02 -1.381529318439160894e-02 3.611320950615400094e-03
4.913189139364484287e-02 -7.741691018072700547e-01 5.840598010827250386e-01 2.033074851366200864e-01 -2.508152128382676871e-01 2.163006892251854996e-01 6.894789924392105696e-02 3.306193213098378436e-01 6.492213002143359946e-02 -8.225721153611229020e-02 -1.052775792856469259e-02 4.764207159080913190e-02 -1.381529318439160894e-02 3.611320950615400094e-03
4.913189139364484287e-02 -7.741691018072700547e-01 5.840598010827250386e-01 2.033074851366200864e-01 -2.508152128382676871e-01 2.163006892251854996e-01 6.894789924392105696e-02 3.306193213098378436e-01 6.492213002143359946e-02 -8.225721153611229020e-02 -1.052775792856469259e-02 4.764207159080913190e-02 -1.381529318439160894e-02 3.611320950615400094e-03
4.913189139364484287e-02 -7.741691018072700547e-01 5.840598010827250386e-01 2.033074851366200864e-01 -2.508152128382676871e-01 2.163006892251854996e-01 6.894789924392105696e-02 3.306193213098378436e-01 6.492213002143359946e-02 -8.225721153611229020e-02 -1.052775792856469259e-02 4.764207159080913190e-02 -1.381529318439160894e-02 3.611320950615400094e-03
4.913189139364484287e-02 -7.741691018072700547e-01 5.840598010827250386e-01 2.033074851366200864e-01 -2.508152128382676871e-01 2.163006892251854996e-01 6.894789924392105696e-02 3.306193213098378436e-01 6.492213002143359946e-02 -8.225721153611229020e-02 -1.052775792856469259e-02 4.764207159080913190e-02 -1.381529318439160894e-02 3.611320950615400094e-03
4.913189139364484287e-02 -7.741691018072700547e-01 5.840598010827250386e-01 2.033074851366200864e-01 -2.508152128382676871e-01 2.163006892251854996e-01 6.894789924392105696e-02 3.306193213098378436e-01 6.492213002143359946e-02 -8.225721153611229020e-02 -1.052775792856469259e-02 4.764207159080913190e-02 -1.381529318439160894e-02 3.611320950615400094e-03
4.913189139364484287e-02 -7.741691018072700547e-01 5.840598010827250386e-01 2.033074851366200864e-01 -2.508152128382676871e-01 2.163006892251854996e-01 6.894789924392105696e-02 3.306193213098378436e-01 6.492213002143359946e-02 -8.225721153611229020e-02 -1.052775792856469259e-02 4.764207159080913190e-02 -1.381529318439160894e-02 3.611320950615400094e-03
4.913189139364484287e-02 -7.741691018072700547e-01 5.840598010827250386e-01 2.033074851366200864e-01 -2.508152128382676871e-01 2.163006892251854996e-01 6.894789924392105696e-02 3.306193213098378436e-01 6.492213002143359946e-02 -8.225721153611229020e-02 -1.052775792856469259e-02 4.764207159080913190e-02 -1.381529318439160894e-02 3.611320950615400094e-03
4.913189139364484287e-02 -7.741691018072700547e-01 5.840598010827250386e-01 2.033074851366200864e-01 -2.508152128382676871e-01 2.163006892251854996e-01 6.894789924392105696e-02 3.306193213098378436e-01 6.492213002143359946e-02 -8.225721153611229020e-02 -1.052775792856469259e-02 4.764207159080913190e-02 -1.381529318439160894e-02 3.611320950615400094e-03
4.913189139364484287e-02 -7.741691018072700547e-01 5.840598010827250386e-01 2.033074851366200864e-01 -2.508152128382676871e-01 2.163006892251854996e-01 6.894789924392105696e-02 3.306193213098378436e-01 6.492213002143359946e-02 -8.225721153611229020e-02 -1.052775792856469259e-02 4.764207159080913190e-02 -1.381529318439160894e-02 3.611320950615400094e-03
4.913189139364484287e-02 -7.741691018072700547e-01 5.840598010827250386e-01 2.033074851366200864e-01 -2.508152128382676871e-01 2.163006892251854996e-01 6.894789924392105696e-02 3.306193213098378436e-01 6.492213002143359946e-02 -8.225721153611229020e-02 -1.052775792856469259e-02 4.764207159080913190e-02 -1.381529318439160894e-02 3.611320950615400094e-03
4.913189139364484287e-02 -7.741691018072700547e-01 5.840598010827250386e-01 2.033074851366200864e-01 -2.508152128382676871e-01 2.163006892251854996e-01 6.894789924392105696e-02 3.306193213098378436e-01 6.492213002143359946e-02 -8.225721153611229020e-02 -1.052775792856469259e-02 4.764207159080913190e-02 -1.381529318439160894e-02 3.611320950615400094e-03
4.913189139364484287e-02 -7.741691018072700547e-01 5.840598010827250386e-01 2.033074851366200864e-01 -2.508152128382676871e-01 2.163006892251854996e-01 6.894789924392105696e-02 3.306193213098378436e-01 6.492213002143359946e-02 -8.225721153611229020e-02 -1.052775792856469259e-02 4.764207159080913190e-02 -1.381529318439160894e-02 3.611320950615400094e-03
4.913189139364484287e-02 -7.741691018072700547e-01 5.840598010827250386e-01 2.033074851366200864e-01 -2.508152128382676871e-01 2.163006892251854996e-01 6.894789924392105696e-02 3.306193213098378436e-01 6.492213002143359946e-02 -8.225721153611229020e-02 -1.052775792856469259e-02 4.764207159080913190e-02 -1.381529318439160894e-02 3.611320950615400094e-03
4.913189139364484287e-02 -7.741691018072700547e-01 5.840598010827250386e-01 2.033074851366200864e-01 -2.508152128382676871e-01 2.163006892251854996e-01 6.894789924392105696e-02 3.306193213098378436e-01 6.492213002143359946e-02 -8.225721153611229020e-02 -1.052775792856469259e-02 4.764207159080913190e-02 -1.381529318439160894e-02 3.611320950615400094e-03
4.913189139364484287e-02 -7.741691018072700547e-01 5.840598010827250386e-01 2.033074851366200864e-01 -2.508152128382676871e-01 2.163006892251854996e-01 6.894789924392105696e-02 3.306193213098378436e-01 6.492213002143359946e-02 -8.225721153611229020e-02 -1.052775792856469259e-02 4.764207159080913190e-02 -1.381529318439160894e-02 3.611320950615400094e-03
4.913189139364484287e-02 -7.741691018072700547e-01 5.840598010827250386e-01 2.033074851366200864e-01 -2.508152128382676871e-01 2.163006892251854996e-01 6.894789924392105696e-02 3.306193213098378436e-01 6.492213002143359946e-02 -8.225721153611229020e-02 -1.052775792856469259e-02 4.764207159080913190e-02 -1.381529318439160894e-02 3.611320950615400094e-03
4.913189139364484287e-02 -7.741691018072700547e-01 5.840598010827250386e-01 2.033074851366200864e-01 -2.508152128382676871e-01 2.163006892251854996e-01 6.894789924392105696e-02 3.306193213098378436e-01 6.492213002143359946e-02 -8.225721153611229020e-02 -1.052775792856469259e-02 4.764207159080913190e-02 -1.381529318439160894e-02 3.611320950615400094e-03
4.913189139364484287e-02 -7.741691018072700547e-01 5.840598010827250386e-01 2.033074851366200864e-01 -2.508152128382676871e-01 2.163006892251854996e-01 6.894789924392105696e-02 3.306193213098378436e-01 6.492213002143359946e-02 -8.225721153611229020e-02 -1.052775792856469259e-02 4.764207159080913190e-02 -1.381529318439160894e-02 3.611320950615400094e-03
4.913189139364484287e-02 -7.741691018072700547e-01 5.840598010827250386e-01 2.033074851366200864e-01 -2.508152128382676871e-01 2.163006892251854996e-01 6.894789924392105696e-02 3.306193213098378436e-01 6.492213002143359946e-02 -8.225721153611229020e-02 -1.052775792856469259e-02 4.764207159080913190e-02 -1.381529318439160894e-02 3.611320950615400094e-03
4.913189139364484287e-02 -7.741691018072700547e-01 5.840598010827250386e-01 2.033074851366200864e-01 -2.508152128382676871e-01 2.163006892251854996e-01 6.894789924392105696e-02 3.306193213098378436e-01 6.492213002143359946e-02 -8.225721153611229020e-02 -1.052775792856469259e-02 4.764207159080913190e-02 -1.381529318439160894e-02 3.611320950615400094e-03
4.913189139364484287e-02 -7.741691018072700547e-01 5.840598010827250386e-01 2.033074851366200864e-01 -2.508152128382676871e-01 2.163006892251854996e-01 6.894789924392105696e-02 3.306193213098378436e-01 6.492213002143359946e-02 -8.225721153611229020e-02 -1.052775792856469259e-02 4.764207159080913190e-02 -1.381529318439160894e-02 3.611320950615400094e-03
4.913189139364484287e-02 -7.741691018072700547e-01 5.840598010827250386e-01 2.033074851366200864e-01 -2.508152128382676871e-01 2.163006892251854996e-01 6.894789924392105696e-02 3.306193213098378436e-01 6.492213002143359946e-02 -8.225721153611229020e-02 -1.052775792856469259e-02 4.764207159080913190e-02 -1.381529318439160894e-02 3.611320950615400094e-03
4.913189139364484287e-02 -7.741691018072700547e-01 5.840598010827250386e-01 2.033074851366200864e-01 -2.508152128382676871e-01 2.163006892251854996e-01 6.894789924392105696e-02 3.306193213098378436e-01 6.492213002143359946e-02 -8.225721153611229020e-02 -1.052775792856469259e-02 4.764207159080913190e-02 -1.381529318439160894e-02 3.611320950615400094e-03
4.913189139364484287e-02 -7.741691018072700547e-01 5.840598010827250386e-01 2.033074851366200864e-01 -2.508152128382676871e-01 2.163006892251854996e-01 6.894789924392105696e-02 3.306193213098378436e-01 6.492213002143359946e-02 -8.225721153611229020e-02 -1.052775792856469259e-02 4.764207159080913190e-02 -1.381529318439160894e-02 3.611320950615400094e-03
4.913189139364484287e-02 -7.741691018072700547e-01 5.840598010827250386e-01 2.033074851366200864e-01 -2.508152128382676871e-01 2.163006892251854996e-01 6.894789924392105696e-02 3.306193213098378436e-01 6.492213002143359946e-02 -8.225721153611229020e-02 -1.052775792856469259e-02 4.764207159080913190e-02 -1.381529318439160894e-02 3.611320950615400094e-03
4.913189139364484287e-02 -7.741691018072700547e-01 5.840598010827250386e-01 2.033074851366200864e-01 -2.508152128382676871e-01 2.163006892251854996e-01 6.894789924392105696e-02 3.306193213098378436e-01 6.492213002143359946e-02 -8.225721153611229020e-02 -1.052775792856469259e-02 4.764207159080913190e-02 -1.381529318439160894e-02 3.611320950615400094e-03
