2.146127117557821151e-01 -2.312005212138249499e-01 -9.515768969297067059e-02 -5.531677381669961036e-02 2.718869613358989024e-01 -5.627184860372739239e-01 8.587689949170178583e-01 6.710166349058033393e-03 -4.867943734541027578e-02 2.440005512775640095e-01 9.020446531143457014e-02
9.414213812364582989e-02 -2.088789273853900730e-01 -3.509115860542059290e-02 -4.499146258621609940e-02 1.172125822397806633e-01 -5.887806184933020992e-01 8.573517674836618196e-01 -4.421814998188298290e-02 -3.247223438343618124e-02 4.427352176968311626e-01 1.361017887323024422e-01
1.568624569221535314e-01 -3.884845275295318867e-01 1.235995866460717352e-01 -9.247514685091473563e-02 2.553318580754775358e-01 -4.428296759147169470e-01 1.021489749021058824e+00 -1.804065873620819827e-01 -5.164990455564744121e-02 2.043775075037264910e-01 8.729562688497990997e-02
-8.977310172583113923e-02 -4.587631628949218610e-01 -2.008579219177883679e-01 -1.351914326744726447e-01 4.506002658241460845e-01 -2.462607374010291894e-01 8.962811429252656170e-01 -2.125132692665935852e-01 5.408372734072661864e-02 5.431968209225611632e-01 9.230861170851506481e-02
6.831189556319219869e-02 -2.654199192450968914e-01 -4.998899627086291972e-03 4.124432629116616539e-02 1.845294801493065073e-01 -5.493096026689203715e-01 6.925903144533840372e-01 -1.008594731841295916e-01 3.536764597479091082e-02 4.202707091048414889e-01 1.713844660291278799e-01
9.407605433869044298e-02 -3.674591081426838435e-01 -6.634371019089481403e-02 6.343367961765847274e-02 2.326252882215974482e-01 -3.268549363907161664e-01 7.208057012538987562e-01 -6.358657518115704010e-02 3.143385897923398065e-02 3.656219238934645954e-01 9.358766441484664064e-03
3.141357139291494627e-01 -1.607899866202610051e-01 -3.086514628047624248e-02 6.924818472893726901e-03 2.945128224294210964e-02 -4.714947565348203140e-01 8.455315078977430066e-01 1.275157079528802320e-02 -1.661419514837842448e-01 3.160605261213371708e-01 -2.452635699433889597e-03
3.126969799463181765e-01 -3.747189241029754703e-01 -2.233222891512531560e-01 -7.022169422705926145e-02 2.314342562515258050e-01 -6.535102336332070383e-01 7.460364556487419918e-01 2.629276668910422721e-02 -9.596196502512570337e-02 5.308605430488981813e-01 2.635250473956097239e-01
1.217273929668635651e-01 -2.770844219756563587e-01 -6.371693655946152057e-02 -4.334201128771203448e-02 3.317817608323512801e-01 -5.026918768666999160e-01 7.373683035908762395e-01 -4.717913889429699997e-02 -4.412725466274249053e-02 2.965357817896560610e-01 1.838393439073988389e-01
9.618918844484145025e-02 -2.955551032418632929e-01 -3.344425120358346382e-02 -2.780628935380509426e-03 2.601451924088631351e-01 -5.310459423897333497e-01 8.111213885791079825e-01 -3.523658997882810756e-02 2.615288952575247142e-02 3.109260116637339588e-01 8.663878796766597001e-02
1.007039920032848229e-01 -2.289542637690956950e-01 -2.037449491791550882e-01 -8.947756839825694516e-03 1.081423959603464574e-01 -3.758701487440982980e-01 7.811236936437135903e-01 -4.864727201483889235e-02 1.450338266976182178e-01 3.703344209012194299e-01 5.393700418140802422e-02
4.645027861685592507e-02 -4.089064008218976642e-01 -1.140200775946648010e-01 4.746677016138472344e-02 2.461392414842536736e-01 -3.703112778307332542e-01 9.199049745351211005e-01 -1.287917620039362998e-01 6.666819720609998279e-02 3.327151511732647227e-01 5.579584791482897904e-02
2.773659632996063745e-02 -3.177093525094646931e-01 -1.555374261053026896e-01 2.129626270188425194e-02 2.913392914418081459e-01 -5.377761739023226850e-01 8.554158064239713033e-01 1.028469804714620545e-02 6.918152613606218249e-02 2.168068046445796870e-01 2.120729096322526153e-01
1.503655689001293649e-01 -3.383575986935272173e-01 -2.604494532298933240e-01 -1.384402745025680240e-02 2.243632806768791899e-01 -3.804872936356457624e-01 8.118747138677613329e-01 2.527200853600707064e-02 9.066033381512098033e-02 2.139284992542611341e-01 1.697849107997418672e-01
7.066104031437555819e-03 -3.322488238506988156e-01 5.856877843027599034e-02 -4.407592306209733024e-03 1.883367144291466511e-01 -5.688762707668336693e-01 9.323931381209508151e-01 -9.071402857936514130e-02 -7.129939381065220072e-02 4.166809870634357593e-01 1.576113300790883132e-01
1.379091907759754376e-01 -3.630891390934575802e-01 -8.802777293266918213e-02 -1.357773364362787824e-02 1.351933991849212091e-01 -4.366575664687291636e-01 8.004689782254279518e-01 -1.516298437433906757e-02 -7.159877799390826792e-04 2.450808986276319101e-01 2.916896603193803728e-01
9.226235775271114659e-02 -2.410950256983523943e-01 -1.306953339823218874e-01 4.660063523961223420e-02 2.029430898861266375e-01 -4.728848490765845125e-01 7.713267796341432003e-01 -5.500342435682097075e-02 -7.207402732075549046e-02 2.244275625410803998e-01 3.273031782217373231e-01
4.164973725368002061e-02 -3.143986907264738617e-01 -3.820624595608670959e-02 6.992225496587107722e-03 3.093706271039091127e-01 -4.714356785738795241e-01 8.486729542382279723e-01 -8.785726304369301243e-02 -2.710438652282381664e-02 3.349091088440217523e-01 9.051855472710709782e-02
2.070988135411817033e-01 -3.918188991681441635e-01 -7.174574958400709024e-02 -1.124888967698002909e-02 1.242498720560160363e-01 -4.346323479984499638e-01 6.387638093725117594e-01 -4.976170939105608454e-02 -6.987615618509782078e-02 5.392788833761030798e-01 2.128033164984974857e-01
5.644364334770453351e-02 -1.769503275093990691e-01 -2.334175230144342750e-01 -9.275113958264097347e-02 2.427289657539798695e-01 -5.117281307843384308e-01 9.188914573304958200e-01 -1.651725720282839760e-01 8.387027657859648377e-02 2.791297213666310006e-01 2.920665713822642728e-01
2.066846059773916888e-01 -2.306955489906292733e-01 1.934652829714631622e-02 6.826016825189382131e-02 1.186468479638988494e-01 -4.675249611201872657e-01 8.627566071300328820e-01 -2.101599843832316905e-01 5.001155754535225283e-03 1.693347373532896882e-01 1.514607866064357489e-01
4.702275954143370768e-02 -3.800342925289517115e-01 -5.193127078756872711e-02 7.534990166411059676e-02 3.160554443430230731e-01 -3.803550385953802793e-01 8.372246412155552875e-01 -4.317065105467569885e-02 -7.658740302016220358e-02 4.754503099967933438e-02 3.019918210635118561e-01
1.695607734926657673e-01 -3.085117756346946738e-01 -5.123115853600057612e-02 5.753804046440557513e-03 2.033200877485782654e-01 -4.940956444569417627e-01 8.804653126182816480e-01 -1.061265169954180992e-01 4.857193521574485959e-03 2.385344547583145292e-01 1.505844122777771910e-01
1.743079471567754724e-01 -2.467858869765143515e-01 -1.870611610672289760e-01 -1.259166962777053533e-01 1.208479323442784581e-01 -4.954668218943508728e-01 7.740296562259336710e-01 2.923703140158996627e-02 4.363862879352155277e-02 2.888108188415094979e-01 3.174694942927669405e-01
1.158873102040207902e-02 -3.623746669870803183e-01 -1.877376484820174052e-01 7.360240057259943847e-02 3.225381056005780511e-01 -4.797522228736499916e-01 8.862124699411840778e-01 -4.554910037537386602e-02 -7.207792989242495230e-02 4.086719987427511191e-01 1.379888055736068764e-01
9.501879480686890866e-02 -3.593024785282293854e-01 -8.387189691627062668e-03 3.433200483290314853e-02 2.074522179139822176e-01 -4.536007612605720829e-01 7.776391300019510622e-01 -1.259582890012130585e-01 9.205666226593275936e-02 3.526958786233913012e-01 8.116497287718604792e-02
8.762742140261804702e-02 -3.323867986181272549e-01 -9.726913054401786773e-02 6.992243158561933791e-02 2.916864204126780047e-01 -4.721070195670049596e-01 7.158601788861587156e-01 5.609049145505928813e-02 -1.929930069635641190e-02 3.243930638648041542e-01 6.859318465914403251e-02
3.173159516887984199e-02 -2.549129607590677749e-01 -1.664507924727331722e-01 -2.106603072320732961e-01 1.545691807264666096e-01 -4.031554919150646676e-01 9.939124199542780369e-01 -1.944697062834760681e-01 5.481081267859173184e-02 4.005823642340470281e-01 2.871538287407270906e-01
6.572671803023906467e-02 -1.837793843025620211e-01 -1.423840797868067276e-01 -7.964778665099431221e-02 1.247325469430780737e-01 -4.660923238697093351e-01 7.392136802084298131e-01 -5.388490074535376428e-02 2.509223301271446688e-02 3.667000874915364306e-01 2.974341525100046568e-01
2.661669523090288703e-01 -3.178174453825871049e-01 -1.792528178132044014e-01 2.595357542359157804e-02 2.285874360762605029e-01 -5.161283076444428408e-01 7.677028546554925947e-01 -2.159596855356759049e-01 6.454118486736809546e-02 3.490293747935442337e-01 2.202878210911998480e-01
1.939468945109803222e-01 -2.241054474666805685e-01 -2.411060662593511872e-01 9.758777773840618397e-02 4.911634194910011186e-02 -3.713277018253138273e-01 8.463795889068135292e-01 -6.077762967296165830e-02 -2.958266864470322777e-02 2.711892812799706065e-01 1.617905723243163174e-01
7.799861677822000905e-02 -2.083991412412576349e-01 -2.451880262241109276e-01 -9.762990754090675183e-02 3.155059008059194481e-01 -6.091780728569697878e-01 8.925566688206795218e-01 -5.397716510451008864e-02 8.105122431109230974e-02 3.347216631463620917e-01 2.056491819460586623e-01
2.169452971258730711e-01 -2.285991356512247497e-01 -4.012584083454097394e-02 -3.663789111446395796e-02 2.551658190425031697e-02 -3.928611481204210554e-01 7.431859157444526964e-01 -3.305374444262752093e-02 7.360973895627773156e-02 1.702018224453775985e-01 1.949293468276229735e-01
1.114060967952115871e-01 -2.781585843880632902e-01 -1.299357568116414896e-01 -6.412196700993112730e-02 3.100486954063461087e-01 -5.187967047503938556e-01 8.232063752020384317e-01 -1.239364931828348532e-01 1.115068678762950669e-02 4.234051851114143949e-01 1.288434096808011298e-01
1.890056101759392260e-01 -2.703752031511935106e-01 -9.768214947280118299e-02 -6.298833142756204637e-03 1.914350697287788838e-01 -4.988503387008855761e-01 6.541169254207538364e-01 -3.860264725362595045e-02 -6.549779792691227953e-02 3.320450443840048949e-01 3.038152627792755078e-01
5.245108517234314816e-02 -8.197376462459460278e-02 -1.125931234370309009e-01 -1.133835793547470928e-03 1.168571583771071815e-01 -4.635672760589927277e-01 9.667094296495352124e-01 -7.398726334514273487e-03 -8.678839866060152064e-02 3.001821717968954362e-01 1.036622275397607908e-02
1.671904559309685956e-01 -1.907839400639350924e-01 -1.708637660605945296e-01 -7.420650731209059436e-02 1.254585012276040190e-01 -5.197126252831257842e-01 8.039761765105823965e-01 -3.034724118915284666e-02 3.575611764401232656e-02 4.643673221439129084e-01 8.227644929239572025e-02
1.444543242314750287e-01 -8.794192978204669331e-02 4.097342849943690080e-02 -1.735166192734141910e-01 4.114965806281764560e-01 -5.894758625567707577e-01 6.654236678729553711e-01 -1.522812537538412447e-01 -6.219932142652950802e-02 2.894492166281419365e-01 2.067287117729919577e-01
5.916853278715313025e-02 -3.197169404550593286e-01 -1.120833814323626693e-01 -3.428618691740194929e-02 2.267673370264552679e-01 -4.743503262893402073e-01 8.320019368496109902e-01 -1.968343982648042799e-03 3.629999455489023308e-02 2.837294772261265696e-01 1.975488434731528797e-01
1.250693064810826927e-01 -2.631498900218697257e-01 -1.103530776382189021e-01 9.316397341772082730e-02 1.813752101186263399e-01 -4.197247798526234641e-01 7.081099369273714528e-01 3.267096622593326782e-02 -3.985324954783978080e-02 3.335874696895737568e-01 5.221507704081904816e-02
4.418565972420893107e-02 -2.400596533357604312e-01 -2.032124928355511506e-01 -9.891240453180775993e-02 1.836346770033799314e-01 -4.686948989581247726e-01 7.911878478785044910e-01 3.074869429065700197e-02 4.331000954462950470e-02 4.610701576817256564e-01 1.498533463787147246e-01
1.177511528777533956e-01 -3.110387788103730067e-01 -1.042259200276560854e-01 -3.625127367649398635e-02 3.118895468420824768e-01 -5.479857365060587515e-01 7.691823411650446918e-01 -1.705130788127775243e-01 1.488232699120683455e-01 3.925836789138386629e-01 1.228957409631480924e-01
-5.183449425928273249e-03 -4.320282385999055230e-01 -1.663590329217674024e-01 1.012848602927231834e-01 1.725107017949960020e-01 -3.293062347346137897e-01 9.264672652473527892e-01 -2.393832287690789984e-01 6.144986576387551774e-02 4.292025318216238228e-01 1.744559023713003199e-01
5.916034476210522974e-02 -1.836260434865954194e-01 -1.475662201424451925e-01 -4.054035453079216089e-02 2.750715265373660512e-01 -4.755202480079311900e-01 7.977534752199590962e-01 -9.859826539267320389e-03 -7.028390385617233616e-02 4.256280411652625939e-01 6.289415171908688262e-02
1.684198038010887299e-01 -1.946377564257362469e-01 -6.489221993913471542e-02 -1.075578933887412492e-02 1.888266261814300073e-01 -4.201151869590098453e-01 9.363435964702726544e-01 -1.137234138855227894e-01 -2.232626664259410032e-01 4.000531003783456274e-01 2.685484898365770104e-02
1.387182461601992323e-01 -1.841727209785812003e-01 -1.942830915730677510e-01 -2.869860941950259231e-02 2.096524605648052986e-01 -6.371416061650614360e-01 7.573575740308401416e-01 -1.307859828063772101e-01 1.595198932216514709e-01 3.321738853298126792e-01 2.707708944758583924e-01
1.007258355446295946e-02 -2.709773882988456006e-01 2.865423092132258001e-02 -1.688238195875381709e-01 2.943511411430546065e-01 -5.069134474536347579e-01 8.574346954782348096e-01 -1.323999924241192061e-01 -7.060677546311477926e-02 4.250563809382618685e-01 2.272633340324937412e-01
7.814836422924063830e-02 -3.369783420241420080e-01 -9.664371989296606513e-02 1.047066194468544986e-01 1.784880844844738967e-01 -4.136700940199997123e-01 6.157393333790198708e-01 -7.826613274942688381e-02 -1.799977561840926735e-02 4.681848110911742689e-01 1.914017945147567512e-01
3.005409454316259055e-01 -2.981793245094175870e-01 -9.462706500902126616e-02 -1.023347810565567416e-02 1.750205105689728868e-01 -4.660112220416300910e-01 7.882295723592074310e-01 -1.288433671853098372e-01 1.151428270284931762e-02 3.074999133246981708e-01 1.082001753042554359e-01
1.797808709821967221e-01 -2.291984747178737736e-01 -1.278587439323037589e-01 -6.990876502500091572e-02 1.222471121198046157e-01 -4.535979347279994744e-01 7.801901587007238348e-01 3.721851698699496242e-03 -2.027039807042392908e-02 3.408188930793207838e-01 1.671863727334331751e-01
