-1.133706131044289744e-01 1.713376929084765854e-02 -2.259832237796134680e-02 -1.067744235772798145e-01 2.994728299724920828e-01 1.532685766320864285e-01 -1.337809719797233843e-02 2.215965334566477041e-01 5.067903205162618274e-01 -8.757853419672731454e-02 3.607809590906730368e-01
2.229768634761952750e-02 2.182509956649992255e-01 -3.599564562263221634e-02 -8.402890589256536980e-02 1.467827583484699328e-01 -1.193658562895820452e-02 2.783646727020395312e-02 2.941491228058317753e-01 2.864336941237458634e-01 3.672617493778680686e-02 3.148272361501375793e-01
3.118686502455446027e-02 3.816932443429177368e-01 2.970242064755021331e-03 7.508058274737992865e-02 4.551850224003751999e-02 -1.597332927374762734e-01 3.741593322421797596e-02 2.030375885717476958e-01 1.455551653944061330e-01 4.598370964563897739e-02 4.066344579864610842e-01
3.187661593474407085e-02 1.925086987956143580e-01 1.226976413125958482e-01 -1.625724496600277347e-01 5.784693294380849338e-02 -1.219563775553857143e-02 -2.834364611668895723e-02 3.348633604198086311e-01 3.501349082230768572e-01 6.199455598460808931e-02 2.665320184226377953e-01
-8.887758340574429539e-02 9.706172311083553772e-02 2.193742470988822024e-01 -1.549777512254982628e-02 2.082925019883068718e-01 1.005416973878364879e-02 1.021235331318223055e-01 2.864862583208991897e-01 2.930524791786015548e-01 -2.219393723539649921e-01 3.252128168187681245e-01
-5.945287024090394057e-02 8.304994007420077318e-02 1.329614925751932963e-01 -9.146887960210084434e-02 9.457099567231555537e-02 1.501843643141385562e-02 1.109978405176863525e-01 1.383031751685422084e-01 4.008733366088333971e-01 -3.219528424858802973e-02 4.226848155480439906e-01
-2.169923766171694916e-03 4.144429739160531562e-02 1.368903529236771034e-02 2.584240019664158297e-02 2.802995867479837200e-01 -1.583832191263846723e-02 2.279692809073276955e-02 1.434651277870868658e-01 3.144196911143605777e-01 3.001168804504866089e-02 3.613824895176200869e-01
1.035229722540578906e-01 -3.300626821627129781e-02 1.069856156327084334e-01 5.081033750451059705e-02 1.611548740470057917e-01 -1.164339736405578529e-02 -2.423757495679447135e-02 2.737116150801684467e-01 2.268109058656128940e-01 3.506585412832106952e-02 3.261680645293748015e-01
-7.039163155104605218e-02 2.191900811355873835e-01 2.854544311483421179e-02 -3.383789953086090846e-02 7.056230622771435257e-02 1.570970745902605659e-02 1.160166275338890551e-01 2.158244188982858247e-01 4.001706939077742109e-01 -1.057507678711302329e-01 3.593040191805656480e-01
4.511981901887193724e-02 1.636434297294946938e-01 6.848783972892784344e-02 1.450955916726905798e-02 9.866037494528949459e-02 -2.923150502090532052e-02 -7.568678232595928146e-02 2.229726732309024739e-01 3.555237906783633717e-01 2.663716505595493250e-02 3.247066342964293750e-01
-4.831532090177240862e-02 1.701985892746280815e-01 4.597265965920947772e-02 5.887460009805549344e-02 1.574934265025003943e-01 9.223588332933832512e-02 -5.924132686905037720e-02 2.311456176818171282e-01 3.631700432163579295e-01 -1.341616051346955218e-01 3.379704316482508575e-01
-1.034091813328193443e-01 1.140551571802778663e-01 -2.113511128745723319e-02 -1.419891567216189088e-01 3.332001610413810044e-01 -4.779240869687386567e-02 1.112236451902485768e-01 2.996283095235303673e-01 2.522628689822279391e-01 6.632926122459915398e-03 4.126657885032826711e-01
-7.149552672348016835e-02 1.005378906790885402e-01 1.564276448763044641e-02 -4.275232892898540860e-02 2.583235069112139182e-01 -1.038002759044534401e-01 -6.056087790410150107e-02 3.384330646574890133e-01 5.152691238885677150e-01 -2.788536532624887043e-02 2.936310226679181290e-01
-1.818123906819437904e-02 1.747885055538502541e-01 9.491276482342531073e-02 -1.134192565875381253e-01 2.288288601014975276e-01 6.381356861786993684e-02 2.979855870638701328e-04 2.490389601138747189e-01 3.046794437247772880e-01 -6.010931795621020368e-02 2.906927235942231014e-01
-4.706017466360271767e-02 1.303337162488389656e-01 3.117631629645166436e-02 -3.271172621381707168e-02 1.286855736285514862e-01 1.393555563689851673e-01 6.208543553927294012e-02 2.776894132492107592e-01 2.719286213017956255e-01 -1.558971503041015616e-01 4.097574170530527415e-01
1.601212339716301392e-01 3.650911425752517703e-02 1.428844094338271864e-01 2.004191459567743888e-02 1.089173907789584839e-01 -2.028082307816929039e-02 2.432309947095228492e-02 3.864727152637475460e-01 2.730564992066065177e-01 -1.965060927493259557e-01 2.798035373532091197e-01
-1.872436359471821854e-01 8.396012137792363550e-02 -2.548131482900381495e-02 6.244878945469042875e-02 3.940670249033964012e-01 -2.418218514062728600e-02 -9.493376893233192171e-02 3.694554448846087968e-01 5.021647060958019937e-01 -1.337458305058027430e-01 2.688336471431670982e-01
2.045939629143433622e-02 1.180091092422880655e-01 9.835113896135178058e-02 1.699876417090882483e-02 1.682424671021099383e-01 3.975600646280266076e-02 3.091802234410797115e-02 2.263998989758602975e-01 3.264144155014352955e-01 -9.292112630314394717e-02 2.627149057554838962e-01
-5.438976311784204931e-02 1.883703365953469100e-01 5.266468186781276400e-02 3.239193905997769102e-02 1.498712919377234165e-01 3.734326165680975501e-02 -6.097496880561170673e-02 2.374391151129416067e-01 3.057844208326007118e-01 4.304677776668711792e-03 3.225380055882115515e-01
4.232383324027758076e-02 2.118631176599278243e-01 -4.614045169713321126e-02 5.204091747811900176e-03 1.527631144991505041e-01 1.092046449880706704e-01 1.061186434170039404e-02 1.374560847219859494e-01 3.729515595485085599e-01 -9.753050006809250994e-02 3.166356395224300679e-01
4.122379408834928038e-02 1.234688943506367931e-01 1.766972669048887112e-02 7.837422062041786430e-02 2.239206912082445100e-01 1.145251987450255082e-01 -4.003463517172210946e-03 2.024999522070655422e-01 2.083697151920586577e-01 -1.127263414920270657e-01 3.220206104115505563e-01
1.228005547715032772e-02 2.176153929061480918e-01 1.500427853480851559e-01 -8.593279392239974723e-02 2.852498539226440699e-01 1.275249976069555147e-01 -2.189931507081697287e-02 1.845898718800771388e-01 2.717228705213085571e-01 -2.450709731633440858e-01 3.192202529988307225e-01
-2.315830993106926528e-02 1.188412495517562895e-01 2.189774295963112932e-02 -2.439040387182520725e-02 2.136898024120039430e-01 4.559230497539920775e-03 7.066856540986556079e-02 2.921292418494368937e-01 3.429953727113286832e-01 -1.221673893357860946e-01 3.202778962517562888e-01
-1.085748520710551196e-01 1.962953820285746886e-01 1.388812554710922853e-01 -6.875644699183873498e-02 1.566922344108897802e-01 -4.111527970194908677e-02 -6.679666491140015538e-02 4.355888968912595693e-01 2.499086228181548464e-01 4.009339933185382399e-02 2.831264512290563307e-01
-7.760525851313156143e-02 6.491631132439051877e-02 9.625505628273427206e-02 -1.080352053504163579e-01 1.155102610988421041e-01 4.128167214926453665e-02 -1.132104484458896880e-02 3.062134621145621294e-01 2.961307565590322599e-01 8.496825955044361167e-02 4.070287281335050467e-01
-1.180858977574251040e-01 1.045851523433420915e-01 1.720293662216617475e-02 3.060870154345135020e-03 2.430327171128815744e-01 1.340470994988349207e-01 8.274260959314362618e-02 1.918103453346799991e-01 1.911485439261419728e-01 1.363694256125393134e-01 2.294291960639874561e-01
-2.890287349705851216e-01 1.111506162486946558e-01 1.763777382557441542e-01 -8.667713960318504385e-02 2.448661297551880667e-01 5.429344842277183253e-02 2.176051309499152098e-01 2.181308521872346307e-01 2.636891268253619969e-01 6.466366008904696205e-02 2.402721703444512247e-01
6.997841596463712233e-02 1.726539175123829872e-01 5.233218171279127584e-02 5.287815666267264153e-02 2.735341537942072576e-01 -7.414200014969257735e-02 -9.029400972463751118e-02 3.048444446666386809e-01 1.741891545202368941e-01 -3.270750203670273054e-02 3.120760855821050894e-01
-1.137480296062770707e-01 1.166293345955499577e-01 6.984147767970996790e-02 1.568643653095658230e-02 2.482949500427878708e-01 -3.558630591498692514e-02 -3.241498089553965928e-02 3.320444324390265378e-01 3.031197296417721398e-01 -6.410010621421587118e-02 3.755760602058547670e-01
4.697690627135949620e-02 1.941789728978600416e-01 1.839852453875686494e-02 -1.345793136009301727e-02 1.001798821672392342e-01 1.574382942460093165e-02 -2.858264769216614654e-02 1.697443352183925780e-01 2.261345470597938556e-01 1.964459200635288588e-02 4.663819879725424888e-01
-5.189423615778496202e-02 1.678788715601709780e-01 2.270536911991930251e-01 5.760865480916570885e-04 1.240754880833112167e-01 -1.782587677103776667e-03 -1.560962481746303865e-01 2.746383106382129236e-01 3.489649308628245961e-01 4.591796083159130348e-02 2.360107307907625684e-01
5.728195155122096233e-02 2.159573407361290442e-01 -1.575452679229845387e-02 -7.628475413473721767e-02 1.083272539225320769e-01 -2.671150208920304581e-02 9.315465862788829821e-02 2.142214634808223273e-01 2.557063439321721199e-01 3.788109780843546687e-02 3.515636714616787173e-01
5.712703711607912405e-02 2.105775640765830958e-01 3.386324695895826659e-04 -5.008869945843073129e-02 1.070445094973193900e-01 2.172176574784309352e-02 1.214148058505267781e-02 1.841817403950896659e-01 3.512263590970448601e-01 -7.265704041683210268e-03 3.283383130201500411e-01
1.902619493806899653e-01 1.160512410676234479e-01 7.472483031327450953e-02 4.028418520264520630e-02 2.272472901379166133e-01 -1.484884937480612510e-01 1.965091748505867764e-02 2.542107171349554662e-01 2.376152241081961325e-01 -7.055747722726818383e-02 2.743426146496076856e-01
1.093606340508829558e-02 2.571166243129147100e-01 1.395645670316948694e-01 -7.879300112943922463e-02 1.504470181020845510e-01 4.625116806711044616e-03 1.310649486157096540e-02 2.650897968001664773e-01 2.723617852068920819e-01 -7.604453108602705902e-02 2.569330641929821746e-01
-4.191956930095224604e-02 1.392499785992016847e-01 1.284668680654761086e-01 -2.246034477039769023e-02 2.187160581732486286e-01 1.022954501135024067e-03 4.232701657371801263e-02 2.707434003429156077e-01 2.026917820665519454e-01 -1.411795645012974346e-02 2.906228107038731356e-01
-7.355717408020837067e-02 1.897045897692755390e-01 9.690612457400932245e-02 -4.332559997072676916e-02 2.152883994669635148e-01 2.843383387276015185e-03 1.713910316991616722e-02 2.165951342452894501e-01 3.963295095382253774e-01 -9.290268426101709609e-02 2.903222126656359592e-01
7.268053519999292944e-02 1.006065236944061747e-01 4.459028223700550742e-02 7.896511861833713231e-02 2.190708354455203066e-01 4.097680547132014073e-02 -3.221231166129979312e-02 2.305238668825569104e-01 2.097485628970209570e-01 -5.203003038620798021e-02 3.024228101059859286e-01
-1.235426332608861866e-02 6.384356389954111421e-02 -2.227727444745938520e-02 7.380904860612146068e-02 1.833275357513461422e-03 1.144504531603105502e-01 5.439645549784666995e-02 3.376412405811053397e-01 3.835101535853627785e-01 -1.316847252240058164e-02 2.336588181127835784e-01
6.194495217579967794e-02 1.609260771134299606e-01 7.733419861913090609e-02 -1.547488155117677025e-02 1.104649358928680297e-01 -8.072663850423959786e-02 7.948546138331955002e-02 2.566944627339863283e-01 3.146342025139631238e-01 -5.938575707180352575e-02 3.094459851993617283e-01
7.616727565969379221e-03 2.334440137384087843e-01 9.506066047336740599e-02 -5.813620367562112590e-02 3.239526900546877974e-01 -4.852636301228955423e-03 6.175118728070130847e-02 1.340824740188947539e-01 2.783068800236235818e-01 -3.070407275122979951e-02 1.748212780770644070e-01
-7.087188374294386972e-02 1.523322759649844427e-01 1.159716941176161947e-01 -6.278861024658604316e-03 1.634350084131751257e-01 -4.401119358039927432e-02 7.647465043477397455e-04 2.314514573474031889e-01 4.157037332818754871e-01 7.506676956786803578e-02 1.817792516553703441e-01
-1.346685392749338503e-02 1.736603776903282437e-01 -6.295673710043633853e-02 2.641257901542728298e-02 2.493883723519870754e-01 7.848284190306974162e-02 -1.115761113222535489e-01 2.784207432200171417e-01 2.192799038221860397e-01 -7.339917773315112956e-03 3.850378006251218843e-01
6.234556721664024498e-02 1.383734591595879859e-01 4.823334389867769273e-02 -5.850990518784791872e-02 1.654117248119082451e-01 4.438569470683893792e-02 1.322519507332090560e-01 2.553410924494985967e-01 3.139775445441774782e-01 -1.579663110801361459e-01 2.714988372520844573e-01
2.304903440595172659e-02 1.746172965171085001e-01 1.698334040468783002e-01 9.084222731725011268e-02 1.293298395188998973e-01 -2.352145148700215613e-02 6.369817796721794281e-03 1.497488780169589639e-01 2.615364869375110257e-01 -8.728924342089508515e-02 3.208267088552543833e-01
7.817660519887081882e-02 8.320731291587600553e-02 4.359583994658643158e-02 7.403797039887434484e-02 1.947102397088633493e-03 5.555124862114577816e-02 -1.250540197932668331e-02 2.516787850062514598e-01 3.171069519402758830e-01 2.495105959013123320e-04 3.222970734630938860e-01
9.617555160997023900e-02 2.803171745239446677e-01 -4.596009674559550090e-02 -4.980441828169687724e-02 7.143195971108262654e-02 5.222765727025556817e-03 -9.561638690785453920e-03 2.744595561668796702e-01 3.458278746416182936e-01 -6.360174608154792186e-02 3.108360159237437692e-01
-3.370235805128844742e-02 2.275691645640746108e-01 9.079245447761508103e-02 -3.418666273472533573e-02 2.887090464327658410e-02 1.249533174432841259e-01 4.139653959498634100e-02 2.165266455011770064e-01 3.134015544342261816e-01 -9.161481181048353184e-02 3.313362504424969823e-01
6.047832416273888137e-03 2.418379656881899376e-01 5.404721898145686126e-02 8.099920745178934567e-02 6.503945010494227574e-02 -7.481005857588289565e-02 8.094500846067030631e-02 2.507298499131376812e-01 1.607790861769442803e-01 6.662864641932385312e-02 2.830987914677926542e-01
-1.883382493074149330e-02 1.689251809036332597e-01 1.613228677874117833e-01 5.251076921903667649e-02 1.034184401915451829e-01 -4.184410344968782225e-02 -8.030752647773234387e-02 2.939266719801684191e-01 2.955278823975039937e-01 -5.985169739816750822e-02 3.405483382816666960e-01
