-6.664746357854266279e+00 -4.822233955046876019e+00 -9.432260225581273971e+00 -4.377289178818567272e+00 -4.088603858251483203e+00 -3.037788478369134459e+00 -2.004514170003949491e+00 -1.269756808712750873e+00 -4.945598862608211466e-01 1.705431636277850105e+00 8.601597180208212512e-01 7.629929060923518191e-01 2.749460715398474697e+00 3.561942968730372971e+00 3.355337874827340805e+00 -9.141912512902234944e-01 1.176666093148363679e+00 4.959865803323752154e+00 2.197111714152830686e-01 5.723614177336118658e+00 8.513378546256493706e+00 3.915107903066340711e+00
-1.048182039301500623e+01 -9.481504816223262466e+00 -8.482399854470370926e+00 -7.482333060015331938e+00 -6.481902558017843319e+00 -5.481676939536210824e+00 -4.481881621886369516e+00 -3.481784362007271483e+00 -2.481847066093560983e+00 -1.481643322516568162e+00 -4.828309152613936561e-01 5.175012167204524616e-01 1.518613253127449880e+00 2.517564442347396181e+00 3.517824840139260445e+00 4.518894728611819289e+00 5.518074523996226333e+00 6.518522609363904152e+00 7.517356869171971212e+00 8.518017594109883461e+00 9.518408190797677193e+00 1.051857198436151464e+01
-1.048198913410301714e+01 -9.482345912605508076e+00 -8.482225004583582972e+00 -7.482261855155231345e+00 -6.482353877276166187e+00 -5.480832580476993954e+00 -4.481833774596447384e+00 -3.480922389775514603e+00 -2.480991963297110914e+00 -1.482675466686471211e+00 -4.814201332628691432e-01 5.189020819962042452e-01 1.517718743532901371e+00 2.517622347921134818e+00 3.517402563244107938e+00 4.518047478049995291e+00 5.518132831901317203e+00 6.516839276999236930e+00 7.518316905945544804e+00 8.517392273992305363e+00 9.518228720873596060e+00 1.051897421106696306e+01
-6.950723624711253379e+00 -6.702347894965599906e+00 -5.947947664952140556e+00 -3.720897442156216872e+00 -3.728576052255883067e+00 -3.089220962847168739e+00 -6.992336052353355313e+00 -9.262808104859011626e-01 -2.459529300537064145e-01 1.134564403527908549e+00 2.136828608544047547e+00 3.124606883585278716e+00 3.097217342897081060e+00 -7.159033577895007605e-01 4.751875246363815641e+00 7.442787426048276256e-01 -1.505446942890587003e+00 8.367108311353403494e+00 6.348284606314794631e-01 9.226152338169644196e-01 1.017412619661347328e+01 5.835309649227258255e+00
-9.179935796744736365e+00 -8.289124729471147646e+00 -7.165002346304470748e+00 -6.156677094364469305e+00 -5.307788811368718385e+00 -4.296468003507466271e+00 -3.243037735970355495e+00 -2.290814854583904658e+00 -1.351439396845369068e+00 -2.579674436168954976e-01 6.539864078143863280e-01 1.734195556219483514e+00 2.631949484722971633e+00 3.705102418737565628e+00 4.702183179914940503e+00 5.650943208796922690e+00 -1.917437290939471906e+00 7.628100619188144194e+00 8.203065459762437506e-02 9.573796472597159379e+00 1.989366807381396152e+00 1.150176403745062892e+01
-7.609809857781433706e+00 -7.109766710089365560e+00 -6.379645996742163483e+00 -1.048119385966729311e+01 -3.867853386862206033e+00 -3.327653906747175760e+00 -3.344253715868909183e+00 -2.004524099656278757e+00 -4.787916011677282313e+00 1.618546698362590686e-01 1.423267063779408481e+00 1.960812856613016963e+00 2.748884261856461286e+00 1.556724319679075874e-02 5.057637220095450026e+00 5.900412172480127282e+00 6.946277345042203066e+00 1.937893858752383736e+00 2.492220831592154795e+00 4.847444450797149251e+00 5.139198923490497783e+00 1.067887199126442965e+01
-5.923017652736920269e+00 -5.530106331005331555e+00 -5.663967839047911568e+00 -3.870826976192037083e+00 -3.326738593464012794e+00 -2.786750100614736159e+00 -1.711216823277809773e+00 -1.174794217292558063e+00 -2.048806058193908264e-01 -1.640200238960760171e+00 8.319194118561480389e-01 -3.921401056258835283e+00 2.892855071214278873e+00 2.610610831114926977e+00 -1.833170981760543716e+00 3.775354141210027326e+00 -1.411959756626178120e+00 5.720695326290305971e-01 7.629951473520134364e+00 8.416283500996250666e+00 3.274888134122892147e+00 9.392824420097563021e+00
-1.048085644163859342e+01 -9.482357979498107881e+00 -8.481905319473947102e+00 -7.482588835737930211e+00 -6.481899850747781855e+00 -5.482371934435571248e+00 -4.481010132215240915e+00 -3.481925167820667966e+00 -2.482199826023760991e+00 -1.482622482559873944e+00 -4.814882136203877394e-01 5.178924717686523849e-01 1.517486087300573772e+00 2.518851614811216777e+00 3.518122791566646868e+00 4.518404833295139866e+00 5.519371307709015184e+00 6.517772778191361027e+00 7.518266520716942125e+00 8.517940870740210002e+00 9.517380333759581035e+00 1.051746191761712090e+01
-1.047908519377754999e+01 -9.482682773674055099e+00 -8.482771048152965676e+00 -7.483832152391018511e+00 -6.482346506619974136e+00 -5.481733279133374381e+00 -4.479601668024587369e+00 -3.482050346041258848e+00 -2.482848094606925571e+00 -1.481692010367440915e+00 -4.834317060356685403e-01 5.210331959480711816e-01 1.519803537225200785e+00 2.517119495367472481e+00 3.517771711742350149e+00 4.516871562396953976e+00 5.517544685100979507e+00 6.517443193292086434e+00 7.517848415469599033e+00 8.520458636974757027e+00 9.517629495059907185e+00 1.051627619395202551e+01
-7.514156559705369887e+00 -3.536089816338917835e+00 -2.337973340631861241e+00 -6.606835466924479761e+00 -5.146651355900932145e+00 -2.698187258449496362e+00 3.001729047018878660e+00 -7.792372097144544263e-01 -5.067864745122295567e+00 -1.220197319715850437e+00 -1.722523963699853944e+00 -2.435323028463681538e+00 1.489014254483484123e+00 1.838193207863830114e+00 1.831549608614714053e+00 7.079845783675420279e+00 2.589280582364313688e+00 3.148402346822849474e+00 5.720260427089671751e+00 4.484572700452668315e+00 3.049762111721172175e+00 5.230155338264419917e+00
-1.048224924945017023e+01 -9.481486444107503075e+00 -8.481597673825236328e+00 -7.481278811327449318e+00 -6.481510047546827025e+00 -5.481612850657917591e+00 -4.482141983441316313e+00 -3.481886286965831800e+00 -2.481542330912558825e+00 -1.482022207907647271e+00 -4.819026856937185244e-01 5.182934806428161068e-01 1.517726178535005133e+00 2.518014046617523150e+00 3.518634523519061474e+00 4.517959337004207043e+00 5.517790998586200146e+00 6.517775993116877942e+00 7.517581458457494037e+00 8.517417977818031005e+00 9.517603385516187231e+00 1.051815853572704640e+01
-7.040473844534378856e+00 -7.859477598300390611e+00 -8.279613495715576477e+00 -6.272978971970021966e+00 -1.531268084942702723e+00 -6.356354782254623359e+00 -3.078375223377034953e+00 -3.571853155874287644e+00 -3.429748747783713636e+00 -2.786525114302018657e+00 2.398743315167713774e+00 -3.782288577155285547e-01 3.034879851904015435e-01 1.036698965956626139e+00 1.419789502369798839e+00 3.103585839387402512e+00 4.571026478609652166e+00 4.266449776930567594e+00 9.421569211084891649e+00 8.310988531933219292e+00 7.551730277067671970e+00 8.598553336776541656e+00
-1.048255205526947975e+01 -9.480655048042525124e+00 -8.482640843838444411e+00 -7.483531732112183477e+00 -6.481325861066562055e+00 -5.481597084552042531e+00 -4.481971431523561478e+00 -3.482191678136604907e+00 -2.482010353356587373e+00 -1.481380749493840909e+00 -4.828178323805349947e-01 5.171237848699075101e-01 1.520053897053003311e+00 2.519087407737965023e+00 3.518949266523121011e+00 4.518712494522333145e+00 5.518611308187246323e+00 6.519160058349372733e+00 7.516640249639753080e+00 8.517375867813823831e+00 9.517257165163753641e+00 1.051742851361632347e+01
-6.709108901574524886e+00 -6.781779646383759186e+00 -4.153524896492476692e+00 -6.679586797105264928e+00 -3.806789146160053594e+00 -1.540532356331438368e+00 -3.782594948547490787e-01 -4.061837653248832503e+00 -4.044883846141138051e+00 -1.137789468472697907e+00 1.385623696844530350e+00 -4.569729921630833580e+00 1.766302788539074298e+00 3.806807946514594310e+00 -2.484928535291986762e+00 6.378015991777008509e+00 2.926184348070434815e+00 3.028193753956298195e+00 6.428945525554541796e+00 7.251954522246027324e+00 4.730683036753226212e+00 9.043764397136236255e+00
-3.532258584712531402e+00 -1.371757934167690429e+00 1.862558168060672870e-01 -8.691807358575504239e+00 -7.006067499076904070e+00 -5.459756291394793237e+00 -4.570448985467571390e+00 2.312571771622088157e+00 -3.304821196270638861e+00 3.737835093309308299e+00 -2.206976551434856049e+00 -2.201998219824295333e+00 -2.081039875778325943e+00 1.857946565860043808e+00 2.133643197362913746e+00 1.925648750515388308e+00 1.788956267554224766e+00 5.120867460905337509e+00 5.293422561697850526e+00 4.567912346864861917e+00 5.681742580935257081e+00 6.217855426973991406e+00
-9.542977091710474369e+00 -8.040535158621036516e+00 -7.640079841949308559e+00 -6.370248038817033276e+00 -8.460485368357231195e+00 -4.816385615930972364e+00 -3.501199621013487473e+00 -2.681775641196765481e+00 -1.297309506023245351e+00 -9.288077069201994274e-01 2.216054908670002099e-01 1.085086253295979075e+00 2.490141596475321961e+00 -2.923029179512465214e-01 3.879123626285932325e+00 1.056394860544189740e+00 6.148355537018812100e+00 6.284331116812413853e+00 7.964915291973014178e+00 8.643914760277946030e+00 9.392133513935638334e+00 6.803829804708978912e+00
-1.048334862359541830e+01 -9.482568823478420228e+00 -8.482749798081123060e+00 -7.480046876452187021e+00 -6.478574485264021021e+00 -5.478715420446592432e+00 -4.482175842604847915e+00 -3.482954450628986010e+00 -2.482530676505763978e+00 -1.482653551480973775e+00 -4.823540083386674837e-01 5.170277126810773893e-01 1.516850686886098032e+00 2.521170466460961990e+00 3.517407096245074527e+00 4.517830453135749380e+00 5.520959764041682760e+00 6.516267708756711130e+00 7.517037264325409751e+00 8.517115763642571835e+00 9.517077259042046933e+00 1.051765372536399035e+01
-1.048052207312798600e+01 -9.478876746513604346e+00 -8.483547739007251565e+00 -7.484330064871109300e+00 -6.483760095455423311e+00 -5.483443803407929806e+00 -4.484020478346117500e+00 -3.483355528929021006e+00 -2.478559888221981922e+00 -1.483348093249571065e+00 -4.832464375279172941e-01 5.162291757085100130e-01 1.515988045118067618e+00 2.517437212846489913e+00 3.517381244085054703e+00 4.518807359717111893e+00 5.524295740506865116e+00 6.517145597121929868e+00 7.515882276675919016e+00 8.521659576080056198e+00 9.519578509710051151e+00 1.052033155479214521e+01
-1.048374952443619890e+01 -9.469728455624796482e+00 -8.485435412011360867e+00 -7.485112071714638660e+00 -6.484564468941906412e+00 -5.485593915662988707e+00 -4.484726325354792209e+00 -3.484654829583389457e+00 -2.484446094117359394e+00 -1.469217450103965206e+00 -4.841049320318440152e-01 5.157897763631602572e-01 1.515399649061940579e+00 2.516011207618490175e+00 3.515830605544827847e+00 4.514695166864179043e+00 5.530554279007693808e+00 6.529951109804896348e+00 7.515037357129841666e+00 8.515675022520804660e+00 9.515198915519498257e+00 1.051491573385217393e+01
-1.048107004775246764e+01 -9.482967271046208069e+00 -8.481047368185096857e+00 -7.482659353451310835e+00 -6.480523555116223022e+00 -5.482711082832402383e+00 -4.479784330861136254e+00 -3.482498763637126515e+00 -2.482496744529770538e+00 -1.482994562522932824e+00 -4.826349602504329539e-01 5.184876336292667531e-01 1.518634700639672985e+00 2.518275895579280999e+00 3.519078293307250860e+00 4.517138460143035772e+00 5.518146829171602263e+00 6.517567106945937994e+00 7.517177098854004313e+00 8.518597157164041533e+00 9.518504784865802648e+00 1.051750542358917251e+01
-8.743906339199664757e+00 -2.835931528041566452e+00 -7.344004975381701605e+00 -7.008210477354000822e+00 9.263563638154321822e-01 2.592678647390827429e+00 -3.888280891841123132e+00 -8.865160444667923301e-01 -5.560099474120241414e-01 -8.847818765252694062e-01 -1.760004122650886238e+00 1.351983836282747431e-01 -1.972009282790043727e+00 1.107001513096173007e+00 2.720235062053256492e+00 2.044984789654035406e+00 2.901113276092946780e+00 6.763529459796683518e+00 2.041399993042204208e+00 5.258524143470274304e+00 4.833780031258533505e+00 4.952579166068647787e+00
-4.126745727259678809e+00 -8.410294706720673474e+00 -8.288908592091285499e+00 -9.561291966442599488e+00 -6.914729123274939937e+00 -1.536976636573280430e+00 -4.849534046497833373e+00 1.041760223268306529e-01 -1.192996463586646350e+00 -2.875113792867126872e+00 -8.128029025075509395e-01 6.772483505237120172e-02 1.309607763578936268e+00 1.276804843650082288e+00 2.224602345221919908e+00 4.405329038005179498e+00 4.203848860832080092e+00 4.837195484117152944e+00 8.447070221075270169e+00 5.061775683397117476e+00 7.636780978466637393e+00 9.392203225802257194e+00
-1.047866447337643336e+01 -9.480634108863069898e+00 -8.480264031074250752e+00 -7.481895425102928598e+00 -6.484072231433589906e+00 -5.482675269923413808e+00 -4.481990874490941579e+00 -3.482621104202486606e+00 -2.480070539496146864e+00 -1.482116595587941177e+00 -4.814283184029761742e-01 5.166031189940252233e-01 1.517757050015717368e+00 2.517857386984610812e+00 3.517175584354191642e+00 4.518658883192328446e+00 5.517288401045592039e+00 6.517158880152491562e+00 7.518452323295861106e+00 8.518973871388221042e+00 9.517503640868454795e+00 1.051672917536714635e+01
-1.048192947256299590e+01 -9.478014758703384501e+00 -8.483549422499818249e+00 -7.482854864475431356e+00 -6.478574334559116465e+00 -5.482886633751075323e+00 -4.479228435930895813e+00 -3.477933472869093379e+00 -2.483285455879835624e+00 -1.482326640662826378e+00 -4.831889187070572689e-01 5.173357586291587040e-01 1.517718144777134626e+00 2.517879129472087030e+00 3.515373275699928968e+00 4.517213718118981092e+00 5.517280140045004444e+00 6.517423414709877960e+00 7.519886226477932922e+00 8.516952575269053582e+00 9.517486968162369720e+00 1.051694840294392463e+01
-1.048235092210492780e+01 -9.482212728736058693e+00 -8.478643759069102614e+00 -7.484139158305797679e+00 -6.480048797008645778e+00 -5.480640164491799027e+00 -4.483403152701509242e+00 -3.481176114556456369e+00 -2.479755184528482204e+00 -1.482601023194451528e+00 -4.845716123553760468e-01 5.169891427186481536e-01 1.515768052163460666e+00 2.520873331549497109e+00 3.519116074862813193e+00 4.516742148521281308e+00 5.518980898979044980e+00 6.516827435317370742e+00 7.517634944143633646e+00 8.517647200348708481e+00 9.516369917514655441e+00 1.052031881463799401e+01
-1.048245481266219770e+01 -9.484071990983052203e+00 -8.479340253905816027e+00 -7.478556616739819418e+00 -6.482854156331578466e+00 -5.482137894765894970e+00 -4.483054696158927044e+00 -3.478839537636806867e+00 -2.481464786963021751e+00 -1.482831983403720244e+00 -4.817323596640132877e-01 5.164786665276981381e-01 1.517855712635951093e+00 2.519820505245153441e+00 3.517273546619838598e+00 4.516912759705013158e+00 5.517152556641530481e+00 6.517791205509135821e+00 7.517161810262633637e+00 8.521253758533426037e+00 9.516097941859193554e+00 1.051726596937937508e+01
-1.047986336391085160e+01 -9.479167777706278386e+00 -8.480105448175558891e+00 -7.483868766237407044e+00 -6.480957258154042222e+00 -5.483382064510486487e+00 -4.482349086214199474e+00 -3.483953896571307496e+00 -2.483633223582398131e+00 -1.483386981893676904e+00 -4.804572943936804563e-01 5.158575292337879148e-01 1.516751658510067102e+00 2.517491992901655706e+00 3.516067903827524432e+00 4.518791836093759784e+00 5.516558688472604999e+00 6.523657944392061481e+00 7.519686680625778052e+00 8.520441886376236340e+00 9.517262440513462707e+00 1.051628194410690753e+01
-1.048257953301067857e+01 -9.482264418154937147e+00 -8.481600400060402833e+00 -7.481519240885974753e+00 -6.482209201902126239e+00 -5.481687817722546541e+00 -4.483400259166943513e+00 -3.482110124081373215e+00 -2.480368148535474049e+00 -1.482082094997151600e+00 -4.816625304520041340e-01 5.186694301664900308e-01 1.518285539001231754e+00 2.519246194511657322e+00 3.517258275300269688e+00 4.517421413213018155e+00 5.518035639077430332e+00 6.516756642609838224e+00 7.517069105058920897e+00 8.518421944230802012e+00 9.518696788698440159e+00 1.051934814080596503e+01
-5.542457614043802216e+00 -8.642683204410291253e+00 -7.875939884320303896e+00 -6.974470626826370534e+00 -7.492486592095329634e+00 -6.111328309517895185e+00 -1.467772302545444774e-01 -3.938770042626672740e+00 -2.543596779534119889e+00 -2.613834304538580344e-01 3.810242751803945893e+00 2.439832293388049855e+00 2.791700415557718529e+00 2.859146572108981488e-01 2.210957356154269249e+00 5.334001199891750034e+00 2.934458102824440751e+00 3.671817458072073492e+00 4.954300536226130092e+00 6.232032848726730023e+00 8.075128939201368539e+00 7.187232498730031338e+00
-1.048128241808579730e+01 -9.481367570771398690e+00 -8.482429062439630130e+00 -7.481071760369989221e+00 -6.481789661063375618e+00 -5.482042138888086669e+00 -4.480936547233294931e+00 -3.482316767288896386e+00 -2.481982251121225502e+00 -1.482098778201773825e+00 -4.831929108636021653e-01 5.182740115983843765e-01 1.518413441763669880e+00 2.518059174106870302e+00 3.517639788375651833e+00 4.518107632683078023e+00 5.517520705745972975e+00 6.518315332518374916e+00 7.518356213854120895e+00 8.518179068849832447e+00 9.517906131730830666e+00 1.051746370880440296e+01
-8.406679547060999624e+00 -1.864169275187680164e+00 -2.890339000559163374e+00 -6.443021060399471089e+00 -3.207673338738719515e+00 -1.960907203150076494e+00 5.554692528566984588e-01 -6.958779192286657089e-01 1.460931408145819788e+00 -2.435281884076934134e-02 7.536592418992966724e-01 1.419923205798124588e+00 -1.553191799182068067e+00 3.475348138754912775e+00 1.189873463171644330e+00 3.137449951618139998e+00 -7.363772989087080667e-01 4.081386966556932450e+00 1.516689385480734398e+00 5.031992400517755648e+00 4.729937439627418527e+00 8.276537505330612277e-01
-1.048201950402427940e+01 -9.482624111189085880e+00 -8.483603191985331193e+00 -7.482753728939750104e+00 -6.482748647643763462e+00 -5.481889424337589745e+00 -4.480899465693662265e+00 -3.481560913337919061e+00 -2.481091452254478469e+00 -1.481506658209999827e+00 -4.825875809924244919e-01 5.184564688666188914e-01 1.517928200350555201e+00 2.517505186186582478e+00 3.519147234545501490e+00 4.519342246042047151e+00 5.517023908482345362e+00 6.519028129564080842e+00 7.518943990157408663e+00 8.517739886925969728e+00 9.517324524508268269e+00 1.051857024668290919e+01
-1.048066907646986579e+01 -9.482819090512668581e+00 -8.482171590355315871e+00 -7.478972221640047380e+00 -6.481394882229238874e+00 -5.482637266543795462e+00 -4.484099830416118593e+00 -3.479791249063906022e+00 -2.484038169411094898e+00 -1.482953841713344545e+00 -4.838906777176106289e-01 5.165567743507164522e-01 1.520423536273556309e+00 2.516744916411944644e+00 3.520324473353936057e+00 4.519778450104315226e+00 5.518112381073549955e+00 6.519630258056240635e+00 7.520835747095667045e+00 8.516096239062859397e+00 9.515857224437311856e+00 1.051680323955686092e+01
-3.367669423107391147e+00 -3.351293425066198761e+00 -1.220825868895734079e+00 -7.178424817380654188e-01 -5.426172028487417975e+00 -2.296044542529069865e+00 -1.815975119836764184e+00 4.356166207826639436e-01 1.494187612121710584e+00 -3.748117506064703175e+00 -8.508878180681498371e-01 8.052818323919602728e-02 2.716983594752828690e+00 -6.549162116223847807e-01 -1.288572009224682624e+00 -1.236270247698941116e+00 6.426586444482562221e+00 4.033609767718191463e+00 5.286873276098182473e+00 1.751485568137073345e+00 2.947158899761490591e+00 1.199282058949826091e+00
-1.048258563910016505e+01 -9.483642176132295987e+00 -8.481176019053563664e+00 -7.479592338543060492e+00 -6.481282577257251987e+00 -5.480635598640542838e+00 -4.481703982095826433e+00 -3.481044143777003441e+00 -2.482215628366560622e+00 -1.481747031550504801e+00 -4.837550449777676675e-01 5.164674666117576862e-01 1.518643684346569600e+00 2.517661966044796529e+00 3.519152983684431746e+00 4.517326257784258559e+00 5.516890607435598781e+00 6.518426216800106587e+00 7.517526998777288583e+00 8.518373764712698915e+00 9.518510043282400801e+00 1.051812553371895653e+01
-8.996850493686714856e+00 -2.734832334485863825e+00 -4.684154557207724778e+00 -2.042778490334068664e+00 -6.472615717308145555e+00 -7.242740803939639704e+00 -4.306281353134356671e+00 -4.769630057695777303e+00 1.920602977515864840e+00 -1.670826745724782736e+00 -5.007885708169670380e-01 -1.456086699389173011e+00 1.725508213666131052e+00 7.783870629496199012e-01 2.827201556793160986e+00 2.722870450333022330e+00 4.459585841723530564e+00 8.851354664209660328e+00 6.073574973932389653e+00 4.326352424378427486e+00 5.537590058722097197e+00 6.052282943203525889e+00
-9.865661956119927467e+00 -2.883035775926863664e+00 -8.244082646109776036e+00 -6.889081952500252903e+00 -5.602744648621018619e+00 -9.873466461645170611e-01 2.375623953669535826e+00 1.448979391174421760e+00 2.902553805488679917e+00 -2.355984795232777707e+00 -2.883935924289293240e+00 -2.575474061843912588e-01 7.643468930468064748e-01 -8.705474365667602576e-01 1.607316267959058020e+00 2.255015029337973154e+00 4.392703015350860163e+00 4.265942654468316775e+00 4.260024142022031057e+00 5.034162782270467318e+00 6.391646541521359914e+00 5.539380055110281198e+00
-8.520842084251086135e+00 -8.252124991668528864e+00 -7.101450687530372008e+00 -6.037633646025240886e+00 -4.722422189563708628e+00 -3.802240339685432957e+00 -3.408559013061096987e+00 -2.333124952907704941e+00 -1.252512212925967372e+00 -6.764068841769372842e-01 -4.636583420142837753e+00 1.120608089199413682e+00 2.409172687856918404e+00 3.525973531681207085e+00 4.143968101312210273e+00 7.424005069356620634e-02 5.935151012804715798e+00 1.557345006533035647e+00 2.727640524246981002e+00 9.052408670861705531e+00 9.419656702427278816e+00 1.117546138802610578e+01
-1.048225470158190120e+01 -9.480223852125080342e+00 -8.482156637040061398e+00 -7.482088777151998826e+00 -6.482182773676786525e+00 -5.482888604429630774e+00 -4.481624963608664913e+00 -3.481424475935387619e+00 -2.483028183606529993e+00 -1.480170997706332869e+00 -4.810372171076942038e-01 5.180141898718666482e-01 1.517508220943527775e+00 2.518000741573883872e+00 3.516479720446190171e+00 4.517701503905369620e+00 5.519610715183340233e+00 6.516594444486216275e+00 7.518413377079090409e+00 8.518323195251541691e+00 9.517683950337486820e+00 1.051847646859558338e+01
-3.285089250490905499e+00 -5.966955682490182156e+00 -3.444511790764160253e+00 -2.273286629017382765e+00 -3.086295229275397567e+00 -2.812370158745391979e+00 -4.238790128772921939e+00 -1.875153540125206852e+00 -3.562839387481398390e+00 1.507104231004039896e+00 2.465450081619880773e+00 4.066256163138558755e+00 -1.632372781098379688e+00 1.692034379831528212e-01 4.253346902678389441e+00 6.174129357233193005e+00 2.466859496912641170e+00 -2.144515641097269665e+00 5.686620458910417675e+00 1.937066517829826306e-01 1.980912157856677958e+00 5.756316623942889343e+00
-1.048177812383929819e+01 -9.482105167074621477e+00 -8.481189349158228197e+00 -7.482464113696055463e+00 -6.482055166228231968e+00 -5.482099243863041593e+00 -4.482530245049426654e+00 -3.482680009170014301e+00 -2.480445341630399980e+00 -1.481801518662399175e+00 -4.822814478115553527e-01 5.185019285841434566e-01 1.518559149043126055e+00 2.517360976473851153e+00 3.517587548629808936e+00 4.518011278049517188e+00 5.518546460704374823e+00 6.517735748128458795e+00 7.518385565416391358e+00 8.517901791767647168e+00 9.518451115624472436e+00 1.051811350746588225e+01
-2.710592038482226407e+00 -4.665775707080073609e+00 -4.303487483340717290e+00 -6.447100741502029386e+00 1.514302616719954697e-01 6.941188405615924539e-01 1.594231961501500150e+00 -1.746805201865144763e+00 -1.650197495998011465e+00 -2.374270194974479331e+00 2.798726405199788658e+00 7.678686398741839669e-01 -5.510956207864220247e+00 -2.691228612053952141e+00 1.643536070339305155e+00 1.141886178600224122e+00 2.306616097327645942e+00 4.560131784718514325e+00 -1.395877291813478194e-01 4.362627411254781151e+00 6.115851902825603759e+00 6.500701202171288884e+00
-1.048023022135546256e+01 -9.483125509524869656e+00 -8.481852302158404910e+00 -7.483592742884717097e+00 -6.482563549483352006e+00 -5.481437722051687444e+00 -4.479985417628810751e+00 -3.481714101338921452e+00 -2.481268891895343387e+00 -1.482081288302474320e+00 -4.824569465761765485e-01 5.180621800774929397e-01 1.517161851918164217e+00 2.517412958836017012e+00 3.517598649656239473e+00 4.518977588211951613e+00 5.515897279774605977e+00 6.518945126032289039e+00 7.517722761427826583e+00 8.518856225704610097e+00 9.517967207526622175e+00 1.051943220773882359e+01
-1.048156268522136969e+01 -9.481976855546218275e+00 -8.481440212577577853e+00 -7.481749605387454594e+00 -6.481714498251662349e+00 -5.481264572590580642e+00 -4.482396859675629841e+00 -3.482342284172762703e+00 -2.481657233089180181e+00 -1.480630245059716188e+00 -4.820688478648555986e-01 5.197170190513240584e-01 1.517016354948292900e+00 2.517654228955514384e+00 3.519527394324548197e+00 4.517981562763459635e+00 5.517139796167624510e+00 6.517383489757786919e+00 7.518054831773055113e+00 8.516922939568765116e+00 9.517894644290223027e+00 1.051723698154092901e+01
-8.092691030420601450e+00 -4.170380097215392823e+00 -8.257693836637779228e+00 -8.177456712751416390e+00 -6.858072782508268794e-01 -5.342289977716622396e+00 -1.816117149357459493e+00 1.440139816695788832e+00 -2.811578394565383832e+00 -1.210083218849539621e+00 1.512326740234743117e+00 -2.051993826854191738e+00 -1.969976646711568691e-01 4.816687585972911911e-01 3.227437238285808974e+00 2.237539639196709285e+00 4.727013066473586100e+00 4.764330169599653608e+00 5.236602922613859512e+00 5.013281700283846121e+00 7.404787066656453476e+00 7.165687412356863462e+00
-2.171527504097322314e+00 2.182940408818456746e-01 -1.041429214864253439e-01 -7.305707130933339677e+00 -8.183498379630021802e+00 -4.823067764989358963e+00 -2.312736275247255335e+00 -1.995850666333238710e+00 -2.586107736262528434e+00 -2.506282140159851402e+00 4.252335796251564659e+00 3.426013878782966149e+00 -1.722525326910118171e+00 1.060284085329439074e+00 -9.368814067128639067e-03 2.121830515504319337e-02 9.344662296800141377e-01 3.518850357015828045e+00 4.570441307356544414e+00 5.255956305951819729e+00 5.099000200326135435e+00 5.761679497089620128e+00
-5.529982373179105792e+00 -9.711730881607262944e+00 -8.989296182676909552e+00 -3.870588313742239883e+00 -1.896277524544478066e+00 -6.204891810823458975e+00 -4.904062260693352826e+00 -3.515676922098972312e+00 -2.629277925500852930e+00 -2.001997802117758241e+00 -1.103784188729611149e+00 -5.097143785840956287e-01 3.525620638589481159e-01 9.578765329466023548e-01 2.488056256822438694e+00 3.833319842869568728e+00 5.128885919985478381e+00 5.338747249274104156e+00 6.191256227712197635e+00 6.503098119774421093e+00 7.819995994978926390e+00 1.265120769977964876e+01
-9.774849802529161025e+00 -8.868536795609619716e+00 -7.853129897311326602e+00 -6.881799708144059835e+00 -5.827206728369801247e+00 -4.934235812895139794e+00 -3.996173950680381282e+00 -2.952843042126815476e+00 -1.902626991774210685e+00 -9.560705361008021708e-01 -3.696162811923080938e+00 1.033960863067377556e+00 2.138656882323940689e+00 -5.269044455751221712e-01 3.978204318958653563e+00 4.945568359438683004e+00 6.004524355183531448e+00 6.789369584127643797e+00 4.125295773461560955e+00 8.790596703082918850e+00 9.895702938414025596e+00 1.086638608868541311e+01
-1.048230972378082271e+01 -9.482212568209908099e+00 -8.482109005139614410e+00 -7.482636699960986348e+00 -6.482308144257801885e+00 -5.482727284119869537e+00 -4.481435144828106232e+00 -3.482199350879943367e+00 -2.481958913193482275e+00 -1.481489653275749774e+00 -4.816835471852130013e-01 5.179150676862906977e-01 1.517589976503114002e+00 2.517293756319730846e+00 3.518812661482543902e+00 4.518636082722393255e+00 5.518938770009727435e+00 6.517707546664926355e+00 7.518962760879254859e+00 8.518432085825651257e+00 9.518024472011775927e+00 1.051848219843074439e+01
-5.918397819927483816e+00 -4.881499885693122209e+00 -5.059517980579611773e+00 -5.777755297449841621e+00 -5.139665537499655379e+00 -1.652690621969102658e+00 -1.955467232820902623e+00 -5.243207433859771172e-01 -9.279954737475040183e-01 1.304220411447600814e-01 -3.278682867749609819e+00 2.099817461409277719e+00 -1.495319973014996862e-04 3.163583843817450614e+00 -1.756343695967607976e+00 3.262525205430893305e+00 8.295981754689747412e-01 6.295488407421974131e-01 7.234458734228650378e+00 6.847082177807543246e+00 2.012866964189723440e+00 1.106030858825248053e+01
