3.984014205006186082e-01
9.375598721189439821e-01
1.110164071294668098e+00
1.060790081090013048e+00
8.770903446740493381e-01
1.378231997590198432e+00
2.919266101007401137e-01
6.140455593973871418e-01
3.561746575720809993e-01
4.980552192783219700e-01
1.022320303041868828e+00
4.085776986733079541e-01
7.311886358544200659e-01
3.058081651260001199e-01
6.474559133565580549e-01
1.003527010838606515e+00
6.765295187812419009e-01
3.190304441553468706e-01
5.251204280000183466e-01
1.055797565828473505e+00
8.362165191569617129e-01
3.162476289910063354e-01
4.114427136871493529e-01
4.865208494280617857e-01
4.313173015984577141e-01
4.424224381110126725e-01
6.362644770362546609e-01
5.081773924720514035e-01
9.128861963557292070e-01
7.025042640110490400e-01
3.709778372439700989e-01
4.892941708776068488e-01
4.740875262593614026e-01
4.793401056586458209e-01
5.323930615203325001e-01
4.338945681537765831e-01
4.349590766671803665e-01
4.716861705579654118e-01
5.030090646689910905e-01
9.246458999084959940e-01
9.343965419246192949e-01
1.149989076136290089e+00
4.298185625561344314e-01
5.532046551523088773e-01
8.442671732629349890e-01
8.687502901740047356e-01
8.676846241413759264e-01
1.178914081136412273e+00
1.320684659640261271e+00
7.500233461793734957e-01
