1.557891178017939970e-01
2.408146923668206818e-01
2.986691411904914273e-01
2.817075727632712412e-01
2.765956103288028101e-01
2.200457026530096283e-01
4.601324585974488901e-01
2.102959380304708081e-01
2.301284538149974968e-01
2.452010381203454936e-01
1.653545193522280854e-01
1.434995481588436372e-01
3.477032850960295463e-01
2.236289819701370585e-01
1.959639266949260994e-01
3.254761308630425565e-01
2.244554232486637435e-01
3.898821764993896655e-01
3.064783362364393859e-01
3.531964902815138418e-01
1.453923678128478114e-01
2.636817245054904335e-01
1.468968167006839132e-01
2.490828572124064166e-01
3.817576431068120946e-01
5.245835151046401856e-01
2.345695619999021153e-01
2.540960108963735142e-01
3.544036489472511264e-01
2.422633461162943536e-01
3.039841088730478869e-01
2.058466372182083948e-01
2.177249716036281646e-01
1.738495239323560593e-01
2.141734196805133161e-01
3.463309251713414527e-01
4.333504264150443430e-01
1.563815976403906127e-01
2.660162370313517433e-01
2.504898878518156957e-01
2.030749572288665927e-01
3.368396891681375016e-01
2.090893864731300233e-01
3.425837604086405253e-01
2.313177154749249398e-01
2.178943515036542433e-01
3.044809850824300446e-01
1.986248291150190526e-01
2.174101324838365878e-01
2.001153922464589119e-01
