1.540655909155203285e-01
4.035501067154114718e-01
1.887587826309556072e-01
2.583013601309988028e-01
1.688789598314701379e-01
2.105349939128526859e-01
2.628059000527230848e-01
4.603325248163547267e-01
2.580648045642892074e-01
3.921216638278858246e-01
1.874511533480116565e-01
1.759358247591213953e-01
2.677126374871539038e-01
3.108757981370331436e-01
3.589735456399505975e-01
2.670157259138746797e-01
3.081071029323380062e-01
3.626066635697887119e-01
2.702071659511929291e-01
2.191202160256371656e-01
4.467088156927571663e-01
2.096669234678475713e-01
3.121500264084703935e-01
6.700748671038364579e-01
4.644337490812448510e-01
1.882025049685628892e-01
2.008266669039747709e-01
2.759942730817535606e-01
2.251149101763419980e-01
2.040885418247958272e-01
2.389056979853965701e-01
3.179762841883480573e-01
2.198316212102238987e-01
2.421806629795124621e-01
2.444747970058051556e-01
3.875525389607316074e-01
1.939825866537797650e-01
2.658786431475218537e-01
2.260256608314852866e-01
2.806894174812656351e-01
1.915767475298984501e-01
2.310546265996782644e-01
2.648431768389620800e-01
3.305829572277765860e-01
2.941381549076367841e-01
2.953457271354368308e-01
2.034708877826972850e-01
3.498628030956094093e-01
1.987638595799024188e-01
2.700577197466901835e-01
