2.667791867281374252e+01
2.433145993092567849e+01
1.493893397579122073e+01
2.494476535879657320e+01
2.980631165487993783e+01
2.980638431273358790e+01
2.980589803036588847e+01
2.980659654411025272e+01
2.980650214284824173e+01
2.534306420526949211e+01
1.995736222520674374e+01
2.754322671162806202e+01
2.980598878163830179e+01
2.352070539056199294e+01
2.462034479749217297e+01
2.980652585934016230e+01
2.610943362269060231e+01
2.310158305627991737e+01
2.980652045374359815e+01
2.980640052943417828e+01
2.980621535304020142e+01
2.980608826263615541e+01
2.098361747980325376e+01
2.980707790349810793e+01
2.980614455598545831e+01
2.472790076887222099e+01
1.829758455275010931e+01
2.101875166848187959e+01
2.753815043679164987e+01
2.350658605888814279e+01
2.403181156734316914e+01
2.980717168465006139e+01
2.980589338727196846e+01
2.332981215872995406e+01
2.980557920381833270e+01
2.292166072128241083e+01
2.506236352733126793e+01
2.980676573998283274e+01
2.980662098586041608e+01
2.503425900594818998e+01
2.264971371631428099e+01
2.526921457990551545e+01
2.980685219403967778e+01
2.980677991732593313e+01
2.980677217651989963e+01
2.980608649817375522e+01
2.048904127029607025e+01
2.980710533222180914e+01
2.980513238846870294e+01
2.980635332735788268e+01
