2.731406814600582100e-01
4.359748793520070165e-01
1.811560352000146923e-01
1.623403272631110950e+00
5.249603307979191502e-01
7.582385578749281096e-01
1.313374793803488094e+00
4.187173590336960016e-01
1.202947692085842180e+00
5.539739066629437714e-01
2.286801382826011975e-01
3.269497447043937521e-01
1.091136380014616103e+00
5.531507822763271909e-01
4.603345276936098851e-01
8.547755144819716433e-01
2.248776429598733362e-01
6.176732749115805277e-01
2.201516537890054526e+00
7.180089221375253183e-01
6.756439654218157065e-01
5.387618540110442611e-01
5.448898166951359201e-01
3.617898141677422519e-01
1.044489369253696953e+00
1.022760210214498144e+00
1.478528771177211876e-01
8.493682994072478953e-01
2.685186725878318525e-01
4.475069919818774888e-01
3.459567460117015658e-01
2.284615214437571429e-01
6.068136802356852710e-01
9.619791051552026850e-01
5.354013490851688983e-01
1.575520622498828294e-01
4.019762096265855345e-01
5.732999587922797957e-01
1.765429511871974555e-01
4.854430741456262632e-01
6.819605860192307079e-01
2.487106724800516033e-01
6.361294257349719983e-01
5.227211930328325984e-01
1.030698567513990582e+00
1.669373024217154777e-01
7.324375009000884118e-01
5.061844984226541166e-01
2.060576820822119792e-01
1.091798425979015663e+00
