-1.048053390837528553e+01 -9.483743044801727251e+00 -8.483432415195482079e+00 -7.483302216299575704e+00 -6.483629266985429851e+00 -5.480651888319028942e+00 -4.483688737519768708e+00 -3.483624625273730402e+00 -2.483558352359297672e+00 -1.480236101218240563e+00 -4.830708012662157103e-01 5.174002393402830080e-01 1.518335793844679316e+00 2.518413488499138708e+00 3.517112564972855182e+00 4.516414728692986102e+00 5.516725619069553943e+00 6.517027762464499219e+00 7.517790530554275819e+00 8.516245689920403095e+00 9.516675729981875165e+00 1.051710562848231767e+01
-1.048207210410717494e+01 -9.482705999504412731e+00 -8.482420843433235547e+00 -7.481955681334843788e+00 -6.482980247925606676e+00 -5.482211310755117140e+00 -4.483082134615271386e+00 -3.481732007454743538e+00 -2.483119201253748187e+00 -1.482730862091868218e+00 -4.826143946159877629e-01 5.167163346301499871e-01 1.517650868405004516e+00 2.517131026495592394e+00 3.516813117672105804e+00 4.517071250487466827e+00 5.516923237253324785e+00 6.516761835325857177e+00 7.516727480698724762e+00 8.516862380911007335e+00 9.517081576992175940e+00 1.051766209642996586e+01
-1.048343067751692814e+01 -9.481456467373813979e+00 -8.483184584839786879e+00 -7.482924395664195316e+00 -6.483506256206464258e+00 -5.481433273716422860e+00 -4.481445894999939838e+00 -3.482289248569465201e+00 -2.482677475972606018e+00 -1.482917347414929310e+00 -4.833715571598631300e-01 5.178017975254398664e-01 1.516785635189574322e+00 2.517759314314874430e+00 3.516543796793973442e+00 4.516648283736266478e+00 5.517059265212571617e+00 6.517092293636359557e+00 7.517980715767896172e+00 8.516202366487535258e+00 9.517255357043302055e+00 1.051728477193549871e+01
-5.828794339456322859e+00 -4.828794339456337070e+00 -1.036359110592008825e+01 -3.668153709683235952e+00 -2.680885407102252760e+00 -8.074349247591872114e+00 -6.857660137330666927e+00 -4.549645707166374287e-01 -3.448524435623369744e+00 -3.110819384995201276e+00 -1.074310893344658124e+00 2.765250627099145930e+00 3.406282202022424155e+00 1.373402370555120822e+00 3.815028236428097408e-01 3.133305977840082690e+00 4.321325887112696051e+00 7.159269560829129020e+00 5.307165450043552113e+00 7.724338165220840935e+00 6.793513543808713528e+00 8.405267381255210779e+00
-4.876200236017769640e+00 -6.383780786166031618e+00 -5.383780786166029841e+00 -1.876200236017728340e+00 -8.762002360177039151e-01 -9.746840674606620070e+00 -1.945896914728358462e+00 -1.152202747892459023e+00 -4.897205714929621756e+00 -9.535974768143353764e-01 -4.292119760884568258e+00 -8.608792485701406427e-01 -1.468354116618226346e+00 2.097107041183710052e-03 1.693424226316309289e+00 4.429962594433948020e+00 4.800556390667290785e+00 3.815630002014509969e+00 7.623891784851344333e+00 9.441230231872895118e+00 3.648453774168415986e+00 9.637789242272781109e+00
-1.037205237887209641e+01 -9.372052378872092859e+00 -8.225384726338061725e+00 -5.243927837699488670e+00 -6.564960502865855752e+00 -3.236305728142120586e+00 -2.425394915941753382e+00 -3.789388407963045324e+00 -2.688616396370617778e+00 -1.419702441806448778e+00 1.824643736179418330e+00 1.001121796885556803e-02 9.302993794295970620e-01 5.738739712295387818e+00 1.874210029955079904e+00 3.349523252404634555e+00 4.190224446406197956e+00 5.373120027815574851e+00 6.014458504408513484e+00 6.864665665194076283e+00 7.860663576907015226e+00 9.687002584116294557e+00
-1.048258481716564461e+01 -9.482299035245713270e+00 -8.481887331063084901e+00 -7.482556512410001304e+00 -6.483003495091731239e+00 -5.482956176454367281e+00 -4.481979420239278866e+00 -3.481632342392749990e+00 -2.483254974538603221e+00 -1.481895809823809529e+00 -4.833290333097579605e-01 5.169554000551084272e-01 1.516609685664828788e+00 2.516634317284282218e+00 3.516554901545701384e+00 4.517362142151055693e+00 5.516936564987359404e+00 6.517031917517838835e+00 7.517665790563286876e+00 8.517117614095866429e+00 9.516920926218684684e+00 1.051736610585992970e+01
-1.087788406207639191e+01 -9.888966391089468289e+00 -5.595656275772270760e+00 -7.889505213047275589e+00 -6.843117321443158652e+00 -5.844478739492789288e+00 -4.865713244608118160e+00 -4.035700692725250782e+00 3.987567121134858450e-01 -1.900047861577654595e+00 -1.031805226577226620e+00 1.373212252441370351e-01 1.089501114433041318e+00 5.330293990606322474e+00 3.104536927258101819e+00 3.993417534769502009e+00 5.066531334770652428e+00 6.071685026909594107e+00 6.923983658511679629e+00 8.096696755297831061e+00 8.993638234367619333e+00 9.946288932336726063e+00
-1.048288986696437775e+01 -9.483303433792155346e+00 -8.483303433792150017e+00 -7.481850004331645820e+00 -6.481389707462348326e+00 -5.483273519711067578e+00 -4.481525643305344531e+00 -3.481942279772326287e+00 -2.482973171906023069e+00 -1.483415863053368255e+00 -4.831579537554215875e-01 5.171567960218954596e-01 1.517406770451504627e+00 2.517189518971878925e+00 3.517425516112282935e+00 4.517555603249505225e+00 5.517009676857432154e+00 6.516939775510266486e+00 7.516667292876686446e+00 8.517216259105644838e+00 9.517708839340640381e+00 1.051652524755759543e+01
-1.048237364773052605e+01 -9.482439719479199169e+00 -8.482642095874664889e+00 -7.482965477149624789e+00 -6.483060423623433266e+00 -5.482051238756303846e+00 -4.482182652096865283e+00 -3.482727349143157625e+00 -2.483099855821242485e+00 -1.482514877210965309e+00 -4.829237501729721771e-01 5.175055858086352600e-01 1.517222549427629019e+00 2.516853868622657586e+00 3.517673253674384881e+00 4.516988455910560418e+00 5.517401758242726828e+00 6.516892403025508429e+00 7.516851596195582630e+00 8.517087064344758929e+00 9.517002842981691302e+00 1.051727812703359000e+01
-1.048243069394752069e+01 -9.482872248881241362e+00 -8.482186408036142211e+00 -7.482885618948142081e+00 -6.482230753891853325e+00 -5.482210667126562242e+00 -4.482892350547711402e+00 -3.482679100029868025e+00 -2.482596413486383824e+00 -1.483032477342277389e+00 -4.823667195371719174e-01 5.173051792450795716e-01 1.517537138170803601e+00 2.516895993358694739e+00 3.517336292869657655e+00 4.517151801592907745e+00 5.516892789609039838e+00 6.517161949283682532e+00 7.517228266901581080e+00 8.516960515386660546e+00 9.516906468875014014e+00 1.051678347469051822e+01
-1.048183685134757326e+01 -9.481836851347571482e+00 -8.482877168465751794e+00 -7.483019943941735974e+00 -6.482095349241379978e+00 -5.482119839299807396e+00 -4.482816170562381686e+00 -3.483017678965225628e+00 -2.482795279134387911e+00 -1.482997040856973925e+00 -4.821420271288285875e-01 5.168719630349762895e-01 1.517064426432954249e+00 2.517017554830419002e+00 3.517427776347505031e+00 4.516858827661382136e+00 5.517063703726632795e+00 6.517403994094237873e+00 7.516805369745595655e+00 8.516783234070643971e+00 9.516928967427125130e+00 1.051710480112920365e+01
-1.338505557116462086e+01 -5.996993020079959713e+00 -5.947625197019902998e+00 -4.646803058190022817e+00 -3.326953734158449194e+00 -5.634972851850040598e+00 -4.046402430340545919e+00 -3.271018856993785473e+00 -1.816530041312454546e+00 -2.475223862507417216e+00 -1.225067878445831981e+00 2.930808293560875910e+00 1.458640577781007419e-01 4.252789431231007278e+00 1.726137543855917666e+00 5.618072385075944197e+00 5.383131889184579855e+00 4.653015498412571560e+00 8.209423040648202274e+00 7.324896856862800121e+00 5.653631516216552910e+00 6.254652407445560058e+00
-1.048196435584265629e+01 -9.483301116661593255e+00 -8.482812470333140453e+00 -7.481367653743808077e+00 -6.482711790637535998e+00 -5.482734954492618940e+00 -4.483350625769665143e+00 -3.483411869542180739e+00 -2.483187279240642198e+00 -1.482788695530464551e+00 -4.819252402945082281e-01 5.172765194014985468e-01 1.516704419119784930e+00 2.516815037889905682e+00 3.517602258785199609e+00 4.517070048911996594e+00 5.517461576922368494e+00 6.516946503384540179e+00 7.517288030548524347e+00 8.517924369736144641e+00 9.516768486662336102e+00 1.051747521893544324e+01
-9.154574816780424840e+00 -8.227547190839745284e+00 -7.154574816780376878e+00 -6.227547190839756830e+00 -5.154574816780380431e+00 -8.630360260051713084e+00 -7.475118551631128483e+00 -2.678786694277823788e+00 -1.496042014452544588e+00 -3.980272791756557238e-01 -9.714573845098658511e-01 1.197698599481478610e+00 1.309605532956210849e+00 2.974860291275132074e+00 3.981910789640718207e+00 5.106413060902417200e+00 5.966613220316620669e+00 6.539225169457301590e+00 7.330283903551555902e+00 5.920892701165886507e+00 7.630311818591656525e+00 9.990572346989505803e+00
-1.048339052227406398e+01 -9.481718656691624503e+00 -8.483390522274095957e+00 -7.481718656691654701e+00 -6.482584674927307944e+00 -5.482572910460554283e+00 -4.482530404898241727e+00 -3.483463128182023638e+00 -2.482583646747178463e+00 -1.481860970231604568e+00 -4.831052246418803264e-01 5.181152102622146316e-01 1.517230289903560347e+00 2.516394014385614497e+00 3.517470422116197426e+00 4.517230505970394105e+00 5.517357553270736403e+00 6.517308230427181215e+00 7.516785870221534438e+00 8.516560981896791560e+00 9.516599039462484200e+00 1.051764361831275707e+01
-1.048366545479401424e+01 -9.480507041920292366e+00 -8.483609486032603897e+00 -7.480693321336408630e+00 -6.483517985452284194e+00 -5.483589309860347427e+00 -4.483672823418258346e+00 -3.480874251235618999e+00 -2.483343597162834371e+00 -1.483414601195926608e+00 -4.812493358145992772e-01 5.167128260840136988e-01 1.517914962362167941e+00 2.516833264719354091e+00 3.517674204300755392e+00 4.516899135302420376e+00 5.517140914093369375e+00 6.516708407889717947e+00 7.516710851680155514e+00 8.516841907392851851e+00 9.517202560197226546e+00 1.051727459241044293e+01
-9.384658862834076132e+00 -7.523132509628037035e+00 -6.069530979602929754e+00 -5.718466295522647513e+00 -8.520719815324936164e+00 -3.487392709828610382e+00 -2.891238165331237120e+00 -5.321519190589418358e+00 -1.250588416621823962e+00 8.139106257936923328e-02 -2.979152192912822628e+00 1.640673452938927301e+00 3.486426584749773738e+00 -2.714588826655122134e-01 9.915205826806277045e-01 3.215864772151634021e+00 4.629014448398395487e+00 5.872839045689150161e+00 7.297089362913777855e+00 7.078016339126329548e+00 9.608527830315406248e+00 9.896270957527734780e+00
-1.051971698632907604e+01 -5.779549797629741192e+00 -3.255437305321290165e+00 -7.885221911828222296e+00 -7.405523582531277960e+00 -5.906497983788349337e+00 -5.442366386304263948e+00 1.531223455663845101e+00 1.306856247025269591e+00 2.514864773462333503e+00 -4.407229791185678924e-01 -1.293720620786115827e+00 4.638856846852413285e-01 9.885925988664255870e-01 1.618593064533258019e+00 2.448550123193972805e+00 3.555192250754853678e+00 4.517558188838018296e+00 5.769004631965726659e+00 7.592242698030966963e+00 7.723800983037167001e+00 8.278169271788902606e+00
-4.465999853694277988e+00 -1.121179824260302560e+01 -2.419380437024585717e+00 -7.367288423250882623e+00 -2.993839023860051629e+00 -7.366267032665618331e+00 -4.081590728627139342e+00 -1.600797927392492381e+00 -2.850371653699224961e+00 -3.644624577397609588e+00 -2.186186666527624389e+00 1.045990529269891223e+00 1.937996419038835905e+00 1.328535251440211784e+00 4.541462088523051222e+00 5.385911902493961456e+00 3.641896571062208210e+00 4.500585201882357111e+00 7.783607476510929324e+00 8.382152731231856890e+00 6.119235023591519607e+00 5.900547789906791962e+00
-1.048277693174109260e+01 -9.482148721136837821e+00 -8.482410236515793400e+00 -7.482493981041720588e+00 -6.482415161349559085e+00 -5.483045353808201128e+00 -4.483130879022880322e+00 -3.482729046859546429e+00 -2.482566423036832504e+00 -1.482820346274170475e+00 -4.830552481792302899e-01 5.173950202085606520e-01 1.517393522641862447e+00 2.517038495025833100e+00 3.517091789028842896e+00 4.516777635297977156e+00 5.517451316795552785e+00 6.517716795883382375e+00 7.516952127895565994e+00 8.517378867349828298e+00 9.517218128524028486e+00 1.051695504852314933e+01
-3.282606955963370154e+00 -7.564810314640523004e+00 -1.282606955963419448e+00 -7.488836954211057773e+00 -6.244866736018495956e+00 -5.069943640666816798e+00 2.393124107953321644e+00 -3.225937574951921682e+00 4.616356376386793414e+00 -1.339771252559299741e+00 -5.574146730318080500e+00 1.677519888191298381e-01 -2.647713425938746923e+00 -8.563136241269417859e-01 2.422307666539375681e+00 2.482684440529663306e+00 2.952004021796780009e+00 4.013619370410042464e+00 5.288118884223943716e+00 6.495750572112792831e+00 5.650861112898580174e+00 8.474752041897323451e+00
-8.401479281662478371e+00 -7.401479281662469489e+00 -6.498634042076480100e+00 -5.258746594989426093e+00 -4.451208990082695216e+00 -3.620867499305266080e+00 -7.721488452996704055e+00 -1.459655920965092779e+00 -5.009888366444259500e-01 -4.853273495609462529e+00 -3.690184150229193438e+00 -1.723009243770874832e+00 2.475659249536342088e+00 -1.430977708545988492e-02 4.767721864167137724e+00 2.831805815823509320e+00 5.544161588192404011e+00 6.791474729818554934e+00 6.815778858708143595e+00 8.892712474320731530e+00 7.722964766903591460e+00 1.013282263781867165e+01
-9.274755783656209118e+00 -8.331163032225648024e+00 -7.088861490428646661e+00 -6.249811640077645336e+00 -5.092259207770374552e+00 -4.138624341349481206e+00 -3.071294306126705287e+00 -2.336881175805717525e+00 -1.287727372102760892e+00 -2.503978451932635796e-01 9.516491739726431476e-01 -4.804251494770653608e+00 2.714266064570328929e+00 3.712522135332923412e+00 4.512665486181841601e+00 5.570327039566947747e+00 1.680383560130027654e-01 7.849381256752856473e+00 1.976220211243267855e+00 2.941360933120848564e+00 1.050125832823668048e+01 1.140811512272483874e+01
-5.819167957182333595e+00 -6.211340291036997030e+00 -5.211340291036991701e+00 -2.819167957182385997e+00 -7.989448962246216368e+00 -1.088586857416558029e+00 -2.366261975962979491e+00 -3.802359031308730319e+00 3.151740274909876072e-01 -8.010371941790679351e-01 -1.552327049117479207e+00 -1.441318080246133837e+00 1.581931808704668763e+00 1.442937546945154637e+00 3.345715625252605907e+00 4.220750280792406883e+00 -3.508023025184576760e-01 1.142522947814370937e+01 3.570161621443340039e+00 5.691545914599068112e+00 5.489000067156156071e+00 2.750487997115306005e+00
-3.445459367797533812e+00 5.650525170901248284e-01 -6.282710333704267569e+00 -2.629588027940939376e+00 -4.728164555031986183e+00 -6.202816112146474214e-01 -2.922172479153626767e+00 -3.261511431328262267e-01 -4.747562423400073506e+00 7.780515841736010962e-01 -2.964657583711773459e+00 1.829996860624819366e+00 6.863047439319270637e+00 2.878770572816929274e+00 -2.523989626959973531e+00 6.019849059053500540e+00 3.056648647550166409e+00 2.563236681768760405e+00 7.094368448312284858e-01 3.603681618158504740e+00 1.159284621577029384e+00 1.543457123292788946e+00
-1.048233190805402160e+01 -9.482331908053973635e+00 -8.482445790178401168e+00 -7.482687349177238545e+00 -6.482724661684855505e+00 -5.482517330653292831e+00 -4.482596779919488128e+00 -3.482655009932157597e+00 -2.482531713999131640e+00 -1.482854145325047668e+00 -4.829917799004217471e-01 5.172741983763078366e-01 1.517110322856082050e+00 2.517241259359488836e+00 3.517284368418824414e+00 4.517298237674600259e+00 5.517039475285184125e+00 6.516931292854915014e+00 7.517052647911679486e+00 8.516862009905940667e+00 9.517183968119987014e+00 1.051716701432383694e+01
-5.425288998022558928e+00 -4.425288998022506526e+00 -3.425288998022518072e+00 -1.389904902063751724e+00 -3.899049020637410656e-01 6.100950979362480542e-01 -7.767129702309425454e+00 -2.142655542802487822e+00 -8.724699427315616429e-01 -1.321750328031573662e+00 -9.745665242106731352e-01 3.621985669771972116e+00 -1.590833328119310774e+00 1.463067483526511170e+00 1.418568682447035156e+00 -5.362126765568389075e-01 2.300329582656161609e+00 9.045162153401906657e-01 5.504407942875006121e+00 -9.695301950656736167e-01 8.005536093665396535e+00 7.782094688013170725e+00
-9.745427434010704104e+00 -8.862005565905073823e+00 -4.508713630479279644e+00 -3.616100570448934626e+00 -5.805794307416236144e+00 -4.993982990345918083e+00 -4.290132288879131561e-01 -3.292093577478190980e+00 -1.776696477187325041e+00 2.741419985608708920e+00 3.572924473273839219e+00 8.881860228143259040e-01 1.943925702708218406e+00 2.754642776025428397e+00 3.539485795699991666e+00 -3.192338524511270315e+00 5.341216761490077403e+00 6.319358769250149166e+00 7.205684473982418403e+00 8.330574168269969659e-01 9.007276860132972018e+00 2.454763687066786382e+00
-1.048291934620254295e+01 -9.482919346202503874e+00 -8.481936622072350218e+00 -7.481719243932884567e+00 -6.481707509268414213e+00 -5.482722248543394628e+00 -4.481257270682943883e+00 -3.482417020608089331e+00 -2.483638014305727282e+00 -1.483038570393224731e+00 -4.836402494799134644e-01 5.181030969728013247e-01 1.516758624802928779e+00 2.516567338596676251e+00 3.516845275055269227e+00 4.517078060995434186e+00 5.516611505638460144e+00 6.516593832861280688e+00 7.518126573752256903e+00 8.517069939862588868e+00 9.517110038887357959e+00 1.051682757247577449e+01
-9.027520838195538744e+00 -1.007693185446962580e+01 -7.027520838195508546e+00 -5.542329740197692090e+00 -2.198782879017507685e+00 -6.300744817455174562e+00 1.635698426088175950e+00 1.087781283102073004e+00 -2.695056216262556870e+00 -4.529791004915662000e+00 1.897194555612941591e-01 -2.040487918125148514e+00 3.698787148140469938e-01 4.019544173597249248e-01 7.174435542501844232e+00 3.327872705862872760e+00 3.950464814509290434e+00 4.620170556679706664e+00 5.442054859112735343e+00 6.092113629840422817e+00 7.026202210140160886e+00 8.500595909471146072e+00
-1.048225422118872530e+01 -9.482430557805015425e+00 -8.482637911188318114e+00 -7.482265423136691851e+00 -6.481901994991018157e+00 -5.483193407851178591e+00 -4.482930469411325447e+00 -3.482501401650640815e+00 -2.483201711523246757e+00 -1.482989921319209259e+00 -4.830560750243311219e-01 5.171413988890982694e-01 1.516921535980975122e+00 2.517094609242949588e+00 3.517216660928999872e+00 4.516937998038802249e+00 5.517582596195016009e+00 6.517858286303559012e+00 7.516929355365316923e+00 8.517416954887183422e+00 9.516885348511012310e+00 1.051715476895598300e+01
-1.048313534801664559e+01 -9.481830937618568100e+00 -8.483130415732226481e+00 -7.482068506831499377e+00 -6.481578936631036569e+00 -5.482959320599402275e+00 -4.481668954545813932e+00 -3.483311300927962151e+00 -2.483389919454392469e+00 -1.482209807092505827e+00 -4.832360798662520551e-01 5.170571451837222554e-01 1.517263764684834371e+00 2.516947562044300923e+00 3.517268913036023292e+00 4.516845086758770833e+00 5.516721213405764601e+00 6.516776824539336488e+00 7.517484838312304518e+00 8.517292970960770759e+00 9.516757743602433095e+00 1.051787988299671461e+01
-8.200828492766548905e+00 -6.579826256435350018e+00 -6.013789472071531250e+00 -5.256867784650360420e+00 -3.285300918020449323e+00 -8.514053830698641079e+00 -1.185702420202139118e+00 -5.274674871417710520e+00 -1.030410766792481780e+00 -2.241938964574932136e-01 4.088914100336225044e-01 1.735918918294920843e+00 2.036437417542317441e+00 3.777840979363472851e+00 5.557304368368557235e+00 4.364095170705447835e+00 1.862187564536393225e+00 4.034977789796389658e+00 2.787107197171121431e+00 9.394546184414135581e+00 7.785064383377503283e+00 2.201053744117894784e+00
-1.048315789787613994e+01 -9.481535824523732003e+00 -8.482597554610535440e+00 -7.482258955524752508e+00 -6.482945399866864022e+00 -5.482293772087860617e+00 -4.482147375629711661e+00 -3.483173611150565563e+00 -2.483142326162626645e+00 -1.482189516113564309e+00 -4.833133989437179423e-01 5.165690681473638080e-01 1.517398064448066464e+00 2.517964748157679011e+00 3.516932142390434279e+00 4.517231782390295436e+00 5.516818558289232399e+00 6.517308530821027901e+00 7.516762619330114248e+00 8.516984043134867122e+00 9.516777356578527858e+00 1.051778513701123074e+01
-6.386479705811069607e+00 -1.125751018728848685e+01 -6.183899802399974277e+00 -7.230156156067704565e+00 -6.396266047525782206e+00 -5.312005202322618302e+00 -3.866268285547024952e+00 -3.358625104416093077e+00 -3.829677462103199481e+00 -2.463745191680861701e+00 -1.501031583578513962e+00 2.804241677854350634e+00 4.201227107261316540e+00 2.259166990947624409e+00 2.497352288057575809e+00 3.551051951139388319e+00 7.702500807149826656e+00 4.918403288519027861e+00 6.235709887427560716e+00 6.973786931314448267e+00 8.265498379128940698e+00 8.756501838150342110e+00
-1.048297934945338739e+01 -9.482979349453339424e+00 -8.482088975269693520e+00 -7.482930004258067314e+00 -6.482910670001393427e+00 -5.481991029937157478e+00 -4.483080267567531862e+00 -3.482600457627686552e+00 -2.482284120876673938e+00 -1.482598513026131215e+00 -4.823888164352378993e-01 5.173478874970474095e-01 1.517661802809337601e+00 2.516866334121322879e+00 3.517140515487289676e+00 4.517346769909952542e+00 5.516975976865390763e+00 6.516834430735208628e+00 7.516802586953742704e+00 8.517791830341911563e+00 9.516781978647808060e+00 1.051705785874614918e+01
-5.168166474374836561e+00 -6.723553672343674847e+00 -3.108341766525231087e+00 -4.571523154776131470e+00 -1.064100382912693377e+01 -2.327341507373099638e+00 5.609322732190058503e-03 4.820037846787892377e-01 1.129367500851123030e+00 -6.276932692664527469e-02 3.515539882729977084e+00 -2.289722350790016403e+00 -4.714113873183755743e+00 -6.254630701479153565e-01 2.059417434129958480e+00 7.096973137094830797e+00 1.477953667769330792e+00 3.755319828788310055e+00 4.492310211671168396e+00 5.005325554474587157e+00 5.243042645418380943e+00 6.348912473438672599e+00
-5.515754532753614825e+00 -8.220633027997910958e+00 -3.593001913876276543e+00 -6.132360656052268766e+00 -5.396896756526840200e+00 -1.283819293059866418e+00 -3.750508740075551017e-01 -2.995926399750637792e+00 2.926593518204132938e+00 3.473499976842806980e+00 8.563941020679874949e-01 3.795528267303991399e+00 4.186662268899695505e+00 4.855112157242476911e+00 -3.700009582022426358e+00 3.400110379777705916e+00 3.294471300578500461e+00 3.198255237799039641e+00 -4.611057504866868939e-01 3.400411226709638246e+00 2.500524608815555716e+00 2.166772160501632349e+00
-5.178288907002208674e+00 -1.028471645663617018e+01 -9.294018153527947135e+00 -8.261425725888894789e+00 -7.255195608504224403e+00 -6.289008169219679978e+00 8.018857754348074351e-01 -4.266469166521218881e+00 -3.259273921041648592e+00 3.882928105571561428e+00 -1.344661098380995456e+00 -3.845296324879447503e-01 6.418646759198420870e-01 1.608966581282798680e+00 2.793054060923326531e+00 3.680590732545873323e+00 4.653978869139844043e+00 5.691412227105585586e+00 6.627837394276161476e+00 7.600736640905510377e+00 8.608144004566675278e+00 9.605964189748030790e+00
-8.115830079027402277e+00 -8.630224873477061465e+00 -6.566200298395104440e+00 -6.387696749936816687e+00 -4.727243041335270846e+00 -2.405334164913259798e+00 -3.106899468400497355e+00 -6.158092790305071063e+00 -2.616204999940543008e+00 2.307609702283008879e-02 -4.561557627045531582e+00 2.678278520871028245e+00 1.716200477964293203e+00 4.787652623473619418e-01 4.234242672431719257e+00 4.930179174980545476e+00 5.702841332555269815e+00 6.573526242449111656e+00 3.208401725434930185e+00 8.685280933368019873e+00 5.205853987321665599e+00 1.021841408423884978e+01
-1.048106699369171224e+01 -9.481738901951091592e+00 -8.480382434346454446e+00 -7.484411127188009161e+00 -6.484312257983457783e+00 -5.483619652011176626e+00 -4.484344369985832301e+00 -3.484300500967297154e+00 -2.481245643713249294e+00 -1.483623973347922842e+00 -4.843629815361758517e-01 5.177910111167172147e-01 1.519483008167958005e+00 2.518402748487204690e+00 3.515828364274714346e+00 4.518550284884188528e+00 5.515787952325556631e+00 6.516007997772906180e+00 7.517972954294901200e+00 8.516987018964503164e+00 9.517449178478930349e+00 1.051892473616383050e+01
-1.048185795342377702e+01 -9.482033712620074439e+00 -8.482897734100157905e+00 -7.482731995934798874e+00 -6.482057561928563416e+00 -5.482667198235333217e+00 -4.482956228608436788e+00 -3.481616390699686647e+00 -2.482873199338248682e+00 -1.483017815107640303e+00 -4.828618893569132098e-01 5.167554935271088112e-01 1.517932074313815605e+00 2.516945654695685874e+00 3.517017321830445908e+00 4.517291316931901335e+00 5.516726689582521104e+00 6.516893120651891635e+00 7.516772018914881670e+00 8.516758868640124547e+00 9.517436282878575682e+00 1.051681925559585906e+01
-6.182921246831160289e+00 -5.182921246831182494e+00 -6.625208159850293654e+00 -3.371691168413784911e+00 -1.089922779686690824e+01 -3.407924073260162334e+00 -2.704071633576917932e+00 4.928382904382333507e-01 -1.338632814204840926e-01 -3.265063943184752127e+00 -2.499575804806791091e+00 -3.111700361386732894e+00 -1.155617968820320973e+00 4.821796695732575522e+00 2.163820723678171465e+00 2.050221935174095567e+00 3.828900282421044743e+00 5.241666343835980513e+00 7.387750205376515389e+00 5.580274739106977577e+00 7.965928013261124541e+00 9.386365874433863610e+00
-1.048255935362122671e+01 -9.482543640346699831e+00 -8.482156932861968812e+00 -7.482554257424064659e+00 -6.482598662884402785e+00 -5.482487343759695264e+00 -4.482654668898755190e+00 -3.482721891762201594e+00 -2.482962072403594789e+00 -1.482395411045720479e+00 -4.830383141948537684e-01 5.177799048410083316e-01 1.516954246400420203e+00 2.517003349451842453e+00 3.517222716896363011e+00 4.517073794691386368e+00 5.517233188687384882e+00 6.517130553214373734e+00 7.516944780437771811e+00 8.517190210013218632e+00 9.517068042843160214e+00 1.051684817993503884e+01
-1.042896953725015230e+01 -1.051668416825260977e+01 -8.428969537250111443e+00 -4.003119911354073857e+00 -2.850848404347742893e+00 -2.968543154329001954e+00 -7.647610798393735809e-01 -4.622903749252966321e+00 -3.988278046670226562e+00 -1.740573369465652886e+00 -1.737275756474600419e+00 3.115459149181690757e-01 -6.386010054969259997e-02 1.717433152952609010e+00 2.125632839398063023e+00 6.656457313873968218e+00 4.479902787140450648e+00 6.088677051500543058e+00 6.634330058893042725e+00 7.274341096311297328e+00 7.968799519869640413e+00 9.237443498387497343e+00
-6.697765222573647925e+00 -5.697765222573645261e+00 -4.697765222573641708e+00 -3.697765222573666133e+00 -2.697765222573633270e+00 -3.526002529935321039e+00 -2.340185697112485474e+00 1.822755403063334445e-01 -6.624314593139064844e-02 -8.413030038259588395e+00 -6.898338361440159439e+00 -1.051937612356881546e+00 1.424539219248893485e+00 3.228230952590456226e+00 -1.137909705203012711e+00 2.296616432723941781e+00 6.222306270767515635e+00 7.936857656432689367e+00 4.423048116057241685e+00 6.848907082168797622e+00 6.792042784087161778e+00 7.947425566933115526e+00
-6.946809550937910416e+00 -7.003342380245270782e+00 -7.956184932455863112e+00 -6.821252766852096805e+00 -7.253543234953136576e+00 -6.014751781092306793e+00 -2.259636440347748021e+00 -2.835642158192232198e+00 -3.494360591646115122e+00 -1.904988165145822032e+00 -3.548496631717775185e-01 -2.839869466931005393e-01 1.721917774026641590e+00 4.676442159329851300e+00 3.760648926334416942e+00 2.985463983744690797e+00 7.970936054071941612e+00 4.352151564468363709e+00 5.181058258284784834e+00 6.429114109336091509e+00 8.198022479127116569e+00 8.233369721218551263e+00
-1.048182389072402998e+01 -9.481823890723964254e+00 -8.482776887037534408e+00 -7.482740811326308972e+00 -6.482846468009732632e+00 -5.483028582551263241e+00 -4.483068800785325436e+00 -3.482945083894527727e+00 -2.482989340343261020e+00 -1.481872453608307438e+00 -4.815264337442268783e-01 5.182576856829772538e-01 1.518343240699973506e+00 2.516799279234607667e+00 3.516440459273065144e+00 4.516613260588849599e+00 5.516577318988048262e+00 6.516876847229205794e+00 7.516783849082200319e+00 8.516978964886867232e+00 9.516806267879209358e+00 1.051674188741227489e+01
-1.048281675865021612e+01 -9.482713702219433216e+00 -8.482820901173065309e+00 -7.482397201555704314e+00 -6.482439368116573064e+00 -5.482726427811106973e+00 -4.482373266565515380e+00 -3.482460900294507056e+00 -2.482838074761337666e+00 -1.482830676334815578e+00 -4.823519467291408347e-01 5.170783520760924290e-01 1.517752786082308347e+00 2.517145124179398508e+00 3.517002296549360807e+00 4.516960964453497596e+00 5.516965457153602870e+00 6.517055259001532264e+00 7.517126024616043622e+00 8.517073591155089218e+00 9.517425213855778665e+00 1.051696057329801626e+01
