-9.308604663876494101e+00 -8.757905680316842023e+00 -1.041551807575569555e+01 -6.368801854018813380e+00 -5.661676368011694827e+00 -4.698900271815411145e+00 -3.314631912750412912e+00 -4.005446389008081809e+00 -2.289926685159159980e+00 -1.535253156191221935e+00 1.573538118593455493e-01 1.535068555543836588e+00 -3.540064110126639463e-01 1.282852881975258708e+00 3.473307576430287646e+00 4.507119494996979725e+00 5.340779983891925653e+00 6.123951236102890050e+00 7.593522923402615810e+00 8.969749076154140965e+00 7.656117915986476952e+00 1.053812375028886628e+01
-6.595282048695432664e+00 -8.759642010241758925e+00 -5.227088622728015999e+00 -5.123193188035780388e+00 -3.727366289967622315e+00 3.814439004488189289e-01 6.368118843944176044e-01 -1.968247214522101940e+00 1.746123412371180406e+00 2.885916889016140185e+00 3.072355895596322828e+00 -1.747134980218303824e+00 1.100077082830163366e+00 2.460741267695545798e+00 7.118290597002673081e+00 4.963559755231683468e+00 -1.290945858272030566e+00 2.156159793904797173e-01 1.982054393844834284e+00 1.946387613523984816e+00 1.336930937735002711e+00 5.059866342315933352e+00
-1.047855158150201049e+01 -9.479124993085866535e+00 -8.478407412767412055e+00 -7.478988215327280642e+00 -6.478681325912480915e+00 -5.478972047567378212e+00 -4.478467293083685519e+00 -3.477997466921818770e+00 -2.478856854140754962e+00 -1.478308863937858320e+00 -4.788864850998013623e-01 5.214701890945327989e-01 1.520926088094700646e+00 2.521282136440261112e+00 3.521464265882960021e+00 4.521187715232363402e+00 5.521034851670259869e+00 6.521257512271391832e+00 7.520641691982740795e+00 8.521052926778780900e+00 9.521159805357441996e+00 1.052104109525679299e+01
-1.047914921830994217e+01 -9.479300435293785299e+00 -8.479300435293790628e+00 -7.476390365172520092e+00 -6.476471248675451875e+00 -5.479383166540742423e+00 -4.479229773987405849e+00 -3.478904630650172081e+00 -2.479320328343971980e+00 -1.479474190283895041e+00 -4.792190600525110256e-01 5.205777477134461151e-01 1.522847149859789084e+00 2.520960484038711868e+00 3.523391258310196505e+00 4.520565975796099423e+00 5.520442795347094034e+00 6.522775296460507022e+00 7.520253885876062583e+00 8.520216849039906393e+00 9.521192420612692331e+00 1.052019472826612123e+01
-1.047932782904664606e+01 -9.477498309178773894e+00 -8.477934913201762512e+00 -7.479117409749472145e+00 -6.478889742358147075e+00 -5.477935747666785815e+00 -4.479170442982146838e+00 -3.477844984693961194e+00 -2.479362772269670501e+00 -1.478957296772426488e+00 -4.778222455219740539e-01 5.210909829898326961e-01 1.521159751848747632e+00 2.520936785773800537e+00 3.521808935837317023e+00 4.521284429864454779e+00 5.521130441264679334e+00 6.520909084515141174e+00 7.520630991594368098e+00 8.520593731240795776e+00 9.520778207616380939e+00 1.052081408961253395e+01
-1.047893495620653681e+01 -9.478934956206511941e+00 -8.478411709381775907e+00 -7.478883018209188549e+00 -6.478855942799285117e+00 -5.478030880405157177e+00 -4.478290205313385286e+00 -3.478638661517344133e+00 -2.478594069792450227e+00 -1.478618641807273093e+00 -4.786471328274828352e-01 5.211490043862276877e-01 1.521017069505019137e+00 2.521242695437232229e+00 3.521909634159362312e+00 4.520738887177268239e+00 5.520860473202027663e+00 6.520643303678792080e+00 7.521623904393480942e+00 8.521350527690209731e+00 9.520725289867677077e+00 1.052085512368515730e+01
-1.056326817189971834e+01 -7.831708006272505962e+00 -8.878433554507598302e+00 -8.002591318054795622e+00 -5.100879744636082513e+00 -5.640447074453419418e+00 -4.664399859180819341e+00 -1.595138201493961683e+00 -2.526626041669150613e+00 -1.702112379594773239e+00 -6.501697903534265910e-01 2.453585971629810736e+00 7.178980144640371153e-01 2.018814014389540556e+00 2.792135222496748614e+00 6.190158356424267261e+00 4.747900916737492594e+00 6.189277050668449576e+00 6.581390748214483999e+00 7.826416975426223388e+00 8.671106768236830575e+00 9.434365842144492476e+00
-1.047915662825100469e+01 -9.478149540722345279e+00 -8.478658251464347373e+00 -7.478417299687873054e+00 -6.479140117764448092e+00 -5.477585844695543216e+00 -4.478497408330422758e+00 -3.479142792522901928e+00 -2.478540346026401053e+00 -1.478870317339875839e+00 -4.789139553904409041e-01 5.219284072518455275e-01 1.521649695932877577e+00 2.520693667232999147e+00 3.520885422825825728e+00 4.521020866930491877e+00 5.521238751709471870e+00 6.521130740642558266e+00 7.520952738821522487e+00 8.520924203097827387e+00 9.520627625286586238e+00 1.052129612118007529e+01
-1.047878825037989259e+01 -9.478788250379921010e+00 -8.478282244198686257e+00 -7.478487001054675787e+00 -6.478946303271412077e+00 -5.478768297725084224e+00 -4.478436515920529715e+00 -3.478799560361286680e+00 -2.478872531347635189e+00 -1.478466772728333822e+00 -4.788295005194100895e-01 5.210003505714979610e-01 1.521331148899420782e+00 2.521298697895625551e+00 3.521265006370173367e+00 4.521189077503308340e+00 5.521150580353364035e+00 6.521175513721328088e+00 7.520971438593500480e+00 8.521452120251280959e+00 9.520948468453509506e+00 1.052095856399021834e+01
-7.312193668451786976e+00 -7.162002711401148858e+00 -5.312193668451727468e+00 -5.162002711401164845e+00 -1.011225443180091688e+01 -2.982237587240101462e+00 -2.435218545849989091e+00 -1.294608943674824486e+00 -4.887331730950721820e+00 -4.453192051443807031e+00 -5.471286409943085793e-01 -8.869319975817734347e-01 1.739896085542001813e+00 2.678403904681507797e+00 3.594902476518031076e+00 3.457100993768880137e+00 5.143509145125654491e+00 5.420280255419343440e+00 4.911271911812056246e+00 9.422989029059678501e+00 6.993317631803659395e+00 9.652900994227602283e+00
-6.115935410682578066e+00 -1.714041140157051224e+00 -7.140411401570485594e-01 -1.090004744109575086e+01 -9.400890245593869210e+00 -1.538842920590514307e+00 -1.004418751928960685e+00 -3.623887108978883553e+00 -3.479531781310667427e-01 -2.208677846375040055e+00 1.168923905459431811e+00 1.355697494325180941e-02 1.581218158489959835e-01 1.140831632903484216e+00 2.842606775148798448e+00 4.615637522401239146e+00 3.571437818017894283e+00 1.429518768581629296e+00 2.917320942225552383e+00 7.336189671074815344e+00 8.226773649756346174e+00 4.615091446045442858e+00
-7.360695114575417364e+00 -1.221895329039127454e+01 -6.622772861937998634e+00 -5.378713972469200577e+00 -3.139173865059790458e+00 -1.946119331520856477e+00 -5.800839000763614806e+00 -9.260957427426836919e-01 -1.549040935802322494e+00 9.782562067322453370e-02 -1.970943914750483472e+00 1.953986159118905830e+00 9.186581229510242252e-01 7.515672536556170513e-01 3.514393534377987294e+00 2.966187625215012336e+00 2.900708552631277026e+00 5.694912054791167577e+00 6.643776414313441236e+00 7.834467253416563359e+00 6.431487130504955907e+00 7.672654047080591511e+00
-1.047959986329075122e+01 -9.479599863290770756e+00 -8.475716471672038566e+00 -7.478805392980582667e+00 -6.479651957750297342e+00 -5.476476669311509227e+00 -4.479694552719585943e+00 -3.479326166212562299e+00 -2.476511314511283146e+00 -1.479702726006500768e+00 -4.790096879005414365e-01 5.208046808838844299e-01 1.524412788450716150e+00 2.520202919840812683e+00 3.520596958696842194e+00 4.521183289587497711e+00 5.523212909698488104e+00 6.520616836845874786e+00 7.520225644111636853e+00 8.520068377256393433e+00 9.520035520195959222e+00 1.052001047879457474e+01
-1.047935671189962648e+01 -9.479356711899665555e+00 -8.476449085568821928e+00 -7.479392295872628438e+00 -6.479304505681428239e+00 -5.479059403931536565e+00 -4.476591026579768595e+00 -3.476507729088718079e+00 -2.479157140647808788e+00 -1.479366367852126274e+00 -4.792123494500408754e-01 5.211654247885455504e-01 1.520772518420770325e+00 2.523057618940422131e+00 3.520520279014659693e+00 4.520473139191226508e+00 5.520725557411267914e+00 6.520276883447717609e+00 7.523249545896604218e+00 8.520356843078682019e+00 9.520143406296329047e+00 1.052028785070236516e+01
-4.871341192259020403e+00 -3.808720496961551127e+00 -2.066379373016813403e+00 -1.342772726136052697e+00 -9.288900113318863117e-01 9.200192964395537132e-02 -4.887624726953321286e+00 -6.116512160052026914e+00 -2.758499155513945311e+00 1.199327498415789339e+00 -3.144075635186799555e+00 1.670983066777538939e+00 7.120022487726417104e+00 -1.324889307750106715e+00 4.333898121804400927e-01 -1.769033886430636082e+00 1.999262272986876532e+00 4.375743345719913968e+00 2.169568847259879085e+00 4.275001209065362850e+00 1.725786301897931807e+00 8.424927638634182259e+00
-1.047795202447601781e+01 -9.478052428500198801e+00 -8.478052428500198801e+00 -7.479108339683573803e+00 -6.478940954939865549e+00 -5.477897381917994579e+00 -4.479081189767857296e+00 -3.479089318351306304e+00 -2.479100293056511362e+00 -1.477927869693779428e+00 -4.792474271221482951e-01 5.209256424145358721e-01 1.520747774703949062e+00 2.520818264646969453e+00 3.520708554847686855e+00 4.520938807590448860e+00 5.521819749339069716e+00 6.521155254407370094e+00 7.521116943521944265e+00 8.521321923895328609e+00 9.520600223405805806e+00 1.052157225595280288e+01
-1.047810563292693331e+01 -9.479004534300068840e+00 -8.478994341905817578e+00 -7.478605365719321441e+00 -6.478856230493283519e+00 -5.478259699757803247e+00 -4.479002701457257984e+00 -3.478679163720132195e+00 -2.478389935906619712e+00 -1.478932200338352487e+00 -4.784497342665101627e-01 5.214384176175688168e-01 1.520833784375675179e+00 2.521118132058868255e+00 3.521040832285169841e+00 4.521418364379888644e+00 5.520847035233270361e+00 6.521071178499946441e+00 7.521449224684724655e+00 8.521278669718984844e+00 9.520842989568000903e+00 1.052121665108609783e+01
-5.197302593390570102e+00 -4.197302593390623393e+00 -6.558535108835467753e+00 -6.015183583007273072e+00 -6.598180075188521343e+00 -4.050799027475536107e+00 -2.545423784380302479e+00 -3.931083484028449426e+00 -5.044178760684768115e+00 -5.735151764956381015e-01 -5.785294357651358688e+00 -1.040627444303282800e+00 8.013247380892936533e+00 1.968724838195281102e+00 3.067339405868921620e+00 3.584309691854402402e+00 2.252846725231903768e+00 4.131984670340467680e+00 4.510059550786706062e+00 8.464923357910722146e+00 7.341146159931478898e+00 8.670119946535095323e+00
-1.047926261817871563e+01 -9.477740099484270431e+00 -8.478422431105922641e+00 -7.479242196137274590e+00 -6.478641820902165449e+00 -5.479247523302387179e+00 -4.478114953095275297e+00 -3.478951049799290374e+00 -2.478976486081423403e+00 -1.478010823780842031e+00 -4.789891222661299963e-01 5.219270309263919216e-01 1.520971695130514334e+00 2.521386819129624257e+00 3.521513940935772524e+00 4.521335760300798867e+00 5.520857775753185592e+00 6.520883226936502908e+00 7.520865293389009665e+00 8.521081106906578384e+00 9.520888807421366451e+00 1.052116340601984845e+01
-6.115577208756048933e+00 -5.115577208756034722e+00 -9.898490444529382870e+00 -7.271986319054460246e+00 -2.209927782035302268e+00 -5.270099999679089819e+00 -3.669591087579338051e-01 -3.102896535177956050e+00 -9.922615959500789007e-01 -3.055237345756307121e+00 4.969842506181334940e+00 -3.187161093545068269e+00 3.380231490812051209e-01 1.088276412759481282e+00 3.088663687931147983e-02 3.625660438381429707e+00 3.109911338717672447e+00 4.818989106270491263e+00 6.027073688213684832e+00 6.376192450254441368e+00 8.278467041734536735e+00 8.390127612240206645e+00
-1.047695737027311225e+01 -9.479217243126843329e+00 -8.479777795008633490e+00 -7.479276996783246645e+00 -6.477084819904769475e+00 -5.479326453737227709e+00 -4.476824243298976214e+00 -3.479377132586463972e+00 -2.479294066063385316e+00 -1.479259897700758941e+00 -4.795155047693064887e-01 5.204104290089759388e-01 1.520976673134342150e+00 2.522815647789013127e+00 3.522364977069869951e+00 4.520819629796520189e+00 5.520788568326011614e+00 6.521966013380067650e+00 7.521222892471332244e+00 8.520658294924274401e+00 9.520518887110723583e+00 1.052064524895764919e+01
-1.008234264058914498e+01 -8.983942319551733391e+00 -7.983942319551728062e+00 -6.983942319551764477e+00 -8.948151867828274320e+00 -5.048642619241860530e+00 -4.153385626699652278e+00 -3.142429613544215350e+00 -2.099082612032881379e+00 -1.053684451274296441e+00 -1.459076568189478229e-01 9.349820512249178428e-01 1.897915317051192652e+00 2.890899059831308016e+00 3.914236034137707598e+00 1.968472628709111438e+00 5.877118143047436405e+00 6.877914045414384780e+00 7.892602571663268840e+00 8.927704401449400251e+00 6.963180163312777005e+00 1.094770536955910423e+01
-7.420302260638936609e+00 -1.285074755440381544e+01 -7.093145099501580120e+00 -5.405567125584624044e+00 -3.963449772529503257e+00 -7.793646550569310882e+00 -2.315689566781392372e+00 -2.688584689525074012e+00 -7.884752916347608220e-01 3.211435608375834416e-01 5.710363309735149162e-01 2.957862933603121469e+00 -2.783576583722330300e-01 4.012948411319685604e+00 1.143181723841930175e+00 2.640854921615706008e+00 4.827339716129387170e+00 6.324776035539994012e+00 5.564675584402188235e+00 5.614286154788928229e+00 7.305873169318313209e+00 9.781262765886999944e+00
-8.003358548323406652e+00 -7.003358548323452837e+00 -6.003358548323456390e+00 -6.230855316789998710e+00 -7.312855037858384755e+00 -4.120196488312575234e+00 -2.208470404466069237e+00 -3.487242913710373315e+00 -4.034277421228132710e+00 1.470714765545818370e+00 -4.248323743624892401e+00 6.164598324598697943e+00 -7.714205088309212810e-01 3.150440821785300827e+00 4.532670604009508608e+00 1.888139341394756254e+00 4.549924866511815935e+00 4.806205619829811759e+00 3.855038283161239754e+00 6.616995497510107960e+00 7.206996236658834043e+00 9.649268857501894558e+00
-1.047554222968487636e+01 -9.479941693219258170e+00 -8.479334515604097788e+00 -7.479384792121981818e+00 -6.479227197441177921e+00 -5.477188211950389629e+00 -4.478459623726925187e+00 -3.478461739691827148e+00 -2.479021024974896292e+00 -1.478353542360382633e+00 -4.788152697411405256e-01 5.245676812800521560e-01 1.519882547584455068e+00 2.520853954282676668e+00 3.519745307889854402e+00 4.522397997704423744e+00 5.520324903455650301e+00 6.520093548026954622e+00 7.522719207135114772e+00 8.520595270124351472e+00 9.519960048523822493e+00 1.051986511322584938e+01
-2.155939444455983178e+00 -9.005745044323683501e+00 -5.253067101804723471e+00 -3.624844859559216204e+00 -2.762682163426985138e+00 -2.281075138672408187e+00 -3.599898395453303923e+00 -2.726545971475113017e+00 5.960957819532053392e+00 -1.375591377821629990e+00 -3.180486419543353982e+00 -1.727884634287796928e+00 4.143399792222029809e+00 2.497929096957310247e+00 1.535238471909774249e+00 -2.703229359688135158e-01 5.370435278309654947e+00 4.306298937002628335e+00 2.708303455364312828e+00 1.476455876997431194e+00 5.298645886160707086e+00 5.133694611053234880e+00
-1.062953322564821868e+01 -7.477774974448524681e+00 -6.525032542257832802e+00 -7.701988644317364852e+00 -6.600084968545862019e+00 -5.720300413464364020e+00 -4.692246996006331550e+00 -3.707956492169731888e+00 -2.619619157664335063e+00 -1.586264389895378324e+00 -6.450835073685274867e-01 2.510138438312537357e+00 1.377437452713523358e+00 2.142716398856578497e+00 2.639250502446731872e+00 3.647389214624901399e+00 4.786795940231880486e+00 5.834725177387848127e+00 6.554753993069384777e+00 1.039949837798191190e+01 8.932041280099138447e+00 9.548414274778151523e+00
-1.047834645584222102e+01 -9.478613261133416401e+00 -8.479129295796141719e+00 -7.478366348892452109e+00 -6.478605937212700283e+00 -5.478185016661877071e+00 -4.478639494627715933e+00 -3.478718046098947525e+00 -2.479058001190402649e+00 -1.478056002408250080e+00 -4.787225611507857082e-01 5.208122245967405917e-01 1.521219801157718265e+00 2.521914076060060239e+00 3.520967554301032365e+00 4.520773585885766721e+00 5.521354865282777524e+00 6.520808000117542136e+00 7.521167065948258568e+00 8.520776059478523123e+00 9.521024335175754416e+00 1.052089859172701303e+01
-1.047862348739400318e+01 -9.477822438221085832e+00 -8.478623487393964098e+00 -7.479076885025628840e+00 -6.478211932222954772e+00 -5.478909097950586116e+00 -4.477895602922552953e+00 -3.478999168019418775e+00 -2.478372462432487211e+00 -1.479044340889563713e+00 -4.787281829525209531e-01 5.213007849048381104e-01 1.521014772016885175e+00 2.522148646075601519e+00 3.520876183767200018e+00 4.520659900863050140e+00 5.520675807852622796e+00 6.520883954722762610e+00 7.520883083004829217e+00 8.521606854755757965e+00 9.520804129202243615e+00 1.052072870697486273e+01
-1.047843170928000234e+01 -9.478640828450952682e+00 -8.478305109014559804e+00 -7.478777207603512167e+00 -6.478456340899510835e+00 -5.478792317380955623e+00 -4.478619087656772635e+00 -3.478479210456661974e+00 -2.478378344496519503e+00 -1.478413108905593631e+00 -4.789272213185249427e-01 5.209527796303774494e-01 1.521110303530647911e+00 2.521051678637219240e+00 3.521095938811260595e+00 4.521162621507599511e+00 5.521286513487053682e+00 6.520898658612921395e+00 7.521066821942286040e+00 8.520903289148760607e+00 9.520826048979717626e+00 1.052114156989212290e+01
-1.047844511101188658e+01 -9.478097809647962890e+00 -8.477033687924784289e+00 -7.479493988847190522e+00 -6.479434875940716765e+00 -5.479126205837177466e+00 -4.479424668645316743e+00 -3.479338405823163782e+00 -2.479368372058303294e+00 -1.479180677031921576e+00 -4.781894592398892030e-01 5.222104059701653256e-01 1.522031398320745410e+00 2.522348547185007561e+00 3.520770074630329205e+00 4.521406398916793634e+00 5.520891742611482300e+00 6.520630629563877179e+00 7.521659390831548109e+00 8.521324159408164789e+00 9.520594449544498517e+00 1.052054180374199888e+01
-1.047937640920287805e+01 -9.477040190249686802e+00 -8.479403715580701828e+00 -7.477279569953710237e+00 -6.479080159217113888e+00 -5.479351360350841915e+00 -4.479279931634666312e+00 -3.477062691003096617e+00 -2.479432348161930477e+00 -1.479484114795935668e+00 -4.793868549168252002e-01 5.227148421108598342e-01 1.520833324640976869e+00 2.520872350782141780e+00 3.522072862833724116e+00 4.520739588886483418e+00 5.521770413964976143e+00 6.521471362560973262e+00 7.521298822015515029e+00 8.520532067865122627e+00 9.520614679902774213e+00 1.052053276821969874e+01
-7.434562660193255290e+00 -1.202874913680079771e+01 -5.844420772834789446e+00 -6.393999015603286651e+00 -3.794284815475904349e+00 -4.310117475146083343e+00 -5.289671184002752824e+00 -2.033892625149035016e+00 -1.005988117046451968e+00 -7.182388259889900262e-01 -6.707493296901582136e-01 1.929342378235587185e+00 9.483663093763550211e-01 -7.266974144789086765e-01 7.633451946160685342e-01 2.266496956312090028e+00 5.931912345118938390e+00 5.379310840509779368e+00 6.637750536599999585e+00 7.530070618381179415e+00 9.422103137203103884e+00 9.909948794773420389e+00
-1.345328734179297392e+01 -6.304850215147924430e+00 -5.343674688265390493e+00 -4.221429426329670775e+00 -3.646526660963150590e+00 -8.310394164233935399e+00 -1.390668335803725286e+00 -1.424012802723494620e+00 -4.030545893059858997e+00 -3.448320893907817819e+00 -2.277867486394184127e+00 1.348224629258000684e+00 2.982463517903681804e+00 2.695549903873855957e+00 2.728592177013243969e+00 3.193264082628797240e+00 4.333075938248429182e+00 5.938749326284455954e+00 7.257620769700305452e+00 7.444288847373285556e+00 7.414930225727454527e+00 8.982094229326744284e+00
-1.047908053411676121e+01 -9.478564804927858134e+00 -8.478145765648639198e+00 -7.478067333386716697e+00 -6.478776267306358250e+00 -5.478476038710629936e+00 -4.478601856665170189e+00 -3.478296055035164258e+00 -2.478755889968425663e+00 -1.478924187408248159e+00 -4.788358980281746113e-01 5.210125683383513007e-01 1.521334534002980021e+00 2.521178652955725852e+00 3.521064357324082295e+00 4.520959199829539088e+00 5.521120758219199232e+00 6.521146127446133534e+00 7.520969962193218450e+00 8.521433202041823307e+00 9.520833769305189875e+00 1.052074723826213365e+01
-9.096397409820621505e+00 -7.039875163531400304e+00 -6.484992042961338576e+00 -4.432166981804226857e+00 -4.350176220879938604e+00 -2.650856386715744417e+00 -1.970355059170868728e+00 -6.101298395780053951e+00 -3.594713781651672768e+00 6.948983807692178383e-01 -2.779342400561585436e+00 -1.687548048717388394e+00 5.225568352453948684e-01 2.983358735519399119e-01 1.943535047328283749e+00 2.937010862021915969e+00 4.039888555240491286e+00 5.380912209094623755e+00 6.615741234565786222e+00 7.593386363605433509e+00 1.065903103629633719e+01 9.969701232591546614e+00
-1.047744647616691083e+01 -9.479161018675014816e+00 -8.477434361522846018e+00 -7.479171017354209638e+00 -6.477476621215981112e+00 -5.479033390229401945e+00 -4.479043746536417459e+00 -3.479447538202474988e+00 -2.477477574890304624e+00 -1.479093166237523960e+00 -4.790719097310898178e-01 5.213875377720018633e-01 1.521716860884962941e+00 2.520549906248383820e+00 3.521594544703303242e+00 4.521060725504696620e+00 5.520625730807124043e+00 6.521253963763058437e+00 7.521274668926542617e+00 8.520630201155476868e+00 9.520504003221331502e+00 1.052053441649133347e+01
-8.237769486065214863e+00 -7.237769486065260161e+00 -1.177915305769802856e+01 -5.146051328317137852e+00 -4.454512753318743634e+00 -6.649988565790536654e+00 -4.258177229345222692e+00 -2.772653103516911077e+00 -6.905318030342992852e-01 -3.227254724119162255e+00 2.027106538129259394e-01 3.767580739773919163e-01 2.452428376014139211e+00 3.594558823085146848e+00 2.680867759814228535e+00 3.730560848950944752e+00 5.427093448400363229e+00 5.583766548442735456e+00 6.774413029798019181e+00 7.537107568273537339e+00 7.797741117067204186e+00 8.763131028350009899e+00
-1.154000359356683525e+01 -5.257965838546477144e+00 -4.232585641088662420e+00 -8.755218042508779774e+00 -3.015869338113877696e+00 -2.491907162688784982e+00 -5.420681494537385348e+00 8.033025926441308417e-01 -3.532519245157693888e+00 -2.481431349589032109e+00 -1.964545214277473750e+00 -7.057198615580364542e-01 6.010623786598538132e+00 1.155800420143607621e+00 3.036825255304170135e+00 3.686808482722752967e+00 3.621988370756810127e+00 4.108921709216062368e+00 4.940112648440796228e+00 5.693260590886743522e+00 7.764441100544472896e+00 9.043637563091074583e+00
-1.047840117595415421e+01 -9.478829815306442086e+00 -8.478681220927022366e+00 -7.478579609908866388e+00 -6.478580064394254379e+00 -5.478879391469742899e+00 -4.478798765011806182e+00 -3.478382989086901134e+00 -2.478862068869835511e+00 -1.478892400183461575e+00 -4.787682027302100352e-01 5.212669975378236842e-01 1.521338087252585680e+00 2.521246433935374398e+00 3.521272753111329479e+00 4.521125600419253487e+00 5.521209520033806939e+00 6.520873361013142855e+00 7.521017142317509396e+00 8.521276158026662273e+00 9.521334872327059884e+00 1.052097051658412852e+01
-1.047941488061434967e+01 -9.479206472973913833e+00 -8.477397315542791745e+00 -7.479340650479903374e+00 -6.477511644702047988e+00 -5.479088001291847476e+00 -4.479206249456501254e+00 -3.479183584790339623e+00 -2.477594860236729701e+00 -1.479427911679843888e+00 -4.791754860092254376e-01 5.206094231795219684e-01 1.521668724377049031e+00 2.520942166108977034e+00 3.521528482098474910e+00 4.522028125483883443e+00 5.521543375809089937e+00 6.521007902581583693e+00 7.521863624114891067e+00 8.520642548460857668e+00 9.520811780948530867e+00 1.052117664333094638e+01
-7.148302411256342914e+00 -6.148302411256279854e+00 -5.148302411256276301e+00 -4.148302411256288735e+00 -1.191029860790143857e+01 -3.092372232293576051e+00 -1.710494832022078304e+00 -2.993744514962510372e+00 -4.978415327175389482e-01 -1.313295122593775677e+00 -1.307000023407277611e+00 -3.168755245775334295e+00 1.301784105097179234e+00 -7.719130056742333768e-01 4.949498965633226000e+00 3.823261136522633663e+00 3.042442408525405373e+00 5.300222222458155663e+00 7.746067178304087975e+00 7.485802870840535306e+00 7.903030417603248203e+00 8.274091196104601309e+00
-1.062829306453219758e+01 -1.066405205087023234e+01 -3.977031480892697424e+00 -8.790546774665392249e+00 -2.000205860142516112e+00 -6.233732634357258107e+00 -4.784819156402596363e+00 1.708048336553132263e+00 1.694862259796234838e+00 -1.575502996701789948e+00 4.211219626353302381e+00 7.148813921715562181e-01 1.269984315762594296e+00 1.470929892805475259e+00 1.255422387898435632e+00 2.443961105370571651e+00 3.908881253447204163e+00 4.798145417705134363e+00 5.099698361108007560e+00 5.901069635766148735e+00 6.668143469128304801e+00 7.976212303414710547e+00
-1.047791178490632547e+01 -9.478688440878277888e+00 -8.478853866119274940e+00 -7.478581308979908471e+00 -6.478864200074561097e+00 -5.478019393641847756e+00 -4.479144900698553755e+00 -3.478081769902617637e+00 -2.478931881148705330e+00 -1.479011259634390285e+00 -4.792418402027092128e-01 5.218053761530878631e-01 1.520604238252742491e+00 2.520806886594385787e+00 3.521397464315988657e+00 4.522183932702642295e+00 5.520838938992117306e+00 6.521099694411853775e+00 7.520707942884072850e+00 8.520870931785204050e+00 9.521064378659815475e+00 1.052122660015116473e+01
-6.678082869879419903e+00 -5.678082869879382599e+00 -2.915489127909993705e+00 -3.996512805103934252e+00 -7.247241419937830997e+00 -8.373906368375592990e+00 1.583104306402868033e+00 -3.161631031101428402e+00 2.304990920191794856e+00 -3.465397391036054486e+00 -1.459059929875608841e+00 2.748484603362228551e+00 -1.047707981801236254e+00 -1.727784340556752340e+00 2.167029492188587980e-01 2.067476268943333473e+00 3.072956636010590437e+00 4.938100848174451940e+00 6.037755775254311175e+00 8.616596396822984616e+00 7.040177861054527142e+00 7.591825308737411682e+00
-1.047837298888379820e+01 -9.478005570952191761e+00 -8.478372988883752015e+00 -7.478791391138354783e+00 -6.478576914999978342e+00 -5.478522663597370723e+00 -4.479159218851822999e+00 -3.478805059228450958e+00 -2.478579213504083611e+00 -1.478754577819607618e+00 -4.789375789802328143e-01 5.208083301443817703e-01 1.521459693427775761e+00 2.521536892618625458e+00 3.521043161268925914e+00 4.520794911648728487e+00 5.520853260870669743e+00 6.521030241962170848e+00 7.521162705834601780e+00 8.521038590337729701e+00 9.520846905525422343e+00 1.052157921191642664e+01
-8.627217470878886019e+00 -6.518801687994168148e+00 -5.335089606662883455e+00 -6.218580316319416212e+00 -3.330876547295643419e+00 -3.608879113012167128e+00 -3.412093728449710373e+00 -1.432389710044734699e+00 -1.776266747227952525e+00 -1.365457290550738945e+00 -4.868897084756175220e-01 1.095497561571236123e+00 2.438676018218000063e+00 1.859275859236251716e+00 4.941325248490580080e+00 5.638401267560649188e+00 1.016475240056747431e+01 3.754517588671873796e+00 5.316867630815018231e+00 3.232930409672137628e+00 9.871771571699321512e-01 3.150396523654881875e+00
-1.047872129624536086e+01 -9.476451581174664796e+00 -8.479727452451523817e+00 -7.478540202433427098e+00 -6.478551929647254681e+00 -5.477428695017634297e+00 -4.479889115149324752e+00 -3.479877693409273220e+00 -2.479654526168634021e+00 -1.477627089077758527e+00 -4.776429811661824232e-01 5.205014740878919355e-01 1.520326035266581499e+00 2.522663826292214750e+00 3.520800838416276335e+00 4.520687932317912328e+00 5.520332457667054271e+00 6.520915383642375218e+00 7.520760642533961260e+00 8.521228039806540977e+00 9.521739410405810844e+00 1.052143226022070444e+01
-1.047902049225831433e+01 -9.478440013798785202e+00 -8.478801374408314828e+00 -7.478445747020568746e+00 -6.479022474112813512e+00 -5.478699640455548803e+00 -4.478986197235894196e+00 -3.478215918960895436e+00 -2.478238624605234364e+00 -1.478997045281239764e+00 -4.791084165600079103e-01 5.217325230213827325e-01 1.521227828142334815e+00 2.521182554689332278e+00 3.520964569327517779e+00 4.521188686517165323e+00 5.521138242361233850e+00 6.520988746461561902e+00 7.521134055134943708e+00 8.520978263494662031e+00 9.521330091086309011e+00 1.052138612317769528e+01
-1.047663533145729531e+01 -9.480088243430300210e+00 -8.480088243430300210e+00 -7.474499756639666259e+00 -6.478040004318396328e+00 -5.477773809974834762e+00 -4.480433011596851145e+00 -3.480418721383273351e+00 -2.480457121675648580e+00 -1.475524867122818051e+00 -4.791065102273783793e-01 5.199368799274601827e-01 1.521615793759172774e+00 2.520464604551138521e+00 3.520001238042659963e+00 4.520539304072206832e+00 5.523179506713690401e+00 6.520508920604530800e+00 7.523546432906934811e+00 8.519683470780202938e+00 9.520788436586204995e+00 1.052007677202875158e+01
