-2.768287259844760817e-02 -6.047312639058784189e-02 -1.870161332076534233e-01 -1.200333258236679634e-01 3.908080809889930007e-02 5.826679073058578517e-02 3.549928906446592203e-01 1.852168198377832087e-02 -2.876368776726434540e-02 1.363306427274871557e-01 -1.236525626383309096e-01 -5.074598487178008654e-02 1.308801797411629497e-02 -3.528805048300701075e-02
4.733040601792859459e-04 -8.617110562921210387e-03 -5.978602692809073527e-03 3.262162388491439413e-02 4.305299645381523155e-02 -2.934908438034820877e-02 -2.136085681572195277e-02 -2.081302491083791839e-03 -1.205637627004645107e-02 -4.946052266200114123e-02 -1.627859402634120045e-02 5.904144970049750307e-02 -8.977983679564216501e-02 8.639800097629581066e-02
7.209358608678693991e-02 -3.327558221603212907e-01 6.870520889032830092e-02 -9.393300980111612963e-02 2.667024731044075753e-02 9.061983452526289895e-02 1.517762814089001766e-01 1.724893011736473025e-01 4.113692625585628482e-02 -1.312807411716823691e-01 -2.431396623953027136e-01 -5.594935731929053663e-02 -9.379460828356772986e-03 2.295717564036341973e-01
-2.104816278279552921e-01 2.874129561935724955e-02 7.368249759086109574e-02 1.269386813793836333e-01 4.446823243640646642e-03 1.653705435182448863e-02 -1.678873714067391845e-02 -5.878461796458080146e-02 1.549289793669660249e-02 -8.062236821403256579e-03 1.101687455406949318e-01 -1.015835154585087580e-01 5.236083506511496344e-02 -4.604300713566454595e-02
-1.085179493194581429e-01 -7.062742703971781888e-02 1.842887767743497385e-01 3.161959157473679533e-02 -9.566773208132896278e-02 9.448829470585808077e-02 2.551157166099632390e-02 -2.023401221548065676e-02 -7.205796443051795674e-02 -1.224543365443920978e-01 7.941909561425483655e-02 -2.166246933635304628e-03 1.050166890904594141e-01 -4.199326247733725648e-02
-7.736403011019109266e-02 -1.787366668670302070e-02 6.397207427080306430e-02 3.851577851718073582e-04 3.961979637220947037e-03 -5.998869223776515797e-02 -1.022511037241093795e-02 4.647829548218695983e-02 7.574342844911310935e-02 3.782231481106130416e-02 -1.834026980991252179e-02 3.504760841855822373e-02 -9.394684221597544849e-02 9.528409576298260686e-04
4.811485495849827931e-02 4.825094573523007468e-02 -8.579919885540279734e-02 -1.142696934690657917e-01 -1.238804360066881943e-03 -1.120450220552007652e-02 2.592761857060909940e-03 7.669772904214069986e-02 -4.297176981398970197e-02 5.708840465567072142e-02 2.744474763977426332e-02 4.153142922055093333e-02 -1.500784257351716645e-02 -4.460397345257640506e-02
-5.197304336496141874e-02 5.481025664546691767e-02 1.129690448857819697e-02 -3.936104195084069030e-02 3.479659146164216371e-02 -3.667418367644595389e-02 -3.123836479754685952e-02 2.058718857306279099e-02 9.407875796926878226e-03 -6.078855226236243303e-02 2.865100054887598918e-02 7.096931956220109416e-02 8.658450878963257213e-02 -1.104433714354422086e-01
-9.657902123217701994e-04 4.705647937600306724e-02 2.754922371951403978e-02 1.278935111400452893e-02 -5.354365980028970122e-04 -7.508170850540568653e-02 -4.174421860288313191e-02 -7.836739068460610996e-03 -4.883604632419897423e-03 -5.019419703180147407e-02 1.504599290629496898e-02 1.093535552203045609e-02 1.438961328852611478e-03 5.305141906338282226e-02
-3.979712228327056400e-02 -1.762294883751489016e-02 -7.504594464272110188e-02 4.066362546937152961e-02 -6.523482787450537654e-03 1.205877280839409357e-02 -1.493063635111877563e-01 1.173621830948261557e-01 1.431363029107359242e-01 5.619877737835196618e-02 2.389416254827612940e-02 6.194723909205107626e-02 -1.489212487703217569e-01 -3.141886409075320130e-02
-3.863286108248610226e-03 -4.649948583942736802e-02 -1.372111618114389003e-02 4.016377722566961961e-02 -5.920345556129295861e-03 -2.429410569328603955e-02 2.401850541765521499e-02 -2.370071851574969898e-02 8.607851950167130783e-02 -6.557796037587473870e-02 2.405162654014118134e-02 3.267117216018238651e-02 3.800611309239095709e-02 -7.478760728906397315e-02
-3.942070006324802089e-02 1.384637169018542585e-02 5.834822345801982113e-02 5.383208846488510974e-02 -4.568611665290736590e-02 -5.719780755713678444e-02 -2.875849312596504004e-03 1.738424258991904184e-02 -3.859250337659006491e-02 2.255128063922610948e-02 8.980399746199968156e-03 -7.311218031186603183e-02 5.543410378469496025e-02 1.313353528000137278e-02
2.122569557214175340e-03 -1.131178130273285953e-02 -1.184126927619676972e-01 -1.384397214786418917e-02 1.571976410113848366e-03 7.729036911255593445e-02 1.325321959462345267e-01 4.979171254353421255e-02 -1.276875507506087803e-01 1.403643721721207355e-02 4.204285418376603467e-02 -3.637942198602586719e-02 -5.944241700256160110e-02 3.431480935991723658e-02
-1.390943712818075439e-01 -3.346653481660818302e-02 9.744541598657538439e-02 2.967543213528743562e-02 7.017953323164612123e-02 5.078678838762287762e-02 -1.094153968967563756e-01 3.309426033049187033e-02 3.176039101540053394e-02 1.645639880571901636e-02 -1.149753942723225203e-01 9.273156241136518152e-02 -2.349933560269178157e-02 -1.505366105513501751e-02
-9.836352681447645130e-02 2.102076388751519809e-02 4.175249217092278503e-02 -1.868648711582827915e-02 -6.146152179943102645e-02 3.432883401978762197e-03 1.302034302581155101e-01 -6.257164192024646139e-03 1.280501778011623563e-02 1.349411998202440857e-04 7.279125207749105250e-03 5.014013745993937954e-02 -6.206652784566972503e-02 -3.330847521994004246e-02
-2.011079356376513708e-02 4.522817002061595842e-02 -3.913353436886387454e-02 -8.915977335272550451e-05 -8.331165558297932983e-02 5.474161343196624896e-02 3.232185133532741034e-02 -5.373053285471243029e-03 1.645954043901435085e-02 -3.943535966635518253e-02 2.962693692594131623e-02 2.370421949516885937e-02 2.434183819593288556e-03 -3.043787084805288368e-02
-1.283550178897826521e-01 4.460476950414096753e-02 -7.266815813334225743e-03 1.589152060145607170e-02 -4.933739425512764787e-02 5.661160400976399804e-02 1.898424239846480122e-02 6.453514784400073145e-03 -8.364956541957686842e-03 1.025738112535653501e-01 9.668957975168913921e-02 -6.166001630656861576e-02 -2.070232993933916743e-01 1.068235462754692083e-01
-9.788838294938539963e-03 -1.399499984061257536e-02 7.025898372819459892e-02 -1.990488060974811985e-02 -8.287984667487095086e-04 -1.973614391849587424e-02 1.677979245641959480e-03 -7.408605701179649117e-02 2.063819790527627457e-02 -1.670819963844179940e-02 1.771623299947087948e-02 2.258986844499816585e-02 5.190281280841484157e-02 -4.311106897242758529e-02
2.367952369310304811e-02 -4.778416804513277438e-02 -8.966380872162137139e-02 7.170551967125535220e-02 4.653824060996231138e-02 1.036309529342521740e-01 -1.095487125465630929e-01 -4.183981876430807600e-02 -3.067233012576843498e-02 7.610903462626918137e-03 -4.841679109597211983e-02 1.042472655841197859e-01 -2.820465128806098898e-02 2.534296301089429548e-02
-9.698337545379837055e-02 -4.032868889317894889e-02 2.887533467594788003e-02 1.208307804035917664e-02 3.545975612681698252e-02 8.996744402423026421e-02 5.614764654995783692e-03 1.658607902838747650e-02 -6.947175690590201222e-03 2.545724213837155525e-03 5.523474858239556251e-03 -3.181205085321370946e-03 -4.117263634917363996e-02 -2.141748577196469702e-02
-7.263011089814047638e-02 7.204485433869604882e-02 -3.604251764925111255e-03 8.311510255032990291e-02 -5.302921730799362021e-02 1.459761947094137882e-02 -7.772543367230927425e-02 -3.443408454033326793e-04 -5.853008185300685728e-02 -2.710898726687781257e-02 4.156030960220379045e-02 7.387957670764985774e-02 1.485440642313137077e-02 -2.045435710550882330e-02
4.000980964644641757e-02 -2.705727998999995706e-02 -2.535342622577786004e-02 -2.948489419744775367e-02 -2.600231245613067455e-02 3.208980443745111655e-02 -6.881418963699080515e-02 4.547973580308445340e-02 6.526096557998917191e-02 1.025609015285458558e-02 -5.404777541238978134e-02 4.181795992833389763e-02 3.738819265031861905e-04 -1.790328117713898062e-02
-7.535584159641674218e-02 7.362014288279393470e-02 6.209059822569698572e-02 -5.526596819055596549e-02 -1.653074938168223700e-03 -3.740789950566626026e-02 1.539222205547471217e-02 -5.653053641746796920e-02 9.105607033261363392e-02 2.834246022938179815e-02 -1.158424372217961712e-01 5.310807538741430661e-02 1.074341783512998937e-02 -5.672140699646974031e-03
1.168240879342542782e-02 2.253505552325165556e-02 6.775002322285270107e-03 -5.672701432671481414e-02 8.694273487899792374e-03 1.851846944593336930e-02 -2.874017567798466816e-02 -8.762626212773721307e-03 -4.236865268855036226e-02 -2.524473480577291151e-02 5.571455833214805642e-02 3.398981323968722212e-02 1.017509078422073471e-02 -1.961637983826807277e-02
-3.484179038193162964e-02 3.724681443975853823e-02 -1.064155264146862678e-01 3.103702064199354363e-02 6.797287646255832649e-02 1.734838215058232269e-01 -1.031375488262120527e-01 -1.461107160158510443e-02 -1.263900277982945020e-01 -5.417052278537383414e-02 -1.095582474344341806e-01 1.103758871172647732e-01 1.698155805691516362e-01 -5.418217711524549174e-02
-3.381077074760009682e-02 -5.126215063634206870e-02 5.107650752240697201e-02 -7.123344210361445827e-02 8.420231595600309593e-02 4.321794272073375964e-02 -3.987347730510501509e-02 -6.779138570019660470e-03 3.122839427687592803e-02 -6.849611461527821410e-03 -3.368715762928728430e-02 3.121320134308003258e-02 4.608397617237328103e-02 -5.690150115918968243e-02
-3.523335113393488705e-02 5.401954712249679852e-02 -2.097811431259218702e-04 -1.551797283780804310e-02 1.422718791793352658e-02 5.209526380380973681e-02 -9.112547435097889670e-02 6.392089854832168350e-02 -6.378463898088398976e-02 -1.373397301298950324e-01 -3.364008985435112953e-02 1.431051655386448088e-02 8.575982320906533340e-02 7.914288965427340727e-02
1.795193230180043564e-02 -2.291318317723262804e-02 -4.760663521561042666e-02 4.794384670226953249e-02 -8.360084033989900743e-02 5.619196828365215918e-02 -8.806426746941348194e-03 1.248157928398316990e-02 -6.009417718143891807e-02 -5.635863399655979822e-03 6.182904966126860635e-02 1.041263488603498544e-01 2.587973093399748709e-02 -1.111222415877558822e-01
-1.302019221213205902e-01 -1.205272964757061749e-01 1.756849006718774753e-02 5.554571384664294675e-02 2.746421872650393059e-01 -3.719243239360975339e-02 -2.675768380110928046e-02 5.175483050413998143e-02 -5.427867513232565583e-02 1.794883769007632468e-03 -1.028948626314463988e-01 -2.120011024522860943e-05 1.040006644301563893e-01 -4.680760883762387359e-02
5.998169292069388536e-02 3.275208699095438075e-02 -3.257953742208657272e-02 -4.786542581929742468e-02 -6.865071839332288067e-03 -6.311534438256165280e-02 9.309613669742051317e-03 -8.096077882130955222e-03 -1.343929121367025067e-02 3.853674204565921135e-03 -1.022230240452601246e-03 6.850118885568923233e-02 -4.530280082721981072e-02 3.051261136389311207e-02
5.330104049017057866e-02 -2.827499947717562745e-02 4.783094271481810010e-03 4.956512607069544357e-02 -4.680471890869267876e-02 -4.696007559452385766e-02 -4.212905103346376023e-02 -8.398463165057246105e-02 -1.020884552928840068e-02 8.721346802073583204e-02 -1.769269701566936193e-02 4.608587365312924455e-02 5.239091446372117628e-02 -3.065940938176089925e-02
-5.706550852125237897e-03 -4.832413484404270848e-02 -1.819252624566921467e-02 2.539424308854679180e-02 -7.516046685899778132e-03 -5.326847092179149562e-02 1.360127774532704503e-01 -1.056145170775084630e-01 4.841473038587277428e-02 3.496442175556185167e-02 3.683532152330089293e-02 1.155141285149127728e-02 -3.623443591150632415e-02 -3.169113614071378260e-02
4.835513745167039495e-02 -4.453562942368300900e-03 1.990847010230699030e-02 -4.506406582994916532e-02 -2.757487102407816734e-02 -7.154071685240641701e-03 9.667535178598703205e-03 3.417951916894190756e-02 -5.860916432913439861e-02 -3.651475391479565291e-02 -1.701521599290870684e-02 2.070000870656179756e-03 4.229575544368199824e-02 2.653437588140590206e-02
-1.148617496049017250e-01 1.252016418137356091e-01 9.633463251470589239e-02 -2.601654954321874769e-02 -6.864375122920496342e-02 3.702753626562759609e-03 2.200724825400246498e-02 -1.232654801754994450e-01 3.971719519779869090e-02 -1.251140511305354197e-02 1.552053657213933041e-02 -1.055620708386916101e-01 2.139236695070891037e-02 1.136097199537033919e-01
-5.818750486795079557e-02 -1.898911962262606057e-02 -4.914553604184934699e-02 1.851022719449819109e-01 -3.922121375577684171e-02 -4.285050615990169259e-02 -8.358236666983903662e-03 5.213921416132089037e-02 -2.311245646121118102e-01 2.255126257374414633e-01 -1.006852718434593230e-01 -6.030885450633213796e-02 4.326854897569271108e-02 8.947323563634201893e-02
8.483502101208859059e-02 4.906135682100212086e-03 -6.481515459490938547e-03 -1.415193770436817822e-01 -9.815728909479196074e-03 4.035392734144484239e-02 -4.415834354808814005e-02 1.043164422749911086e-01 -1.125186082335546400e-01 -1.735464165025905336e-01 1.860583308844116213e-01 -5.600572248624541283e-02 -5.368234087424804402e-02 1.638832842411294122e-01
5.709695334989715182e-02 -1.221844877181558868e-02 1.833603157035309031e-02 -1.645885719768676869e-01 1.466801112158402920e-02 5.459173013187966494e-02 -1.015210952032837878e-02 2.112479773230712538e-02 -4.609796799527310363e-02 2.444921291813038911e-02 7.621229377575500230e-02 6.985584636886033039e-03 -6.505263579750955594e-02 1.127020720378886509e-02
1.917566160574668555e-02 -6.864556140279756691e-02 7.268326561158063893e-04 -1.994453182977778960e-03 5.600974431162057676e-02 2.206355940360515966e-02 -5.518969882623009360e-02 -3.185635599767273896e-02 2.542786246921976967e-02 -8.045183840806660602e-02 6.963800494933045093e-02 3.948617444691412959e-02 -5.368600400136078199e-03 -2.396243245884579348e-03
6.589612204446152616e-04 7.220727814143587664e-02 -5.950933206324905689e-02 2.276779167917751534e-02 -2.419881786535959048e-02 -4.902285416418928482e-02 -1.717059644357834050e-02 -9.448766576538654427e-02 3.525405586995745272e-02 3.760593396360289997e-02 2.509698007164588504e-02 -4.722801034304372619e-02 1.122478916587190678e-01 -2.759652758138970638e-02
-5.549933349617353073e-02 -1.045788339101604014e-02 3.910534355386065253e-02 5.754298634103646726e-02 -4.013592858654319723e-02 7.766491971630137825e-03 -3.583775913035598670e-02 6.823430217683071342e-03 -1.125316283367094883e-03 1.302757157774228625e-02 6.048027077419111663e-02 -1.960980583899631091e-02 -1.985787342351148094e-02 -1.559710590739316061e-02
-8.987341897577179328e-02 5.983314359602837085e-03 -3.323084115458556365e-02 -2.264498840927058748e-02 8.376666687653824828e-02 5.074440505846068705e-02 9.968102616875749999e-02 -2.070264176170683035e-02 -3.891927088195827611e-02 -8.498033569054028180e-02 5.959625667650028658e-03 8.057145843101440330e-02 -8.937925336786679831e-02 3.964934205846350201e-02
5.053535972436651313e-02 -2.891343591314313524e-02 8.759529678578908962e-02 -3.132849661973982625e-02 -8.487175748418206156e-02 -6.794066861816865782e-03 -2.669666833045291135e-02 -8.976273211616525582e-02 5.620988865102963250e-02 1.259991503180973166e-02 4.100464861590617099e-02 -7.032877557361086329e-02 -3.360219534582170597e-02 1.109781078148184968e-01
3.287384647032666474e-02 -5.391470649640898311e-02 2.917996028063887456e-02 -3.481262354963407524e-02 -2.324087420556606234e-02 -3.766204030407983849e-02 5.402202154273927359e-02 -1.534623482267133410e-02 7.147817300306681665e-02 -1.966605957913027114e-02 1.620639156855017970e-02 8.350760532197680497e-03 -7.054173887202566662e-02 2.969821281078377853e-02
4.837315943605264429e-02 -5.807972213823260621e-02 1.357904729358870924e-02 2.057712104954999982e-02 -4.634657888935840575e-02 -2.416680029325650458e-02 4.187914454977774426e-02 -5.522512477061417013e-02 5.959451677738639847e-02 -4.094968110604702699e-02 -4.105868123270108028e-02 3.606509544932465922e-02 3.188424022437541527e-02 4.993520289412536894e-04
-1.260011463185900515e-02 -2.036540912997011898e-02 -1.041279366107719234e-01 1.149598507651199697e-01 -1.176982351000150778e-01 1.181662856512544213e-01 -5.911229979600074458e-02 3.180311407318028860e-02 1.026909030879163964e-01 1.026987075473762001e-02 -8.660971374579637394e-02 1.140435304285830620e-02 -7.779112452984371373e-02 7.563554454797727367e-02
7.037653115492219225e-02 2.075812099234156105e-02 -2.798818191031371416e-02 -1.207739283578558864e-01 -7.333978377135730309e-02 -2.597061240437265051e-02 6.332949714668256735e-02 4.244316527436028941e-02 1.250368827792136539e-02 8.233861693166366624e-03 7.023024079558570776e-03 4.274817595942953519e-02 -7.415907366888158103e-03 -2.530256238880759789e-02
7.490459249185639490e-02 -2.762965364273253441e-02 6.163337635997867547e-02 -1.866355067015166846e-01 6.866298534244850982e-02 -9.974115627020770092e-02 1.426533036249009179e-01 4.509957726909669812e-02 -7.657441789177915625e-02 -8.347868286966476925e-02 -1.234037380334924439e-01 -1.205053781899013965e-01 9.488735644855825213e-02 2.167524304412422609e-01
-1.503684175075681306e-02 3.439291779523276360e-02 -1.151084812401314585e-02 -1.301715530833153223e-01 -1.061739943318258488e-02 9.706932902197479285e-02 6.110907692910542977e-02 9.003828304454522535e-03 -2.920065080060879614e-02 -5.955802950306177818e-02 6.602768799488510643e-02 5.586408183441125136e-02 -9.755120030157099498e-02 1.680468949523260952e-02
-1.589498842743415352e-01 -6.147473081733079159e-03 -3.593905213991971381e-02 1.872757258971251004e-01 -3.872229943658926643e-02 -1.943390859205909593e-02 7.166561005965822739e-02 4.240382308387057042e-02 8.086388744748259499e-03 -4.544789881250791558e-02 3.572599210700438954e-03 6.236490154577685463e-02 -5.107605893798745911e-02 -3.302738488795443905e-02
-5.148856950746244499e-02 3.711523181233883362e-03 -1.045810685696925146e-01 9.218407148776565363e-02 -2.795028205203028276e-02 8.828180917180498966e-02 3.810473239107949051e-02 5.497056474035368068e-02 -1.115485628916360605e-01 -9.158034206325668669e-02 5.751637790081957913e-02 6.025188216627563875e-03 3.750515056188083451e-02 -4.525504188700693597e-03
