-8.532502007539105593e-02 -2.079199721632821879e-02 1.069527413073363131e-01 -4.868921390862826493e-02 4.219702397254412873e-02 2.815586778963153659e-03 3.373113177412290220e-02 2.251138217775778064e-02 -6.619586863533620524e-02 -5.281288038665913481e-02 4.324837879108803761e-03 1.044364120793323664e-02 3.797200912034376374e-02 2.296908523376169770e-02
-6.867820576709673941e-02 1.726717724718802166e-02 -4.343523964852886304e-02 1.130193112272118855e-02 -2.351107742854495128e-02 5.625138240336616940e-02 5.746494721569739283e-02 -1.218172735475431256e-02 5.893811967038018601e-02 2.920077118545202910e-02 -8.506900951034750483e-03 -3.373048369251196998e-02 -6.293654400326001430e-02 3.265830923045548451e-02
-8.082024889764652387e-02 1.336791814225704242e-02 7.038514211745450222e-02 9.336418945613475517e-02 -1.164565865767972913e-01 8.058471326370172938e-02 2.289341491887292995e-02 -1.405652486292237879e-01 3.132729980915087420e-02 -8.596364337329738536e-02 5.402418437911310489e-04 5.063732195763481769e-02 5.425250793394249815e-02 1.655543726355356363e-02
-8.620443421173155929e-02 1.516795655644895963e-02 5.586954127976658663e-03 -1.668534860211727533e-02 3.539164654631880846e-03 2.435343950403298652e-02 8.714594878483979123e-03 5.536294995661075746e-02 1.151161804025505574e-02 9.290903087154998852e-02 -3.910460312158200308e-02 -2.840923036272764018e-02 -3.204436421628677201e-02 -4.595268846016088357e-03
-1.128375479738595866e-01 1.061561516667749137e-02 2.731657096578827063e-02 -2.278556934245209303e-02 5.522405702266396099e-02 -2.417325861854622421e-02 7.146623450718475601e-02 1.530676168549222407e-02 5.754071391960099979e-02 -2.334730529090882356e-05 -6.246332038998605313e-02 -1.707577254824466095e-02 -1.500837887992644004e-02 2.699970102042717479e-02
-6.597090630215574070e-02 6.444072058178557105e-02 -6.126524548273125370e-02 4.533016653194870543e-03 3.795779289678312407e-02 -5.375312021544476071e-02 -1.159796373205411284e-02 6.002215955832070071e-02 -1.881143786511712060e-02 6.904787077306448473e-02 -9.145418632908467599e-03 -2.939502270770535941e-02 5.300628777347439480e-02 -2.896627406897744894e-02
-1.002525625479588345e-01 -6.925781808464939737e-02 4.511375332174651087e-02 1.736260400283599209e-02 -1.474628359264517838e-03 1.901523966953956590e-02 1.042583853725820298e-01 1.274418354050027846e-01 -6.855661042955257800e-02 -1.451460362462178577e-02 -6.037840958323820173e-02 3.310623552820393667e-02 1.349781640820837403e-01 -1.567391255231803115e-01
-8.525267947952491765e-02 1.863121924446579925e-02 3.842178467703362063e-04 8.241328990131939480e-02 -7.066825431982645678e-02 9.526760394980489377e-02 -4.514724204262654875e-04 -7.769840809913272639e-02 -1.849147441973227751e-02 1.446977114774631278e-02 1.389143954693373983e-02 3.860756049918009306e-03 -1.694213722222467564e-02 5.068858750343775005e-02
8.790076988291430082e-02 -6.002783643455917445e-02 1.633478521195812216e-02 -1.401320963791131274e-02 -4.804544578061682031e-02 -6.015360069514935626e-02 1.016176377683963017e-01 3.605114682047675908e-04 -1.043705089379095563e-01 8.052176707906944300e-03 -9.028257842040254832e-02 9.673639489339928843e-02 3.662009329852564110e-02 3.937326990477229421e-02
4.556975377544057737e-02 -6.270557323484769741e-03 -3.642445281993635098e-02 1.071409270429393712e-02 -2.063676295010601416e-02 -3.091321179873554592e-02 7.000066512173774846e-03 3.056052356758999500e-02 -8.689821132795925995e-02 4.669760374933125402e-02 3.925790813417057157e-02 2.665391190714041375e-02 -4.665983628498742569e-02 3.145163138459768082e-02
-3.058451448923701563e-02 4.444131781829624428e-02 1.458284708786778197e-02 -8.471254844686054719e-02 5.823000887379044255e-02 -2.015296851706339237e-02 2.534022712325486454e-02 -5.341234865120170899e-02 3.063174475160537757e-02 -5.394776465220835204e-02 6.836313677290017932e-02 -3.316196157843243758e-02 8.489742590450628790e-02 -4.041214276768882036e-02
-6.291117014230916682e-02 -4.196362831674613214e-03 7.406706966703702211e-02 -1.738397160450995960e-01 -4.722193137663779905e-02 4.385656105307950137e-02 2.106167328754063872e-01 5.429564432140574631e-03 4.629097722688985117e-02 -6.595265945559451726e-02 1.725749346419050423e-02 -6.350254211640118940e-02 -1.547286601834857098e-02 4.568130849685055755e-02
4.307827908854722221e-02 -1.382162871830320272e-01 1.260356591374235669e-01 4.066279087445046070e-02 2.735583800594751369e-02 -8.754792083661916413e-02 -6.871727799570008510e-02 -7.145349936322881179e-02 -6.868360613967695871e-02 1.242582831184093073e-01 -1.458917890104724502e-02 7.848314778885295828e-02 -1.692420459769278934e-02 3.636043623289499094e-02
-2.179557185250426826e-02 3.736327360569502432e-02 1.140378058390854703e-03 -7.454300316696296780e-02 -3.640962895207652816e-02 -4.784027906276362707e-02 4.508659349421353935e-02 1.023118786677148506e-01 1.246655657133401152e-02 1.026290514902623158e-01 -9.074113131333558235e-02 7.033233405305382852e-03 -6.877760212278554233e-03 -1.972113150346553601e-02
-1.389364927164201124e-01 1.268458324922801771e-02 1.202349471587514790e-01 -1.465179111750569696e-02 4.248314934575135593e-02 -4.302651429814817463e-02 -1.103031887418226380e-02 6.040428341189023331e-02 -1.246918384857518235e-02 5.367330120216360322e-04 -4.131529853820503639e-02 5.832811375189243114e-02 -5.276714958699382091e-02 2.962739828002403097e-02
4.795895852329781946e-03 -3.180103158645018746e-02 3.343909735895808644e-03 5.337800182308648222e-02 -6.229729826507379026e-02 -7.769887397197110246e-02 3.194724250199288546e-02 4.397370560443124993e-02 1.009348369139773799e-02 -2.375230570010543329e-02 3.912476881802390283e-02 2.714274764396316583e-02 -3.150989238902485862e-02 2.336210547103326901e-02
-1.039961358854669532e-01 -1.133456566426120637e-02 2.691959924257080958e-02 9.124195903947345671e-03 -7.279906244808974358e-02 6.995480616716569233e-02 5.892002055462536303e-02 9.787911296054832566e-02 3.990135799197092742e-02 -6.509616959681224779e-02 -3.341369991356315378e-02 3.134920958303358783e-03 -7.474943803419148436e-03 -1.616977237990482701e-03
-1.085573898766335893e-01 5.597178029218585066e-02 -2.234720299732632920e-02 2.466286560548310372e-02 2.558562125244287500e-02 -4.165401612006843640e-02 6.859731548531601553e-02 1.769273282053877502e-02 -7.177564877426309553e-03 1.676475880891974135e-02 2.366630355787642526e-02 2.173218388813096327e-02 -2.857160185164794863e-02 -3.626332675826225010e-02
-9.995133247390104725e-02 2.022523941688825905e-03 -2.365945846444860931e-02 3.202823040080866185e-02 -3.234923758852568249e-02 -1.672545072019417794e-02 1.030931299781704530e-01 2.961041664959857336e-02 -3.543195552113592023e-02 1.201001094464988761e-02 1.239132924675381969e-01 3.376638539679126250e-02 -2.211026533547039846e-02 -9.611383044604111803e-02
-1.092341456996539922e-01 -6.813624269791157539e-02 4.330890028747781673e-02 4.780149109038016320e-02 6.710589449554918429e-02 3.675715059926294714e-02 4.497333364879457784e-02 -4.574862245014548433e-03 -3.090303031821558036e-02 6.094912385616098327e-02 -5.355430207950558075e-02 1.431885985954521774e-02 6.179559459061934566e-03 -4.488927102640266620e-02
-3.411891917142377550e-02 -2.155480956947771753e-01 -2.654243111540893763e-02 3.481197897847766731e-03 7.798119921513500807e-02 2.345309967773808180e-01 6.400315901600275859e-02 -1.413421163282043563e-02 -4.553414577933666274e-02 -4.825903731718297895e-02 1.025556386858149510e-01 -5.471797063960671254e-02 -5.243560757355097968e-02 1.884068656145525267e-02
-8.096181585690231941e-02 -2.593746436691461016e-02 7.314669406972201804e-02 -7.941119977135022157e-02 1.637251763506492042e-02 1.330685493561665350e-03 5.495287389343750384e-02 3.205876763175471988e-02 8.066041972926193959e-02 3.469986275897467276e-02 -7.559336434256411913e-03 -4.491770208481750404e-02 -1.987534637866972265e-02 -2.445649708933774966e-02
9.256766429932475337e-02 -1.510626689632366126e-01 -6.133404322777424866e-02 1.062348463539103671e-01 -4.493534772232125191e-02 3.372040058607631008e-02 -1.771694152281679258e-01 9.264730925168446207e-02 4.248830432637738796e-02 1.022415872638392231e-02 8.285060890347858975e-02 -9.890341578569546155e-02 1.132923797533674781e-02 7.144481973415187093e-02
-3.235689526069743249e-02 -1.002072836314114868e-01 8.025118689221054369e-02 -5.562551381449749172e-02 -1.102183641723518959e-01 2.099103831335952935e-02 -1.032330730373752503e-03 7.413734228208659904e-02 1.726569623820966015e-01 3.032968097776036001e-02 1.236732674085280204e-01 -1.110398761684590480e-01 -1.875342781027829475e-01 1.060775228540612874e-01
-5.523452579269134965e-02 -3.199720597636017405e-02 1.982019904885994055e-02 4.166106238166908393e-02 -6.840284815419164777e-03 -2.195049934176153406e-02 1.009507692397817492e-02 3.629548208746465748e-02 5.075927383615117666e-02 5.916474376693257875e-03 -5.181775466700277999e-02 -3.368128106990281312e-02 -3.114413197130801170e-03 5.019085543498118945e-02
-6.993532111839440013e-02 1.319488504552624938e-02 2.918839081690447271e-02 1.341795704225109964e-02 5.368183723060567479e-04 -1.152042574768415671e-02 4.758620317392293908e-02 2.019351776925835257e-02 -1.796466669710760147e-02 1.029493399879025453e-02 -3.056436944385142185e-03 9.960130958692114608e-04 1.619064507336184441e-02 -3.902005465109027738e-02
-5.097791510277085991e-02 -5.748710249371391523e-02 1.366688941938050406e-01 -1.053048457865283019e-02 -1.314546119456393991e-01 -8.794334012839676376e-03 4.514417551894390340e-02 8.037921447474213887e-02 -1.008468922878243690e-01 5.566571151159273312e-02 4.349967281542979625e-02 -2.108673843345805834e-02 -9.016739352110399175e-02 1.200902630910183622e-01
1.174955217111817510e-02 -1.074664971864635749e-01 1.084724633436456448e-01 2.991616569291311034e-02 -7.967966058194335399e-02 7.323915312415374412e-02 -3.464899508042382920e-02 9.151534412832141099e-03 -6.027571622230029624e-02 2.042070092280879115e-02 5.156542203322155710e-02 -9.317114696088776848e-02 1.742029161784057478e-02 6.340919194301400386e-02
-1.737549841820822810e-02 6.361061571467546694e-02 3.655880774530702315e-02 -1.009519756624043113e-01 -5.798635820425712684e-02 1.147864331712470376e-01 4.864566665871693923e-02 1.191984800747265816e-02 -1.459982355509763796e-01 -2.386664549956182824e-02 -4.878727776550589867e-02 -1.860351575779256583e-02 3.057639701856174758e-02 1.175741977722543630e-01
-1.113382012616800643e-01 4.051994538302404990e-03 7.088667802354245429e-02 -2.632029252302903535e-02 9.291805028522899523e-02 3.844870428704269538e-02 1.348919157983551054e-02 -1.111971557632842646e-02 -9.838573581253577671e-02 -4.816609121832802348e-02 3.963382761495460455e-02 -8.788086470506578651e-04 -3.201812127286637194e-02 7.890097921244061674e-02
-7.216897310693116963e-02 8.702777768910893719e-02 5.874004700639552830e-04 -8.658083509859305915e-02 -2.763978121256416287e-02 -3.197492604209493244e-02 1.211474040001285363e-01 1.067090549527119347e-02 9.061182015863394890e-03 -2.134258493961967151e-02 2.451596702664254543e-02 1.542176222298597028e-02 3.664668143495285191e-02 -5.526952072568549340e-02
-2.760349285282216736e-02 -1.129153656470039541e-01 1.507224901843738085e-01 -7.432761440773172357e-02 3.160215394572765679e-02 -4.593537797325241562e-02 4.510129199770476771e-02 6.510151456284229976e-02 -5.798770070883348809e-02 1.720099883619673198e-02 -2.524026658463820322e-02 6.027306625736028600e-04 -5.644220705539994276e-02 1.002233042697918963e-01
-6.835393615507578957e-02 5.824392578207640558e-02 -3.860347437170102980e-02 -2.078260787210848767e-03 4.360052975429332817e-02 1.266647514643251815e-01 -9.073211497241742696e-02 -1.517537929246193587e-02 -7.876556301504544777e-02 6.843877119310375762e-03 -5.731487384657127371e-02 1.011215491302093761e-01 9.191108124272183433e-02 -6.725965282292384328e-02
-6.213108772036136235e-02 1.604765356382870795e-02 2.036749821263047350e-02 1.265941092182616690e-01 -1.221401647208419095e-01 -4.607951149736562446e-02 1.966592783282110693e-03 5.102218161182414669e-02 -5.311740108892544499e-02 7.251515419797625872e-02 -8.864066977927537172e-02 6.339853100488468396e-02 8.608650367175803286e-02 -5.578693022814745772e-02
-7.051718714497991203e-02 -1.394028056753844787e-02 8.622141346162376374e-02 -1.986652162578838102e-02 2.849623114594333068e-03 -6.750964024628464122e-02 3.171916042536709196e-02 5.478541421011111356e-03 3.395302309445725336e-02 -7.545998791763962321e-02 8.291948605467905353e-02 2.232591411868421749e-02 1.906068615033586558e-02 -2.713177110899276517e-02
-8.163584149415373248e-02 -6.399179350909639085e-04 1.359913019779150078e-01 1.754072486008749487e-02 -8.796649419187127505e-02 -8.515522355007193456e-02 -1.139564146027643998e-03 3.624409376212586742e-02 1.916879777005886520e-03 6.090414398346577496e-02 6.141496135334871542e-02 -2.199520182090869413e-02 -6.799123696338504885e-02 4.261383361708948048e-02
8.806126610529770027e-02 -1.775626473787827175e-01 -2.156718600492261648e-02 -5.702116381867590629e-03 -5.585927779914057895e-03 -6.790443863706403793e-02 1.027209287328758464e-01 1.572609789116023726e-02 6.553723795720421685e-02 6.899996251419095172e-02 9.338540079723232912e-02 -9.138395614916880461e-02 -1.735494810603270543e-02 -3.726721433067985145e-02
-5.124140556684991799e-02 -1.043701775713791746e-01 -5.397692707603693463e-03 1.291515421040380918e-01 2.741342525081773979e-03 -3.576474428545392548e-02 1.738358641308715077e-02 3.668244160008457544e-02 5.406545224110065329e-02 -8.457828457725941051e-03 -3.382273575725062292e-02 4.566746667490347023e-02 -6.866419938498222186e-03 -2.966836804400528604e-02
-3.700001624087098651e-02 -3.784682989547825255e-02 8.403490763162133059e-02 -1.207369144788740106e-01 1.437323759086479771e-03 -5.580470329617460978e-02 2.125684435887203322e-02 2.289095633607564351e-01 -1.720740799458369413e-02 -4.152279075231807282e-02 1.169955813619523617e-02 -4.715940594220759813e-02 3.112239562675425328e-02 -1.108006504324966258e-02
-1.878287348919245037e-01 6.219207827479344280e-02 9.763913233588200624e-02 -2.485523177555110444e-02 -1.148467179297780055e-01 4.068126534000208322e-02 2.759983415555511757e-02 9.981069544666396065e-02 9.102672455823243580e-02 3.183487147527229444e-02 -5.748183506171185286e-02 2.868485887082274435e-02 -2.397142223847570364e-01 1.553597408160273252e-01
-1.681324674482148618e-03 1.765567494637154677e-02 -7.541318854642378722e-02 -3.060717975373919084e-02 -1.424141256181918613e-01 1.392744159314576735e-02 1.865555459117584636e-01 2.295985702239300430e-02 7.232503303453999277e-02 3.692303622529341522e-03 -5.519016236860966457e-03 -5.712496541082007218e-02 2.417394871710017157e-02 -1.842754537779132951e-02
-4.364981957661715622e-02 3.947698748077747150e-02 -6.075449029711411236e-02 1.242753345812920400e-02 -5.330536821038107942e-02 9.524793751583487955e-02 4.325228266220984552e-02 7.000782901458976748e-02 -5.609686938393224076e-02 -1.103558549081041090e-01 1.363697040234541358e-01 -5.340577851831390666e-02 8.899978175970123251e-03 -1.801161220697393775e-02
-3.375558573014310337e-02 3.364492455222390516e-02 1.532606676601423051e-02 -1.578585128436288398e-02 -4.639249360354259777e-02 -2.010083163266655065e-02 7.015147470940238938e-02 -3.242301429401100998e-03 -1.167776279418517721e-02 -3.889454507855276411e-02 5.216408411762056552e-02 -4.049857526726503842e-02 4.035825938377092525e-02 8.805596520616149753e-03
-1.423287387276365445e-01 -4.209030953664129326e-02 9.445988038252924046e-02 2.944401466570426007e-02 -6.638646560738582780e-02 1.599679729844702414e-02 7.630146776344687298e-02 7.439427935893651311e-02 -1.614579401010494963e-02 -5.157711163114993280e-02 9.847110549333526475e-02 2.942475602981931698e-02 -1.278452518977399588e-01 3.798382964796898770e-02
3.396800976403582806e-02 1.002994797639617658e-01 -1.013234532875445515e-01 6.547641370384370274e-02 3.147182804716501525e-02 -1.513635357547499782e-01 -2.523032475861959889e-01 -2.100824874744379178e-01 9.887793267574226941e-02 1.783768871518285060e-01 1.633172177205324538e-01 4.862043651725392324e-02 -2.601411195410739952e-01 2.649080975291677742e-01
2.367219282155777482e-02 1.692214261008587739e-01 -1.536701044753731316e-02 -2.203353944798134290e-01 -1.294628636542298206e-01 3.015030648637131994e-02 2.418649444172090573e-02 -6.709761828704630116e-02 3.369506773063533217e-02 -3.646930132693782661e-02 3.915540422924787545e-02 2.238304762361451039e-02 1.590488374717544950e-01 -2.267812948066729589e-02
-1.464994880337165406e-01 1.235798660092854162e-01 -1.416403229386118678e-01 9.994206274763892117e-02 -1.369925784472279251e-01 6.978453483081928366e-02 -3.897418703219163172e-03 9.745394617025399109e-02 1.020908240193702798e-01 1.552474423156690042e-01 -2.221724643041832481e-01 8.372205797981636943e-02 -1.794548323698080816e-01 1.089388299534424648e-01
-1.335481106212716984e-01 6.465811362831089260e-02 -1.703999883936662407e-01 9.568108939948805070e-04 4.251000901971116464e-02 5.931101416822838479e-02 4.153002888889532895e-02 1.137843908695063688e-01 8.737852732536434408e-02 1.188862200920734469e-01 -1.232670860165724497e-01 -7.596303392819359068e-02 -6.476259883223912939e-02 4.902816213538720158e-02
-3.014380626135803806e-02 -3.206883295144398720e-03 6.189930476238746093e-02 -3.666061653966388306e-02 4.884346033620265426e-02 -7.044859195428597454e-02 -2.778201936928229032e-02 7.574675106598054153e-02 -3.569353140508640942e-02 -3.205903402169243271e-02 -1.323979862500287291e-02 -1.172230299424702020e-02 2.976474585160145819e-03 8.159305294556142008e-02
-4.115213316087756867e-02 -9.873297673054486773e-03 -9.264405412021618075e-04 -4.588754440507782084e-02 3.742153356506743717e-02 7.271738441131780917e-02 3.089064850325696013e-02 5.033205006048342006e-02 -3.882514662834223723e-02 -3.678814728806902717e-03 -1.045701329345339811e-02 1.092843873897018578e-02 -7.224571771007536058e-02 3.085851209132301973e-02
