9.777773363681602214e-03 5.582268305958343335e-03 -3.801629188860967956e-02 -9.889547897205239191e-03 2.007228109897445101e-01 2.565459513292037697e-01 1.291036268054804315e-01 1.410434177385985199e-01 4.378362903226343250e-02 -3.792721146738273208e-03 -3.363646897716144474e-02 3.190335928251429587e-02 3.787274964217160478e-02 1.020632340320209719e-01
1.855394428812058016e-01 -1.267218453089515584e-01 -2.399092805603773859e-02 -2.865304815258417487e-02 2.075272336976108356e-01 -2.627431197922129591e-02 1.246483703420232236e-01 3.558937124338148461e-01 8.898194218885303874e-03 3.131430719292925546e-02 3.202577070573239121e-02 7.283307114481314334e-03 1.312873593996756738e-01 -5.713773877641076249e-03
-2.962648907073933691e-02 2.376697760923242586e-01 -7.823768535264485902e-02 -9.833649480600362147e-02 1.662828595607810378e-01 1.663399730276537980e-02 1.938504453975435915e-01 2.419799165923004758e-01 -1.932858929263125969e-02 -7.174362558321698002e-04 5.140589843271613224e-03 3.637812260730564906e-02 1.724519727310866446e-01 2.892280526239540683e-02
8.638260302105293942e-03 1.804546148672765971e-01 -1.838316482205724633e-01 -1.637312282812721301e-03 1.479245368825508333e-01 -1.196910861259076718e-02 1.474444043181320774e-01 4.035599984262103757e-01 -4.067976578574052787e-02 1.702410884277131414e-02 -2.192078570111209365e-02 -3.946479465594337523e-03 1.541656439821426361e-01 7.783732305915661009e-02
1.217528407499945085e-02 -1.055789157953421070e-01 -2.530580457482690671e-01 1.285054833300164623e-01 2.677604320230664303e-01 1.044422957809913455e-01 3.200994393871636201e-01 1.986795613177869124e-01 -5.616795929255102848e-02 1.651682498144143585e-01 -7.340912695911466779e-02 2.234921038071541188e-01 -8.642695024884421151e-02 2.738193912045128187e-02
1.020146434443443828e-01 -6.226646333460079258e-02 -6.969195186416201129e-03 9.116644070765393681e-02 1.019404083682457288e-02 3.827281663959591906e-02 4.991899301759819552e-02 2.957384291196621384e-01 1.030470215857998972e-01 1.859877378383986007e-02 6.188284983011513307e-02 1.338600629222319420e-02 1.641241597707470135e-01 -6.044725895464455982e-03
9.550065852889245976e-02 -6.945959543124993751e-02 1.577306981896907379e-01 -9.543642266341774427e-02 4.984015181582481663e-02 2.008241928418942890e-01 1.424975398244913150e-01 2.798931506071528075e-01 -3.069007844469540808e-02 -1.059745967214040102e-01 7.599020777113392466e-02 1.322855187475616423e-01 1.225339971365269238e-02 2.780896583239501549e-02
6.964892120851882973e-02 -4.762456820253368334e-02 7.311999738786163772e-02 -1.662707642543666819e-01 3.568140423831052399e-02 -9.091110093947859377e-03 1.805046286337473604e-01 5.226169369824442690e-01 1.860843657481787705e-01 4.166844476129977909e-02 6.541164252212315622e-02 -4.597963971326081423e-02 -6.916300800965483053e-02 3.645653940320237735e-02
1.667064636055761578e-02 4.456051360512737480e-02 -2.211564460270208990e-02 -1.574392738503805830e-02 7.334861709256486340e-02 1.485076290336544425e-01 7.286089479362521659e-02 3.657376654286365047e-01 2.548343984361876174e-02 -2.544560437480743176e-02 9.720664267860480712e-02 4.950648313820583263e-02 5.595671990519836270e-02 -1.347028490532357382e-02
1.464139580036183212e-02 3.390711043265801083e-02 2.649428440601835771e-02 -1.363739920444973592e-03 6.402089837062582833e-02 7.620919152685071141e-02 1.233236231777277980e-01 3.970892961532311305e-01 2.485418462113281671e-02 -2.313954068994149640e-02 -4.402032218349002241e-02 -2.853657358566482477e-02 1.468388903766874309e-01 6.274509212617032650e-02
6.403131740023043639e-02 -6.239502772756981563e-02 7.573471576993666410e-03 1.358097231598363874e-02 1.670041444505775963e-01 6.533692529192443310e-02 1.721225507672773380e-01 3.905255992278224841e-01 -1.517651065568549097e-02 -4.087670245912876366e-02 -3.457275398748441836e-02 7.070126839261947627e-02 1.021960227672358557e-01 -2.698748674887369026e-02
-4.414833920386999205e-02 -5.004019222386024701e-02 4.184686725109237893e-02 2.061052736463446500e-02 1.650330464036222078e-01 1.036052259932645214e-01 1.256540863677291231e-01 3.075532956351803016e-01 3.643467692236250499e-02 6.164932247059920489e-02 -5.880109397929416531e-02 5.023131215016724688e-02 1.388013453877894043e-01 -2.536628992749422051e-02
4.261115172622938208e-02 3.960069136946038626e-02 4.843174978769723693e-02 -2.574065997605909373e-02 1.131814668434096283e-01 1.915313626815894621e-01 2.015093465184706056e-01 2.837051991378351512e-01 -6.286389413576330687e-02 -1.076294236545933397e-02 -8.546276894378715405e-02 -7.462218276185952903e-02 1.454389472068951805e-01 6.650632352326391050e-02
-1.491196282283598074e-02 4.011694801736643418e-02 9.318005115433439234e-02 1.462321319271736413e-02 4.878785967723459072e-02 5.481334676019239752e-03 1.888218254687390740e-01 4.033448189517284677e-01 -5.474785827096401852e-02 1.604698002384693676e-03 3.639159820729562234e-02 1.915735204705307573e-02 1.163443008371665977e-01 -2.513038852631672287e-02
-2.768715873786610146e-02 5.638007138558431136e-02 -2.786178620027793262e-02 1.894695533057063133e-02 1.266746522255033647e-01 1.098416563388472933e-01 2.101010645641019914e-01 3.352891946721171523e-01 2.467212682141942115e-02 -6.353018042055511017e-02 1.332679948905529134e-02 -2.451065415424130700e-02 1.456488492678826852e-01 -2.422779997021912504e-02
7.653513257349739418e-02 -1.445602501135326567e-01 -2.871974176330347600e-02 1.509451794316315695e-02 1.973745618357338194e-01 1.196023715390018005e-01 1.525916969503716691e-01 3.944704702673638708e-01 6.516098638951141331e-02 -1.445721584905793888e-01 -2.422431987131562839e-02 1.715971514815523707e-03 1.789048339898778039e-01 1.368971784731738001e-02
1.572907108019411249e-02 1.610695547198694177e-02 6.054812736725716932e-02 -8.357615480714887524e-02 2.677105589569263033e-01 1.573884705119309169e-02 4.103103258908089718e-02 2.606326059176752308e-01 8.865795972213769138e-02 9.560992610767947431e-02 5.721534944847567195e-02 1.013895448445727432e-01 2.274574215203097050e-02 -8.647577529013872333e-02
8.605908113182039743e-02 7.286049864129323650e-02 3.043212027132751601e-02 -4.946756844998733554e-02 1.120655285716733313e-01 -2.405630506252399992e-03 9.847253914625175852e-02 3.144478409821518383e-01 -1.726293835882181105e-02 8.415828611949341398e-02 -2.397510037369953318e-03 3.386566896679089889e-02 9.433336011910095631e-02 1.790251401445070237e-02
-8.202714565439040914e-03 -1.965180138796092935e-01 1.191802128762963070e-01 -2.321208341058190322e-02 1.711508917099019700e-01 1.388765288169108714e-01 2.040002981048831820e-01 2.459201920430265642e-01 3.711064613015356561e-02 3.466558925354015774e-02 1.730939012973625735e-02 4.526908082253934540e-02 4.463495296602250362e-02 4.287881961454229063e-02
-2.333815001702372119e-02 2.710048415646596626e-02 -1.910837888110110405e-02 -6.127061009496873045e-02 2.032137417439979776e-01 9.243621329981158152e-02 1.960531320843939829e-01 3.505991795375347220e-01 -3.065198837572990706e-02 -8.936209518666850260e-02 8.390245723426052737e-02 -1.162543697284751029e-02 1.570472608145667137e-01 -1.932018730769440376e-03
2.317530608443554574e-01 -9.018557872550467258e-02 6.339549816962805617e-02 2.591925270044082019e-01 1.986832998500263348e-01 -1.208135709174717465e-01 -1.722675289846515856e-01 3.282134582624360308e-01 -1.258774894081317597e-01 -9.465440768877286803e-02 1.382421431523236377e-01 -6.024800526741150297e-02 2.251503694172153625e-01 9.248001490347373954e-02
-3.067963291209868659e-02 4.053851827294846499e-02 1.191124296561632961e-01 -6.437368766923678987e-02 1.265361179588243568e-01 6.896119742015621723e-02 2.017258894719286544e-01 2.996095663528199893e-01 -1.043531440194458842e-01 1.374260941529378277e-01 -2.633420793601318199e-02 2.692641853047775952e-02 9.660806094857071757e-02 -1.863982961611001382e-02
5.134090028119010080e-02 1.012360435986628393e-02 1.141141602048902776e-02 1.127550828509685243e-02 1.862629250245692591e-01 8.704418907566482955e-02 1.560228622313802327e-01 3.093350202455786291e-01 -4.623839310040322309e-02 -3.577236893968445408e-02 2.263525750739107251e-02 6.697230965239608924e-03 1.258284249621107187e-01 -2.290278630656630843e-02
3.136255546082397649e-02 -7.102826496156927627e-02 6.005122989839936642e-02 3.212100687720387260e-02 1.358778302015226924e-01 7.165696928327344728e-02 7.329824054102236641e-02 4.814913540159078131e-01 -6.776889091463167425e-02 4.614157175611108275e-02 -2.212217314901011173e-02 3.482475808900388492e-02 8.301942925024502484e-02 -1.586182573637983512e-02
4.753938666843281202e-02 1.198269898193844371e-02 4.869228218706600497e-02 -1.615326527923685238e-02 1.377263471780973136e-01 4.638764232508951757e-02 1.689713190492793671e-01 3.147321891725227139e-01 -3.602860531943424122e-02 8.031948497766353001e-02 -2.698417342746040407e-02 5.449640073796485629e-02 1.026098017492662814e-02 3.112110318507292639e-02
4.291204785292034030e-02 1.691551485076918382e-02 -2.285582324704746315e-02 7.188295186680171422e-02 1.771826918748189150e-01 1.647508420281398045e-01 1.050180655866973789e-01 3.228808532657747588e-01 -3.496887560896522196e-02 3.759291676208094402e-02 1.759217058805325959e-02 -1.056271910066829134e-01 1.016670685292930532e-01 -2.187944273073105447e-02
-4.531127981451438941e-02 1.049395982991990495e-01 4.990265560742734863e-02 -1.013198258286310965e-01 1.595232569251158194e-01 5.970483845746413915e-02 2.225660060473256818e-01 2.400250635892431372e-01 8.531659914798615796e-03 -1.044598489795159901e-01 2.674371781993868658e-02 -1.359151686223218289e-02 1.385477625083433861e-01 1.272617029279604350e-01
7.597308599807024027e-03 -8.108142326284673018e-02 1.204463865679696599e-01 1.844800282839574590e-02 1.472875266449920895e-01 5.331172931727932995e-03 2.890367486806965647e-01 2.813669659279771640e-01 -1.685535744043819423e-02 6.169488773488716882e-02 5.950688551897728717e-02 -5.114029133804963434e-02 1.756774314376668977e-01 -1.442524542198402315e-01
1.402020489869170161e-01 -8.406589241761613235e-03 6.993353909235061616e-02 -5.416313416515999846e-02 1.212988164455750112e-01 1.718011113492561304e-01 8.647432896225375198e-02 2.670696298042603556e-01 -1.907037621274099148e-02 -3.641286362920422709e-02 2.360478601818801966e-02 2.637368857435138693e-03 1.417091925962112309e-01 -3.361406825165769857e-02
-4.018250718221034329e-02 -1.015547485532160461e-02 -3.730789228165136504e-03 -2.295718309061480639e-02 1.901753404558461091e-01 1.367887621456712055e-01 1.405886565626624507e-01 4.064950129609601892e-01 -1.771846549247632283e-02 -4.956219832197525377e-02 1.467652417143499970e-02 -6.290433780928612884e-02 2.016184020187652970e-01 -1.006795172336809666e-02
2.742768899593879886e-02 7.239978656799184176e-02 3.079225121522953870e-02 -8.415310384072002825e-02 7.606669359229684124e-02 1.556587415936841468e-01 1.787376081175410247e-01 3.595122771691144359e-01 -8.067461421038887859e-02 -1.951484371200094825e-02 4.119590557743297091e-03 -1.076129740095300852e-01 2.714578244876937330e-01 -1.115313591267106524e-02
4.863164748304842078e-02 -2.560500771188461977e-02 5.082799034215083195e-02 -6.141423787979309601e-02 1.060342878047377674e-01 1.049347417618129719e-01 2.762206260938014912e-01 2.086518273972657322e-01 -3.830277897563925948e-03 1.505881910795813655e-02 -6.706265577671977063e-02 6.842777923459734957e-02 1.040421911784857739e-01 4.814605947402567088e-02
1.611016281735347111e-01 -6.272558894694860165e-02 3.927038108899556790e-02 8.700876126610139483e-02 6.039260203898529078e-02 5.937101569305720805e-03 1.747651027784019040e-01 2.711267239315454103e-01 -1.508136682239869797e-01 9.829588924637705158e-03 -2.546563826072114067e-01 3.073607674068137841e-01 2.610941624895560809e-01 -3.662738927780792575e-02
-6.583565232565416481e-02 -1.210750061060701099e-01 1.736888892005427620e-01 1.216420049811294951e-01 9.862052452579858630e-02 -4.536463662088005555e-02 -1.444133321740945219e-02 4.742585810711416050e-01 7.763355546179376288e-02 1.762727268814012760e-02 1.100178929059500432e-02 9.309853698147560475e-02 7.437014778486600308e-02 -2.216088310354654561e-02
5.215322661609905763e-02 -8.614556911648715842e-02 7.067510334190621468e-02 -9.362569711017945662e-02 1.598901519257858728e-01 1.188824409200635451e-01 7.262198701251285082e-02 3.976924517120357105e-01 6.285106339357685035e-02 -4.626163336671872822e-02 1.185665323404597876e-01 -1.416501930625040095e-02 3.243493292582576293e-02 2.749381932329292288e-02
9.994692630650446608e-02 -9.641289796111005006e-02 4.562004501141234125e-02 -3.067991642645628847e-02 5.529621895775105322e-05 1.668846316496418181e-02 1.051035563511908966e-01 5.258401386434737868e-01 -2.323899067641400223e-02 6.276016626439461649e-03 1.573159457121234561e-01 1.054201878783796315e-01 1.347588856700653592e-01 -1.736298659076083162e-01
1.672831113111902454e-02 3.425623035092593971e-02 -3.359649483251291729e-02 5.132052832163151029e-02 5.794489671163337297e-02 -2.137375422927512841e-03 6.441684607430031573e-02 4.670361053749035873e-01 9.128161189627936878e-02 -3.097801601477895989e-03 6.128921507194284163e-02 3.263451352142550388e-02 4.793339461095744158e-02 -1.294619059627775959e-02
2.322140670568484389e-02 -6.206601314620351778e-02 1.839109384472281117e-01 -8.811948694309064412e-02 5.334452887438977803e-02 7.309748407072684528e-02 1.067025149474658818e-01 3.065709891646392626e-01 8.167781448194307015e-02 1.795605876816342150e-01 -1.923437147828623572e-01 -7.237453176881339378e-02 2.235253918500661463e-01 5.635588102911456843e-02
8.009217121065013989e-02 -5.141259895517760747e-02 -8.558625881143140657e-02 -1.503270839533557557e-02 2.407352054520104090e-01 6.596391769732218302e-02 8.481761930035698616e-02 4.115163164390092110e-01 8.791714749750327573e-02 -5.208743258461531744e-03 -2.785327920687261649e-01 1.853712593308378120e-01 3.420180209080471434e-02 1.182214530825602822e-01
4.034653026021087219e-04 1.373546700832717349e-01 1.278007188592572008e-01 -2.086430596242180024e-01 -4.151196416377600507e-02 -6.539428506265271279e-02 3.962262901873234155e-01 2.385811695511483865e-01 -1.735825890622728906e-02 8.449942508429199306e-02 1.686567689238739065e-01 -3.117263366881487668e-02 3.714606103746473376e-01 -2.878391263288044288e-01
-3.303691269115581475e-03 -9.270622262940628189e-02 3.295277934002228959e-02 6.871163499139673614e-02 1.119473830951114440e-01 1.695231265807368715e-01 8.430559551719590816e-02 2.920651492104238689e-01 2.028960219666146869e-02 2.914366264784491733e-02 1.349981286418949766e-02 1.036159888119021349e-01 6.093975340438129856e-02 -1.792078414942186587e-02
-4.575987827738368235e-02 2.049721177192794300e-03 5.401689877910654386e-02 -5.154576039379229341e-02 6.874613516314918849e-02 1.450641838954649099e-01 1.229855292030837960e-01 3.698408368486271192e-01 8.447787185536544119e-02 1.033977293866677472e-01 -4.216817788122577404e-02 -7.657659326947738321e-02 1.220206808522700248e-01 1.651461327287429004e-02
1.011267773129727321e-02 9.375446048012039957e-02 -8.519479185804192112e-02 8.787282736565762975e-02 6.093886891983808091e-02 4.642712315955129648e-02 4.675640583214420165e-02 3.680384446489387007e-01 1.033897179677961131e-01 9.093972225156177203e-03 5.223037258155059648e-02 -3.096366867397483749e-02 6.020226771683782896e-02 5.040511251505100376e-02
-2.049778383522999486e-02 2.324484242516441576e-02 9.834040611868533066e-02 -8.071969455330432752e-02 9.328778826864025930e-02 9.884406551430001409e-02 2.230278022947825012e-01 2.445732790376298205e-01 -5.694796015903707403e-04 1.602712980209625160e-02 5.731486899155271118e-03 1.671675449496614480e-03 8.534127117588055644e-02 8.476100161621644147e-02
1.178789681797180744e-03 -4.296600045330072060e-02 6.329676740564592341e-02 -1.814928027492204374e-02 1.384263888627766392e-01 5.525775779241755975e-02 1.573560742248093225e-01 3.038370024913217282e-01 6.632267090445456703e-02 -1.358271955799774527e-02 -3.600540616392620269e-03 4.953756831657507576e-02 8.623023588096663528e-02 2.991907595377117646e-02
3.240118378123458404e-02 -1.376844959052209438e-01 5.872156510668708612e-02 -1.357677889331960130e-03 1.386162741307934154e-01 6.229459062855037532e-02 2.155882144144622148e-01 3.297995639261762091e-01 -3.059787288069491101e-02 1.997673652325988869e-01 2.394029660755580061e-02 1.469117922907929030e-01 7.265235307323374137e-02 -2.379893619049147924e-01
3.364486049311389559e-02 -4.057023279129011450e-02 1.144025324905949409e-01 -1.839240256160490916e-01 2.369396218019710620e-02 1.639371864343285579e-01 1.276843337168356018e-01 1.527817752191655276e-01 -1.367805778250397175e-01 -1.608253462404372613e-01 3.371234971293279314e-01 7.779791676473864215e-03 2.618466037008491676e-01 1.722694300438524229e-01
3.467631397658001158e-02 2.481659353811224711e-02 5.103867022471043902e-02 -6.721544448052733933e-02 1.970130902660769401e-01 2.640749498741737367e-02 4.431455896959114044e-02 3.919091388457716096e-01 1.767377658494870274e-03 3.632671818548045828e-02 -3.782182244182671904e-02 4.361642230755981980e-02 1.045198527098813168e-01 2.169482586460073914e-02
3.563781455182474245e-02 8.886853629141741595e-02 -7.964846200996593406e-02 -3.240819774145130283e-02 5.333827779048148227e-02 1.509441753445457945e-01 9.205886502013145567e-02 3.127790428183400140e-01 -3.243846882839069440e-02 7.778470048257900282e-03 6.114411464325788387e-02 6.453036725655272865e-02 1.027632368262280382e-01 4.771601860069328571e-02
4.229661426287278231e-02 7.303235867151965099e-02 2.571192873013304972e-02 -1.012807889028258523e-01 1.090489552922170036e-01 5.266553449388629987e-02 7.736070652919065094e-02 3.214996139939429454e-01 -2.857874919144532018e-04 7.378753208468218083e-02 -9.548731286571085497e-02 1.206818751170294669e-02 2.151828225413134899e-01 6.746342576091293730e-02
