4.543884787537906256e-01
2.628561790288056255e+00
1.106020527787364038e+00
1.724437286461385721e+00
1.607485034332595042e+00
1.160407812043170228e+00
7.750780269000601130e-01
9.027079297342260888e-01
1.253291161734957582e+00
1.013469928451708357e+00
1.352797264057593374e+00
1.519332843761739715e+00
6.793558440747019533e-01
5.602068365020089757e-01
7.778158418105762806e-01
1.333956824341323566e+00
2.753603983524604004e+00
7.977516878798354139e-01
1.253802609261412737e+00
1.684696043370570440e+00
2.026353404547356352e+00
6.592450631120059246e-01
1.827042675352921641e+00
8.751822583431474456e-01
1.399153214591021932e+00
3.679809275773404220e+00
2.067756553798280272e+00
3.601612746780411989e+00
8.266245663768913010e-01
1.808760026359898410e+00
1.448269641656349194e+00
1.347870662074175385e+00
2.236493765263506184e+00
6.015309336661726070e-01
1.605284770097081370e+00
1.221592279281944915e+00
9.554081104657369261e-01
6.791809520335961858e-01
4.008621924619470422e-01
2.309934564688361114e+00
1.736890721237289048e+00
2.204740554332635050e+00
1.764310844364670672e+00
2.010973503461356060e+00
7.946751643426528400e-01
2.136024036979810248e+00
2.928025803527309012e+00
1.126893276790280174e+00
1.553749046953857960e+00
2.936671597959840341e+00
