-3.196700967813496108e-01 -5.611694536366242103e-02 -2.252084748563498717e-02 -3.527627854420508496e-02 1.017092297298597403e-01 5.247781131448793490e-02 1.608394476988919686e-01 2.250453611400769494e-01 -7.333372908488804132e-02 -1.546534313907817482e-01 5.051797623424705147e-02
-1.601253125826416213e-01 2.877724548639273294e-01 -1.206956544677000864e-01 1.136878410407328732e-01 3.035087028779473450e-01 -5.245890604812210034e-01 -2.846568223923905960e-01 -1.535111494978653318e-02 -2.977726752652884792e-02 4.139673198006230126e-02 3.178479991046407882e-01
-2.530800877878784383e-01 5.224428390125424038e-01 -3.796254436054877224e-02 -2.746618366600474537e-01 -1.153379084846422875e-01 -4.516457311088917237e-01 -7.680696467297824792e-02 1.084256814636245549e-02 2.440215298453096981e-01 -1.307882643464199912e-01 4.919948978842336174e-01
-2.850762043735401985e-01 3.276662558070136400e-01 1.447877186749073619e-01 -7.656551573396649935e-02 2.023773216557595012e-02 -2.837226941968997163e-01 1.735597271999773580e-02 -2.691311589041108648e-02 1.441286278206642679e-01 -2.339833397052703823e-01 1.811030601789699324e-01
5.152827652639509724e-03 7.811238165666747890e-02 -2.268550226872064202e-01 4.112419468352820906e-03 -1.217527831900976076e-02 -3.731156756823458265e-01 5.858486518369257490e-02 1.889917319903058612e-01 2.344094517041202252e-01 -1.628797373402811888e-01 1.346805338401061425e-01
-7.246825423470658334e-02 -4.012767794504877236e-03 -1.712650912377488011e-01 1.124454924062114891e-01 2.565407265884994681e-01 -2.511676693923079601e-02 -1.332274921941143664e-01 -3.740023732440018178e-01 2.928251709811268699e-01 3.029455296000558087e-02 1.700530017550492060e-02
-7.496367659316716114e-02 6.089431676088854495e-01 -1.016001504414030393e-01 -1.432781425636857342e-01 9.549024997480698440e-02 -3.968629191475498974e-01 6.689492464139258632e-02 -2.261763205589522319e-01 9.998651946341941335e-04 -1.699103832973569705e-01 2.694818826494390085e-01
-4.813125292169602443e-02 2.566829344786026798e-02 -2.135097861006778619e-01 8.313858928777484447e-02 6.849620151255186862e-02 -2.495204659287261484e-01 -1.303562816450964112e-01 8.149360648400365281e-02 1.203305768956115657e-01 3.062860118581964622e-02 1.607804152496152827e-01
2.603330113592576822e-01 1.623609882481533984e-01 -2.718447935221681711e-01 -2.334700434314087580e-01 2.260314139860304106e-01 -3.512635545574826490e-01 5.866954982482525116e-02 4.561431690721959309e-02 9.553253811164227893e-02 -5.980166552447246930e-02 -3.143263934554748999e-03
-3.922302316518533338e-01 1.517329735047536210e-01 -1.993361206058560584e-02 1.113666753719950997e-01 2.027681438099689926e-01 -5.632231443752477862e-01 -2.287484643678708643e-02 3.090952315490954616e-01 -4.234114159877509082e-02 6.915868803675655208e-02 1.254997613177203653e-01
-1.180353298791856909e-01 3.183465992883018902e-01 -2.682220046952203951e-01 5.103808528358335511e-02 9.945954620351110664e-03 -2.296935980798636423e-01 -1.222563745818178033e-01 -1.109789148677279569e-01 3.694415936624284580e-01 -3.824283601376633757e-02 6.767532272995858966e-02
-8.568215644929950969e-02 1.429853949248941491e-01 -3.881708468073045287e-02 3.483204608203516739e-01 -3.396990199271961441e-01 -4.041789837944498864e-01 -3.089843119759475010e-01 2.624809973422780884e-01 1.426098391401166565e-01 -8.852418512066825840e-02 2.985075471876912356e-01
-7.300639956863383406e-02 -5.254595200683383205e-02 -2.731595700405057281e-01 -7.669478761722096916e-02 -1.855960043170599150e-01 -1.900326171094360028e-01 1.542578847077783200e-01 1.493980892195567040e-02 2.984500222988595852e-01 -2.474960998340053064e-01 5.599022120321430762e-01
-4.980140564389669983e-02 2.348519385129319847e-01 -1.508424632209350302e-01 1.969391263077447662e-01 2.035070961960424030e-01 -2.396954195621641415e-01 -3.131598449343795387e-01 -2.656499000316004874e-02 9.364128609955417459e-02 -2.548290939204215788e-01 2.349722676357261231e-01
-4.763641100525003308e-02 3.908351722020665386e-01 2.389057526693887448e-02 -1.444460911595060737e-01 -1.909309883576714439e-01 -5.384110396833294843e-01 -1.278856325564380406e-02 2.147030874289077573e-01 1.543765686281268340e-02 -8.470487220995331912e-02 3.030699713776690007e-01
-9.037312806285170697e-02 1.973055494662953602e-01 -6.574323736112686056e-02 3.858720772247857811e-01 7.105651357493397713e-02 -3.888792266383134799e-01 -7.543632075868966780e-02 1.075690851611718901e-01 7.825158455113279121e-02 -2.541958004392422255e-01 -3.640859925105448258e-02
-2.434762733546214086e-01 1.422119802018202428e-01 8.376604469691827093e-02 7.993070317205723530e-02 -1.386136249188167358e-01 -1.712090972749955864e-01 5.924346276483514334e-02 -2.675539251135333751e-01 2.931022811292593455e-01 -1.722571802996144541e-01 2.638741264637335382e-01
-3.188018255720773131e-01 -4.397261787194622212e-02 -1.206509992748212995e-01 5.888614951376158757e-02 8.002714669613498729e-04 -2.299376361964414195e-01 1.492380176774529832e-01 -6.572390266964699135e-02 -5.109092797878293096e-02 -7.763187293109291565e-02 6.279038413036746036e-01
-1.825473615500120272e-01 2.617219950068522261e-01 -1.215237805498064483e-01 -2.295756427527113064e-01 -1.443149774694098275e-01 -2.545822946795244235e-01 -4.301282271182788747e-02 -4.145613274435681200e-02 2.566565596326546295e-02 1.515120266215188860e-01 5.071318323330528122e-01
1.350874699921254807e-02 -2.036830385726020112e-02 3.666088569198418246e-02 -8.539954541081802575e-02 1.622404332659392323e-01 -3.672322238810555861e-01 -1.489183511150871664e-01 -1.606019294371071049e-01 8.173448669335188488e-02 -1.733831590343021811e-01 5.907774575521833604e-01
-1.305471787976959785e-01 2.354599630126174847e-01 -1.796020814000221233e-01 2.563877056986722525e-01 -3.900498286329936448e-01 -2.366487421205424879e-01 2.056776064975150697e-01 -9.296397526470338846e-02 2.833596023956415078e-01 -2.618344458593435120e-01 2.397798719378963772e-01
2.768092110638649128e-01 2.722882224645035709e-01 -1.932888467086748552e-01 1.040467878339908087e-01 -1.007887828531036645e-01 -6.425420128889295368e-01 1.516228207266444861e-01 -1.203293460966957246e-01 8.158468061895952916e-02 -3.285589663193922427e-01 4.281747296258743840e-01
1.782339149931412223e-02 7.206956442300055388e-02 1.701870563416026105e-01 -5.051378770026265091e-02 -2.458931910716230240e-01 -1.687384646970203350e-01 -1.100688271512124394e-01 1.436029284582357179e-01 5.405172434443421964e-02 -1.412061400067741168e-01 1.877042430273469786e-01
2.267074651854641618e-02 -5.207028570227617559e-02 1.150495903030445688e-01 1.368371993180051149e-01 -8.775612630046249196e-02 -3.945143373888205796e-01 -1.759396844870892984e-01 -2.205004111075264395e-01 2.578110972065099649e-01 -1.771972614933691251e-02 3.451504352564472855e-01
-8.435793955265197264e-02 2.671190734267746558e-01 1.815011943246106971e-02 1.587914214206893326e-01 1.151972976694508044e-01 -5.853424462715758336e-01 1.931250824308678171e-01 -9.775304940447510083e-02 6.612107795424209886e-03 -2.921434608471931704e-01 2.296202913672696355e-01
-1.091036931775282021e-01 1.004816456186293228e-01 7.409176171906735331e-02 6.085987981593393020e-02 2.377351928273464116e-02 -5.455392700180875520e-01 8.257018669230296870e-02 -3.869602128735556007e-02 1.516028062152076916e-01 -1.474548619824231632e-01 2.764325445885595367e-01
-4.188579067683988466e-01 2.635360546658178094e-01 -6.730046575744309811e-02 3.820443264420687046e-01 -2.182825284407285127e-01 -2.162938434190456172e-01 -1.872691080544176545e-01 -2.828812297598841674e-01 5.431539398615037317e-01 9.321836617833909044e-02 3.795089251922994372e-02
1.026527789617752290e-01 2.235686723304024515e-01 -1.735405779563881645e-01 1.579066499459066131e-01 -1.733423054507048644e-01 -1.641592529031493386e-01 -4.091612681348631014e-02 -2.106514539713695289e-01 6.093554679712730876e-02 -1.957333207210020520e-01 3.422978872479293111e-01
-3.056874918465406210e-02 3.310106279831560028e-01 -3.464160962090409024e-01 -6.759178792972567185e-02 1.178923506001782751e-01 -1.202485496269384280e-01 1.233120349982241432e-01 -1.737627089986403806e-01 3.163689650861965363e-03 -2.622369925589926321e-01 3.544646787426131151e-01
-2.649007564067150031e-02 1.643876366748114048e-01 2.988298465543268168e-02 -8.469618867676116658e-02 -1.130488376172462256e-01 -1.562178370068824373e-01 2.731847532165194159e-01 -1.166486283257461010e-01 -5.218748514818853657e-02 -1.760150277920322914e-01 1.868672031278069690e-01
2.109687726097773108e-01 2.784375939459791671e-01 -4.382952886522820668e-01 2.287295841222885540e-01 -4.884402752008963899e-01 -1.317769649761904305e-01 -1.107620089594148899e-01 4.000392084555884908e-01 -4.204340182152175448e-02 -2.313772630642074724e-01 2.535385410079176727e-01
-4.339670901509380951e-01 1.646732284926622769e-01 -3.841567830775440284e-01 -4.062346611358176596e-02 -1.196623904156675772e-01 7.357588414186516657e-02 -2.027254746886741898e-01 1.284198174489221966e-01 6.827949094854111889e-02 1.642072024552025389e-01 5.109980784262524445e-01
-1.508706209594080083e-01 2.793871733119540068e-01 -1.154162767306918386e-01 -3.166983888277929982e-01 2.343171556596552463e-01 -2.616404564590893086e-02 2.485041046636120576e-01 -4.269729551390644140e-02 -5.203479360043478802e-02 -3.452707114210982753e-01 2.159621965310614122e-01
1.453683312851660747e-01 2.380180567043063689e-01 -3.835497406350437677e-01 1.117455879156526929e-02 2.226486117558123048e-02 -9.970493461602941698e-02 -1.092466186198063141e-02 1.234649388526986441e-01 9.484994911757453628e-02 -2.166831177368758743e-01 4.740256390076938615e-03
6.839531542708005007e-02 1.747625902239520468e-01 -1.012771058637068344e-01 -2.628569694259078604e-01 3.785162263920062165e-01 5.425779311417097336e-03 4.151293327060172345e-02 1.100471742860685380e-02 -3.055745001051809462e-01 -2.779144626303265975e-01 1.970239734384991170e-01
6.527855928723670653e-02 1.046237317395034838e-01 8.982852656971626604e-02 1.574656825510900027e-01 8.239570095183941512e-02 -4.169363041860011387e-01 -8.364412620263045675e-03 5.319704936466619627e-02 -1.262549910398409574e-02 -3.175852078108057364e-01 1.317406707240434960e-01
-3.718855637731799946e-01 5.200196368580953243e-02 -2.124105652647001741e-01 7.792144257610009173e-02 1.493341414033434733e-01 -5.821394654764128207e-01 4.858851850201215128e-01 -4.238530448751516317e-04 2.451779635391847512e-01 1.614654669345092219e-01 -7.590821813285952846e-02
-1.217898392235067934e-01 6.647607693197193912e-02 -5.328476781211415741e-02 -2.801268911092354985e-01 -2.043025977941432259e-01 -1.326602252651959968e-01 -3.877428070157512563e-02 1.532166520797414444e-01 4.586454964101648046e-02 1.302702658215028619e-01 3.641295548985782893e-01
-3.351076249040264021e-01 1.924127685002811616e-01 -1.096760408613814131e-01 7.475573258224693651e-02 1.541077226253338983e-01 -3.501479620987539287e-01 3.315221845190285399e-01 7.483069230700788166e-02 1.291273456895938865e-01 -3.107597387861412153e-01 7.795341789385200337e-02
-2.650156472990900514e-01 3.751684197918540020e-01 5.888125393436671046e-02 -3.908338800769546595e-02 -6.050690511928950681e-03 -5.819483610709651200e-02 1.406541732903998088e-01 -1.199443550735996983e-01 5.403786508737117716e-02 -1.769228142367998968e-01 -3.451148340073966619e-02
-2.362661480950626891e-01 2.186901204850123515e-01 -2.353648424388864874e-02 -2.662393947428039892e-02 -2.088970945835177673e-01 -4.129620124605397624e-01 -2.325276906088696582e-01 2.152731550739802047e-01 5.257422328939401757e-01 -3.277123618518761050e-02 1.428975946654556517e-01
-2.531196691229574691e-01 -4.627743792327705663e-02 7.565814759171290982e-02 -1.302099164980647927e-01 6.535426509563876940e-02 6.330593562630965065e-02 1.115698571575767933e-01 -8.229517594992663207e-03 1.125769186594324789e-01 -2.523706196054424367e-01 1.907605340811062145e-01
-2.042623274602981820e-01 1.825214619187357501e-01 -2.074262824009097950e-01 3.268862037454411951e-01 -1.470449011263633698e-01 -1.757205261247213324e-01 -3.586405314257786608e-02 1.562371508113901131e-01 2.764971683702365235e-01 -3.872961930011928344e-01 1.444907958773009871e-01
-5.733016678613089834e-02 9.194658604695965520e-02 6.482430557327166151e-03 -1.092626965748666051e-01 1.105087165812839584e-01 -2.137511392718024761e-01 1.390005065720325284e-01 2.685957365165797181e-02 1.537035419671877595e-02 4.627968287449871210e-02 -1.270853503806380069e-01
1.354068121843806372e-01 2.264603290603017516e-01 -2.946546659974988991e-01 5.134677432847089412e-02 1.487798589900258817e-01 -4.164456384811563994e-01 -2.369626212106460406e-01 1.994772494935235230e-01 -9.438473756930330916e-02 -7.903389376122904597e-02 2.890290304301721402e-01
-2.239141245865937380e-01 5.699088893151575963e-01 3.303929899780912449e-01 5.201979975401868628e-02 6.883577995048342779e-02 -8.034733426283869884e-01 -7.120370191023243922e-02 1.857304079348865988e-01 1.334291957950933527e-01 -4.097819147241593685e-01 9.707451858868249017e-02
-1.205398814736199642e-01 3.419994493449322048e-01 -3.141190477415361365e-02 -5.188155793977680674e-02 -5.142825727535420971e-02 -2.413889708417304714e-01 -2.594957617683165130e-01 1.226392420966359170e-01 -3.248908180596254275e-02 -5.738396784844749382e-02 3.103991897528358690e-01
-2.208973355443452635e-01 2.764789579103461570e-01 -1.073843144570870434e-01 -4.254427219794910259e-02 -1.257636620056023224e-01 -3.600263994355232255e-01 1.911582313964019231e-01 -8.764846135705861574e-02 1.434773860111968613e-01 -1.510655021199215353e-01 4.132338692665837865e-01
-1.838669062874171978e-01 2.354195798088134783e-01 1.510194413900133870e-01 -3.073895449118007051e-01 4.323904191959100918e-01 -1.418366165982380689e-01 -9.921065717226468239e-02 -2.097415764733041310e-01 2.843178711331508790e-01 -1.015510823931410622e-01 -1.305324302246803070e-01
-1.289155703870220430e-02 1.697546658644066842e-02 -1.210929457856162739e-01 1.074444985897070742e-01 -1.987398678005768485e-02 1.978501825296223593e-01 2.095018758129454234e-02 -2.171913405471397399e-02 3.317582571562029126e-02 -6.210527735555533280e-01 3.492527336789992276e-01
