1.123250784947006503e-01 -1.218092105185283602e-01 4.723642548526693630e-02 2.089425442328121316e-02 1.611797766559690814e-01 -7.768957776056861775e-02 -2.481689530198196922e-02 -3.474273426967982442e-02 1.664639557123185343e-01 -6.909779353548080316e-02 2.171761635736658286e-02 7.489309803112681463e-02 -1.515303569338274925e-02 -2.236157890838038481e-02
1.110360585927799570e-01 1.429985615882890457e-02 -9.221585123633517511e-03 -1.447592744488853667e-01 -1.711314605459704138e-02 -2.151765474994966551e-02 2.284754641740543157e-01 6.709225545673143387e-02 -9.507322127447165316e-02 -2.772023014225129256e-02 1.536181605454509658e-01 3.204129530766856859e-02 -1.514303524562200520e-01 9.931175318652152306e-02
5.366912846743484428e-02 -9.009554013982731813e-02 -1.785583711377726479e-02 2.318137734717852158e-02 5.206031951613734887e-02 -5.751468952938827706e-04 8.435181041078229636e-02 6.684474315870667094e-02 8.050743914998688411e-02 -9.573141728375892875e-03 7.131619104408418175e-02 -1.174022001692325706e-02 3.256665252228776314e-02 -9.561839655037385199e-02
8.446778670763918639e-02 -6.557275705402401678e-02 -4.230409649734934163e-02 5.289743824830372282e-02 2.898347625130037394e-02 1.330025174963266922e-02 1.146920820426101800e-01 6.246439186811984789e-02 -1.878294077805984369e-02 -1.268701325163665468e-02 7.909214861217478409e-02 8.393676861682120710e-03 -4.979447326685296216e-02 -1.611059232151293777e-02
6.621660784734562100e-02 -1.736718804328240065e-02 -3.557970143395021434e-02 1.613399958200442685e-02 1.004030165620438120e-01 3.719757137110839967e-02 9.749273888245098274e-02 2.695253553878472486e-02 -3.398893729703125234e-03 -3.301949585161173192e-03 -4.760247156168815469e-02 -5.938098624555117333e-02 9.470221250369102728e-02 -3.342811251606566531e-02
3.762144128279352323e-02 -2.541870905754069210e-02 4.666330809699978377e-02 -4.542615539702090505e-02 1.305669348725713719e-01 5.036780119050153492e-02 1.407666763894007411e-01 -6.073581478189617189e-02 9.974142751898005740e-03 -5.890104916466362001e-02 -2.886614714694452771e-02 2.922537769814513575e-02 -5.965439256171310711e-02 7.285596499949602289e-02
6.723653565160896128e-02 -5.578373698182059748e-02 5.866504873971589012e-02 -1.636333211013919070e-02 8.739193941544912136e-02 -2.917887322259193894e-02 7.201354234441412205e-02 3.418009588844594937e-02 6.407531791001343235e-02 3.728057229678560791e-04 -7.053772899742706548e-02 2.888141763793349720e-02 3.557347042646750307e-02 -3.748712325301033210e-02
6.451400301873556897e-02 -3.278513590261580846e-02 4.508511672183763974e-02 3.700377037918693712e-03 6.977023521695535635e-02 -5.970869020692204376e-02 1.031575477458660239e-01 2.730358804919077315e-02 -8.127808654648333020e-02 -4.763423622770729393e-02 7.761379694574721544e-02 2.251095907311652378e-02 7.634948690585632858e-02 -2.955958265946844604e-02
-4.472795593766328015e-02 -1.008131288334081083e-01 -1.422054470448944063e-02 8.187781514992133192e-02 1.690228199444640811e-01 2.245149496598676866e-02 1.303716570202513858e-01 8.000887988363682146e-02 -5.030588896109466912e-03 -1.340874468282265974e-02 -3.404536524765371802e-02 -3.484650795658725264e-02 -4.219077656022612866e-02 4.459032502672680143e-02
1.358072316801261226e-01 -8.286255210692566875e-02 -6.834313218286110214e-02 -8.237175849036795783e-02 4.834500009768926548e-02 1.221938591988923212e-01 8.848510787931072874e-02 8.409314945400062080e-02 1.024400997563836430e-01 2.663653190900868231e-03 -2.197330997566030591e-02 1.542445426290139834e-04 -8.871336325653998711e-02 -8.788506155504042985e-04
-2.456564255110171846e-02 -4.794569002030629051e-02 1.376841147186365355e-02 1.328310440001184700e-01 5.815987269334782495e-02 1.085036077581733871e-01 1.726312885811295272e-01 3.126403183204687353e-02 -1.652242447354994315e-01 -7.492143609842380481e-02 -1.949141060437312861e-02 -1.223730597929567621e-01 9.260226986444172748e-02 8.380033677356668598e-02
9.276352547221802802e-02 -1.125234265575446313e-01 -5.626963409131290061e-02 -6.210597872141679354e-02 1.276749093763891729e-01 1.651550913076267613e-01 -9.273173976240070560e-03 -6.662393848252115558e-02 7.698709140724066535e-02 -4.321808638186727669e-02 1.813451302784405139e-01 1.725383144263781254e-02 -6.149992502544482376e-02 -1.062603687617809378e-02
1.047582516054319790e-01 -4.921866910238374693e-02 -1.669000476405516770e-02 6.635624404202433713e-02 -2.261424980433512921e-02 9.065173046673555279e-02 7.886209633645975547e-02 -1.428643247957558406e-02 -5.834069983124844094e-02 -2.622234981874140697e-02 -7.024601699326617557e-03 3.528949090198877508e-02 2.910485732085976718e-02 2.841371599819298224e-02
2.574204659613900728e-02 -6.714781530240077068e-03 -5.860782580941031883e-02 -4.723377501490688690e-02 1.824404050307006642e-01 1.034220586841174405e-01 9.981469354349906120e-02 -1.443407080584932500e-01 1.132301132971427204e-01 -5.478782535304700663e-02 1.701061744940279841e-03 -1.495230524032758190e-01 1.897934498349883314e-01 -1.589648139012703881e-02
6.502469835309915291e-02 -4.069872504111966827e-02 -4.906959967617954832e-02 -1.508422184200011208e-02 1.036243139357782839e-01 -4.044569609419881168e-02 2.047238253378926287e-01 8.462932789360488872e-02 -6.869655538985841581e-02 -5.627738055434522435e-02 7.334661404008865904e-02 -7.742043865707426420e-02 5.879623351478067972e-02 -3.413016648441138078e-03
-5.429016088242945987e-02 4.279758219072082176e-02 4.491974005209131010e-02 2.840897565312998363e-02 1.606002162470602790e-01 -1.889504006497670294e-02 9.633218401593136859e-02 -7.911911411012328976e-02 -4.599655332230147275e-02 -5.773896586459884711e-02 8.668902313241629021e-02 6.807492648906710020e-02 -3.284767816472181079e-02 1.042438007615234530e-04
3.614727006582486857e-02 -1.318024845600058725e-01 1.445091218458182669e-01 3.377637061516983175e-02 1.140010553929050041e-01 4.178516108549544528e-03 1.327984758177999935e-01 1.507840431905131673e-02 -1.247796074263294308e-01 -4.714302372260972124e-02 -1.193346018487558002e-01 1.225982131419414839e-01 -1.418447224662589684e-02 7.319614166929351573e-02
1.470929889219460829e-01 -1.343528459064895764e-01 -4.351553970295569257e-02 2.179717738870131510e-02 1.004850034294896416e-01 2.485680006017117194e-02 1.149692393737800217e-01 8.228937437271405253e-04 4.141859730472977064e-02 -2.362056522351566046e-02 4.047239779262706838e-02 -2.318754758117847620e-02 -7.746145544713575748e-03 -2.045307488429213422e-02
1.538485347768535783e-03 -1.263755613009351075e-01 2.038083464823452901e-02 4.098144399397708228e-03 6.659039111547844503e-02 9.272161799804154447e-02 1.709194486708616734e-01 1.222237591634589282e-01 -1.143452966122831954e-01 3.070842519464341697e-02 5.851694783645770837e-03 3.318181596770412162e-02 -6.768035256125802535e-02 -7.740276427311894997e-04
8.850217572664371979e-02 -7.380098472506897711e-02 4.932289929582099088e-03 -7.440408375147271672e-03 7.139690557995190257e-02 -4.163939732547618927e-02 1.136551135677164037e-01 8.073586404841609498e-02 -1.310776152580846524e-02 -5.405954849744243340e-02 7.960643937962233463e-02 -7.079650065568449113e-02 -1.817104887367707380e-02 7.922624091839942928e-02
1.601977562103729102e-01 -1.570909841063858614e-01 7.489129941023766474e-03 -7.415035268738942587e-02 1.155344761669588882e-01 3.854168435640552975e-02 5.666181620515452211e-02 1.560735026167978101e-01 -1.152918326154328890e-02 -2.339068619403285587e-01 1.237223596855081265e-01 7.543669380143179330e-03 4.717162643984817993e-02 2.780740165461341104e-03
2.592052637516714664e-02 -8.276930242954957939e-02 3.944277499733780945e-02 6.481210349788317504e-02 9.533700007204209959e-02 2.428126322844244289e-02 8.222794102021142859e-02 7.286552441880662923e-02 2.291773513055268136e-02 -8.507860347568553527e-02 2.706610124606127765e-02 -5.937564470070523515e-02 7.993370397005819528e-02 -6.854174417859544566e-02
1.100292670325833388e-01 5.333097320960703686e-02 4.913682575179784823e-03 2.681128589730817982e-02 7.934309924359353450e-03 -4.724915893244714671e-02 6.027963691649138728e-02 -5.938223195231073781e-02 -4.955891962269718537e-02 -1.327976152912608253e-02 3.108882241801742830e-02 -5.383384180035123007e-02 5.324029625304697866e-02 1.147150187823660905e-01
1.353480463692318669e-01 4.701300638174444463e-02 -6.864598450577202859e-02 1.793642327069532721e-03 -2.593722144107599159e-02 -3.958426423613541079e-02 -2.877534750060183402e-02 7.074194038643598359e-02 7.766088691459664684e-02 -1.280088583902504462e-01 6.987629306851270150e-02 -2.345653166518736621e-02 1.503263643973596353e-01 6.874070660992936954e-04
8.896242644798328658e-02 -1.178905633273207854e-01 -7.928190047170324828e-02 9.349331515949139970e-02 1.165132498666982333e-02 7.564493803000757466e-02 5.194592953093489507e-02 4.678954119865665062e-02 1.305953077711060617e-01 2.497006723288362068e-02 -6.718073180206850237e-02 -9.268600926243525384e-02 5.803871136322726054e-02 1.398702231459433322e-02
8.859824359557989804e-02 6.341761422046203120e-03 8.139847146655274090e-02 -5.191599324528127501e-02 1.937418223494543831e-02 5.415999699077390060e-03 1.062349005537492966e-02 4.127323305037174789e-02 -4.546099505834472893e-02 2.509950237772243936e-02 1.683015123565142351e-02 1.471599397654720087e-02 -4.629555026821607910e-04 2.720829386446587533e-02
5.594131400917753266e-02 -6.855046030239896060e-02 -1.258044853826831982e-02 -3.858563248528611156e-02 7.725576665545547117e-02 -6.627602283233163805e-02 1.127354491694211869e-01 8.962997398629474199e-02 1.152715347893488590e-01 -3.276118216960124951e-02 1.923608652148782808e-02 3.399503834612184472e-02 2.898529948487966329e-02 -7.525733746227379617e-02
1.093089949336783495e-01 2.106137349027549163e-02 -3.072738586707008529e-02 -2.315738456705345588e-02 5.671951758759948697e-02 -7.817711944237849819e-02 1.042596209213680486e-01 1.012983533730269364e-01 2.995943338817316087e-02 -9.751621672602038549e-02 -7.186494136757773377e-03 6.896444531994321003e-02 7.869934200149520526e-03 -2.363769330290694040e-02
4.812019716559600563e-02 4.007945486287707582e-02 2.359676972035196219e-02 -7.110367416454679845e-02 1.096992534269067010e-01 4.617794779215884937e-02 8.740510169567046461e-02 1.544160300291363974e-01 -1.831340991193612378e-01 -7.791151080799220419e-02 -7.676865736678510632e-02 5.028634039309088505e-02 -7.441035250963196068e-02 1.625865780545560635e-01
1.973737836737690654e-01 -1.443338304420728191e-01 3.221358935724666361e-02 -1.633770478577216412e-01 4.653514156679583458e-02 -1.098962251379753674e-01 1.272540656946109794e-01 3.794858574862040174e-02 1.241224997917139694e-01 1.492394949203532661e-01 -3.343216419769154749e-03 2.007174428688809908e-02 -5.572924797707198841e-03 -6.919628121272500265e-02
-2.493752023404795584e-03 -1.436879362747676414e-01 6.546960786642244678e-02 1.283529309968535759e-01 1.022262980173792857e-01 -4.963992262459063567e-03 4.986121229552428064e-02 1.461019768786635531e-01 -8.527961602513577100e-02 -8.602517021529157426e-02 -3.176648258294934718e-02 1.592124033948977280e-02 6.338256139535095035e-02 2.194050076635155680e-02
-3.312921858465424363e-02 2.328056365375083536e-02 -8.733623199874933352e-02 3.014112521813792911e-02 1.935916523059787731e-01 9.652722437097971397e-02 7.551146707635265909e-02 -3.708110443247254751e-02 -3.114475478307253409e-02 -1.329634096795254128e-02 -1.570058441896517443e-01 -2.332453154630506620e-02 2.436866807984845174e-01 -4.138130774879931334e-02
7.035814877995612282e-02 -7.339728000240569594e-02 5.201854105185390459e-02 1.825380537578659423e-01 7.589565852430751880e-02 -1.596938902875796873e-01 7.760622959342917959e-02 -1.397322298752539660e-01 -1.483675469801988278e-01 1.206706092851996120e-01 8.728756027440169596e-02 9.859812607680297492e-03 -8.610099005386820381e-02 1.700967024966392183e-01
9.707696964992097721e-02 -8.063986440074460971e-02 2.062132181741576850e-02 9.136718499505161462e-02 8.038321318065116960e-02 2.991290918216057970e-02 9.685269639453089607e-02 -1.957656782583400701e-01 7.431452499928975497e-02 -6.804389124130316713e-02 4.278922579051155917e-02 -3.122062889646953776e-02 6.250466606701243766e-02 1.888672989233972088e-02
6.799304800414626704e-02 2.323248792242499014e-02 4.656684469124914433e-02 4.729310156327107273e-02 7.379521805556311931e-02 -2.539944805487584847e-02 -8.332023007362233946e-02 -3.225124055305979981e-02 -8.255484026645366902e-03 -1.389707144324298614e-03 6.035252576953335779e-02 3.524459958627863473e-03 -5.527599649929192116e-02 1.221737995590308490e-01
1.748781047296728008e-01 -1.540925141269705589e-01 -6.313613747141379184e-02 6.555353445973971516e-02 -3.231617694268467539e-02 8.206923187674920739e-02 2.194971493782600647e-01 -5.174410418589734523e-02 -8.620995699435272941e-02 1.775829532698972035e-02 1.173905435864982111e-01 -1.806131809397374388e-01 1.126486293760325941e-01 1.735596109914134405e-02
6.963909063765638674e-02 -5.709383818658830823e-02 5.105823300221844219e-02 2.260252025633566197e-02 -2.788144706898587621e-03 -3.394083593144035793e-02 9.023697972600669415e-02 3.926551065267519514e-02 3.756168717357728781e-02 -4.662844052373416731e-02 1.519918730026796339e-01 -1.236779822394282469e-01 2.400623564406158261e-02 1.680649066490591537e-02
1.200394754227299410e-01 -7.526057496616617160e-02 -3.013054227790071260e-02 -2.834983964385054400e-02 1.229367992975091278e-01 5.205865718212984022e-02 1.116846472081994140e-01 4.860687878587205413e-02 1.895160260086129617e-03 -4.327968287086017551e-02 2.437980609791427083e-02 -1.266805961064647844e-02 9.209424649278622962e-03 -6.208277036226822476e-02
3.116784964639761693e-02 -4.347151942322455970e-02 -2.690830385092153262e-02 7.876478171292614072e-02 2.876683400749897174e-02 4.758940607382074195e-02 7.339546468600627316e-02 7.084167956995855719e-02 4.608830090494335507e-03 -6.412036914100946450e-02 3.310486733169002577e-03 5.734644018242418539e-02 -3.588013363937593569e-02 1.362793252386279401e-02
7.381426917659474063e-02 -1.159569521086489807e-01 7.251224195893708757e-02 -4.038035987712498831e-02 8.709832675259732149e-02 3.148190526948077550e-02 8.793310934403014700e-02 6.502581712375421485e-02 2.055541806886422573e-02 -8.099799478478927894e-02 2.376923920614527896e-02 -2.492039216754745809e-02 2.288773812651339473e-02 1.621701308322063412e-02
-6.283339760582751232e-02 2.270489709358486374e-02 -1.129171674033194461e-01 1.717607193905709984e-01 3.016599928601565450e-03 -7.898862961305649216e-03 2.850099574355026144e-01 5.286501842289680064e-02 -3.316145761148505539e-02 -8.669886769527096471e-03 -2.146795677803417512e-02 -2.252592766345801190e-02 -3.843284004935977605e-02 1.158968374318694594e-02
-4.588628193189423637e-03 -2.463807593612424990e-02 8.097330471636828009e-02 3.401929520551073838e-02 3.806725491376310860e-02 -6.677076182080732974e-04 6.812902779204586812e-02 4.964167451960503630e-02 1.328986632172565394e-02 -3.037803623506991901e-02 -2.479200408918344478e-03 -1.518774892291613506e-02 2.314230093527871665e-03 3.054412292390666986e-02
1.245256935627566258e-01 7.677024306086029093e-04 -3.560779399305988909e-03 4.225733652339576374e-02 2.270927006306860257e-02 -5.083451914176206204e-02 1.165063734466358220e-01 -1.433041613883362028e-02 2.175604110620599912e-02 -1.071147776636854898e-02 1.270420224568798856e-02 -5.758771666763539548e-02 1.055316222898118085e-02 2.428450667859218676e-02
1.072602639810898151e-01 -1.840397316464122829e-03 2.918007579689992428e-02 2.182407621772773990e-02 1.032790656466701512e-01 -7.824468977273513204e-02 5.512195368399228079e-02 -8.083736580233430447e-02 -4.364554326638699772e-02 -3.745610607859161528e-02 1.303360361096811415e-01 3.808217067711418269e-02 1.555910389706715441e-03 -5.576071094342651899e-03
2.806662362547456685e-02 -2.693858438248904197e-02 -5.505962167131348700e-02 3.566490368200508562e-03 1.403128319572142513e-01 -6.367048259181459779e-02 1.963684993161037284e-01 -5.589803782794761089e-02 -8.497522808509426484e-02 6.801578805861216437e-02 5.093305057248373457e-02 -4.151549550783904807e-02 5.243422225383102125e-02 2.739932308660517069e-02
6.406696651611640259e-02 5.007480058634761200e-02 -1.041134224967669997e-02 -1.008484809145437089e-01 -4.213344363776277968e-02 7.353295004086565778e-02 1.784590970448794722e-01 2.762282605132809765e-02 3.997655025109535243e-02 -3.475259637538787028e-02 -2.062324756997150482e-02 1.245351031709859141e-02 -3.719840612270272628e-02 3.882019523434118713e-02
8.118652929233478865e-02 -1.773321448903283915e-01 3.214069406714683413e-02 7.803712528623754641e-02 1.390106791003964670e-01 1.532557103242437324e-01 3.949967740484888745e-02 -1.266198705065528507e-02 -1.798052849758225713e-01 6.114115584548639182e-02 2.479772541358005872e-02 -1.177965058888386929e-01 7.761416868967037364e-02 3.995183655372688825e-02
7.147900034057737273e-02 -5.124932022992509384e-03 -3.624249273661154375e-02 3.680898528674175774e-02 6.132327991883793072e-02 2.852623639319274047e-03 8.707139587205643683e-02 1.763909568124835334e-02 7.322703728453811012e-02 -8.749319973512944063e-03 -3.589172938644271532e-02 -2.525922592269689432e-02 2.917912640174800693e-03 -3.012251449210269320e-03
4.558699193962824359e-02 -5.245074799595209059e-02 1.224546480666250520e-02 5.279884972475364004e-04 5.988842937665916910e-02 3.951467753844838116e-02 7.185970677433500819e-02 6.982486333384532728e-02 -2.529965288411554353e-02 -2.457613563513383337e-02 -3.245155760250396926e-03 -9.490856513778844761e-05 -1.650892847027778804e-02 6.176678621606834785e-02
8.194467939803364021e-02 -7.702370801175268539e-03 -5.255001943678501430e-02 -7.131922848496119460e-03 1.538901717933023050e-01 1.825020064008010812e-02 1.217820685732948216e-01 4.827072988736799686e-02 2.106070869697732051e-02 -4.664778764549212808e-02 -1.205912076504339625e-02 1.082199710618896027e-02 -6.504764659357031853e-02 -2.584230883265575818e-02
