-6.611297976184176584e+00 -6.878987049124455133e+00 -6.346175301414788805e+00 -6.041085660073271413e+00 -4.446496797345704799e+00 -3.532641040351736095e+00 -1.909959500830871626e+00 -2.012918063760068321e+00 -1.528335951926901082e+00 -5.997973315039976328e+00 1.743743471726183270e+00 1.669298421792750897e+00 -1.675124672757588584e+00 4.645671246171572122e+00 4.295048340523203834e+00 3.577474271970862318e+00 3.895397225375551997e-01 7.090472379984914753e+00 7.724594898332315829e+00 1.490482166588487978e+00 9.354181000756925712e+00 4.455040710321332753e+00
-3.627871573352594581e+00 -7.987793841076950230e+00 -6.268484871226744914e+00 -2.932653718437600698e+00 -5.500388385933136171e+00 -4.900237730162900540e+00 -3.069750542412135186e+00 -3.574671045761135701e+00 -1.808520339571914270e+00 4.051131770445009828e+00 -4.360117965922505334e-01 1.458940838000956308e+00 -5.002827566980313279e+00 -2.842298921627941510e+00 3.059533219139929372e+00 3.003468854585085612e+00 4.543646395002788552e+00 6.796309334770594290e+00 5.910423514184305560e+00 6.572353851102296751e+00 8.154032390316551471e+00 3.856221467484658660e+00
-8.941137730234860470e+00 -6.213901055365333548e+00 -7.074976782674514020e+00 -6.614329490297131464e+00 -1.020766303823694710e+00 -9.630845044929339238e-01 -5.951861806841036717e+00 -3.785809362303402814e+00 -2.939857156508129066e+00 -2.275688044257639930e-02 -1.560455290072201850e-01 4.777368247983752036e-01 3.652345073088135496e+00 3.231549382156046146e+00 1.373475854771441629e+00 3.031592833929264597e+00 2.988629680053910498e+00 6.045177915690064019e+00 3.423300047082608710e+00 3.189464912811393216e+00 8.888116468263097758e+00 6.837688911243072987e+00
-1.052529464154088146e+01 -9.524985263632103738e+00 -8.525545189665130863e+00 -7.522723803804701959e+00 -6.524869287894535574e+00 -5.524775038049995146e+00 -4.526053349064170561e+00 -3.525113026188201104e+00 -2.522348294542602787e+00 -1.525573457167919145e+00 -5.235652127726702076e-01 4.746435186402173656e-01 1.474522059275331642e+00 2.474378456784902980e+00 3.474131663753212251e+00 4.475482454015432765e+00 5.474498932673153462e+00 6.474517320706064893e+00 7.474856992675483980e+00 8.476774757219967427e+00 9.475056504322706630e+00 1.047653520615261513e+01
-4.965081464872007189e+00 -8.199783575046224016e+00 -9.106555361053102260e+00 -2.446001900591288969e+00 -5.478245732703642901e+00 -7.258273738152403176e-01 -5.702946329118139701e+00 -4.752528463250832225e+00 4.099494482403476248e-01 -2.199446676470674600e+00 -1.927012806310753446e+00 -1.893631794517871558e+00 6.609093554450393704e-01 3.235549717607058007e-01 8.199630767759136241e-01 4.250445130771327129e+00 3.098586938453580686e+00 5.487883933062012609e+00 1.023695124293547032e+01 7.377690863283378420e+00 6.913772782875931888e+00 7.271905036042645598e+00
-1.052455281804910214e+01 -9.524743485857127823e+00 -8.525081377137789573e+00 -7.524917821992534783e+00 -6.525283138860348942e+00 -5.525201838124889520e+00 -4.524283181537281706e+00 -3.524546745825912097e+00 -2.524982209910044517e+00 -1.524863887239590099e+00 -5.243967432867471246e-01 4.751297425139942021e-01 1.475028645585878095e+00 2.475253191183901080e+00 3.474716510962348792e+00 4.475477885793550215e+00 5.475272719155650947e+00 6.475578148256637689e+00 7.475334052335126600e+00 8.475230221043924317e+00 9.475453544746740064e+00 1.047492988814006054e+01
-1.018170114679474381e+01 -3.913275815870399299e+00 -5.700534067224390711e+00 -5.212450309150084671e+00 -5.767027083901274942e+00 -4.503244474458835356e+00 -5.354766452855424852e+00 -2.635345628001385165e+00 -3.259995904003978318e+00 -2.704602606953332433e+00 4.298550219129586014e-01 5.714640418942986688e-01 1.857449740763788437e+00 1.244101993417194185e+00 7.567280776362250716e-01 7.717963671035712458e+00 3.979807173599418935e+00 8.717280892204106735e+00 4.555669384303347336e+00 5.122576202979570503e+00 7.453307853552763262e+00 6.281290737811039193e+00
-1.048126061301291401e+01 -9.705960107606840026e+00 -6.850175896859065361e+00 -5.802717221999085240e+00 -6.285927767967760538e+00 -5.847430638016546389e+00 -4.497097373326430336e+00 -3.903993930419672242e+00 -2.540510790519199702e+00 -1.912424482703362072e+00 -9.409549994836927667e-01 -5.885334094118394033e-02 1.077392313177458760e+00 4.047588375136271566e+00 3.110649933048837745e+00 4.113182874685855417e+00 4.818606933614564269e+00 5.823820978021897687e+00 6.915183122775534486e+00 9.540303936021798492e+00 8.954487630435339796e+00 9.880642367834774120e+00
-5.434515950654580152e+00 -4.333866677822730828e+00 -9.177295304924246722e+00 -7.505307521281800121e+00 -1.457856310245466247e+00 -5.625538496932835919e+00 -3.398097042195381334e+00 1.786797873234414080e+00 -3.006160545571722409e+00 -2.146895764419018082e+00 -2.762873480440302121e+00 -1.315640642166404417e+00 -3.147280529419783646e-01 7.202781792982598796e-01 1.691050034455304552e+00 1.645991105021815670e+00 4.098945235612529991e+00 9.850651206045396791e+00 5.943467938730688793e+00 5.115648785937752407e+00 6.469932474584749293e+00 8.610564258572129148e+00
-1.052481073208828377e+01 -9.525360607288080317e+00 -8.524281278929914052e+00 -7.525098086080774351e+00 -6.524533905766210395e+00 -5.524577812037669844e+00 -4.524126649580210824e+00 -3.524291478774779662e+00 -2.523095258257589180e+00 -1.525684633038252969e+00 -5.250319919802901580e-01 4.744783856652023957e-01 1.474987439133906619e+00 2.475528902628202133e+00 3.474897093393591874e+00 4.474945358254695194e+00 5.475732385434888272e+00 6.475499659099366312e+00 7.474988079883846837e+00 8.474587566473267941e+00 9.475545621731065182e+00 1.047425324402072633e+01
-1.052475136450740933e+01 -9.524635563858513621e+00 -8.524932581254011765e+00 -7.524718883701352112e+00 -6.524833149530646637e+00 -5.524967971511847153e+00 -4.524550496854564230e+00 -3.524543966420674579e+00 -2.524723100729946879e+00 -1.524557787247660556e+00 -5.248448990962657490e-01 4.750462814488223273e-01 1.474909373305067106e+00 2.475278732112865754e+00 3.475212533704263862e+00 4.475237720391971763e+00 5.475204285911544844e+00 6.474977382204755827e+00 7.475095332346192833e+00 8.475489274344669255e+00 9.475227580151782902e+00 1.047493257068775740e+01
-1.052502104233617075e+01 -9.524424682963973154e+00 -8.524938765574590960e+00 -7.524891536344206600e+00 -6.524360712278976848e+00 -5.525072630156181219e+00 -4.524951796640053203e+00 -3.524234924126773194e+00 -2.524605091322550621e+00 -1.524103019047867491e+00 -5.242556143890837461e-01 4.754424210298999753e-01 1.475301299582813641e+00 2.475081112574432751e+00 3.474658687006332514e+00 4.475060347806310901e+00 5.475181687961912402e+00 6.475249868224953076e+00 7.474938202988012037e+00 8.474880982529020557e+00 9.474874284457067475e+00 1.047474222291598700e+01
-1.024428904659339779e+01 -9.675856206196820963e+00 -9.027002425201748892e+00 -7.749513528406438034e+00 -4.244782610492968900e+00 -5.783558616372091343e+00 -2.196651199353894413e+00 -3.682049405260674035e+00 -3.119261958761526454e+00 -2.154611679708512639e+00 -9.376180189271701160e-01 2.846236817723168944e+00 9.134025111486486770e-01 4.470363786586455390e+00 2.927069251332568900e+00 3.868378672565488952e+00 4.695527254008771578e+00 5.549768949318821143e+00 6.780825128759127018e+00 7.742291564993589503e+00 8.723134228904404708e+00 9.752747831830783198e+00
-1.052473823082711846e+01 -9.524747983637158910e+00 -8.524726727130722992e+00 -7.524891414764244502e+00 -6.524266191842851725e+00 -5.525117927315545074e+00 -4.524537303569626800e+00 -3.524728306653827303e+00 -2.524816588583300714e+00 -1.524581962349728315e+00 -5.251703346994744948e-01 4.752942537042290638e-01 1.475544570860543914e+00 2.475504106757320244e+00 3.475190161642709441e+00 4.475214316425006444e+00 5.474845475432555730e+00 6.474990948018707115e+00 7.475526488301444061e+00 8.475098586556594427e+00 9.474830589172523077e+00 1.047483477639881499e+01
-1.060607494438771425e+01 -6.020289237785687142e+00 -7.838327590034570136e+00 -8.312551067909085489e+00 -6.794090232228745307e+00 -5.224580585343771233e+00 -4.584005117870897372e+00 -1.494929781817159409e+00 5.437540269403657867e-01 9.498056493962676594e-01 -1.731972774343668586e+00 -5.688532665348891570e-02 8.768060678424687282e-01 5.178125685084217222e-01 2.442592356111791485e+00 6.958472261005606896e+00 4.053583815974850069e+00 5.401901187475186106e+00 6.540736190918289061e+00 7.034247342913827694e+00 7.717229577512752847e+00 9.081316915671532541e+00
-1.052367149496628684e+01 -9.525090621953665959e+00 -8.525171021168890917e+00 -7.523933867161950673e+00 -6.525260048156443560e+00 -5.525397213345243586e+00 -4.524675520306303156e+00 -3.524947541003902174e+00 -2.525160389190372001e+00 -1.524616720324228680e+00 -5.247814824635508302e-01 4.756888130848881957e-01 1.475259153003028345e+00 2.474555088037776684e+00 3.475159695202640009e+00 4.475202208215522504e+00 5.475249042565156543e+00 6.475376834923549652e+00 7.475888980383208704e+00 8.475610909814168537e+00 9.474838418716718280e+00 1.047442807799034092e+01
-1.083868757285408968e+01 -5.939114666569048850e+00 -8.816708295489604552e+00 -8.028503555608175191e+00 -6.924404474084052907e+00 -6.141906063472360344e+00 -5.211777866677888227e+00 -4.086816995785982343e+00 6.621351051159793943e-01 1.511919239198546538e+00 -1.445123821253274654e+00 3.587792313144103851e+00 5.819175900483195552e-01 1.886885407551968763e+00 2.971555264421052556e+00 3.500602806207005369e+00 4.382961302054186881e+00 5.655556039437068527e+00 6.361888066495593463e+00 7.332928785247767145e+00 8.744633669275849286e+00 9.706819025493601316e+00
-1.052586777575989174e+01 -9.525582560084069783e+00 -8.525597975335326595e+00 -7.525046379051437029e+00 -6.522516981444569595e+00 -5.522787765345787747e+00 -4.524584308943955691e+00 -3.525759295306428953e+00 -2.522629216990676326e+00 -1.525571093640531117e+00 -5.253082148053440648e-01 4.749990471384730739e-01 1.477168060161851315e+00 2.474525607445020370e+00 3.474290891804482584e+00 4.474865331568503635e+00 5.474570750512860684e+00 6.474582582034848599e+00 7.474823578514840250e+00 8.474385320462966220e+00 9.474822162904521505e+00 1.047676953605630423e+01
-9.971974846355172062e+00 -4.619924932759925440e+00 -8.327357884314864123e+00 -7.924163456163210384e+00 -5.968993719678078236e+00 -2.217883990835134433e+00 -5.638031473802262106e+00 -4.178234132595571637e+00 1.550625065703113314e+00 -2.878777987525996895e+00 4.540272663113789520e+00 3.584802825174731034e+00 -4.737718096730181294e-03 2.750012144005964387e-01 3.380244778054464216e-01 3.271844043871108276e+00 3.941561448168366066e+00 4.774204517645964430e+00 5.451578091078445709e+00 7.443695262816716784e+00 7.584612868292707866e+00 8.428408965952524312e+00
-1.052420432628555602e+01 -9.525936005129050699e+00 -8.524914575232692471e+00 -7.524062765254232232e+00 -6.524549809707826498e+00 -5.524867725981895461e+00 -4.524276701225463881e+00 -3.524527577175343040e+00 -2.524312031878645612e+00 -1.524409828199583927e+00 -5.243729180233049902e-01 4.748761305077504602e-01 1.475583689795294973e+00 2.475644687698641988e+00 3.475093352185051998e+00 4.474775614724913808e+00 5.475135120139878353e+00 6.474708186970515200e+00 7.475351887331775913e+00 8.474923113868992886e+00 9.474786678837098464e+00 1.047410710393027600e+01
-4.403573016739423807e+00 -4.884931909409711892e+00 -4.445542933775851857e+00 -2.775576669219294690e+00 -5.040614022340794698e+00 4.311676338026423361e-01 -7.720616904416657267e-01 -3.527882828442611363e+00 2.149675792531148932e+00 -4.214058268205433250e-02 -3.453872581795110808e+00 4.626983992374701593e+00 4.804076053231260968e-01 2.622326381197505718e+00 4.480142155803735982e+00 6.150671688752862742e+00 2.402559887737773181e+00 1.135635424257182224e+00 1.990588838217996370e+00 -9.733322213342783247e-01 5.961482114901025531e-01 2.707772146588593554e+00
-5.756774677795776007e+00 -9.813410893506741672e+00 -7.870235217662957083e+00 -6.257880998697230801e+00 -5.887836610404278304e+00 -7.064472162886583639e-01 1.053067655787656598e+00 -3.396730486833703822e+00 -5.515845575647587928e+00 4.071799227537679755e+00 4.051001159273873498e+00 -2.705603008923976871e-01 -5.365867591228107303e-01 1.635455964183034627e+00 2.397445083373218377e+00 1.650149444002355859e+00 2.581667141504365492e+00 4.656646678329817490e+00 3.881452442366594369e+00 5.942734638322363594e+00 7.604571148503636024e+00 5.940869455564116386e+00
-1.052412667260924195e+01 -9.524167889221132555e+00 -8.524794222279018285e+00 -7.524596007032823053e+00 -6.524831840260441496e+00 -5.524185338480894103e+00 -4.525050984187547698e+00 -3.523857878013091138e+00 -2.524819688363487913e+00 -1.524668806655832043e+00 -5.244189588860965756e-01 4.746068255467914554e-01 1.475153675810862097e+00 2.474780014292766950e+00 3.474606296555574403e+00 4.475002436475328693e+00 5.475009060041479358e+00 6.475243105129763421e+00 7.474910891191539619e+00 8.475161260501911542e+00 9.474637782709169898e+00 1.047495823963122241e+01
-1.052477275884960051e+01 -9.524785998531353215e+00 -8.525176483460441546e+00 -7.524368564852261798e+00 -6.525263305076130393e+00 -5.524300712414758507e+00 -4.524467426606181064e+00 -3.524565893479369549e+00 -2.524050886996754173e+00 -1.525239537724031536e+00 -5.239020318470188897e-01 4.751891239800265510e-01 1.474675302139740296e+00 2.475002352825622864e+00 3.475554746321662947e+00 4.475181598893623658e+00 5.474847984246235200e+00 6.475622382692316492e+00 7.474622574380857642e+00 8.475117978385910078e+00 9.474748139015657600e+00 1.047488271885297628e+01
-1.052421088042584785e+01 -9.525139081207177227e+00 -8.524492855099101263e+00 -7.524236361411499985e+00 -6.524654860523598998e+00 -5.524550984528925568e+00 -4.524303014305498749e+00 -3.524750853804031081e+00 -2.525000038472077435e+00 -1.524888898161322004e+00 -5.247748297723884292e-01 4.749691086736547163e-01 1.474752080711448698e+00 2.475066532465534763e+00 3.475130845877254515e+00 4.475754355165088683e+00 5.475054902109231847e+00 6.475146544250568681e+00 7.475080941888425201e+00 8.475069207223977941e+00 9.474794981154524010e+00 1.047473446008833697e+01
-1.052464078671556535e+01 -9.524495619603179364e+00 -8.523808094926854650e+00 -7.525257113643689877e+00 -6.525199103423135583e+00 -5.524447548457175117e+00 -4.524347531863242011e+00 -3.524788084693946999e+00 -2.524852457710277776e+00 -1.524596895345229797e+00 -5.250060067258157659e-01 4.749923541464529109e-01 1.474648755721064575e+00 2.474416863850562365e+00 3.476037469438525207e+00 4.475250799886193676e+00 5.475437235764475830e+00 6.474696469239205499e+00 7.474988137117836828e+00 8.475771513513535638e+00 9.475140367380586071e+00 1.047461057894608238e+01
-1.052493476867667965e+01 -9.524686209857444297e+00 -8.524855546653256511e+00 -7.524809613823890686e+00 -6.524691320955733786e+00 -5.524484358727917765e+00 -4.524438314139828776e+00 -3.524763770401472485e+00 -2.524783998727773593e+00 -1.525093741714940165e+00 -5.242953151464337935e-01 4.754359945654957897e-01 1.475264146924029518e+00 2.474530570209033442e+00 3.475686609745038069e+00 4.474793203175076783e+00 5.474837616086018599e+00 6.475052125751982857e+00 7.474910609424124885e+00 8.475578762590894044e+00 9.475222654640683473e+00 1.047507596760989124e+01
-7.650923818555384948e+00 -5.811243206149735663e+00 -7.397694132778718235e+00 -8.362297449269634697e+00 -2.828595765588383326e+00 -4.118046150789055559e+00 -1.007832692876616809e+00 -8.839691422260106402e-01 -1.356733464644886977e+00 -8.190403962854352349e-01 9.682022321994759873e-01 2.069323280587975322e+00 -3.118326157613025007e+00 2.457930610775020064e+00 3.876535291178639486e+00 4.461029040491774289e+00 1.029763553042244428e-01 6.367939912002019476e+00 6.985685647534721987e+00 2.183147425766074790e+00 4.183059771896258106e+00 9.153424110937276481e+00
-1.052561344443400060e+01 -9.526189523325720998e+00 -8.526185917244713863e+00 -7.525305795059983538e+00 -6.520715537057677480e+00 -5.525623592124750516e+00 -4.523267956958575198e+00 -3.525240259753038785e+00 -2.526406022296711740e+00 -1.521026598797602603e+00 -5.234867507083897920e-01 4.767378395931203272e-01 1.476316151632497409e+00 2.473791239275165310e+00 3.473618341101833096e+00 4.473739725960919955e+00 5.479353336109349826e+00 6.474414390935130825e+00 7.473697540773581949e+00 8.473958013071243300e+00 9.474070695652192953e+00 1.047391542555255661e+01
-1.052283157916227907e+01 -9.521980499340719106e+00 -8.525529851628970590e+00 -7.524951820685108927e+00 -6.524556790901826275e+00 -5.524433811618512991e+00 -4.525616218759244802e+00 -3.525953461839394620e+00 -2.525398035957035603e+00 -1.525988181544962075e+00 -5.244795879857040433e-01 4.744429984553342194e-01 1.474881152199078116e+00 2.477000454948706576e+00 3.477755705402655551e+00 4.474164406345655820e+00 5.474532882259659061e+00 6.476572076366707620e+00 7.474348435686403391e+00 8.474193821237850699e+00 9.474403629587463627e+00 1.047397557883100383e+01
-4.024452297453795069e+00 -1.125489339185537396e+01 -9.746110860506275841e+00 -6.896792677670787519e+00 -2.632574115647740687e+00 -3.680321817868615675e+00 -1.921589921621392083e+00 -4.419090764044297792e-01 -2.217868308720668757e+00 -2.224580620968458433e+00 -1.391066409040163876e+00 -1.289960373754583944e+00 1.189365579169113118e+00 3.199263653798015916e+00 5.180147706759227866e+00 2.873448049023780815e+00 3.854615039957342670e+00 7.112558613408947572e+00 4.893696854521904172e+00 4.166595612181069441e+00 6.198092776798768355e+00 8.508887287790702914e+00
-1.052443583749919753e+01 -9.525006551972854396e+00 -8.523665842346185073e+00 -7.524997477165708659e+00 -6.525419448248371168e+00 -5.524470110169882986e+00 -4.525257547132010671e+00 -3.524835918776036081e+00 -2.524325233630170473e+00 -1.524050240150913282e+00 -5.244006558575531329e-01 4.755242273888669047e-01 1.474699068137182323e+00 2.475299070843224314e+00 3.474629561670786515e+00 4.474623452194700590e+00 5.474736060269844273e+00 6.475523541935451988e+00 7.474542449482454387e+00 8.474501411684517649e+00 9.475498075850969926e+00 1.047583924538708366e+01
-1.052488355474032744e+01 -9.524715827269970347e+00 -8.524702371521419408e+00 -7.524911360307179109e+00 -6.524228544397768559e+00 -5.524377615614376680e+00 -4.524967917664483252e+00 -3.524131366475062421e+00 -2.524971143765853299e+00 -1.524179303510610595e+00 -5.248914449052328735e-01 4.749966995282672855e-01 1.474926693872983918e+00 2.475380218164490387e+00 3.475438049571085486e+00 4.474668702618648908e+00 5.474854140119125745e+00 6.475182367996739075e+00 7.475278137759740815e+00 8.474334566430616889e+00 9.475740029053261182e+00 1.047471214695410779e+01
-1.052554172988645576e+01 -9.522431872446428969e+00 -8.525216050107381704e+00 -7.525567419488341514e+00 -6.525346733291032209e+00 -5.522572666067967262e+00 -4.524619198996918001e+00 -3.524449653584863285e+00 -2.525518364865673604e+00 -1.525731406767258491e+00 -5.254819017242358115e-01 4.770002293993034215e-01 1.475673020224673948e+00 2.474230818789104447e+00 3.474475942890743241e+00 4.474859640340902445e+00 5.476715438406570158e+00 6.474145360629659507e+00 7.476549215953454564e+00 8.474339813332656846e+00 9.474243171851737699e+00 1.047479564730416079e+01
-2.730271009636475732e+00 -9.405847645546682401e+00 -7.626791398484416895e+00 -2.963378058509889890e+00 -1.865083961795126477e+00 -7.634398840838850120e+00 -2.562832503009842000e+00 -1.294740374106383207e+00 -3.242559375537922506e+00 -2.487304787809861750e+00 2.192039385638385074e+00 1.628701476452656838e+00 2.438882596974040418e+00 2.592790365003219577e+00 -5.666460774877792872e-01 1.170938025580381847e+00 9.632117500521473197e-01 5.897485133304638083e+00 5.546617129117665357e+00 7.211997696174782035e+00 5.162285192312893400e+00 7.029456584048993761e+00
-1.052505876360970660e+01 -9.524320351467883583e+00 -8.524896422909067795e+00 -7.525288614021127032e+00 -6.524420278654847749e+00 -5.524383130059986158e+00 -4.525131555782122561e+00 -3.524720626459892259e+00 -2.525073418901708777e+00 -1.524746628986170194e+00 -5.246638381345753999e-01 4.749882793561912564e-01 1.474789848043155160e+00 2.475584847344588724e+00 3.475246322764590445e+00 4.475138155235480752e+00 5.475263876332476798e+00 6.474959646774959054e+00 7.475332168354226425e+00 8.475414005531499484e+00 9.475600851191714469e+00 1.047493692995472259e+01
-1.052417058294476959e+01 -9.525401620024988247e+00 -8.525164043361495914e+00 -7.524215755814882556e+00 -6.524029416794133951e+00 -5.525421192700225248e+00 -4.524308053607295932e+00 -3.524282930249537316e+00 -2.524459196085283352e+00 -1.525361535901385679e+00 -5.251673737710333967e-01 4.750810434872292376e-01 1.474462175911105177e+00 2.475152345543541799e+00 3.474808322435061214e+00 4.475617768412272213e+00 5.476078139787354360e+00 6.474801810627619503e+00 7.476361068134949051e+00 8.474808992987313161e+00 9.474659154360930202e+00 1.047470218146387566e+01
-1.052524840967222985e+01 -9.525057384236289337e+00 -8.524276019497346368e+00 -7.524984778328391855e+00 -6.524456718428565338e+00 -5.524319247765983931e+00 -4.524388314648096099e+00 -3.524865092201673988e+00 -2.524658562107507720e+00 -1.524782867594183244e+00 -5.248175127939784801e-01 4.751376645131504262e-01 1.475516571239992913e+00 2.474634124474084373e+00 3.475447236136954388e+00 4.475409998135136291e+00 5.474838300184767803e+00 6.475458367304366192e+00 7.475461109118043623e+00 8.474714419381184527e+00 9.475256113843480321e+00 1.047453230483965037e+01
-8.312776025022138526e+00 -7.472415611674736446e+00 -7.163408580922848046e+00 -6.230545797606877656e+00 -5.520118377523173692e+00 -4.342999567070897626e+00 -1.949312357511539417e+00 -6.007075434544690395e+00 -8.208961845955622394e-01 -6.401946362361909948e-02 1.234010399369904309e+00 -2.870437740064661902e+00 2.134091304043583381e+00 2.990120240091045822e+00 1.160666671801213745e-02 4.793748321079640107e+00 1.288383147846295707e+00 5.840892250516367845e+00 6.989859208256824274e+00 9.713254742259524122e+00 5.257369742732960205e+00 9.955220419143159916e+00
-5.784774286604972282e+00 -7.755051717211387974e+00 -5.898280709894616614e+00 -5.236917538798177674e+00 -5.186713262257169887e+00 -1.256624642876635445e+00 -2.935749144149081502e+00 -3.024694309507972800e+00 -4.966874071984255679e+00 -1.307074280154691959e-01 1.375380083141380050e+00 1.297963566804330782e+00 -3.024908580307847039e+00 2.809309833957502001e+00 4.759562785929711382e+00 3.648526234079494390e-01 6.928138924443810742e-01 7.440387220764864473e+00 5.758752992082574629e+00 6.909905428284372597e+00 9.146439738414949616e+00 4.100478828272145826e+00
-1.052417085184294621e+01 -9.524756676094092711e+00 -8.524530521170660791e+00 -7.524802765385699033e+00 -6.524760058657687267e+00 -5.524950555102398297e+00 -4.524797371165318438e+00 -3.525108969347051868e+00 -2.524921780960118767e+00 -1.524812838570641205e+00 -5.245536254210989568e-01 4.751550568775613215e-01 1.475214266641570404e+00 2.475155511362975957e+00 3.474924200637769189e+00 4.475338333709665051e+00 5.475176089866591767e+00 6.475290299816558459e+00 7.474822977049781159e+00 8.475014144046728148e+00 9.475245544178909185e+00 1.047538089142604001e+01
-4.237326736177526421e+00 -1.083033865462951795e+01 -2.604199297853535544e+00 -1.937808132953999785e+00 -7.485818556085586550e+00 -6.636876206381876031e+00 -5.477668825375735295e+00 -4.536713172000482963e+00 -3.668077845558194383e+00 -2.840928555066911887e+00 -1.526084766282247429e+00 -8.159194968843246354e-01 -1.768121990965199064e-02 1.279997789487852256e+00 8.774103472827096795e+00 2.841548861903180345e+00 4.537287174287597757e+00 4.845340084216527288e+00 6.234938038405369198e+00 6.794071408922646604e+00 7.918799378929177735e+00 8.843906558076715996e+00
-4.569961810726138829e+00 -3.806580777417950312e+00 -1.863435302674208538e+00 -6.289008698923699292e-01 -4.600840158114385403e+00 -3.936888604173744088e+00 -6.850054687284397481e+00 -6.520069022692124294e-01 2.136465793941091817e+00 -2.390434566572753550e+00 -6.342032882400824967e+00 4.728367491625750318e+00 2.803602047062045410e-01 3.367634865491357488e+00 2.112782549106588803e+00 3.153990896750655248e-02 6.846827507193303797e-01 4.256165529260242053e+00 5.440975656649968073e+00 3.864704802167263420e+00 4.310802705577768457e+00 3.881205605209489207e+00
-1.052547544274818847e+01 -9.524169810454942819e+00 -8.522313118319610581e+00 -7.524940908293846320e+00 -6.525373071770765421e+00 -5.524700671773057792e+00 -4.523119733076203630e+00 -3.525420815091255378e+00 -2.525493152778247818e+00 -1.523190826516255925e+00 -5.246025923300923210e-01 4.742379483174143928e-01 1.474629230458623041e+00 2.476601883430364026e+00 3.474684156138787117e+00 4.474470764059908845e+00 5.474006056446917512e+00 6.474475718696004023e+00 7.474267542023554256e+00 8.474216535348778834e+00 9.477543554861430408e+00 1.047421805526722061e+01
-9.642097445236334607e+00 -8.533843099250381314e+00 -7.680672974062932035e+00 -6.494178374569012036e+00 -5.305933773742509629e+00 -4.570054863069389128e+00 -3.562273970683315749e+00 -2.857126847044035411e+00 -6.148702509165873131e+00 -5.785039518450378893e-01 7.805445497437001334e-01 1.215247115406116851e+00 2.331845004271133170e+00 -1.211629708617159462e+00 4.741049230186558994e+00 5.166225035403432919e+00 1.741812937286935092e+00 7.228061274737284769e+00 8.107542385034516741e+00 8.760669421098475240e+00 5.141853920051159932e+00 1.082471794596323988e+01
-1.052431382374324897e+01 -9.524407149715839793e+00 -8.525119484825555816e+00 -7.524625183506453041e+00 -6.525372581048429765e+00 -5.524674208326759484e+00 -4.524870695038261559e+00 -3.524437473578890589e+00 -2.525038601322584952e+00 -1.524380826814597967e+00 -5.244888006286139159e-01 4.759686203165554019e-01 1.475326864556835815e+00 2.474600924686953363e+00 3.474940194325021992e+00 4.474948002533487568e+00 5.475262871520090613e+00 6.475354990498590979e+00 7.475026710466917024e+00 8.474736085669569263e+00 9.475347696380190143e+00 1.047476716949182141e+01
-1.052463226155795439e+01 -9.523926050825529899e+00 -8.525470720096048893e+00 -7.523773418231444410e+00 -6.524812744422384014e+00 -5.524459303780036024e+00 -4.525700697167339470e+00 -3.524712221188977423e+00 -2.525403784079959024e+00 -1.524932400746772387e+00 -5.247077955440992980e-01 4.753289581699853272e-01 1.474795444445179626e+00 2.475741101936865363e+00 3.475151515142490766e+00 4.476299105720094929e+00 5.475110015408564124e+00 6.474820284680891547e+00 7.475085450844336066e+00 8.475200413302941271e+00 9.475302456454800293e+00 1.047424795343117410e+01
-5.487284446207552513e+00 -4.514714499327081576e+00 -6.595574620139023736e+00 -1.935395855761112394e+00 -6.732542405237682104e+00 -4.968720687758668930e+00 -5.066799717174348849e+00 -2.128453949152513403e+00 -1.629650423964340344e+00 -1.296154000808476869e+00 -1.825997171028415078e+00 1.850302624994433875e+00 -1.790349971392062312e-01 1.654376692548560790e+00 1.172650871751899304e+00 4.224371005273629187e+00 4.172705453260429742e+00 3.198788695595482956e+00 5.927984843509736201e+00 5.146793593230784225e+00 1.073177501928650379e+01 3.735125276143540063e+00
-5.687657958197357644e+00 -5.087942310514613098e+00 -5.560706313017658609e+00 -2.055313254527645128e+00 -4.301833708002041234e+00 -1.830188746992504445e+00 -3.550045837784067793e+00 -1.592306786991031231e-01 4.823156779314796694e-01 1.587859339394980918e+00 -3.068864863959209099e+00 -2.463589286267112044e+00 4.382007486227091242e+00 1.507662856046716460e+00 -2.117600232744521804e+00 1.910879000904086578e+00 2.490955032847570472e-01 5.273286903925333391e+00 5.575170506773030610e-02 8.178928132027040832e+00 2.521539417616164513e+00 9.188198470177031396e+00
-1.052446768839256208e+01 -9.524671804498550998e+00 -8.525127690624117349e+00 -7.523712735961813891e+00 -6.523904536258093856e+00 -5.523529548536670220e+00 -4.525267701934692965e+00 -3.525056522678271520e+00 -2.525006521831855366e+00 -1.524519246410248385e+00 -5.254643227566475616e-01 4.747634563933598173e-01 1.474932092834587039e+00 2.475394788790815426e+00 3.476001951504823495e+00 4.474625024605867196e+00 5.475002009082908572e+00 6.475056517530557443e+00 7.474895927716373123e+00 8.475001383234140206e+00 9.474459934641000558e+00 1.047514653544532948e+01
