-1.048264460468830350e+01 -9.481256725435898147e+00 -8.482703546231434188e+00 -7.483357744460759520e+00 -6.482521319931185744e+00 -5.481841692870302651e+00 -4.483707012777967904e+00 -3.482540967112241148e+00 -2.483707638626725611e+00 -1.483768345957445334e+00 -4.835460504347590671e-01 5.180745700543596399e-01 1.516958636993711806e+00 2.517056992108171798e+00 3.518453424627134396e+00 4.519074333662334908e+00 5.516179112548178054e+00 6.516249669546429146e+00 7.516923485154460849e+00 8.516929445618934835e+00 9.518659403378313399e+00 1.051681299304420314e+01
-1.048298722166909158e+01 -9.482748810540529760e+00 -8.482403289865361629e+00 -7.482153002511386930e+00 -6.483123433183530793e+00 -5.482328396629190692e+00 -4.482478972863075839e+00 -3.483147960494877182e+00 -2.482452836226327619e+00 -1.482747819613328133e+00 -4.829046394337392911e-01 5.172046307812951937e-01 1.517380747605450608e+00 2.517347875643848099e+00 3.517031002451068034e+00 4.516858350146893741e+00 5.517944339324124314e+00 6.517316337336186649e+00 7.516760039735919108e+00 8.516772348095059897e+00 9.517262924123889078e+00 1.051737420599568296e+01
-1.048362299020994470e+01 -9.482836335558770813e+00 -8.483328930694932879e+00 -7.482287682254202821e+00 -6.482823647220007146e+00 -5.481874815780990673e+00 -4.481957368214011694e+00 -3.482126868922607699e+00 -2.482531375844358124e+00 -1.483059167523276045e+00 -4.818211268972287797e-01 5.173436630178542828e-01 1.516777448694810460e+00 2.517868370156390867e+00 3.516381256620990214e+00 4.517714120786290977e+00 5.517254077236756871e+00 6.517316669564349851e+00 7.516431488435381780e+00 8.517493777315724657e+00 9.516193144362077305e+00 1.051727271113882445e+01
-1.048226740990170214e+01 -9.482445191930628070e+00 -8.482689332555629846e+00 -7.482756749134187757e+00 -6.482385188679788968e+00 -5.482826639305455885e+00 -4.482758306305504092e+00 -3.482729375701065777e+00 -2.482606157999137864e+00 -1.482884407382110581e+00 -4.825932349670996047e-01 5.171855461191068315e-01 1.517191577364105370e+00 2.517110429365525093e+00 3.516961209137333455e+00 4.516968145627869191e+00 5.516960013319149425e+00 6.517593152482403340e+00 7.517362504858864369e+00 8.517075556923042967e+00 9.517176139761101439e+00 1.051713413711298983e+01
-1.048387172547261770e+01 -9.483175453814601141e+00 -8.482894045385453552e+00 -7.482374352487674685e+00 -6.480284732851112395e+00 -5.483954188498586291e+00 -4.483266142281621569e+00 -3.483227280053244002e+00 -2.480810609730820460e+00 -1.480098289522270960e+00 -4.833015623417953321e-01 5.162986544045349291e-01 1.519155236807721465e+00 2.515716272321595781e+00 3.516744765368356340e+00 4.516534286466495018e+00 5.516577082601441973e+00 6.519979122010123973e+00 7.515972557392975872e+00 8.516464295712374621e+00 9.517200472679990142e+00 1.051639205488289974e+01
-1.048258355971091049e+01 -9.482713453132996406e+00 -8.482989973981277743e+00 -7.482660367746262864e+00 -6.481967381794339289e+00 -5.482827685434720877e+00 -4.482611618597402980e+00 -3.482468448240668479e+00 -2.482990830798032178e+00 -1.483159877021208217e+00 -4.820879172872505336e-01 5.169957209039726109e-01 1.516659453849889871e+00 2.517565913837046310e+00 3.517019473354915604e+00 4.517206587236028525e+00 5.517120093445877060e+00 6.516944133083921287e+00 7.517841719429601000e+00 8.517108783464532706e+00 9.517097108404739103e+00 1.051727854494343006e+01
-9.114317018272734217e+00 -6.707867874757477367e+00 -7.276159258450451972e+00 -5.072882413578513550e+00 -5.018579467178318154e+00 -4.251994399505803379e+00 -1.967161235293993782e+00 -6.714361971554836384e-01 -1.061788348406810467e+00 -1.969537248664046114e-01 6.999230850695009609e-01 1.614975412442997138e+00 2.781121694023991786e+00 -4.005275037911443015e+00 4.139894377936607306e+00 6.856858038502979369e+00 -1.207516747505258614e+00 7.353946128714655472e+00 5.788478172559132773e-01 8.972355786534233602e+00 1.037560663880322842e+01 3.558179161807659696e+00
-1.048206719112670271e+01 -9.483662054958664100e+00 -8.483519733968101662e+00 -7.483377442779884703e+00 -6.481435031714759987e+00 -5.483009607615793257e+00 -4.480552339079709512e+00 -3.482153968038895542e+00 -2.483853706243353443e+00 -1.482993193986741787e+00 -4.824051196602319180e-01 5.164897655221487582e-01 1.519202186641358310e+00 2.516285649416111880e+00 3.516283019361166495e+00 4.518671787259247452e+00 5.519036925313143271e+00 6.516015826639797837e+00 7.517066224393516904e+00 8.516376166519785684e+00 9.516270256516596859e+00 1.051710799979891853e+01
-5.730684431208867835e+00 -4.539124362922269285e+00 -8.542036077501970581e+00 -7.503361574196329542e+00 -1.538062033939270101e+00 -7.197130575536230701e+00 -5.152731093692950459e+00 -4.669894268527058578e+00 -3.826984619837211277e+00 -2.792629467956866396e+00 -1.366672577088401397e+00 5.490519723857470780e+00 7.055872851143376590e-01 6.920871871571614875e+00 1.524629152040354985e+00 2.664795628196454658e+00 3.469306748671648677e+00 5.414619730090858063e+00 4.752343186131351871e+00 7.360506896783092223e+00 6.772997205655603814e+00 8.162910072503709813e+00
-6.427967308286612891e+00 -7.665698855588371607e+00 -9.453530940542083982e+00 -7.525231254818629978e+00 -4.560776457078659085e-01 -4.533281574394293578e+00 -3.469085265865017753e+00 -3.753796635472909315e+00 8.692918053076588158e-01 -4.486647117890329994e+00 -1.540708236796300312e+00 4.048703565403963367e+00 1.078933067611854035e+00 6.748154449783205777e-02 9.800902721231234960e-01 5.064338801903899068e+00 8.531041761054908079e+00 4.434895013697313537e+00 4.069978556128865499e+00 5.516162776781179389e+00 5.932727095911984883e+00 9.098156993148915461e+00
-9.734399425335785949e+00 -8.478476456441658371e+00 -3.238255550600262822e+00 -3.973608106242247917e+00 -7.043705109276259257e+00 -4.030844013362102629e+00 -3.321663174286686449e+00 -3.559474432133162836e-01 -3.482654863205403295e+00 -1.256109771971055666e+00 -3.089789523065228360e-02 7.517618377686157149e-01 -6.309506148884846954e-01 1.595772497657196087e+00 5.534439871012877266e-01 2.986977574289829462e+00 6.297740107362920448e+00 4.294246610130499242e+00 7.957968218751762635e+00 5.958785965184524969e+00 7.307503699296931998e+00 8.253088344719406777e+00
-5.316289260519680759e+00 -8.924678771611958439e+00 -9.709164564180035484e+00 -4.257093552199179953e+00 -6.657704024979958390e+00 -4.465179146570450897e+00 -3.946658533813060199e+00 -3.214011545784657198e+00 2.848215944023211321e-01 -1.274474500186167925e-01 -3.394543264024562301e+00 5.110792777755234439e+00 -1.220597394930579949e+00 1.352385232871827103e+00 1.727708459623824355e+00 2.290410572654017152e+00 5.819450691637060302e+00 4.195244902250717445e+00 7.176338931770401608e+00 5.432437920889809924e+00 8.215946830589750505e+00 1.000760601239684533e+01
-1.281352789819582938e+01 -8.862839488349825601e+00 -7.727072785124139642e+00 -6.918695219163715215e+00 -5.677146039870098804e+00 -4.818443832387500514e+00 -3.616158181421563977e+00 -3.008429456681048109e+00 -1.784113836168546241e+00 -8.044036839287913576e-01 6.609314376404551439e-06 1.159742342045922525e+00 1.997404704910874074e+00 -9.726959152068515024e-02 3.859465047130088422e+00 4.916679323774229005e+00 5.969852335243415631e+00 7.020662928542503067e+00 4.920096204109881022e+00 8.908557411632054723e+00 9.934027222870462026e+00 7.821382301447017404e+00
-8.741945072518946702e+00 -7.642744332498425663e+00 -4.914991151065033037e+00 -5.915864843664928152e+00 -4.681846128542696661e+00 -3.235367169467309623e+00 -2.595156630278301790e+00 -3.283715868247481851e+00 -2.533078350799277345e+00 -3.585068742322510715e+00 1.676583857226437102e+00 -2.914764163950525955e+00 3.008163235119299284e+00 3.281185134446771734e+00 -3.093950480256590918e-01 -5.427899275676346669e-01 5.382093012011962330e+00 6.233034556839283091e+00 7.281603013144192893e+00 8.511972235584529756e+00 5.483927786168260710e+00 1.041794101661707828e+01
-4.399756919197362670e+00 -4.705014848118883819e+00 -6.511384685069091738e+00 -5.508677647454087278e+00 -7.665310471400442083e+00 -5.536425611091608801e+00 -6.426615439161443177e+00 -3.162293003072992992e+00 2.792548637355135366e+00 -2.872455921908092513e+00 -1.637184905221631404e+00 -2.094778931688390244e+00 4.409509936639735006e-01 1.395549286505294084e+00 5.167969744261382559e-01 7.656165530469249525e+00 2.249625613851607309e+00 5.544817789973231825e+00 8.702702961897442080e+00 5.662132505444112951e+00 7.804951758873802881e+00 8.133432749133103101e+00
-1.048103144493969552e+01 -9.482845609160976963e+00 -8.483261299404224687e+00 -7.483298924836253363e+00 -6.482178387316777091e+00 -5.482444641264995866e+00 -4.483494547280391984e+00 -3.480547961863612372e+00 -2.483020206066690605e+00 -1.483349991115650468e+00 -4.831266376105247673e-01 5.163880837234540166e-01 1.519070121374996418e+00 2.516192885962395209e+00 3.516169334677131886e+00 4.516502211717041249e+00 5.518958869305521375e+00 6.518874498930841810e+00 7.516192669895563228e+00 8.516607048836622340e+00 9.516259456900034053e+00 1.051716088774529112e+01
-1.048225876993757311e+01 -9.482157874175086931e+00 -8.482406865128064410e+00 -7.482932578095004672e+00 -6.482531550594343273e+00 -5.482466708191418903e+00 -4.482695940204644458e+00 -3.482955011793180233e+00 -2.482920828529367796e+00 -1.482330258258370392e+00 -4.826809049330051948e-01 5.168933688916848013e-01 1.517189097336737902e+00 2.516953375867810649e+00 3.517002952031104357e+00 4.517186012796372552e+00 5.517463129691092760e+00 6.517489936880082269e+00 7.516872246495696075e+00 8.517223846844638402e+00 9.516935539177866943e+00 1.051690420203587628e+01
-1.048310522904449726e+01 -9.482180388474988675e+00 -8.482643829489283860e+00 -7.482327105308121062e+00 -6.483079226518212224e+00 -5.482551174068992950e+00 -4.482859464192925358e+00 -3.482240872288301148e+00 -2.482449071312485600e+00 -1.483009913766919041e+00 -4.832328723912926449e-01 5.169514028186128485e-01 1.518103255128316675e+00 2.517443819140837036e+00 3.516979931091716693e+00 4.517666211521083497e+00 5.516973657702855860e+00 6.517168803309848713e+00 7.517853109335359107e+00 8.516640467738557874e+00 9.516917539929796277e+00 1.051675736734811828e+01
-1.048261020366446417e+01 -9.482337914745917473e+00 -8.482413426380269073e+00 -7.482992560010087502e+00 -6.483306371014224467e+00 -5.482257917862055407e+00 -4.482636250894193708e+00 -3.483242430131557654e+00 -2.482469775121312949e+00 -1.482858680527323614e+00 -4.831001985479552729e-01 5.173967700790189639e-01 1.517083473164918317e+00 2.517020113427522077e+00 3.517255626280192615e+00 4.516996703703290095e+00 5.517951644618394269e+00 6.517406940121531989e+00 7.517311945218933644e+00 8.516985095698716535e+00 9.517482570965171362e+00 1.051711126383054662e+01
-1.006456594078962219e+01 -5.878337933116767999e+00 -7.835252391901478042e+00 -3.586553523934051135e+00 -2.499270937097064049e+00 -6.242428095393776744e+00 -3.789249481496479888e+00 -5.916661781791024310e+00 1.246581951832482105e+00 -2.329950899062136038e+00 -1.676917474481896431e+00 -4.826717267290635549e-01 5.844968316652892071e-01 1.629059918992821210e+00 1.050283582888218881e+00 3.207231734032925274e+00 4.385275712964512351e+00 3.976445814174391469e+00 6.368773462364625715e+00 7.123807264906865555e+00 1.147506751178365825e+01 9.634612818396655953e+00
-7.526921099344241028e+00 -9.492745842107302323e+00 -8.553159709519826848e+00 -7.927395238391002685e+00 -6.639759326064081257e+00 -6.133492321153127591e+00 -1.096438628532458104e+00 -3.837898105166665630e+00 -2.654295025671682851e+00 1.346488947666690361e+00 -9.154693483226612472e-01 -1.421643616173721147e-01 8.209003131880863169e-01 1.313776261569099324e+00 2.325943398676982188e+00 3.440475391832761076e+00 8.027311692663872122e+00 5.564202004078999231e+00 6.687057623191465794e+00 7.630465689821051001e+00 8.245739022894182924e+00 9.897155078516327364e+00
-1.048251424255688846e+01 -9.482991109517472594e+00 -8.483831475404164379e+00 -7.483414958146488161e+00 -6.483043621209514384e+00 -5.483551825312039441e+00 -4.483691493895902269e+00 -3.482761959460644263e+00 -2.481348494914428215e+00 -1.480519975450883763e+00 -4.811142784627886471e-01 5.173900025812141479e-01 1.519018580290419251e+00 2.516144429418183392e+00 3.516139005395510608e+00 4.517247219654656476e+00 5.517788474532697052e+00 6.519125123592948157e+00 7.516781349751097352e+00 8.516617094251254017e+00 9.515937139364815778e+00 1.051637143370780691e+01
-9.654504891501701991e+00 -6.288918098249522970e+00 -6.775370636308641892e+00 -5.593103538986915702e+00 -5.015842964157040562e+00 -2.887565774921651673e+00 -6.777691020590411064e+00 -2.774240538555597713e+00 -1.267642363360588220e-02 4.129821717826258620e-01 6.011862899357495182e-01 6.936095312168113480e-01 2.499776344404236461e+00 4.139517097128738499e+00 -1.165314041834898395e+00 1.131109609207639366e+00 4.886624226528204495e-01 7.427752719667978454e+00 8.101394279978778812e+00 8.975064031794014241e+00 8.455965935324288196e+00 4.397983913855390448e+00
-1.048300530592145208e+01 -9.482848173176684270e+00 -8.482501423155699882e+00 -7.482955267822205769e+00 -6.482403179799950621e+00 -5.482326617633745514e+00 -4.482753863727488408e+00 -3.482353752648290168e+00 -2.482905415987406883e+00 -1.482607146894380890e+00 -4.831232486123369085e-01 5.173348428850843561e-01 1.517076307738372876e+00 2.516845265234058715e+00 3.517382198775358404e+00 4.517368489707061840e+00 5.517020786011762823e+00 6.517876112664287902e+00 7.517123976553033771e+00 8.517187574709009112e+00 9.517438525164671148e+00 1.051690573414618690e+01
-1.048256259479306607e+01 -9.483431168577880044e+00 -8.483034708283165415e+00 -7.482968040488003680e+00 -6.482831471345638974e+00 -5.482180439613095757e+00 -4.483228661797269865e+00 -3.481291212818852898e+00 -2.480842300436698622e+00 -1.484030135653238602e+00 -4.829172573306355076e-01 5.199604251167944113e-01 1.516428939320817904e+00 2.516137681224122957e+00 3.517185843803659395e+00 4.516686073758378939e+00 5.518342173912301973e+00 6.518199361183421914e+00 7.517545334317460970e+00 8.515946558930652444e+00 9.515800169923084084e+00 1.051686184785582689e+01
-1.048280698060981564e+01 -9.480029366910439848e+00 -8.483209438621983622e+00 -7.483607985079286706e+00 -6.483538828790166519e+00 -5.480968207120886504e+00 -4.483348116278646600e+00 -3.480940304696559906e+00 -2.483005844056576095e+00 -1.483110532164557682e+00 -4.836715385317695848e-01 5.171863362193196423e-01 1.516255103051667774e+00 2.516412168741229749e+00 3.516484655439864326e+00 4.516161240637313057e+00 5.518938764929780305e+00 6.516566149890435256e+00 7.518665902316582716e+00 8.517438113689433266e+00 9.517013244330891908e+00 1.051689188182355039e+01
-1.048215094208722320e+01 -9.482917100191125215e+00 -8.483533255755906666e+00 -7.481933318078546336e+00 -6.483057014644151295e+00 -5.483010441064841700e+00 -4.482786133885397817e+00 -3.482453972101231088e+00 -2.481747023761258220e+00 -1.482433408498764038e+00 -4.830295220017557511e-01 5.169939324259651414e-01 1.516500368714325475e+00 2.517058789730059587e+00 3.517231598496424638e+00 4.517734229564656090e+00 5.517003141343584716e+00 6.517547979950894188e+00 7.517299719154831195e+00 8.517224505543696367e+00 9.516809761524188005e+00 1.051742452383039783e+01
-1.048276645249944039e+01 -9.483000110157510321e+00 -8.482889685102490418e+00 -7.482719796963733572e+00 -6.481122370131979338e+00 -5.483656573363324682e+00 -4.483941796489743226e+00 -3.480380843647518319e+00 -2.483901086517349199e+00 -1.481396395035767810e+00 -4.831138134680088569e-01 5.164558484472934197e-01 1.516263459555121429e+00 2.518846002153365404e+00 3.517864879898040087e+00 4.517450731924984808e+00 5.516306292942971368e+00 6.516839858821839471e+00 7.516824726692647118e+00 8.516620781949965746e+00 9.518755812875239641e+00 1.051643694632432080e+01
-1.050559935812080248e+01 -9.829248689049549625e+00 -6.193470844890894611e+00 -7.742955238329177092e+00 -6.906843481071690327e+00 -5.858680059224525394e+00 -4.562762441645543454e+00 -3.805811540325579667e+00 -2.819167215937891324e+00 -1.905958253146693870e+00 1.322514896274092244e+00 2.302667676289306797e+00 3.450736964054260447e+00 2.308871889607230887e+00 3.105071147427515221e+00 3.886096711932597980e+00 5.075441908894171128e+00 5.796304697616321278e+00 6.622943760852923134e+00 8.000770625443530903e+00 8.856722589705091409e+00 9.782130671854373460e+00
-7.945918412543456100e+00 -6.765755848500716318e+00 -6.436359759778095935e+00 -4.813064046744678137e+00 -3.560878755524185202e+00 -2.969311400077073060e+00 -1.638872911179026559e+00 -1.002353565225615917e+00 -5.171966643992400581e-01 6.096071669615492628e-01 1.412989481510820600e+00 1.612790475182280359e+00 3.348844867428018457e+00 -4.442078107948011834e+00 4.796002062668041965e+00 5.222145023601958869e+00 -1.365884974481687664e+00 7.355498412940114861e+00 1.194773283822794685e+00 1.485370225026206636e+00 1.141178320239103350e+01 3.387646663078045517e+00
-5.219937885515221865e+00 -6.633195100432438096e+00 -6.200170653243554320e+00 -8.151355322515421165e+00 -3.584402526271539990e+00 -1.098662232906415070e+00 -3.578527542827611541e+00 -2.578833087163738380e+00 -4.887327663715663739e-01 -8.520652843510743146e-01 -4.039818868416791275e+00 2.398062574740594588e+00 7.900004160118967445e-01 2.440682495686163467e+00 3.875163227188831883e+00 -5.064587939854403587e-02 3.975740819253777314e+00 6.356341494081052979e+00 1.873913240635521227e+00 6.649005749558654976e+00 4.791922144050987598e+00 9.705291406415518907e+00
-1.048234200850129838e+01 -9.483250033110371291e+00 -8.482473853975534439e+00 -7.482201661914601232e+00 -6.481134343892330563e+00 -5.481498081237077713e+00 -4.483054619282476949e+00 -3.482947971671832121e+00 -2.482930477708565675e+00 -1.482767742127187205e+00 -4.825761206448113683e-01 5.167542509734577294e-01 1.516830455511801290e+00 2.516974147409191787e+00 3.516451831907028591e+00 4.517239283770317471e+00 5.516897898167368197e+00 6.517608899623152041e+00 7.517836961895230985e+00 8.516489151865235030e+00 9.517374467104669833e+00 1.051649598404764241e+01
-1.145344140949466727e+01 -2.235821658477369578e+00 -1.717150337876061528e+00 -5.886921114449483738e-01 -7.263477822345518753e-01 -6.848439387748348040e+00 -4.838322355350991977e+00 -4.903336840497324545e+00 -5.295170878435904172e+00 -3.547120208279320952e+00 -2.394778819713989204e+00 6.152442422770430852e+00 -6.890958455370072011e-01 1.121869639659010431e+00 1.669578082387326301e+00 3.358069735821834989e+00 3.900520920735056407e+00 3.721050453420414073e+00 5.804934983996151487e+00 5.919297906055138725e+00 7.084535517341465471e+00 6.885194391112733570e+00
-6.408746052040195096e+00 -5.122891785084108029e+00 -6.783693559663137584e+00 -3.520122985710833596e+00 -7.319455968138987245e+00 -4.350555561416964423e+00 -4.454463416721994307e+00 -3.007780023230576916e+00 -3.775651870616883343e+00 1.178181141780301200e+00 -4.257504456871090248e+00 1.239584509696570525e+00 6.386266696030105106e-01 2.747369248011124920e+00 1.568596000590551931e-01 1.052904191188259730e-01 4.973682052545330912e+00 5.369341132639348757e+00 6.949251721979393892e+00 7.893253606732207217e+00 8.175745669308348340e+00 9.953456326230323725e+00
-1.048177816955875130e+01 -9.482888961718817455e+00 -8.483076924966116650e+00 -7.483096669004718038e+00 -6.482407117770453198e+00 -5.482803384350093623e+00 -4.482531974600101776e+00 -3.482426176355641445e+00 -2.482180187986642750e+00 -1.482973421500476618e+00 -4.822711297734176839e-01 5.174318900839871560e-01 1.516910699619495873e+00 2.516805072738366178e+00 3.516645257784565715e+00 4.517409262670714298e+00 5.516981740905487541e+00 6.518167381598189536e+00 7.516853091730318681e+00 8.517188099636273435e+00 9.517073993994427994e+00 1.051674404503269855e+01
-1.048244406011962582e+01 -9.483291563662595181e+00 -8.483088535341332559e+00 -7.482264307412238580e+00 -6.482600991698804549e+00 -5.483030659231262760e+00 -4.482874174686978463e+00 -3.482849423858246141e+00 -2.482262206348483602e+00 -1.482922216030667428e+00 -4.825249883261477635e-01 5.177051079544252588e-01 1.517758603123112948e+00 2.516944738951602645e+00 3.516874703493996890e+00 4.517774390903397830e+00 5.516709173944873257e+00 6.517564470795074172e+00 7.517083796587865407e+00 8.517079534855771072e+00 9.517421754923748978e+00 1.051701326939194203e+01
-1.048281215419149248e+01 -9.482644881206478971e+00 -8.481853148984644264e+00 -7.482203806835155291e+00 -6.482114574956622022e+00 -5.482859461652974886e+00 -4.482005327093322222e+00 -3.483001983809211666e+00 -2.482949587601147812e+00 -1.482976163822147697e+00 -4.831331214782927930e-01 5.170251065018440784e-01 1.516841553998260039e+00 2.516900372606778902e+00 3.517162156206635970e+00 4.517708153379230041e+00 5.517192521047855180e+00 6.517626964402460032e+00 7.517055326056748754e+00 8.516770617020393175e+00 9.517123711210752290e+00 1.051692414740946013e+01
-1.048254342986772514e+01 -9.481815292076612778e+00 -8.481764091686750717e+00 -7.483193329112097558e+00 -6.482996328310504097e+00 -5.483008770780109842e+00 -4.482663257555522307e+00 -3.482438950376081976e+00 -2.483305318789028604e+00 -1.482757760719806583e+00 -4.829372303052288373e-01 5.171160562471968092e-01 1.517402441664188473e+00 2.516801090403040675e+00 3.516708405180413166e+00 4.517084942622627608e+00 5.517276437445126192e+00 6.518186980350458626e+00 7.516604812307800643e+00 8.518220351500954024e+00 9.516836503012619630e+00 1.051696215705439030e+01
-3.317100927294647672e+00 -9.968408847741399015e+00 -2.104625825026245955e+00 -7.798203841920376078e+00 -7.560490243168231927e-01 1.322616459988649407e+00 -5.524808287051908628e+00 -4.827072760404218066e+00 -4.331433555251376077e+00 5.180900982641389874e+00 -2.188447156318822806e+00 -2.136778527242984005e+00 -2.264582368486366404e-01 2.976863111329819400e-01 1.390810447421223728e+00 1.826926246180758051e+00 2.507233943039150592e+00 4.337395051033252180e+00 5.164108045513255085e+00 5.606481645244056011e+00 7.260112937481885353e+00 8.664891337949907069e+00
-1.048276819627389500e+01 -9.482907671142694284e+00 -8.483602586794969369e+00 -7.482798244465485027e+00 -6.480655517090431417e+00 -5.482765677977688767e+00 -4.482929024506688620e+00 -3.482993084598673406e+00 -2.483566078950040890e+00 -1.481416377831578757e+00 -4.834180210124294774e-01 5.190605636347473961e-01 1.516257580708376906e+00 2.517433803867211495e+00 3.516380463134161971e+00 4.516316566954964529e+00 5.518973958085890530e+00 6.516226139258256111e+00 7.518514942716480576e+00 8.517113592814318679e+00 9.516908813606614004e+00 1.051641047407280638e+01
-8.321257256731268370e+00 -4.129409339064445739e+00 -8.126014691468959938e+00 -3.038475259627544833e+00 -4.689070318214858091e+00 1.990951690547970276e+00 -7.890721293933533609e-01 -3.092238650135865630e+00 2.679941829446474522e+00 -1.762019272370767276e+00 -4.150390922570474928e+00 6.584009402649336984e+00 2.293661131300274381e+00 2.357233910409471278e+00 -7.593987894431193375e-01 9.387747749871833136e-02 2.778879860701954030e+00 8.402378874886844429e-01 1.516439040637024505e+00 5.218833848774867334e+00 7.934170429743755193e+00 4.948886538031208815e+00
-4.744550361967316832e+00 -6.565233953062091565e+00 -7.628462105034891749e+00 -5.989543657857241854e+00 -2.500013119337477274e+00 -8.277912192834444127e+00 -3.765106271539777616e+00 -2.214365254938745586e+00 -2.861938141399172686e+00 -1.173465196204693139e+00 4.157682763565508921e+00 6.289745638122933302e-01 4.840165061686521053e-01 2.013921494245348498e+00 2.284022058160138258e+00 1.996633435514511001e+00 1.349856910475307092e+00 4.954371122245284198e+00 3.538917205136794308e+00 6.003866606019406582e+00 7.805554214303984217e+00 1.088254979273770040e+01
-1.048214089802725368e+01 -9.482540576972748880e+00 -8.482491194524545364e+00 -7.482747751542131454e+00 -6.481878946789283447e+00 -5.482515706934716349e+00 -4.482884685762915211e+00 -3.483126982369221025e+00 -2.482431291856546096e+00 -1.482639826156880503e+00 -4.827263385734887891e-01 5.175625241615424699e-01 1.517287821254935665e+00 2.516930521211829586e+00 3.516773574731555385e+00 4.517110154710023195e+00 5.517297059974877627e+00 6.517399736426076728e+00 7.516807076267209453e+00 8.517067496410813732e+00 9.517097477547130424e+00 1.051656717502256555e+01
-9.768335112446706603e+00 -5.521391887915713781e+00 -8.289150285925309447e+00 -8.442728207324496026e+00 -1.108191301773470805e+00 -4.884887994392883570e+00 -1.373250915881176315e+00 -3.186099665208879994e+00 -2.758893220324117657e+00 -1.578034569165116530e+00 1.708213587377930831e-01 3.414398611103861558e-01 -1.025994646539823973e-01 -7.587992973731472190e-03 2.654649590479952970e+00 5.757362996073214667e+00 6.440925634038610958e+00 3.225598574812645225e+00 6.345263433723613566e+00 7.590454409856741691e+00 6.409899729365203136e+00 8.464511447996519777e+00
-1.048243458806119577e+01 -9.482942911372946426e+00 -8.481888527558615110e+00 -7.482895704494300304e+00 -6.482170062647625741e+00 -5.482545266435909781e+00 -4.482788937674325069e+00 -3.483224900947396563e+00 -2.482554676519198367e+00 -1.481832745061687717e+00 -4.822565266354637004e-01 5.172380036251009727e-01 1.517081154002378085e+00 2.516794187440103414e+00 3.516955298794927742e+00 4.517117654396715309e+00 5.517760378731907167e+00 6.516758700324720266e+00 7.517111507667731729e+00 8.516929773105802681e+00 9.516869319094841018e+00 1.051669528843325629e+01
-7.079608538255611982e+00 -1.021449373451044984e+01 -5.330943843966270634e+00 -7.612199476652863339e+00 -6.750072576717284889e+00 -6.128856760470416276e+00 -5.056224132855922093e+00 -4.153308552937043707e+00 -3.186409410476975790e+00 -2.085104773284942148e+00 -1.145098145746983320e+00 8.402431522553510668e-02 9.952501063886300958e-01 5.197180016062064034e+00 2.680981527372701123e+00 7.302877532387052284e+00 4.913945354812052635e+00 5.687101269496240619e+00 6.554359573021464769e+00 7.627295417211243489e+00 8.558049814530937383e+00 9.521031437575917522e+00
-5.409067668916928362e+00 -1.141669878421519790e+00 -2.611332219656814502e+00 -2.020335015181555782e+00 -6.189156829520209513e+00 -5.470352917918407387e-01 -3.840125772155609241e+00 -6.048701446547512184e+00 -1.777091107290304506e-01 -2.105159963130193823e+00 4.192627781068628323e+00 -2.834539697519284918e+00 3.293724116073142749e+00 -2.420651139355698422e+00 1.511142822500934901e+00 5.717986211192499724e+00 1.845930237319780121e+00 3.579482413343729075e+00 2.914771492065398650e+00 3.153174882855649841e+00 5.432434995007862533e+00 4.083985499707651456e+00
-5.383339444452506228e+00 -5.248427398117608611e+00 -6.600069416571239245e+00 -7.791316173976437831e+00 -4.619371518601935733e+00 -3.582769366368252939e+00 -3.824069995129240063e+00 -1.557101341429563135e-01 -2.075415451486661400e+00 2.746596644441479107e-01 8.555057346346173208e-02 -3.207753745014723656e-01 -3.513255095161897934e+00 3.832463574660961658e+00 2.817070170504898385e+00 4.846817404000478113e+00 1.011695717120217886e+00 8.657164156541017341e-01 4.165616231217367016e+00 6.994592412026777062e+00 9.835729953820285587e+00 8.764383669806578681e+00
-7.348992354486179934e+00 -5.947439106736208458e+00 -5.624192248385496029e+00 -8.026289862567773881e+00 -2.958809112676275888e+00 -1.575757135255570596e+00 -2.469944938819861768e+00 -2.005731710761912368e+00 -2.148766113285528245e+00 1.506874141941948464e+00 9.809150106977579942e-01 -3.291078536773477392e+00 1.194085382596846268e+00 3.385321684237386552e+00 -2.818650664912483172e-01 4.367452735720157797e+00 -5.049146421544250529e-01 5.404765320824477470e+00 1.014132940320201115e+01 7.553413783108051227e+00 2.242631839721206610e+00 5.786767944553183440e+00
-6.111211408919468902e+00 -7.291874498367568513e+00 -7.709399035572174874e+00 -1.111475518447706001e+01 -1.355336345425875777e+00 -1.847227216216979162e+00 -1.838810671700102484e+00 -7.317994393354295690e-01 3.708066402770126002e-01 -1.414004889280329635e+00 2.231537420171389563e+00 2.756844125084365160e+00 3.360053665115067645e+00 4.327802330282619181e+00 2.199174242605940410e+00 1.603999282900161027e+00 5.985281751719020438e-01 7.633251160528108592e+00 6.704389700096776927e+00 2.182082715452672961e+00 3.559072544574933605e+00 2.266653105243113586e+00
