1.960536592249873533e-01
2.732187490709256927e-01
1.425642910190476620e-01
5.984500498406244429e-01
5.151586825802666469e-01
9.317593523935013833e-01
4.311781228488241746e-01
1.925104700196458518e+00
2.529667731063195979e-01
3.667044312992822075e-01
4.730763197329391212e-01
4.156135780330373342e-01
1.381909285580864011e-01
5.938493785100712463e-01
4.048445711159009974e-01
4.410707074359237478e-01
4.336978806068186865e-01
3.089464228941373181e-01
6.773599708142685749e-01
3.643843919362581008e-01
5.382715138893159335e-01
5.911094525090114793e-01
2.603188320519251864e-01
6.166190428427759107e-01
4.290098727539525258e-01
2.274235942299644708e-01
3.692583744074258156e-01
2.018190251373554456e-01
2.186755285420192430e-01
7.403198807469661968e-01
2.258478545013185845e-01
8.886825272907096229e-01
4.335633354370208026e-01
4.328349863909743966e-01
8.922717445089044519e-01
7.546419793694608691e-01
2.522797853761959419e-01
4.277304758367223014e-01
6.637139364238356931e-01
6.219172329801363475e-01
2.724933882710470767e-01
1.104156905473027361e+00
4.789724144632995229e-01
3.071339428536229987e-01
1.667289478779328427e+00
3.207965074875424039e-01
4.749571304323229048e-01
4.909284357443573499e-01
5.480212492640805788e-01
2.845738810502222993e-01
