8.046085604050317031e-01
4.562907143010632716e-01
2.813072403026766199e-01
4.463292741091997029e-01
2.766662956785891359e-01
8.139400700604668693e-01
2.813634715931541685e-01
3.125702844194027663e-01
1.019193407372509519e+00
5.352393311585901259e-01
6.123635881656422919e-01
6.947055559459911489e-01
9.389249519487415929e-01
4.544234958223170029e-01
4.499556612264982713e-01
3.659951561691411892e-01
7.682423950010531799e-01
4.447742292108971540e-01
1.853682829055934012e-01
2.086268303908412225e+00
4.385435998110051581e-01
4.576680754723929101e-01
4.981430024034316784e-01
5.067516628719798133e-01
8.016313213946678617e-01
2.919619013553256259e-01
3.730853336604497694e-01
1.394553475312887425e-01
6.255424126070143753e-01
5.753981555385370150e-01
2.030165243960995625e+00
7.869615086016867878e-01
3.199549470060855660e-01
2.843990902740776150e-01
2.582522768930440860e-01
5.613631035317978579e-01
6.672019258894854588e-01
1.209705322277245587e+00
4.381107294653461270e-01
8.441107459084907783e-01
2.436130833287564468e-01
1.948997771018622371e-01
4.395851299833119508e-01
7.594809797997861267e-01
8.371302847377221079e-01
1.087190073593038653e+00
3.854128076614631304e-01
7.964107867677537866e-01
1.003896673574767195e+00
4.278551915244545034e-01
