2.397278237206568741e-01
2.338493944366579480e-01
3.556703712977410392e-01
2.206378200475856699e-01
2.322707066453828240e-01
5.850570337765121920e+00
1.754805660395801492e-01
3.043467082817485903e-01
2.643929202281288249e-01
2.835816292537600702e+00
1.385711220306621527e+00
2.757900452235736433e-01
2.937731086360179655e-01
3.793110815560951643e-01
3.912256462031900583e-01
3.058039046046408527e-01
2.696148328928676396e-01
5.943593345153203034e-01
3.472634727866671933e-01
2.060528616535272639e-01
3.338755464326202405e-01
3.496947862336757140e+00
2.923136243038136350e-01
2.115306488640442240e+00
2.642952668131175464e-01
2.167359031708963879e-01
5.101318798222824746e-01
2.225446434961928066e+00
4.283054382538862281e-01
4.660818749269958206e-01
1.654526768013849236e-01
3.214526151768923867e-01
2.931986838015553376e-01
4.941581059261664244e+00
8.117228364953453790e-01
3.848304530338461649e-01
2.525304685213375921e-01
2.666665219061381542e-01
2.110109030346385695e-01
1.716643264187447393e-01
3.168923328980550180e-01
2.117274212835067448e-01
5.358438203192358307e-01
7.716101093897570484e-01
3.274491791058953827e-01
3.560707688209525656e-01
3.464741608100769810e-01
2.159989135658308412e-01
2.113916272557226916e-01
2.146772471086046075e+00
