1.020942452321985522e-01 -1.175943097451954689e-01 1.007335169711586209e-01 -2.609893042638009378e-02 7.173543677701356425e-02 9.108929840412666179e-02 5.044421350348071015e-02 9.409964525634416377e-02 -3.580455494211492312e-02 -1.134203199680388664e-02 6.945401518485402326e-01 2.473188091243235659e-02 8.666995042024938645e-02 -4.436602634403283285e-02
7.144163500769361297e-02 1.022887157816814580e-01 -3.543511824973055724e-01 5.640706469655955291e-02 1.635555158264145881e-01 3.239009659163738508e-01 8.865349183540680023e-02 2.431890345308371226e-01 -4.270432186947683562e-01 5.773194482703551678e-02 5.909313650000399543e-01 8.494465725168096060e-02 5.953944353826889913e-02 1.974305285109866082e-02
-4.931456377619508613e-02 1.734417646511626776e-02 -2.298720213275459723e-02 1.039779373786857419e-01 4.703345178905468660e-02 3.757410978055036876e-02 1.080229188604603652e-01 2.114163589591971926e-01 1.113457304737805742e-01 5.612956796627545375e-02 5.875654624596177156e-01 -8.922214437615855198e-02 1.211531225489580477e-01 -1.591064405255712133e-01
-1.396920212750938847e-02 6.058285319144438019e-02 -7.273167683846473719e-02 1.480614186625840538e-02 1.042020417624172635e-01 1.451309505185964521e-01 4.115106445765261134e-02 1.665999002851979160e-01 -6.931259226718573807e-02 2.164665981203712786e-01 6.987086078386541832e-01 -2.303619094323314243e-01 6.308021749389951249e-02 -4.342050899798385877e-02
1.284381010877350682e-01 8.562913990767130612e-02 -1.083569879336900021e-01 -1.012890372430224339e-01 2.032520724948868596e-01 1.484095522591364069e-01 3.323009007026031525e-02 2.154744066224067445e-01 -6.338264517329637165e-03 -8.421085054709481765e-02 5.332545833056241413e-01 -6.765253615954448796e-02 1.101117677685854862e-01 -9.019551244608126073e-03
5.252287739000489897e-02 3.470245282409458593e-02 9.754263058878025194e-02 3.795672211851777028e-02 1.210871209469333715e-02 1.310805244472506292e-01 1.614046848636817300e-01 2.044963206129583322e-01 -3.757602712398669387e-02 -1.429501563210300863e-01 6.712462669421910277e-01 -6.891813943478307392e-02 -9.230760884665541524e-03 -6.345362224669036377e-02
-4.384908474572647707e-02 -6.907331979835006595e-03 9.562634888151827495e-02 -1.561893997673611256e-01 2.000544171505299479e-02 1.429631978359720834e-01 -5.758903612925921067e-02 8.422151206599878814e-02 5.674335312822548216e-02 2.678580271195158402e-01 6.379105643548612647e-01 -3.616685021588232629e-02 1.327177909350844565e-01 -5.641204732714785036e-02
1.733808898435293400e-01 8.612347198943516580e-02 -1.059928344456886051e-01 -1.419903376235278347e-01 1.384171565335401421e-01 4.592839919548988292e-02 -5.977028532247282561e-02 -1.593074436361020252e-01 5.291654186220466904e-01 1.479316527859276531e-01 3.147077879197875405e-01 -1.690286938133419292e-01 2.611626338528017510e-01 2.020466996959188050e-02
5.340808214922374009e-03 8.982548721974904782e-02 1.272100425583514161e-01 -1.563493664880849510e-02 3.592924928983906585e-02 8.253534637741122282e-02 6.168984362803939941e-02 7.651834256645949350e-02 -8.415682052736117580e-02 -2.271240380959744370e-02 4.100579899589035793e-01 1.747300396083608653e-01 1.414770540078854055e-01 -1.877556573137782736e-03
7.300327035234249751e-02 -1.089905171755871371e-02 1.927963032643802144e-02 -3.909523811468271215e-02 2.534920587849228690e-01 5.452393623816073620e-02 6.062469612246043638e-02 2.086193865131418246e-01 -4.570824824011601728e-02 -2.637809639023159791e-01 6.341988270762262125e-01 1.308623000121725277e-01 4.991649939400329139e-02 -4.410461697417816102e-02
6.723388876461448838e-02 -4.032953184922455359e-02 3.000425376936313726e-02 -6.188371039966349130e-02 1.612339241360397912e-01 1.477276953471654830e-01 1.298283826835613941e-01 1.108930287951547522e-01 5.903056029274972305e-02 -4.396159877458039045e-02 6.064984539852630308e-01 2.631710292645031424e-02 -9.445814659653890832e-02 -1.720181720933778441e-02
-3.415361535169381124e+00 8.586187178234026829e-02 1.740189501631428104e-01 -7.812427605870379821e-02 -7.066506511122389034e-02 7.275271853507783715e-02 6.321141092145000917e-02 3.584638464830619320e+00 6.609111571235533333e-02 -5.191462920628522187e-02 6.065267473218648453e-01 4.176005837586474478e-02 1.025570509835583705e-01 -1.004203972096623099e-01
1.899563573117449000e-01 -1.729758916679402236e-01 1.609257233237739171e-01 -1.398161526345878258e-01 -9.076884086763148396e-01 -2.351467701421239981e-02 1.092311591323696263e+00 9.196147615052306656e-02 -1.684620534087570565e-02 -1.091182507255226974e-02 6.461050045934009223e-01 9.712176567634547841e-02 2.455675031679991349e-01 -1.712637752699835425e-01
6.805405923885524122e-03 -8.019699107886353595e-02 -1.004392720157510667e-02 4.857992429995952599e-02 5.955965721861231077e-02 1.119744666409717287e-01 -9.000431014894823278e-02 9.729668036762587069e-02 5.235395215253113577e-02 2.846490074595263431e-02 7.365637795692341339e-01 3.482321462733864448e-02 1.520111705382632961e-01 -6.725543778397097272e-02
-3.396298526252186534e+00 -4.162167412603564633e-03 8.507601622644718475e-02 8.234699817638423819e-04 -2.285601196327808338e-01 3.421848310711202851e-02 -1.164213184659525918e-02 3.603701473747836559e+00 2.230360491397822068e-02 2.820191402239478201e-02 9.498842568406594689e-01 1.124987733243379244e-02 2.465566523994896370e-02 -3.851933039739157544e-02
5.795558621324777698e-02 -9.014479744161327246e-02 1.364744175036957385e-01 -3.954741282502005628e-02 -2.066007061728347249e+00 8.620776501923360646e-02 1.371322609207060450e-01 2.668257553534265081e-01 7.366089248678850399e-02 2.204954869783669391e+00 3.370329747747370375e-01 -3.702380626706266303e-02 9.075351020184327377e-02 -7.734246812428767492e-02
1.241493725751040555e-01 -1.692533564392542655e-04 1.816477540715989436e-01 -4.503820510016315337e-02 -5.302116722363686696e-02 1.215592572459718024e-01 7.121415795730029474e-03 1.049008341278433176e-01 4.136224652953808534e-02 2.664274284604439824e-02 6.365834377005448186e-01 -9.036172879496674748e-02 1.156997394120367617e-01 -9.014395995818913487e-02
9.456367175259776381e-02 6.621830820166249576e-02 4.164971708539360468e-02 -4.185827942375438399e-02 -6.110071124630078038e-02 1.671490843297377682e-01 5.800103228536783451e-02 1.464259791162161872e-01 -9.631131013243739158e-02 9.097184624697912669e-02 4.602521360748196289e-01 4.172575504577082095e-02 2.688795188498518257e-02 8.635730464997901090e-02
-6.236344626078495906e-02 1.491929798180270939e-01 1.187221408092199171e-01 -4.634868021443977470e-02 1.364592263526387406e-02 2.282194619466141883e-01 -1.155922426200502173e-04 2.558857161979108952e-01 -1.177934966597372346e-01 -1.153207915220319513e-02 4.811394483304959890e-01 -3.035487220041355183e-02 1.127462286141395209e-01 -1.011124575045568852e-02
3.963291056924995309e-02 -2.724393959242191188e-02 1.616321117031699894e-01 -6.892623422191902771e-02 7.964612963446848770e-02 4.740496084674624550e-02 9.998669007239981144e-02 2.033034732986646054e-01 3.235980527673003315e-02 2.265571120999864546e-02 2.452929527405051657e-01 7.137254136612668221e-02 1.615481608979194572e-01 1.226721206937881649e-02
6.892984819882495839e-02 -6.992249543531969813e-02 1.052364182208723326e-01 -1.547529089498478339e-01 1.085630292412471803e-01 2.747499425695382191e-02 1.599943367146715034e-01 -4.554898903199405824e-03 3.472590623631309215e-01 1.213301427370663266e-01 4.161195711190159852e-01 -1.351793651099732763e-01 4.026690686964411181e-02 5.016784454793005166e-02
-1.428173788989780535e-01 -1.493068717283468905e-03 1.910741288745974320e-01 -3.697656641917292791e-02 1.362836246876550361e-01 9.641764516093331849e-02 1.096459643565593639e-01 1.916061918072028969e-01 -5.954110641444529395e-02 7.251882083115315791e-02 4.042385958392235024e-01 1.136073648652782125e-02 2.340236822343882972e-03 1.062746614547004920e-01
2.847447077699477580e-02 -1.101773192466814176e-02 -4.972740235755598176e-02 -4.811170730559852227e-02 1.352822924269529992e-01 1.649263653120182638e-01 2.361022486050290137e-01 2.308330752574861977e-01 1.003168446548309729e-02 -1.076692004068066921e-01 6.124357442875748569e-01 -1.828084961876060288e-01 -1.623944500262228252e-02 7.842058792433541370e-02
4.176861606643572644e-03 3.711412540555443507e-02 1.284834641561453106e-01 5.792474347435027510e-02 1.745924884505973551e-01 1.073977346323597495e-02 -1.930916295911192238e-01 3.554678100477344782e-01 -3.573820540740690888e-02 -1.126408839273637941e-01 5.381477750073953015e-01 -1.291131786382735541e-02 1.320765400101660547e-01 -3.409058961088486106e-03
-3.619517638398916937e-02 -7.500621273943278156e-02 1.948325846764005151e-02 -1.136665907814249712e-02 2.097528524673969164e-01 1.469928315108893491e-01 1.268989335472438806e-01 4.816561843379577046e-02 -5.000298094304373997e-01 7.788558109837545596e-01 4.286950938242595210e-01 -7.489428038433373902e-03 -1.105467863543579538e-01 6.272215866083011293e-02
-7.329183177293602247e-02 7.388886412086108357e-02 1.933220528483849121e-01 -1.190590033298465356e-01 -3.330404793884654824e-01 1.898967166226531444e-01 8.786659975100913345e-02 1.179203734922785185e-01 3.658084755201911897e-01 -6.978483337291993549e-03 6.013864220747989764e-01 -1.070692001422430539e-01 6.041351292206802170e-02 2.986846648955492067e-02
-2.954378388583517090e+00 -3.611932201893461314e-02 2.032067114891375759e-01 4.758394698860145267e-02 -1.276640819661734316e-01 -8.891290562275389053e-05 3.045621611416476693e+00 -1.118303132533742805e-01 1.922903958095651122e-01 -1.932699267735919768e-01 5.377100605087710150e-01 6.220655930055216110e-02 2.211143851869904753e-01 1.945497606721369177e-01
-7.751821435297412410e-02 2.558711321784256851e-02 9.649006896346226658e-02 -4.587261754762476940e-02 1.347476164177440205e-01 1.847298906242372252e-01 9.421132505533874602e-02 1.070513441983793057e-01 2.264121544055969215e-02 -4.293992954193875944e-02 4.469582237083611354e-01 9.851745343042291048e-02 -2.909714132077728665e-02 6.542613757798418361e-02
-5.735521766147664430e-02 -4.758159253182022569e-02 1.251503711513988482e-01 -9.084428215406815943e-02 1.767662874994942734e-01 1.818368723785133978e-01 5.030125427916259939e-01 5.738963757048400061e-02 -4.263774792085320980e-02 -1.678564559799021194e-01 4.876619576572659431e-01 8.753168557779178460e-02 2.028164794290224227e-02 -1.524232204503390420e-01
3.480185344670040370e-01 -6.848472177842253039e-01 -9.513947202366099254e-02 -2.615763736266324413e-02 -8.393677495960531754e-02 2.603603308069054462e-02 -4.186758334953326333e-02 3.649067934144676340e-01 6.567753701446656933e-01 1.354729187100857102e-01 5.241582644279767500e-01 -5.361021569679454146e-02 -1.696466816529881849e-01 1.807701544555976592e-01
2.994983744545188370e-02 1.431365873714583042e-02 5.841204082104234363e-02 -2.536432679691332570e+00 4.359752317478929329e-02 3.312906091145834675e-01 1.221110569406463203e-01 1.074286275208592711e-01 2.463567320308671871e+00 1.093054764573563389e-02 6.119146861984314789e-01 -1.642484281687223852e-02 -1.240155820600790382e-01 -3.571031746805637674e-02
9.988043233789978270e-02 3.594368099240755066e-02 9.364681976004990416e-02 1.062328786552917126e-02 7.124979611776878496e-02 -4.133841046431943611e-02 -7.287076816648863087e-04 -1.538259602666826598e-01 -2.012289075418746687e-02 6.263683370224040758e-02 4.960149059439952213e-01 1.255146037190152386e-01 1.228424669362202931e-01 1.785956276627451711e-01
5.512206033286584650e-02 -8.783106720574655746e-02 2.007915432291310781e-02 4.050296556565234629e-02 2.487800347232992648e-01 2.037829629696287226e-01 7.340008871332753815e-02 1.906840273143392550e-01 -2.006173319390022192e-01 -3.506295997099274225e-02 4.676270101723992711e-01 1.154393871481021738e-01 3.999205273283974044e-02 -5.096589900860869216e-02
4.506152981177172223e-02 -3.511847579049547086e-02 5.515237753161650325e-02 3.734495830585778109e-02 4.173389720052674001e-02 1.416358399582053895e-01 1.826519981189881486e-02 2.116268247868177410e-01 -1.240337428546345148e-02 2.809351393193669499e-02 5.074489477272304816e-01 1.480551377591999423e-02 7.926030940800603275e-02 -5.197457630281195062e-02
4.221528857782623489e-02 3.663719306582281787e-02 2.327246762487298892e-01 -2.773743848970086981e-02 1.993241346223847688e-01 -6.508232352083275218e-01 6.964533340678293050e-02 9.966411116387226266e-02 8.155620496904866235e-01 -1.232549329957909334e-01 5.651335629786999881e-01 2.035229941312443735e-03 -1.440837145503775507e-01 -3.610977258070399709e-02
6.598942467128041112e-02 -5.802608288211195259e-02 1.313897790439579605e-01 3.887050981208959449e-02 1.263174906845660472e-01 1.104345793012240229e-01 -9.149347383473395434e-02 1.476483041859849576e-01 -3.958325548448424214e-04 4.670978246220112984e-02 5.917564907145814734e-01 -2.946146785123256451e-01 1.794644981718822030e-01 8.688169460726541393e-02
-2.245206364737296900e-02 7.351970580250332364e-03 -1.195908188960770058e-01 -1.130645311349648685e-01 3.549919835932976997e-01 1.879988451681476047e-01 -7.775391207141457706e-02 4.475499420986381316e-02 4.735623152622710219e-02 1.141216871448551134e-01 4.704663167959905468e-01 3.159854198818143889e-01 8.391758100444264568e-02 -2.131512182840427649e-01
2.944573512822186434e-02 -3.029117315412027889e+00 6.228083599965085482e-02 -2.497355999697600026e+00 6.524556043564479213e-03 -2.461400305639488417e-02 3.836763766943120102e-02 3.088826681258054929e+00 2.477588665851908178e+00 1.124529865607579084e-03 5.661882185186328797e-01 5.517167712496782311e-02 1.902643357346652242e-01 1.162369308423341907e-01
5.983852592070122711e-02 -2.214408188125484983e-03 3.902748880519793517e-03 8.751355354260834107e-02 2.877792094077569196e-04 2.720043244655315218e-02 1.893353994547242736e-01 5.059867284382570107e-02 -3.357301179059858642e-02 -1.321162167903272566e-02 6.502463119047664497e-01 5.852460440415849924e-02 -1.033650735519872355e-01 1.058485724734958278e-01
1.651430541062121060e-02 2.857484685358566492e-02 -1.935503448125539157e-03 2.347803269159611655e-02 2.138432918250120773e-01 -9.316036992001296424e-01 3.296110486304359294e-02 1.068396300799868914e+00 1.130830914619416483e-01 7.511376300613376369e-03 1.456892251637157132e-01 -1.293615957257266136e-01 -1.979556605268419089e-02 5.135772749276846794e-01
-1.389094626273862376e-01 -3.842493212284157911e-02 1.531064464373125544e-01 -1.074372225623207999e-01 -1.613578723622861172e-02 2.384596355515221644e-01 7.943480423093926546e-02 -2.432569334033156394e-02 2.395823019449964258e-03 3.094666143670965833e-02 6.652939330081055758e-01 -1.361575874514931728e-01 2.719637919125018621e-01 1.007220756150779412e-01
8.272055808454932546e-02 -1.632700162199298213e-02 6.057222864432262183e-02 -4.761009567601593578e-02 1.400605017366520766e-01 8.350100763200478393e-02 1.967977158000672189e-01 2.665027892597069958e-01 -2.771954227473368004e-02 -2.711939422452961171e-02 2.607227911899952510e-01 -3.457250220379633199e-02 1.219575954022261710e-01 2.144583412256107283e-02
3.535719163047609803e-03 2.572789733385193178e-02 2.111728852302768578e-01 -8.043519640516172062e-03 9.485016697577142164e-02 1.161485826785387809e-01 8.589682053219602209e-02 7.348966598675178707e-02 7.422007658297077870e-02 -4.723634793756990163e-02 6.253077712207123495e-01 -1.660870448736360139e-01 8.264902824811072926e-03 -1.631509020618952810e-02
-2.308405832956567788e-03 3.733785192380774387e-03 1.141230536198993561e-01 -6.685367463068614402e-02 4.417737550537690489e-02 1.499731901751382435e-01 8.547269547400584977e-02 2.254198860278336936e-01 2.571454469846030932e-02 -8.126182176434393334e-02 4.737288527672870453e-01 -2.028309430468679467e-02 1.665624473151155194e-01 -3.726634837180729104e-02
4.039770295049815302e-02 -1.882939275044233363e-02 1.179878175740684959e-01 -8.026343237649494200e-02 1.127826296995025623e-01 5.138473889541381179e-02 9.754901255814292516e-02 -7.953362426271784469e-02 1.441447668370580623e-02 3.656603833551609270e-03 5.870639340195544786e-01 -1.253601495415771483e-01 2.182989529417281860e-01 1.413832156460831380e-01
4.772904357671662462e-02 2.114354151298553086e-02 7.295860434837707353e-02 2.514183234586328877e-02 7.214008507504859891e-02 1.345103887287042999e-01 1.119701004240943043e-01 2.254211065895256327e-01 1.838643054251883069e-02 4.512849723137558194e-02 1.471945432220891359e-01 7.592067077727471247e-02 7.951500669934727719e-03 7.533614082650871846e-02
-6.801156170870201190e-02 1.642863312733501557e-02 1.341925119025450808e-01 -1.306514265297032407e-01 2.023234335145036311e-01 3.010609416756252488e-01 -6.942881927265144582e-02 2.777254184432872419e-01 3.541538247732876898e-02 -2.860538057636308196e-03 5.476380055885172737e-01 -1.011944999252603616e-01 -1.860772958489229634e-01 1.243723004847512303e-01
-8.299542004351309066e-01 3.395362230116938940e-01 2.572525272289813980e-01 3.561043322758972174e-01 1.438160349960867224e-01 1.387039875095922303e-01 1.541551983825649799e-02 2.956169110062874528e-01 1.063612436607763861e-01 -2.862582781547338973e-02 -4.028659486427655922e-01 3.875427933910260622e-03 7.020093715804467949e-02 6.154953181448599153e-01
-1.152671606980682911e-01 6.065203712602779129e-02 7.201681716197055882e-02 -5.258452431654411785e-02 -7.088394518822065116e-02 1.440794139925950235e-01 6.805804964667847012e-02 1.539261526900874422e-01 -6.113458421464763176e-02 -5.834164186335758645e-02 7.023819749862777462e-01 8.099479333708310691e-02 -2.809802913436251770e-02 1.851331323454975808e-01
-5.650688662026256796e-03 4.298033644721658414e-02 8.528682419670621795e-02 1.040694158426183208e-01 8.443302175339639781e-02 -4.649441577742505910e-02 -4.707777188513769667e-02 1.254219011976544507e-01 4.573942508354794656e-02 1.125636311153233315e-01 6.358341462995819038e-01 3.473683215363039534e-02 8.495350248774001523e-02 -1.758636743818095260e-01
