-5.871026519435808277e-02 -2.861092208750328630e-02 5.832266737758662334e-02 -4.799491203866463468e-02 -4.359257037983592029e-03 -4.519275588407263289e-01 5.480724411592657885e-01 -1.402973643876931180e-02 -3.800035629439550700e-02 7.842670431625235750e-02 1.808694772845477819e-02 -3.790059379645459303e-02 3.968171939422610386e-03 -3.871824241333977901e-02
-3.221443854940730933e-02 -5.003770094072979707e-03 -9.056230926053589897e-03 1.085248300764988551e-02 -9.852034588128767006e-03 2.919058408063290172e-02 7.932400482017362697e-03 3.091253889454394221e-02 1.937919897648660711e-02 -1.767610570552027166e-02 -1.070419865352813249e-02 -1.072719929374116310e-02 -1.932838736955277970e-02 2.920248117461339554e-03
-1.146056532464142033e-02 2.548844252023088272e-02 -8.499077677429767164e-02 -2.538840368735589478e-03 6.281399501814419022e-03 4.494986233720096175e-02 -9.917047367915644146e-03 -1.018223771760812801e-01 4.823127959637169698e-02 1.684224858014602907e-02 1.483261903052598973e-01 -2.550036081496143137e-02 -2.713779221292001928e-02 -4.012657442268376812e-02
-4.155544990090156293e-02 -2.217326114711186402e-02 3.478322787304156949e-02 2.140205006598970908e-02 -1.479246689446316043e-02 1.989468071581762532e-02 3.513677263606185264e-03 -2.925917223338245568e-02 1.668863457469431377e-02 -3.478420767907863809e-02 3.221151425222806841e-02 2.819577992165990532e-02 1.325725690914146895e-02 -4.075717534245407170e-02
-1.323617228146196922e-02 1.611338720348770570e-03 4.446783554787835102e-02 4.252278467272819357e-02 -7.898292368274170694e-02 3.668753858760884917e-02 -3.004692729927503636e-02 -2.185862883592709638e-03 -9.582012650315402391e-02 3.477021333198053454e-02 -9.681791141326284364e-03 3.264901644621692745e-02 5.573179356013063801e-02 -3.186162869655349839e-02
6.476717833627432253e-02 -4.914061501571135443e-02 2.441693326494118882e-02 1.640141507272589380e-02 -8.720933117730886829e-04 -8.496117375538649041e-02 -5.494488255761487139e-02 -5.050998183791129831e-02 -5.177961907705518757e-02 7.366016511202976014e-02 5.031225869011378415e-02 7.409070969864363365e-02 -1.863258781816628726e-02 -6.182618422322934404e-03
-4.414094146216267917e-02 -1.315652532556813581e-01 6.837116077724696150e-02 1.491030299950612814e-01 4.094970018183499705e-02 -2.588751254401348567e-01 -1.813379774668819056e-01 -4.183127924596513614e-02 1.226546570775133432e-01 -2.087592483656451614e-02 1.527345261948811761e-01 3.953432106385705858e-01 -7.651578537267579583e-02 -1.873889094062549387e-01
-2.126921969534793788e-02 -5.091269255265599980e-02 3.424195069844193640e-02 4.045500607478498545e-02 7.883514219015751168e-02 -7.390022528899653498e-02 -4.224744227854157486e-02 3.182571508061317334e-03 -2.490145272568589779e-02 6.076788185297027356e-03 1.953394023295412785e-02 4.219102688131552703e-02 4.720160503382486022e-03 -2.938046535437995044e-02
-2.814451728479822057e-02 3.178987709387908617e-02 -7.638384796824448930e-02 6.153717147912564356e-02 1.340358981737121424e-01 -7.543920740903978794e-01 1.256862636691680468e-01 -5.336128511402229990e-02 -3.914642464955125911e-02 7.584742471963703547e-01 -2.106914562026841048e-02 -1.831434824638789038e-02 -7.505870558992339125e-02 -5.902802066987441337e-02
-6.763880367329683230e-02 5.831733312549416959e-02 -2.986087754083703583e-03 -5.254640990666562678e-02 7.680553343845772374e-02 -7.021715826798780036e-04 7.971153601054292714e-02 -1.015983061627588613e-01 -7.501493540837143870e-03 -5.501249433592708682e-02 -2.987070282830060070e-02 4.577098782697441165e-02 2.656903628513779259e-02 1.730713147672976321e-02
4.948072379083712918e-02 -1.245133937912432792e-02 4.172082577360758382e-02 -6.716505233440210956e-03 -8.258734725974989366e-02 -6.760601089284290488e-02 -2.923403206113275518e-02 3.831975904871466870e-03 2.664045087468982359e-02 -5.801511194724806239e-03 1.130464007353438639e-02 2.473757806161936551e-02 6.427288858666496685e-02 -3.096724866602279524e-02
-1.156142321384975996e-01 -6.435529566340986163e-02 -4.783075009410027445e-02 -1.974353726238966544e+00 -2.185428677832562672e-01 3.696500240551560401e-02 -8.434757553595394197e-02 2.025646273761029015e+00 2.651024346401269494e-01 7.928775122901691175e-01 -4.194899752956433026e-01 -8.899179363496624584e-02 -1.329371062671884096e-01 1.249718793392880223e-02
-9.867956355554022632e-03 2.950468569895852572e-02 1.431214917196547629e-02 -4.460658525454858775e-02 -3.172163970507235753e-02 2.733301399836352355e-02 -2.069989427704164997e-03 3.870041639893892493e-03 -1.379335088967418611e-02 -9.939840832794741288e-03 5.320408764882593455e-02 -1.708512610013344923e-02 -4.063610921204373339e-02 2.812170799830490675e-02
1.398897748990293906e-02 -5.628817300508403426e-02 2.735736627272370922e-02 -3.885021208735938911e-03 4.708457302045007675e-02 1.665052583141303846e-02 -4.390457585843670490e-02 -3.745338253600857120e-02 3.201417889583202912e-03 7.667731289682039320e-03 1.325787827161041543e-02 1.165267475526535722e-02 -6.591174852915691190e-03 -6.113728980662798927e-03
2.169040170477057328e-02 -1.535868231671290093e-02 -4.658446112302019881e-02 -5.359999620525208314e-02 9.349581570420519017e-02 1.486254573095397574e-02 1.768947543767086794e-02 -5.172205514655020542e-01 4.827794485344957809e-01 -4.735933569779000873e-02 -2.414754574065196280e-02 1.529339859827914382e-03 8.591817259911953275e-02 -2.706953864332752729e-02
-9.465146615102249320e-03 2.128530455948393629e-02 2.558955128031025622e-02 3.109103877242935104e-02 -7.248276456209457042e-03 -2.962419932494665675e-02 -4.744759885150879458e-02 -1.740044563984885495e-02 -7.806166152757341298e-03 -3.117122909717584892e-02 3.786076109811859890e-03 2.246849373173739547e-02 1.275778949990430920e-02 1.980989656265914195e-02
4.967808200720794098e-02 -1.825130708649495281e-01 -1.090054137305836168e-02 1.190283236303260050e-01 -8.042614393313916865e-02 1.317754611366838968e-01 -7.209238277420762508e-02 1.457733050918363082e-01 -1.862274143269266324e-01 -5.758545569489031957e-02 1.964380933333249868e-02 7.628182542543408828e-02 -3.291779510640607809e-03 3.748107023177844194e-02
-2.591809428752301914e-01 2.345057557538589577e-01 2.257668818410465128e-01 2.780915358072769128e-02 1.217150608958343649e-02 -5.896171405594093917e-01 -5.128465606996196469e-02 9.578034120736089729e-02 1.654539880909499938e-01 -8.427306664534670033e-02 5.636684050934601120e-02 -5.364666630570449346e-01 3.910601512605521579e-01 2.985329392523548009e-01
-3.992174700649069041e-02 -4.231726054849285767e-02 8.975216491189218909e-03 -1.672246273236446118e-02 5.418193686765559319e-03 8.386795172477250204e-02 6.601387671661502685e-03 1.578526253735448512e-02 3.637207344688198063e-02 -6.596982867451992028e-02 1.152971195419033590e-02 2.319572605154315847e-02 -2.437039295717685974e-02 -1.581874326652688359e-02
-8.919433607294548205e-02 4.451021483806631013e-02 -2.714275810334060290e-02 7.589833775237048163e-02 5.451450064991605199e-02 -3.691522293968466095e-02 3.389610358484981129e-02 4.074591816316815163e-02 -1.759135083083536721e-01 -1.439007121696291025e-02 2.270457182201865431e-02 3.799018639413969528e-02 -6.334129502332536132e-02 8.326244683887057407e-02
-1.622984693402152942e-02 -3.150384855311224447e-02 1.827046444192351182e-02 3.968631390761864948e-03 6.905914737922512481e-02 3.174521918556914846e-02 -1.994419531390699551e-02 -5.203924451349239283e-02 -8.715909484039464916e-02 -5.114377486546304794e-03 3.758968038063252581e-02 1.858057165621340712e-02 2.166778694233808394e-02 -2.265805356402516516e-03
-9.764022161969290736e-02 8.661972266709047630e-02 1.312122921258235047e-03 -5.143702128729504830e-02 3.226875344213164798e-02 4.476283186459051322e-02 2.638351889241859205e-02 -6.230343364528836275e-02 -1.488577449327631134e-02 1.464208285726582848e-02 2.068941834343411210e-02 2.789791794198827335e-02 -2.120429040158608724e-01 1.703580745100228555e-01
-4.288594927221167641e-04 6.761887330310897837e-03 -3.979653421051747297e-02 4.867926792207778047e-02 -2.208475036720312923e-02 -4.346575425156846972e-02 4.062247144008629407e-02 -2.247163546947535118e-02 2.688358380908159595e-02 -5.481373938278100849e-02 5.538776332331159236e-02 -2.405207498477202055e-02 4.786749345397388333e-02 -3.246403074101544828e-02
-4.044285516957565885e-02 1.318061894325658345e-01 4.011141809631557642e-02 -1.524966931095413092e-02 -2.498155889435853261e-02 -5.903247166102163629e-03 -7.238631191589608993e-02 6.670478873998540725e-02 -4.680931795459828404e-01 -5.760854247605068368e-02 2.199367187548723068e-02 3.328383367628367506e-01 7.581805604641930763e-05 7.776022989446992884e-02
-9.547813816753181193e-03 -2.152011489514120413e-02 -7.641158524882563086e-04 1.428465011220051394e-02 -2.048924161515926212e-03 5.479631034739877726e-02 -1.391879456622215419e-02 -2.598872684930919608e-02 -2.740469640325117473e-02 3.446350901772054359e-02 -1.536344533773207829e-02 -3.064374961392138386e-02 -1.309124694132482447e-02 4.337224733912654895e-02
-3.189811411133552932e-02 -7.988421602011705480e-02 2.491022798935406055e-02 1.521537960693069291e-01 6.659914216993399749e-02 -1.206000305308175813e-01 -4.351884525933349263e-02 -3.863234037471177662e-02 -3.848559444474890234e-02 6.434437521596676757e-02 -2.607568964909046799e-02 2.841899185738325229e-02 2.173275389324778525e-02 7.560631573749069037e-03
6.867562650727503104e-02 6.138987508611525035e-02 8.144102149970186555e-02 -3.558970338038335013e-02 -3.141349729208433444e-02 2.049264710784125254e-02 -1.007213346439590242e-02 -3.843245238018714316e-01 -2.681634802014594421e-02 4.625562377417722498e-02 -4.199976899287536369e-01 2.773908340388615557e-01 2.537852828313121312e-01 8.540807342113722334e-02
1.150656392469489447e-02 4.737359936478641176e-03 2.117059932342749140e-03 -3.993172458769185529e-02 -1.582102026696388664e-02 5.959335568419405621e-02 -7.509130097594631306e-03 -4.802159182917181690e-03 -2.344872073423308334e-02 -5.987005599208244933e-02 3.674050627215823261e-02 2.954286822559236414e-02 1.371169787506045651e-02 -1.994151261025122954e-02
-1.753008280063874866e-02 -4.153952992480437756e-02 1.076333273423788969e-02 8.252928657591080200e-03 -3.897818344546814112e-02 2.346983309600387049e-02 2.100233078347638060e-02 1.051268518809606381e-02 3.575740528976774357e-02 -1.824179676959138824e-02 3.923623874904397235e-02 4.421928547307713009e-02 -4.230942008521575148e-02 -4.798993856678868131e-02
-8.433496028472306505e-03 -6.705946941949617601e-01 3.625905942083088029e-02 -7.289964821925712379e-02 -7.871911913715774756e-02 7.862653801585547386e-01 -3.941131978956888271e-02 -1.314966353375009167e-01 8.249160764279888092e-01 -7.182241115604899306e-01 -4.723164090746483079e-02 1.865763836104342432e-01 -1.071640445123611396e-01 2.678289844821313964e-02
9.896967342923659872e-02 -2.595260892335001998e-02 -1.265656273484668248e-01 -1.065536026185153612e-02 -8.560175614892599760e-02 -8.471412213902308752e-02 -1.659149358997667134e+00 6.001896947856634815e-03 1.156793635532622905e-01 1.604147752732603571e+00 2.231088887659318787e-02 1.048943029793328874e-01 -2.550428454796492550e-02 5.276432822715111659e-02
-4.485073037244637940e-03 -2.402533925103123545e-03 1.851837363527619393e-02 -3.580514901491809593e-02 -1.190129964351530761e-03 -1.123636454836131858e-02 1.663234769285198977e-02 6.474554370915554767e-03 1.559231963687077865e-02 -1.564322974097075158e-02 -7.802867785601883682e-03 5.170375539551658184e-03 1.270452358297763373e-02 -9.902058063105428909e-03
-2.824474729188021158e-02 2.841550660552046026e-02 3.473828723212763619e-02 -2.141828694336489480e-03 -2.802099035918462211e-02 -1.076993531830744942e-02 -1.782036311164814438e-02 1.872800366723230414e-02 -4.003915659424787596e-03 -2.670032078512483975e-04 -2.819091639919527742e-02 -9.142276083883500368e-03 2.583534617662279140e-03 3.076173238195609172e-02
-4.363612211482439940e-02 -3.141645302144163016e-02 3.668732778030407704e-02 1.099662685652585958e-02 2.210180090354890714e-02 -1.666550417686180063e-02 -3.538867065007305496e-02 4.918411728307395259e-02 2.291641586910816986e-02 -3.209429088024833010e-02 -7.061953245919724842e-03 2.730807009613101660e-02 1.527521893557567956e-02 -3.158149525611164687e-02
-4.726183064217666374e-02 2.209441946486891128e-02 1.168977930366697435e-02 -2.374740249153312055e-02 6.173586435130155869e-03 4.475539389112821731e-02 -3.720348757604342860e-02 5.278560686267737279e-02 -7.336846790588789913e-03 1.295069574808112994e-02 -1.886614398262839720e-02 -2.337702593208416252e-02 -1.280522565140658486e-02 6.773569739695506353e-03
5.942583339721363433e-03 -3.229325394003795119e-02 -4.827903692221358067e-05 -1.267049205330213896e-02 -4.463953617791935335e-02 1.102189914931012010e-01 -4.773376733637925418e-02 6.064890531463390522e-02 -1.049939337845988419e-02 -9.753088534644840935e-02 -1.827150204878821849e-03 -1.120090647187395316e-02 7.289025888603259395e-02 -4.631986708480043125e-03
-4.876707749500191341e-02 -7.068409475990452238e-03 4.687477746254000571e-02 3.810215758258387458e-02 1.333620029551812851e-02 -3.665604099683867495e-02 -6.024056326988373733e-02 3.822806138837772649e-03 6.456546006064198262e-02 -2.881660450689954578e-02 2.810949715047853480e-03 -2.058065390318727927e-01 1.739484839259856364e-01 3.051948797411888764e-02
-1.011623422551566620e-01 -1.751729376549157891e-01 9.170202365753089835e-02 1.140107233857488508e-02 -8.952210554426795475e-02 -1.114139621848643513e-02 -2.119129296935679668e-02 2.495720066910272691e-02 2.834521326199827482e-02 1.256389514180389633e-01 -2.691089435340286024e-02 5.969026893446569698e-02 1.481108728452354140e-01 -7.811954575057333816e-02
3.093122454434801827e-02 1.492975336529950847e-01 -8.500405268774074985e-03 -2.513255359342911333e-02 -1.281506879453020997e-01 -1.786879161422427198e-01 2.546259208792076012e-03 -8.206929966521234188e-02 -2.218643465135640425e-02 1.715488138194267709e-01 5.029977971648044721e-03 8.351212882509177760e-02 -1.581945470704620438e-01 1.466809946932640107e-01
2.797635571664222262e-02 -1.797496186281238167e-02 4.159435343297819554e-02 -5.616836607945256687e-03 -1.790223374788890535e-03 -2.309594137458510776e-02 -6.775365183536598279e-02 2.841128928946513865e-02 -2.912074431734279489e-02 -2.965659700352057861e-03 1.661054108352183478e-03 -6.743907040386058760e-02 -2.378943481262151341e-04 1.029770196565285706e-01
2.208659025314795715e-02 1.230353327060938404e-02 -3.803314139721591935e-02 3.995755700913360131e-02 -7.638222438592212615e-02 -1.950890173480170076e-02 -1.299702505430842814e-03 -6.471544858449551629e-02 5.055470212255194773e-02 3.183031428953103648e-02 2.407170963373572725e-02 8.059360810712892786e-02 -4.680624496458074546e-02 -2.802726273460470763e-02
3.418849313328781170e-02 -9.909460779319145818e-03 4.373553252715781797e-02 -8.453154994974798608e-02 -4.943717511793321168e-02 1.436421603922310997e-02 2.293124419155137192e-02 -2.174310271465091510e-02 1.447634819164258027e-02 -7.323944058725495587e-02 -3.945026219547502488e-02 9.730156074147436329e-02 7.132005525918606870e-02 -3.338137036035487837e-02
-1.640018347855198844e-02 -2.684200140715016156e-02 5.508547694224363855e-02 -9.269211563561735590e-02 1.516153051748575162e-02 1.517881663474887795e-02 5.193999192568422157e-02 1.148616385594429523e-02 -4.974888271515085642e-02 3.135293854263527386e-02 3.014928201884952211e-02 -4.880677096452350899e-02 4.173357931497074375e-02 -3.097273717278141089e-02
5.194800284171470495e-02 -6.161234155239958543e-02 -5.730964957197283438e-02 4.029063177066892487e-02 -4.806558476579319422e-02 5.331546304402717817e-03 2.185460867577645322e-02 -1.166560510045814847e-01 4.072443163212704359e-02 9.691495665878560595e-02 4.521640988356685764e-02 3.758589110207621875e-02 -2.905972718155416801e-02 -4.053803641403018465e-02
4.279727418268874234e-02 5.166184119305082187e-03 2.425888713193175700e-02 -8.440212302106414599e-02 7.306859556048951598e-02 -3.151425841028732827e-02 -4.223666826950629033e-02 2.727302030979718295e-02 -9.459073460391526078e-02 -7.683841294496168706e-02 1.020287115787357757e-01 -1.910202010111697324e-01 1.568981891558268171e-01 7.573662460091662441e-02
-3.762548523542803142e-02 2.814109529350340352e-02 5.741696290308230706e-03 2.274745829318610552e-02 -4.662790659438066643e-02 -3.777540458405378998e-02 2.293567452239441903e-02 2.161549276993341914e-02 -9.865213817268660146e-02 1.297631689367644281e-01 5.027236751385833619e-02 -2.961448109464109163e-02 -7.575140781844859339e-02 3.145495825847747368e-02
4.723002783297592169e-03 4.897752637678281715e-03 3.571052562165222960e-02 -2.985055380962090776e+00 -4.307519423270141090e-02 -5.274998242434910528e-02 -1.485033371255168981e-02 -2.734624273084724014e-02 -1.828659339561262975e-02 3.014944619037908780e+00 6.983310014110846731e-02 7.039395433016876202e-03 4.337573132706246115e-02 -5.253531114478460912e-02
2.591589009321258047e-02 8.012109954256135813e-03 -6.562740596247340630e-02 6.439299209965310133e-02 3.158757242911258700e-03 -1.108351060178999412e-02 -6.166652967487133707e-02 2.725516557690747452e-02 -7.557448758557688828e-02 4.781553931114127659e-02 -3.655882601138116944e-02 -1.713124540051029140e-02 8.615631825815275868e-02 -8.439678920844453577e-03
-4.922337855577902516e-02 5.384313600816374029e-03 -2.540979120164429256e-02 -3.295299731952094913e-02 6.530308177072058351e-02 8.180715747768485535e-02 7.456091481609868066e-03 -4.626944792799307996e-03 -4.763110094501559616e-02 -8.096125798663067127e-03 1.048917141128259331e-02 5.532107253193665336e-03 -2.729739038082365510e-02 5.890894377724996064e-03
6.256935241465871878e-02 4.919678342181404984e-02 -1.415566749812320335e-01 -1.071855298779737743e-03 8.903222214864524309e-03 3.849172004153994520e-02 -2.124605513133571433e-01 5.368699293951892382e-02 1.175873568846526329e-01 -8.456452018821269956e-02 -1.689827745886306881e-02 3.114250162487557788e-02 7.027491454005606319e-02 1.132412353725134602e-02
