-6.333337122544141273e+00 -4.724933305865941513e+00 -1.242314566251022212e+00 -4.667557111424845750e+00 -1.997950496992718428e+00 -6.110453986460848697e+00 -4.331572028543034136e+00 2.038894308886358253e+00 2.009663547374311854e+00 1.032624123836079821e+00 7.335976051714845347e-01 -7.992777223377762752e-01 8.396922983381041039e-01 -3.009800473608893689e+00 2.431129111813512989e+00 -2.148459824120431794e+00 3.946339141664137351e+00 2.494345958912142169e+00 9.893865357521517412e-01 5.231963176937168392e+00 6.974977626870844993e+00 6.913576227858102996e+00
-1.048877822302963381e+01 -9.486773130229925854e+00 -8.486611862412912544e+00 -7.486885484985343453e+00 -6.487618629566650696e+00 -5.487321463159553048e+00 -4.487660866908051105e+00 -3.488854427567952499e+00 -2.485598009757016058e+00 -1.488072116605270168e+00 -4.878859414973142350e-01 5.128039375624755536e-01 1.511263977058897368e+00 2.513000230558876780e+00 3.512221764095793120e+00 4.511179666288862578e+00 5.512052829631340245e+00 6.513367991217148045e+00 7.510933357544907096e+00 8.511856432326801780e+00 9.511462684043417326e+00 1.051245031065559665e+01
-1.048914416100488722e+01 -9.489089354534032239e+00 -8.485670454461455847e+00 -7.487428143281835702e+00 -6.484957746822718860e+00 -5.488902017135497857e+00 -4.487454265017387200e+00 -3.485054582018737079e+00 -2.489029004831190051e+00 -1.486635334451083423e+00 -4.891470518301836989e-01 5.109106454659588792e-01 1.514057271521199510e+00 2.511259429495444451e+00 3.511695385317910478e+00 4.511778056960210392e+00 5.511456020515074883e+00 6.514948770742524431e+00 7.510795206170188365e+00 8.511614621024241600e+00 9.512659654359925554e+00 1.051187007908116833e+01
-5.870298843072152550e+00 -6.037910161475922521e+00 -4.579608831897080456e+00 -3.596597947854799138e+00 -3.179858113280974230e+00 -4.758006300498112573e+00 -6.308864126817175233e-01 -1.996490272586203929e+00 5.463777666336184780e-01 1.546377766633608930e+00 1.476493390641288928e+00 2.406265475751619753e+00 2.453969203790816067e+00 -4.117800143665240498e+00 2.344054278655852031e+00 2.333159363351201332e+00 6.149552825496020780e+00 1.524630641327089364e-01 -7.699190667547952671e-01 2.771608809743561608e+00 2.303338011062876056e+00 1.132424916313856222e+01
-5.188177897217568280e+00 -9.805790623049817967e+00 -9.131475817350777291e+00 -2.529423605943130759e+00 -1.385923440269934970e+00 -6.458899509808555983e+00 -5.089005361830205132e+00 -4.030279917014440549e+00 -3.665894737480805077e+00 -2.563137552402733998e+00 -1.670078365326394865e+00 -7.985766208008613365e-01 2.433966380792259576e-01 1.301084230601786906e+00 2.391201628496971932e+00 9.211056296453728365e+00 4.326992682988289651e+00 4.918658094665044445e+00 6.149974877540575591e+00 7.271090954280103880e+00 7.851724631699445567e+00 8.922016438954784689e+00
-1.048644394867793750e+01 -9.488460731438598472e+00 -8.488935236565072984e+00 -7.488221716813072248e+00 -6.487501521340812261e+00 -5.489273932508439202e+00 -4.487367701462723346e+00 -3.485991892150861915e+00 -2.488630530170391708e+00 -1.486177843741380400e+00 -4.874810173430184079e-01 5.118399143896379400e-01 1.514008376070052009e+00 2.511079135604882495e+00 3.512605409391909461e+00 4.511876936324625831e+00 5.512751574882054584e+00 6.512545611032034998e+00 7.514169725843460768e+00 8.512063551016838758e+00 9.509967613287949817e+00 1.051211124963381494e+01
-8.815733912896520863e+00 -8.125280309150371139e+00 -7.727512005981372667e+00 -6.560454681251410847e+00 -5.481335841253533125e+00 -4.587461173396997438e+00 -3.905265204976548610e+00 -2.061066115835647139e+00 -1.901535981539365094e+00 -3.877476680935065367e+00 -2.904842176419879962e+00 8.612934306051392985e-01 2.291921190595314961e+00 3.825336438787660387e-01 3.756438249458903922e+00 4.451506588352048155e+00 5.469954449307659061e+00 7.049729422942943025e+00 4.667631573622455399e+00 8.237819244125796914e+00 8.986636486753440067e+00 1.006303282925898479e+01
-1.048829798502001864e+01 -9.488820531490169685e+00 -8.484949776056136983e+00 -7.488982343199598546e+00 -6.488841981711715334e+00 -5.488442869010302871e+00 -4.485391580584387583e+00 -3.488425516608099741e+00 -2.489140206101257746e+00 -1.487994537773456472e+00 -4.900929490951018153e-01 5.117042874070669711e-01 1.519332556900652165e+00 2.512468739328054923e+00 3.513897194442421323e+00 4.512335716662075669e+00 5.510894856331020719e+00 6.511490068313749546e+00 7.511141574856909031e+00 8.514968744394444400e+00 9.510978638109829575e+00 1.051070092516865984e+01
-2.051338968555658226e+00 -3.424761016573623085e+00 -3.590296519067951664e+00 -4.843418661204973441e-01 -1.639419307508766410e+00 -5.543215200926087327e+00 -1.505514957344788574e+00 1.360580692491211607e+00 1.334760636348563789e+00 8.509650078748295376e-01 -1.610656873166841585e+00 -7.177532145550889753e-02 -3.281915878798167707e+00 -9.332162217315297381e-01 1.134971783639586063e+00 3.766791705366304477e+00 2.377514081126527401e+00 3.209825615372915664e+00 -3.499920521951904728e+00 5.315760268279269951e+00 7.868074060257524316e+00 6.876618277093328180e-01
-7.919071135985878307e+00 -3.496154003336144456e+00 3.577391890923049544e+00 -5.430927959788581560e+00 -4.372910028701777030e+00 -2.320153167049895160e+00 -1.407383711609227817e+00 9.619302090742412048e-01 -2.460862147274393674e+00 -1.875938551489404915e+00 -3.231909802270388710e+00 -5.227549383795991877e-01 2.741696015927041152e+00 2.727754936387967177e-01 2.185428454588825176e+00 5.918126085470947650e+00 -1.836197288442008357e+00 4.590548756661977592e+00 3.432771461601850316e+00 3.909992344204334280e+00 2.687931751569330174e+00 4.866203295931645023e+00
-1.048857730965730894e+01 -9.488058518279691711e+00 -8.487547214735645440e+00 -7.486453171480810909e+00 -6.487465198744429173e+00 -5.486625205386779669e+00 -4.487361486662528876e+00 -3.485509168018019466e+00 -2.488078843463556566e+00 -1.487144339491031531e+00 -4.871501062404171023e-01 5.119521956551960074e-01 1.512584928761812719e+00 2.511398557912198015e+00 3.514150236140578087e+00 4.507492188702912017e+00 5.512144867669432458e+00 6.513064634393540331e+00 7.512707803737015411e+00 8.512173477898928198e+00 9.511439118872969445e+00 1.051139557767996102e+01
-4.804039599654055692e+00 -9.359895933114051658e+00 -6.648524590236084997e+00 -6.979819718069399492e+00 -1.272879458794871521e+00 -6.148723145275536872e+00 8.653567575908271969e-01 -2.961750991440823100e+00 1.362494201673586369e+00 -3.220790674774064222e+00 -2.148957146891245173e+00 -1.391579817159911636e+00 -1.031491290019740603e+00 1.500056826727433013e+00 6.273425724202150278e+00 2.541344970443924378e+00 4.117470094737672781e+00 4.517582066198770008e+00 6.096036427553544357e+00 5.341241777080963260e+00 7.269569788717932468e+00 6.354406755767733728e+00
-1.048810943419290709e+01 -9.485077062791051006e+00 -8.488652387803256261e+00 -7.488229865377626027e+00 -6.488727586513228118e+00 -5.484543467109872950e+00 -4.488494226878351867e+00 -3.488109434192848468e+00 -2.488635266369039201e+00 -1.488163570111456835e+00 -4.887679388577446105e-01 5.114741975610748170e-01 1.511630078608323657e+00 2.511770134622384631e+00 3.511784968728354883e+00 4.511318882757951343e+00 5.510601466352271771e+00 6.514112090522573340e+00 7.515183722431000746e+00 8.515495968813235450e+00 9.511562710458564496e+00 1.051110904460601780e+01
-1.048792910745191165e+01 -9.487146826291603219e+00 -8.487013505602410746e+00 -7.487845578992907036e+00 -6.487205365503349697e+00 -5.487319165671397769e+00 -4.487734416330386722e+00 -3.487693996930659068e+00 -2.488124856555984366e+00 -1.485394501889278018e+00 -4.881036075001325969e-01 5.120508430356398577e-01 1.512578627263970077e+00 2.512454485690055250e+00 3.511577865278189492e+00 4.512056855654185128e+00 5.512488594448035073e+00 6.510772576724949801e+00 7.512768110429712820e+00 8.512015214359227144e+00 9.510699173604912460e+00 1.051258160749620352e+01
-8.648961606218293241e+00 -8.237940797867995713e+00 -7.665295405393996120e+00 -8.370289386070055571e+00 -5.418613667228859399e+00 -5.079215775817361056e+00 -2.995569874977416447e+00 -2.927876858513179581e+00 -1.985589483480195483e+00 -1.090383789350612309e+00 2.917992549589613072e-01 -1.725682327615933875e+00 1.831442961174704731e+00 3.273778934692187725e+00 7.751284863403595793e-01 4.100148783389862217e+00 5.647524627105350525e+00 6.634525470489798238e+00 6.910442063542545199e+00 8.169866953406581089e+00 9.212477824622656186e+00 7.568816638075636760e+00
-6.289408868208258063e+00 -6.544519571276292247e+00 -4.895043539523317833e+00 -5.035522505024904838e+00 -3.973805351392214469e+00 -2.556642855385037549e+00 -1.656802473295710065e+00 -1.292239370499302709e+00 -7.102216663160279886e+00 -5.064987286707907099e-01 7.767112964725964019e-01 2.040110628514803182e+00 2.703323084002586363e+00 3.767520127269636809e+00 3.022172135577949614e+00 -8.389862171738786678e-01 4.483662449156328833e+00 1.178589987438897868e+00 2.102862006392525185e+00 2.244471330300325640e+00 9.074951032620415248e+00 9.567845091128651447e+00
-7.755848877044135392e+00 -4.371578235953010427e+00 -8.602419433649313163e+00 -4.249666259933862378e+00 -5.191172036243261623e+00 -3.431764388411068900e+00 -5.364508449050548577e+00 -3.034788266966450543e+00 -6.870176320213525756e-01 3.628421764046976250e+00 3.317618627423268851e-01 1.529011362614823177e+00 2.745445282081476535e+00 2.666047791939085254e+00 3.013422011995459560e+00 3.801211192215001589e+00 -1.882993947663154088e+00 5.970278548630238546e+00 5.256241479504395464e+00 6.409826218172553602e+00 3.196493767131713071e+00 6.294129271126838177e+00
-1.048835545287209925e+01 -9.487440558827726633e+00 -8.487572039223520548e+00 -7.487991238690245410e+00 -6.487797795540890533e+00 -5.488288889385071201e+00 -4.488107147372570438e+00 -3.487129661000587078e+00 -2.487579631365138155e+00 -1.487722950733505911e+00 -4.879778388210258555e-01 5.119129989973565387e-01 1.512070891701375430e+00 2.512971156530763750e+00 3.512587667696863036e+00 4.512917378240015154e+00 5.512152259492067330e+00 6.512877566062599044e+00 7.512077846818360882e+00 8.512651314281610482e+00 9.512040918015623348e+00 1.051223623126068496e+01
-1.048899355056607163e+01 -9.489078502086060851e+00 -8.485205973413849634e+00 -7.488053436306399746e+00 -6.489074821499244194e+00 -5.488929609683422584e+00 -4.486274520781902808e+00 -3.488299141553323324e+00 -2.485420550135023277e+00 -1.484193707731629175e+00 -4.887999248775507510e-01 5.169170993295644223e-01 1.511612762781711083e+00 2.511463646861642474e+00 3.505974908444017046e+00 4.510638539764016741e+00 5.512580012055963152e+00 6.510358234020801049e+00 7.514642511579133100e+00 8.512926836582748180e+00 9.511187662455172998e+00 1.051455455002459694e+01
-1.048793110623961411e+01 -9.487093124538667155e+00 -8.487435471266511655e+00 -7.487130958586957874e+00 -6.488511141389608383e+00 -5.487451974302542723e+00 -4.487363163381834497e+00 -3.487419482320564867e+00 -2.488174241036169576e+00 -1.488114062696707762e+00 -4.881887473166095504e-01 5.120441131293649306e-01 1.511796262115232992e+00 2.511928182095275019e+00 3.513041052967297517e+00 4.511513587087382149e+00 5.513313662260760140e+00 6.512553554028258418e+00 7.511321898549788045e+00 8.513191338628518068e+00 9.512413363903744923e+00 1.051222948357461817e+01
-1.048897840082642574e+01 -9.488244332373128032e+00 -8.488388463854782628e+00 -7.488268591463581814e+00 -6.487833254039280462e+00 -5.488796383142473090e+00 -4.483319595456110918e+00 -3.483952701091768134e+00 -2.485223129391647134e+00 -1.488975211977949797e+00 -4.846365600824356079e-01 5.115367099642735838e-01 1.510826773941516876e+00 2.510665483772751116e+00 3.511860817670823920e+00 4.515567138791084290e+00 5.511145994067193854e+00 6.511154897511005402e+00 7.511521808803085065e+00 8.509850785136222839e+00 9.511777535080913282e+00 1.051124170422554371e+01
-1.048700745911767740e+01 -9.488281866027554301e+00 -8.488178600980488042e+00 -7.487528388811808711e+00 -6.487026055766781596e+00 -5.487581675364230804e+00 -4.487821494652477483e+00 -3.488744219257092993e+00 -2.488933270289136246e+00 -1.486774576319900731e+00 -4.879881343381136105e-01 5.132053741677093939e-01 1.511948327110564705e+00 2.512992540882374115e+00 3.512175957248956593e+00 4.513843531297002443e+00 5.512143368409429200e+00 6.511953244493755122e+00 7.511642652140412935e+00 8.513018826530723615e+00 9.511025356636794825e+00 1.051244958727195922e+01
-1.048818942735147175e+01 -9.486689618026668214e+00 -8.488535700535239314e+00 -7.486574394797754550e+00 -6.485843962227756165e+00 -5.488087138330405068e+00 -4.488246044313376260e+00 -3.487391760742136526e+00 -2.487101039087233900e+00 -1.488512782549323177e+00 -4.885127825493302822e-01 5.126088874583754063e-01 1.512346776032980955e+00 2.511768968606521213e+00 3.514718176627685153e+00 4.512382494116355502e+00 5.511802838945920158e+00 6.513963030481862759e+00 7.511101508343754674e+00 8.511170083487556326e+00 9.510986627841525376e+00 1.051136828383259925e+01
-1.048799615150142728e+01 -9.487426666373535156e+00 -8.486599115485478961e+00 -7.487997850233860220e+00 -6.487926592881004595e+00 -5.488496338779263795e+00 -4.487247844988630163e+00 -3.488050078803839327e+00 -2.487106328660772192e+00 -1.486909610981282270e+00 -4.881145561283215528e-01 5.117872005159274096e-01 1.511987285857854246e+00 2.512146348303016197e+00 3.513519952243031597e+00 4.511885443871678447e+00 5.512259693985646081e+00 6.511929186230361211e+00 7.512309672480288469e+00 8.512033173983750700e+00 9.512887926941573369e+00 1.051165827566928002e+01
-1.048716345293951235e+01 -9.486565692858247800e+00 -8.487764625386747142e+00 -7.488645358519123718e+00 -6.485971702770729763e+00 -5.487557424740346690e+00 -4.489010377363721105e+00 -3.488415284590290710e+00 -2.489009870724226303e+00 -1.487580387429742856e+00 -4.871351258321183764e-01 5.140687091784084117e-01 1.511307062073193208e+00 2.511680157347157660e+00 3.510107205672698072e+00 4.512016789479694978e+00 5.513313749297104494e+00 6.514050969346007136e+00 7.513021947308029524e+00 8.511919216676192335e+00 9.511416794224221150e+00 1.051244972781701748e+01
-1.048741697384550520e+01 -9.488231717185527714e+00 -8.487581706182522723e+00 -7.486755645410594795e+00 -6.487537092105895908e+00 -5.488918161527669426e+00 -4.488151854412114616e+00 -3.487245208160450360e+00 -2.487134626643202395e+00 -1.487542113797230670e+00 -4.866304607553910699e-01 5.118481455878765018e-01 1.511136197908356849e+00 2.512864062054587677e+00 3.512245485051110450e+00 4.512267851694062415e+00 5.511569836600260786e+00 6.511496463282540503e+00 7.513629430396996156e+00 8.513173737986519996e+00 9.511586041613062648e+00 1.051186133311553128e+01
-4.247455205903881037e+00 -1.112967146951661768e+01 -6.545434167823656502e+00 -3.638988612153294611e+00 -1.317470894742418075e+00 -1.648826959950907778e+00 -2.781877443443434572e+00 -2.112502484503059996e+00 6.059812508587094637e-01 5.518307826820125772e-01 -3.823192115271085156e-01 7.103063380663364734e-01 -2.417417493794654870e+00 3.188351425679163853e+00 3.964839933996115118e+00 4.668637518291402166e+00 3.787138166728548860e+00 5.086184037048976592e+00 1.178942197916931001e+00 5.727360126876810398e+00 3.114637486657460208e+00 3.908287703821308412e+00
-6.826121820190344636e+00 -8.676395188192431718e+00 -6.480913505955535392e+00 -6.687950725690426701e+00 -7.141787446704342734e+00 -5.135099293596073089e+00 -2.545225317760436923e+00 -4.106039940258330745e+00 4.146267872857607450e-01 -1.229524087136750543e+00 1.156873301974663815e-01 1.533874795287696102e+00 6.291749666415430431e-01 1.556221352672282787e+00 3.183767253708280620e+00 3.745899082557389903e+00 7.572428130486511755e+00 5.766909715779480194e+00 5.477454462568242199e+00 4.395239927133121505e+00 8.605944713689130054e+00 6.102361832742498216e+00
-1.048832784254444306e+01 -9.488714482973920283e+00 -8.488020029257640431e+00 -7.487917382608781480e+00 -6.489487972449174080e+00 -5.483856942843313931e+00 -4.487729642878885983e+00 -3.488957759331587027e+00 -2.484732617031434998e+00 -1.487768303941592762e+00 -4.862276579846085411e-01 5.113384161483089940e-01 1.514472443271760227e+00 2.512302439321160819e+00 3.511354472149495365e+00 4.511813688684590318e+00 5.512286100197917094e+00 6.509423169900065531e+00 7.511564146388657548e+00 8.515426005829457523e+00 9.511653329838392068e+00 1.051063944738018918e+01
-2.223169778540786012e+00 -5.959489257611481072e+00 -3.294869997924791072e+00 -3.212091338147516240e+00 -4.110877861754901552e+00 -1.752225006296887599e+00 -3.436508046910796921e+00 -2.792159179656250600e+00 -3.601417948917803535e+00 8.891221382450823496e-01 -3.313068466029659431e-01 1.337926777402739908e+00 1.071892650335069197e+00 -4.507228654135182033e+00 2.398582051082173372e+00 3.211626544206316769e+00 9.527102030782192088e+00 4.847275302515632767e+00 1.822530158172609660e+00 2.012753228730119304e+00 1.524771236776811589e+00 6.848294823515352903e+00
-1.048791038820681365e+01 -9.487136183475888274e+00 -8.486559083854592345e+00 -7.487636564468798994e+00 -6.488592131232653770e+00 -5.487729450857086633e+00 -4.488191379403508208e+00 -3.487452609633846734e+00 -2.487057184969815538e+00 -1.488721644675171873e+00 -4.873662723058895807e-01 5.133288966661275765e-01 1.513041512871344807e+00 2.512304024601530017e+00 3.512238072062089600e+00 4.511576959693984534e+00 5.513090150261477973e+00 6.512548172677115943e+00 7.512523667717539766e+00 8.510365674102864375e+00 9.510001944208699598e+00 1.051386684348638667e+01
-1.048788895356391038e+01 -9.487522720274606414e+00 -8.486769980666318602e+00 -7.487675330516985639e+00 -6.487673050639303440e+00 -5.487777857956572802e+00 -4.487863897261298973e+00 -3.487321249124704536e+00 -2.487673199650922484e+00 -1.486812657591983111e+00 -4.880620007487994627e-01 5.117464075711506410e-01 1.512160771611050336e+00 2.511959024789643280e+00 3.511818201365782599e+00 4.511927151205849640e+00 5.511985414746115808e+00 6.511746407571150641e+00 7.512664393606499402e+00 8.512953111055210798e+00 9.511557021262953882e+00 1.051305601847441373e+01
-1.048524423180651866e+01 -9.484926673160343213e+00 -8.488245146857058998e+00 -7.488757508383562467e+00 -6.488725098357948085e+00 -5.488927672193801399e+00 -4.487757767127311226e+00 -3.485326560722160849e+00 -2.489052372561237902e+00 -1.488745110617427869e+00 -4.887537309391856155e-01 5.118393427269083418e-01 1.510880900038921837e+00 2.515178856863219181e+00 3.511078191413126603e+00 4.511991617693148271e+00 5.511518073691568986e+00 6.511201692237101213e+00 7.518402127041069249e+00 8.511186336590485624e+00 9.510955428196627537e+00 1.051076233149929884e+01
-1.048833959549664741e+01 -9.488544784486288464e+00 -8.488833315670484936e+00 -7.486656747758409836e+00 -6.484857983887186705e+00 -5.488394580781459808e+00 -4.488237164914608002e+00 -3.489351265132434321e+00 -2.484818495810017680e+00 -1.487758539617065168e+00 -4.853312000632303835e-01 5.157133713364583372e-01 1.514791227877138269e+00 2.511656381189823151e+00 3.512179799377916467e+00 4.512824736535550940e+00 5.509826429188251495e+00 6.512379057705397045e+00 7.511581040918825281e+00 8.508898131549354815e+00 9.511116333305832171e+00 1.051069018989801407e+01
-6.415133341513861609e+00 -6.502468168176230634e+00 -5.695492352387391932e+00 -3.454630152697127699e+00 -1.980094872797293348e+00 -3.773151723938971358e+00 -8.084019832884933976e+00 -1.397924656909985242e+00 1.079349779048440539e+00 -1.107107885916866818e+00 1.327796620837938590e+00 1.043444666300772372e+00 -3.895577992677910828e+00 2.818093539219646448e+00 -2.137647400367606032e+00 4.387104490821448266e+00 4.574413442748749503e+00 6.087452191507980004e+00 7.092070650356278705e+00 4.324837221364633777e+00 7.327753531253924812e+00 4.651465272073102675e+00
-1.019266864510929693e+01 -5.390107640005474821e+00 -4.697391537523005312e+00 -7.172453443391375139e+00 -6.740311411782268003e+00 -6.260806164142985075e+00 -5.127041166922528426e+00 1.197493777158001871e-01 -3.462795908437958037e+00 -2.130203825295768905e+00 -5.821248751037282343e-01 3.333130878415673237e-01 1.333313087841571098e+00 1.721859634672684436e+00 2.511195950713435820e+00 3.036744198735088052e+00 4.353397531299330936e+00 5.259440169067900683e+00 6.532569683547553296e+00 6.847417265537732334e+00 1.180088625198533592e+01 8.176551404021132896e+00
-1.048695837333795566e+01 -9.487516682594998585e+00 -8.487451273947939967e+00 -7.487377319484959770e+00 -6.487599451094851588e+00 -5.488133471459139656e+00 -4.487943258136500191e+00 -3.487890783697368491e+00 -2.488695297390195904e+00 -1.488197360187761831e+00 -4.875836409628337975e-01 5.120093189179915072e-01 1.511933606117962015e+00 2.512405928224328733e+00 3.512514103204013693e+00 4.512491632252936924e+00 5.512578491121537638e+00 6.512472461909057486e+00 7.511999581009154880e+00 8.511805023998022079e+00 9.513436842709777963e+00 1.051223294809460818e+01
-1.048813832585099703e+01 -9.487786211412039705e+00 -8.488219082694143935e+00 -7.488875158469788573e+00 -6.487389371137709304e+00 -5.488203421573729202e+00 -4.488010742108912154e+00 -3.488048352639777860e+00 -2.485545926134671291e+00 -1.485958882014845273e+00 -4.873893711377146332e-01 5.139315944503763944e-01 1.511257394809625509e+00 2.511240102012058273e+00 3.511106729168794516e+00 4.510875321586032882e+00 5.514287359673877731e+00 6.512549183924098983e+00 7.511197887022397879e+00 8.512180238623516360e+00 9.511277891356842318e+00 1.051419416781176608e+01
-1.048724132268259268e+01 -9.486361207948466046e+00 -8.487741405652313276e+00 -7.488439852879809067e+00 -6.488048727200766308e+00 -5.488584990189822932e+00 -4.487143302844318171e+00 -3.487396749244490834e+00 -2.486886198209068866e+00 -1.487929972396640821e+00 -4.879694977267146072e-01 5.133546343581301130e-01 1.513101731850346354e+00 2.511854325844486979e+00 3.512958844615660325e+00 4.511799877001489989e+00 5.512484019114220146e+00 6.512940262867651597e+00 7.511300419880591051e+00 8.511422907425602702e+00 9.511641373349871031e+00 1.051141785593196154e+01
-1.048755388774652886e+01 -9.487959810278619344e+00 -8.487985850057812698e+00 -7.487724811516033085e+00 -6.487079755149096627e+00 -5.487291783771732767e+00 -4.488084458492012985e+00 -3.488555715165363225e+00 -2.487553887746534187e+00 -1.486341968856068618e+00 -4.873802072622570591e-01 5.126320414922460600e-01 1.511589250781316451e+00 2.512434899129649679e+00 3.512275188483974020e+00 4.512591249563477902e+00 5.511544480242507760e+00 6.512482307173987905e+00 7.511040344157006388e+00 8.513467132367868118e+00 9.512349165298720877e+00 1.051163910261609225e+01
-1.048634852570572917e+01 -9.487470598044721370e+00 -8.488731415095660537e+00 -7.487347842278836652e+00 -6.488015824082232541e+00 -5.487865590575076169e+00 -4.488222234967096824e+00 -3.487347834828243620e+00 -2.487004638734180872e+00 -1.487056852403025431e+00 -4.889340187338415689e-01 5.123725672336991721e-01 1.512652165171759933e+00 2.513102396306647890e+00 3.512004702267308431e+00 4.512244387445111471e+00 5.511825232681889730e+00 6.512263766405240517e+00 7.512652947482733268e+00 8.512171014127389412e+00 9.511132134971280294e+00 1.051245708661999245e+01
-8.665122471794745707e+00 -8.676960431024424381e+00 -6.704353124480341819e+00 -8.232588544478788961e+00 -5.051082278428165040e+00 -4.192256790725649829e+00 -3.692582616230153825e+00 -2.716694380998261327e+00 -4.733146513289183233e+00 -1.020385733978588894e+00 9.489177215718240799e-01 1.511681923675974315e-01 2.485988379675496240e+00 2.645206694208241061e+00 3.494282910511737228e+00 4.813882959675433781e+00 5.528383937034389461e+00 3.561478603306881485e+00 7.697932953361632968e+00 7.260386674238240801e+00 6.152195120253939109e+00 9.215881764487619421e+00
-1.056808272189642217e+01 -5.715981640506274886e+00 -8.817678830492198472e+00 -7.624065958922532360e+00 -6.409965175930519621e+00 -5.954337913403405125e+00 -4.488434649538946886e+00 4.014408400083419037e-01 -3.474156774624084676e+00 2.090946509560604127e+00 3.206224173864726357e+00 -5.362147466198158297e-02 4.037320046855985556e-01 1.316731968122186736e+00 2.934976245807335626e+00 3.530462695063610212e+00 4.018477003546429671e+00 5.056927131709783474e+00 5.925810710883876453e+00 7.431976328455516700e+00 8.451240274100557670e+00 8.607912279432532898e+00
-9.831227285113573799e+00 -5.338241905367344664e+00 -9.632866016210979154e+00 -7.387616419387327937e+00 -2.797243014944669870e+00 -5.327277996051834386e+00 -4.676403682621827151e+00 -3.607013021511989770e+00 -2.422657078472546743e+00 -1.870588944624511640e+00 -8.734173992173989154e-01 1.589595612447821937e-01 1.177952580550648776e+00 3.985394925640147967e+00 6.792078141238713229e+00 3.914011350722441662e+00 4.735871402908202299e+00 3.950382338711021735e+00 6.576218947351592625e+00 5.897454629118075609e+00 7.143765973864556251e+00 9.702995937438549490e+00
-3.328082186701348810e+00 -2.662367993580588177e+00 -1.641820553398132709e+00 -6.780933817595463431e+00 6.910861867665385461e-01 -5.934147490418199666e+00 -5.234433891003577699e+00 -4.986473241345404261e+00 -3.590367727601482706e+00 -7.809338175954514405e-01 1.119534580409086710e-01 -1.433629583354286696e-01 -1.814404588428604415e+00 5.360690993578123287e-01 1.572575849649346713e+00 2.676960943077856925e+00 1.042444632955883854e+00 4.043421360989211344e+00 3.585216166930687898e+00 1.059708139143043581e+01 7.101000660397547293e+00 5.210051541672193309e+00
-1.049015318534588914e+01 -9.490429274060497633e+00 -8.489738337018264858e+00 -7.489832154729157310e+00 -6.489736489274282150e+00 -5.475522182204507260e+00 -4.475177875973955111e+00 -3.490303150632170670e+00 -2.490737102248443691e+00 -1.490306786515485982e+00 -4.906443276188579006e-01 5.054438791491762117e-01 1.524002619765024491e+00 2.509627409956667776e+00 3.509396978399971445e+00 4.509622403166506643e+00 5.509564437649466129e+00 6.525121428749779184e+00 7.509614565155734667e+00 8.509500839493490787e+00 9.511240073225719627e+00 1.050997925617477691e+01
-1.048842586373748276e+01 -9.487738145346007457e+00 -8.488307608122184433e+00 -7.488606555218074945e+00 -6.487577540630651285e+00 -5.487137539142919351e+00 -4.484029276127179386e+00 -3.488537264818516448e+00 -2.488341880792912519e+00 -1.483356950635267069e+00 -4.905539283698363562e-01 5.122854878956513147e-01 1.508294986730255971e+00 2.512571381574314699e+00 3.511970626359623537e+00 4.508049713617007015e+00 5.512014629488628970e+00 6.514468329196613894e+00 7.513085173612282119e+00 8.512962015515011416e+00 9.515208678489365468e+00 1.051223455572668719e+01
-1.048866258222945191e+01 -9.488253739069794079e+00 -8.489597607742641827e+00 -7.485578600655918180e+00 -6.488562520932054767e+00 -5.487942975353105268e+00 -4.484479319642884931e+00 -3.487494390796541666e+00 -2.488562520932044109e+00 -1.488093730400906978e+00 -4.887964989651329972e-01 5.161310915242580677e-01 1.515275742519989421e+00 2.510539311576973631e+00 3.511825132776396075e+00 4.514773327518597057e+00 5.511137921024456432e+00 6.511153448034416868e+00 7.510632443834436955e+00 8.511882628906860759e+00 9.510980117727408256e+00 1.051222634654153687e+01
-1.048766615986830431e+01 -9.489184170961392439e+00 -8.485918492078795339e+00 -7.490360677242305698e+00 -6.482666373252877534e+00 -5.485838532447827376e+00 -4.488437324762363900e+00 -3.487038820982006015e+00 -2.488272637128826403e+00 -1.489099189639096821e+00 -4.892714619636677753e-01 5.144435912370521891e-01 1.510515093803391551e+00 2.510910540819153880e+00 3.514202922582610356e+00 4.514088571071608769e+00 5.513796165585501896e+00 6.509680300950993370e+00 7.511648803949336539e+00 8.511575400829302751e+00 9.510813072323783146e+00 1.051261240243910322e+01
-1.016157347187071558e+01 -9.167115643116529711e+00 -8.173813129573678893e+00 -7.180863881435052498e+00 -6.176577660998795238e+00 -5.165605807972957209e+00 -4.171883128775414562e+00 -3.177838893228279282e+00 -2.170248427479266606e+00 -1.185674831186549483e+00 -1.803732088464944372e-01 8.141624264678650746e-01 1.809837369065389279e+00 -5.038498360307137602e-01 5.009305009603490788e-01 4.796631466219205109e+00 5.805469573497605396e+00 6.793913987030283153e+00 7.788324293626999406e+00 8.789054373478258242e+00 9.793620536665249787e+00 1.079400641876797629e+01
