-1.048225176402112879e+01 -9.482403353533950252e+00 -8.483229146084990901e+00 -7.482316151938666948e+00 -6.482982069931232161e+00 -5.482724071226327212e+00 -4.482676067135534126e+00 -3.482347325167873819e+00 -2.482360214672295839e+00 -1.482676067135541231e+00 -4.828375137665048555e-01 5.165154629132988617e-01 1.517736873843452017e+00 2.517656474628232388e+00 3.517361208119174520e+00 4.517058595337649862e+00 5.516998543658038656e+00 6.516568593003531973e+00 7.516182034530430656e+00 8.517652071335096053e+00 9.516836314716123013e+00 1.051775864443995623e+01
-1.048242640630773082e+01 -9.483784170313324324e+00 -8.481395886702983944e+00 -7.482976139946448058e+00 -6.482475341721011475e+00 -5.483181522651154438e+00 -4.483322875066253488e+00 -3.482196578248000662e+00 -2.480881677432492438e+00 -1.482372754676784865e+00 -4.834656058387487576e-01 5.171630741520196750e-01 1.516589662568122776e+00 2.517710095779442270e+00 3.517814947800182779e+00 4.517074717716717203e+00 5.517446635798956223e+00 6.515847472981953103e+00 7.518153666095280130e+00 8.517356394366769834e+00 9.516602738337072154e+00 1.051624062521889869e+01
-9.864121230816154551e+00 -7.359115089502860307e+00 -2.554900467129820107e+00 -2.508484098088894054e+00 -6.698797680660067755e+00 -6.779906671922226735e+00 5.011137582718179218e-01 5.210705673145210604e-01 -8.081898272305350073e-01 -2.650668606531886962e+00 7.785175553793439729e-01 3.012023193399259169e-01 -3.373733706955247547e-01 1.194383803765194818e+00 1.236183878688664084e+00 1.480610843954440980e+00 4.289846236740965324e+00 3.750865360948281602e+00 5.581532190280648287e+00 8.376796217208530848e+00 5.332829665651672713e+00 6.596125716944820638e+00
-5.895332417366267563e+00 -4.398011256141263203e+00 -1.571220078458708258e-01 -3.660098130155647667e+00 1.719415903121241040e+00 -3.309158599928287980e+00 -1.648059274268095953e+00 -3.175977787751461001e+00 1.208704485973589371e+00 -6.533179271395000987e-01 -2.099465102199299160e+00 3.185823469285357312e+00 2.275172939579205300e-01 6.412551376637688705e+00 -1.264931661059801593e-01 1.498124304348026570e+00 1.846818517854838637e+00 3.095119696472546700e+00 2.462765742711869876e-03 3.526738182884988859e+00 1.367058086259443028e+00 1.412222658274178144e+00
-1.048280318589365834e+01 -9.482613933695967390e+00 -8.481503506614389565e+00 -7.482606192542748502e+00 -6.482524131848032667e+00 -5.483570334924879219e+00 -4.481177767230684950e+00 -3.484534641219802609e+00 -2.482686703516648663e+00 -1.483513770116983821e+00 -4.837299785153312826e-01 5.178183564408396222e-01 1.517216945575057707e+00 2.516762460158638248e+00 3.517382080243404374e+00 4.517993929372604356e+00 5.516429665075119004e+00 6.517101364718254075e+00 7.516281510279958056e+00 8.515863040970138798e+00 9.518836038695150492e+00 1.051909982650118280e+01
-1.019670746645208226e+01 -6.729694058081649111e+00 -8.653228244412552783e+00 -6.909710277825010571e+00 -5.787060545933066180e+00 -5.485789212285267169e+00 -4.585907530542606914e+00 -3.653228244412569659e+00 -2.664099769356655489e+00 -1.902675248991061663e+00 1.511189851828633302e+00 3.660432338953147458e+00 3.659411570010235870e+00 1.429055162135648871e+00 3.319497654866254699e+00 3.355940279288587291e+00 4.344230164756261559e+00 4.967587774709924631e+00 6.505542573665172412e+00 7.231325789977267604e+00 8.201892582005882559e+00 8.761515928006357257e+00
-1.048238486965942684e+01 -9.482141965830857444e+00 -8.482214571738778019e+00 -7.482174733484333373e+00 -6.482814753258752560e+00 -5.483584711158803415e+00 -4.482846455479196024e+00 -3.483125487173140300e+00 -2.483372727239641975e+00 -1.482970515096711850e+00 -4.827641712670889262e-01 5.175429342145374534e-01 1.517515784298840487e+00 2.517542934214533901e+00 3.517993932759226894e+00 4.516214190220299685e+00 5.516578508710331619e+00 6.517272135412161660e+00 7.515928832983433949e+00 8.518600283359951675e+00 9.517520761286679232e+00 1.051720573583787655e+01
-1.048335418782446737e+01 -9.482885203578234723e+00 -8.482713422991993824e+00 -7.483344382860453337e+00 -6.481465890326264301e+00 -5.483167856254349104e+00 -4.482827714898350635e+00 -3.481843135573646109e+00 -2.481863505460980335e+00 -1.481446779587050955e+00 -4.816681139848384419e-01 5.164633921601620159e-01 1.516946562311867197e+00 2.517108381471853562e+00 3.516795047304853483e+00 4.516941577873451408e+00 5.516517528078777488e+00 6.516843312165955027e+00 7.517162301323645934e+00 8.516530894420370146e+00 9.517332055351957365e+00 1.051746021278881038e+01
-8.481988044480349487e+00 -3.580181806700656555e+00 -4.946576494954664227e+00 -7.498656789697426106e+00 -3.864509754666937358e+00 -3.219378411992455558e+00 -6.160151092007519757e-01 -5.896400680815020223e+00 -4.267564749404562097e-01 -2.071313586110242078e+00 1.633865936265704866e+00 1.923619376831712025e+00 7.972881346678031278e-01 -3.408687235030551932e-01 -2.603742421426502140e+00 2.965497702056989038e+00 3.698806741164418543e+00 5.026227233003786488e+00 3.758968218849706222e+00 8.845278128301888643e+00 8.036807592763899777e+00 7.239550306493466536e+00
-1.048242337188943907e+01 -9.481577447869563358e+00 -8.482436805286203807e+00 -7.480654387988854737e+00 -6.482469274916434543e+00 -5.482175125994471543e+00 -4.481685280122553294e+00 -3.482673808254999059e+00 -2.482858120717786221e+00 -1.482353425838740080e+00 -4.814452373168816024e-01 5.163932896473042433e-01 1.516576886854375417e+00 2.517011926255428023e+00 3.512574837289054841e+00 4.516386628828247041e+00 5.518078968606198842e+00 6.516898491165841634e+00 7.516913012347425038e+00 8.516351819715698213e+00 9.518412650308810896e+00 1.051667484708805844e+01
-5.957250453873420781e+00 -9.245377807396209846e+00 -5.158776461377708067e+00 -4.177770147932649891e+00 -8.137770324909057607e+00 -2.289645216609193845e+00 -3.284654393083906498e+00 -1.412142905201122733e+00 3.962257446592754029e-02 8.306332181566655759e-01 4.145040306883615577e-01 2.174290167477785474e+00 2.478899770608625985e+00 4.084403804776815861e+00 -3.209848110055443904e+00 5.049082605121992806e+00 6.212947860283365209e+00 -5.415617763984492683e-01 5.858966852353360899e+00 4.931291779351624882e+00 5.151611572297831287e+00 6.568064433165661242e+00
-2.993116757759005431e+00 -6.084680783969151463e+00 -5.356275655315409168e+00 -4.200473441633641336e+00 -1.405641800994929191e+00 2.307575356598191796e+00 -4.090675857202107579e+00 -6.975903159075230064e+00 7.995265583663868636e-01 -1.483511169411281916e+00 2.034352868760203936e+00 -4.935872299572603428e-01 1.123167554934963785e+00 -2.622631903804349296e+00 2.905946134089995692e+00 3.772189103369292251e+00 1.837769057071223955e+00 6.753828192532072450e+00 3.849776701650338140e-01 6.712979205682090722e+00 5.363951286578062749e+00 2.089755842885701043e+00
-1.048267319933936648e+01 -9.479843222959468463e+00 -8.482976750894028584e+00 -7.483554372055984061e+00 -6.483657689257098511e+00 -5.482529991729691687e+00 -4.481200644238420239e+00 -3.482698955996484713e+00 -2.484375738962127045e+00 -1.483554372055966297e+00 -4.835561080412489332e-01 5.170157910747885666e-01 1.518681740896258958e+00 2.515941447155034538e+00 3.516542954878367766e+00 4.520331291989839073e+00 5.516781634227788444e+00 6.515743708745990403e+00 7.517200461165467473e+00 8.516697114841498717e+00 9.516622705893075462e+00 1.051858326657251652e+01
-9.522118954751416453e+00 -8.733470860168909056e+00 -6.771270013603377436e+00 -2.014418278468562473e+00 -7.037328394562321066e+00 4.886160413791076351e-01 -1.603416296300778088e+00 2.247069028079676567e+00 -4.313950995720463588e+00 -3.636236885353181680e+00 3.310640719444510882e+00 -9.925261963082729899e-01 2.034444152298350295e-01 2.146187765773968970e+00 2.146151655283808246e+00 2.845793276759160939e+00 3.322715801629207100e+00 4.060337108232833891e+00 5.711311180326877235e+00 5.860556835311795609e+00 6.344502500901599618e+00 6.316931618795743830e+00
-1.048329996656286767e+01 -9.482843231071116818e+00 -8.482711996544486155e+00 -7.482950132001546351e+00 -6.479760076511988487e+00 -5.482712935317648473e+00 -4.481936882842672887e+00 -3.483562376011509087e+00 -2.483040164817445827e+00 -1.482914339412340965e+00 -4.842980910431275987e-01 5.211407433856614091e-01 1.517139647494662569e+00 2.517939392815934596e+00 3.516597647558560524e+00 4.515060458670960841e+00 5.515834171663628993e+00 6.517619852315288398e+00 7.516368914734236739e+00 8.519376937638623914e+00 9.515363950620995936e+00 1.051710954714904922e+01
-1.048283715546130423e+01 -9.482267245650282561e+00 -8.482888519763935875e+00 -7.482506021857270539e+00 -6.482827708125100230e+00 -5.483132593333708726e+00 -4.482947871088976299e+00 -3.482432514429095960e+00 -2.481438100337971520e+00 -1.482514992356302130e+00 -4.830154255032574895e-01 5.175541341304761289e-01 1.516109481453892016e+00 2.518015779554840350e+00 3.515935316681858325e+00 4.517423003911966717e+00 5.516657985746860504e+00 6.518466159701338469e+00 7.516932934522627008e+00 8.517326585948463702e+00 9.517406456172460949e+00 1.051650138199328843e+01
-1.048340126296329089e+01 -9.483339184725812387e+00 -8.483530061150124979e+00 -7.480126814747404040e+00 -6.483629042113349783e+00 -5.483033859932955778e+00 -4.483870291913088835e+00 -3.483717413449822331e+00 -2.480385789478342318e+00 -1.483583817089122903e+00 -4.831525029783811931e-01 5.197422040457144732e-01 1.519984884356919252e+00 2.521052902733744716e+00 3.515460094606343233e+00 4.516181906854576766e+00 5.516735902225438082e+00 6.516979655420245265e+00 7.515990501439038241e+00 8.516362464224762618e+00 9.516192441975535488e+00 1.051660815457052500e+01
-4.177486234740269033e+00 -4.675414304911944541e+00 -4.232935154581629611e+00 -4.274513423289986846e+00 -4.341337921014424950e+00 -8.130340823822228558e+00 -1.652749746260114838e+00 -6.527497462601301592e-01 -1.490469002683856736e+00 -4.826182168591552468e+00 1.518212645703625796e+00 5.858267311649698605e-01 3.252803899703081036e+00 3.062297204632097092e+00 3.551042010371205926e+00 4.022060113897306444e+00 3.870161132760141953e+00 5.076597626306829092e+00 -2.152099560595015504e-01 7.574286377092890987e+00 2.299295870824522581e+00 4.236325941669827344e+00
-8.391291018982363070e+00 -7.904340963868343728e+00 -7.089478012266414275e+00 -1.047780263386920474e+01 -5.026690935069112243e+00 -4.259667785983582533e+00 -3.089636296306326191e+00 -1.892938706224403411e+00 -2.004757612983980586e+00 -9.516582784047962207e-01 -3.007221982399553850e-01 1.910521987733576177e+00 2.210706896367165442e+00 -1.167689831040705783e+00 3.993680376967066348e+00 4.827600034989106170e+00 6.040145189972996320e+00 6.035878537417596057e+00 7.818731482541237732e+00 3.771580527104737790e+00 1.004735466839834679e+01 6.279995643658222271e+00
-4.382137134011039770e+00 -4.768515044767040578e+00 -5.892660968022844337e+00 -3.897241388377034266e+00 -7.851781285418311995e+00 1.070579577894639201e-01 -1.237941423801251606e+00 5.714386894201770595e-01 -1.102205707391622935e+00 -1.138800056788717985e+00 -5.561775877897177978e+00 -6.524160065659294627e-01 1.254942162536947681e+00 1.362619090658990118e+00 -1.618584018234979105e+00 4.254942162536940131e+00 4.057187429562186587e+00 5.288884608207903959e+00 4.159021537506559341e+00 7.090893385118008929e+00 3.066252972799684784e+00 7.270339987049943886e+00
-5.964713647091341997e+00 -4.448874615765895157e+00 -3.881171819555306879e+00 -5.399366930222208261e+00 -5.163695932374454678e+00 -1.811567385586872803e+00 -8.520523518301224009e-01 -4.488703071769806208e+00 2.551125384234108395e+00 -7.251989506034269839e-01 -4.620194058732609577e+00 1.168371696093499335e+00 3.312768415504566022e+00 4.310476114655466873e+00 2.754175484998588885e-01 2.353744452078376348e+00 4.694309486371794904e+00 2.253349195279410466e+00 -7.658440821255476649e-01 5.597197497716462244e+00 4.320188126323316169e+00 7.663956000811586122e+00
-1.048326661200682963e+01 -9.482477222992603316e+00 -8.482612480832772306e+00 -7.482706343247148340e+00 -6.482581739737216964e+00 -5.481793445958320632e+00 -4.483310555531208053e+00 -3.482549210502350334e+00 -2.481455957009018221e+00 -1.483108592642970791e+00 -4.827692559496892244e-01 5.170957022769897549e-01 1.517779486761854812e+00 2.517561989413065859e+00 3.517626831816000887e+00 4.516752938316626498e+00 5.516759964214131173e+00 6.516681062565609750e+00 7.517146649347115073e+00 8.516940208659930178e+00 9.516896570609379324e+00 1.051691108434037858e+01
-1.041526657778096876e+01 -9.662909499020747361e+00 -4.121918340450480223e+00 -7.799677141451415885e+00 -7.143355921985172330e+00 -5.765793167988063850e+00 -3.222599769377394452e-01 -4.171296674834771068e+00 1.308973843488991706e+00 -2.251902467253946050e+00 -1.377544339339610513e+00 4.201609858826878430e+00 4.641526348598443708e-01 1.695067662267679465e+00 2.298774819832782423e+00 3.056058680554720297e+00 4.353561374994147748e+00 5.289289824978363974e+00 6.164896927262678794e+00 7.303513736422754477e+00 8.129173046646949174e+00 9.146372768817983001e+00
-6.708155180674122420e+00 -7.069392241744971273e+00 -1.062747927001752357e+00 -3.050975705512213310e+00 -1.691188541704311099e+00 -2.242380431435119892e+00 -2.458310184206389248e+00 -5.455504950463468949e-01 1.949024294487805786e+00 -1.469683732242697882e+00 9.197094527813540199e-02 1.584077048204358906e+00 4.268911165280436570e+00 -1.026832355433602295e-01 6.170618326207630844e+00 -1.579010382693045944e+00 -5.790103826930472763e-01 3.600895999876809306e+00 4.743567381659203885e-01 3.127870948911555260e+00 5.782008732697155651e+00 1.888875313298420844e+00
-1.048263402960513702e+01 -9.482932857491737977e+00 -8.482447258450763528e+00 -7.482176012613566130e+00 -6.481933883645302430e+00 -5.483061543919818703e+00 -4.483496628024349562e+00 -3.481262198903344540e+00 -2.482467509128815308e+00 -1.482619098641640321e+00 -4.826704703948649922e-01 5.169719091870632610e-01 1.517192848704084440e+00 2.517204963348131486e+00 3.516580098054632231e+00 4.517699838361961540e+00 5.517834418199285551e+00 6.516286694190725370e+00 7.516835489056333586e+00 8.517349087379196604e+00 9.516115852377637907e+00 1.051715136387131899e+01
-1.048455554788763777e+01 -9.483665292913260103e+00 -8.477804800326175894e+00 -7.481110190803375914e+00 -6.483352368528182197e+00 -5.483827149326158334e+00 -4.484612023288560678e+00 -3.480285381728968730e+00 -2.484230762178235352e+00 -1.483831098133864046e+00 -4.813344830816514985e-01 5.186686461621974331e-01 1.516276026313947867e+00 2.514974678104561434e+00 3.518131578510448776e+00 4.522992158477951108e+00 5.516258144920517026e+00 6.515603596513912521e+00 7.514954725449728201e+00 8.516201401298690854e+00 9.515692318027664243e+00 1.051837689632718487e+01
-8.839821351136841088e+00 -7.503566687555833781e+00 -6.795159967663087386e+00 -6.027639075063083496e+00 -5.217560115557418499e+00 -3.757628017520008967e+00 -3.609283105509959011e+00 -1.984677154429209001e+00 -1.445352981699011385e+00 -5.180472552583110790e+00 4.020877291848547475e-01 1.204707191433609825e+00 -2.182434502328316928e+00 3.046389261017928618e+00 4.554647018300974182e+00 6.730828546792099187e-01 5.457522253201321227e+00 6.380678252408483964e+00 7.374827932232075334e+00 8.625577699385443609e+00 4.987406490364991285e+00 1.021618990074785316e+01
-1.048400847749283571e+01 -9.482779392464603774e+00 -8.483181120319812862e+00 -7.482562692327960008e+00 -6.480543935163449731e+00 -5.482882352037876217e+00 -4.483836741610012666e+00 -3.480317944152808707e+00 -2.479699531062088624e+00 -1.484058388932194106e+00 -4.839214323596650047e-01 5.158886523409176306e-01 1.517891495065244456e+00 2.516787564889936490e+00 3.519847101108579679e+00 4.516619047657995267e+00 5.515709741549043699e+00 6.515953211621789976e+00 7.516676908866918083e+00 8.519236242906597312e+00 9.516804582016021641e+00 1.051589853181079093e+01
-2.300647652739720606e+00 -8.556324089308754210e+00 -6.143201029695289250e+00 -4.503042892941762076e-01 -4.779044286264138464e+00 -4.060328500284229314e+00 -3.394481553676811370e+00 -1.113663742473288476e+00 -8.392323583138296961e-01 -2.322985165729478219e+00 -1.924671971088062206e-01 -3.543187199125220843e+00 3.886336257526710636e+00 1.671792256395639109e+00 2.079494353657271866e+00 5.923761857510690731e+00 3.242693176128130350e+00 3.930920636249968680e+00 2.469885268914309151e-01 7.319108047233491732e+00 1.754049387979955910e+00 8.020243636351288785e+00
-1.048303887654432032e+01 -9.482687276195388648e+00 -8.483966131101951191e+00 -7.484297249804853891e+00 -6.483903002332548127e+00 -5.481074039231643269e+00 -4.483305428515770075e+00 -3.483804721723902986e+00 -2.482982110570763012e+00 -1.483305428515766522e+00 -4.796112369407286025e-01 5.172273252498058582e-01 1.516897368837495819e+00 2.519068475474016466e+00 3.516341294754639080e+00 4.515793811191215923e+00 5.519767146218910625e+00 6.518135871399534764e+00 7.519804428924222961e+00 8.516115631569515898e+00 9.516029681671755114e+00 1.051631553809750841e+01
-1.134937434764158581e+01 -5.922269830736875740e+00 -5.306041937967783007e+00 -4.273138211430754119e+00 -4.265923698411173248e+00 -3.458072820824566573e+00 -5.038117761756659263e+00 -2.709735145152000868e+00 8.112669450513889657e-01 2.169101100695202788e+00 1.541927179175438090e+00 -2.710714347250838152e+00 2.804786604225312896e+00 2.556808686338867709e+00 3.887236314360136724e+00 4.660845876893828788e+00 5.265508842745957985e+00 5.755840171176660469e+00 2.254844376928428318e+00 6.368486231657945140e+00 3.283858037287466836e+00 4.052398806546456456e+00
-8.592602311256078984e-01 -3.312804531629175209e+00 -1.183697448670304464e+00 -1.931797608145552125e+00 -3.362024181862471206e+00 -1.581766498499464380e+00 -1.428844873178678032e+00 -4.182035681505195113e-01 5.291071503691846534e-02 -3.415952200080046630e+00 -3.104591842276198665e+00 4.586442633723519791e+00 -1.328241129180567803e+00 -1.577354206691447880e+00 -1.204246454525532029e+00 -1.212881802146080101e+00 5.393074342898511730e+00 6.042986552999479954e+00 2.503997249886740661e+00 1.884121529725953925e+00 4.433768160964591587e+00 1.403886462836784199e+00
-1.034044773633874925e+01 -9.511960986804345097e+00 -3.599434732323167463e+00 -7.048488842788516173e+00 -6.629829184398404962e+00 -5.935239224282097936e+00 -1.416591591506362047e-01 -3.416755200087876698e+00 1.817847740041544480e+00 -1.635013193165391732e+00 -6.386111720905531808e-01 -2.026549352863090903e+00 4.153214172717762942e+00 1.496260679996649579e+00 2.863717831870767228e+00 1.920690694436808066e+00 3.188394484713105825e+00 5.742717391929367921e+00 6.444335730699582321e+00 5.909950729033937478e+00 8.555850260920871975e+00 9.210530139843271513e+00
-6.888939946474122777e+00 -5.177164060724654959e+00 -4.551227764867914694e+00 -5.280193114138631572e+00 -2.408629693019569640e+00 -2.635491672615212888e+00 -2.233546377201977684e+00 -3.696756078910256260e+00 -1.986629607790333596e+00 -1.122853333825577726e+00 1.512654894753460377e+00 3.376635784531727413e+00 -4.067419716475661140e+00 3.663826052266479394e+00 6.996805208040263180e-01 3.486041220623366854e+00 5.302043819159127480e+00 7.596809831568000604e+00 6.136728991611530404e+00 6.488271881260923912e+00 3.998816644495968298e-01 1.765797776926532281e+00
-1.079332248104289071e+01 -9.745228955925862024e+00 -8.786220982882408492e+00 -4.837232756799750177e+00 -3.855666919164450590e+00 -5.785592115797532742e+00 -4.805775114790945324e+00 -3.765749180358784809e+00 -2.836891275313233152e+00 -1.820754393006569272e+00 -9.342256285507500868e-01 3.896453998688684250e-02 1.117838849037074311e+00 2.014793368982652932e+00 3.140452974444860157e+00 3.961683994363004224e+00 5.054612386865090734e+00 9.045604024043045754e+00 7.008372993981589083e+00 7.923141525102107785e+00 8.993147560011896857e+00 1.004756865872583127e+01
-7.980303462626232580e+00 -7.399261527347424483e+00 -7.042321246967971682e+00 -5.977241155614487766e+00 -5.092414078367619723e+00 -4.776536897405154747e+00 -3.357388595055708969e+00 -1.781410830771400500e+00 -1.950849315880415435e+00 -2.081024699661508937e-01 1.096056181300807619e+00 2.027723542734555906e+00 -2.967441661841702771e+00 -2.844797897901300665e+00 4.169781907707393209e+00 5.169781907707392321e+00 6.071944077122459760e+00 7.300396806180481590e+00 2.555043792482882381e+00 3.001277508729291554e+00 9.809614230360480747e+00 1.055597025733068328e+01
-1.048277682743296424e+01 -9.482225409962914853e+00 -8.482765830375933902e+00 -7.482737272300528986e+00 -6.482664398171685605e+00 -5.483155033805164891e+00 -4.483064725317749577e+00 -3.482854969122216815e+00 -2.482994965531618803e+00 -1.482739157297409349e+00 -4.825835295699008043e-01 5.178990296341972055e-01 1.517598786137309474e+00 2.516734936020574409e+00 3.517716259441577620e+00 4.517409504137246401e+00 5.517015793106759602e+00 6.517400474033554048e+00 7.517113216898646755e+00 8.517070480368337471e+00 9.516759783706863374e+00 1.051736492731352435e+01
-4.017444833260731762e+00 -6.291103853353072317e+00 -1.979459730869943757e+00 -2.802015352541529225e+00 1.473483036418026471e+00 -3.568506959333358708e+00 1.013126453647923197e+00 4.120941319237969580e-02 7.420246588353676120e-01 -5.517387025391414568e+00 1.045685946989950654e+00 1.043703019877281202e+00 1.432742438893243930e+00 1.084561315224640943e+00 2.654926430700846662e+00 7.336571857766327476e-02 2.579689776328326634e-01 3.717360135678958510e+00 -2.573714543877678729e-01 2.508584573147286001e+00 5.954635961239089781e-01 7.128604566108370122e+00
-1.048276882788002951e+01 -9.483549909496856500e+00 -8.482522787356932881e+00 -7.483449743891327444e+00 -6.482836002314636303e+00 -5.479655833745567861e+00 -4.483587952161393275e+00 -3.483174921775423982e+00 -2.479697929525917388e+00 -1.484271811152051868e+00 -4.811060147529406805e-01 5.169127492064653495e-01 1.517223021184847198e+00 2.519587649201790569e+00 3.516519008373657940e+00 4.516211686825196026e+00 5.515435530042093859e+00 6.519029794430178271e+00 7.515788709914131616e+00 8.515786899423037681e+00 9.516562899743954418e+00 1.051708485761825429e+01
-9.110369918490281549e+00 -5.292123077410014531e+00 -5.253053943250576729e+00 -1.967478318786782143e+00 -4.604313028306578737e+00 -2.560245568823380502e-01 -3.095025877409227633e+00 1.616481030646710115e+00 -3.290605188457699448e+00 -6.170401850745402150e+00 1.231010701807071506e+00 -2.608255274217145536e-01 6.668649945391904588e-01 5.746946056749425935e+00 1.687478961201141603e+00 -5.916632448013030565e-01 1.506938318381195963e+00 2.640221586767240503e+00 5.298773772591413689e+00 8.723148448205039429e+00 2.391661001480465121e+00 8.761880731503877584e+00
-9.423448326697691613e+00 -7.419545576346544102e+00 -6.005708202406961682e+00 -6.515763088827194238e+00 -4.868130400570239935e+00 -5.305407446919296888e+00 -6.487463063519986584e+00 -1.288470804902622113e+00 -2.466006265586111468e-01 -1.175413469644427611e+00 4.456688761587420111e-01 5.922402406253350904e-01 1.783337617664403574e+00 -1.268120354526450555e+00 3.670560107695203911e+00 4.224162685004798412e+00 5.301041927032198231e+00 7.323426283285523475e+00 2.633801133792660565e+00 3.931516958650265181e+00 9.470177625957967749e+00 1.100765897696378026e+01
-1.048277827166018028e+01 -9.482767732813934813e+00 -8.482170050963746988e+00 -7.482590494677435089e+00 -6.482390647754048274e+00 -5.483055895194393514e+00 -4.482578435912724757e+00 -3.483175745233904053e+00 -2.483407249674192130e+00 -1.483359104022373032e+00 -4.821311663836205241e-01 5.171538088470732930e-01 1.517523059621462167e+00 2.517409710213541985e+00 3.516881221905350685e+00 4.517498055472970009e+00 5.517539540305735457e+00 6.516033032909039235e+00 7.517826771363621319e+00 8.516868626698848033e+00 9.517577415332198143e+00 1.051761462353170273e+01
-6.071450294037553874e+00 -2.774946445661778505e+00 -3.512016963141656234e+00 -2.442776313895228757e+00 1.116670894034616168e+00 -5.481407802698563536e+00 -6.273852110128921744e+00 1.805919758242627404e+00 1.025045468075895139e+00 -3.207524207707070918e+00 -3.203087208634178396e+00 -1.207524207707083796e+00 -1.889094107235475883e+00 4.381738970115291565e+00 9.776965150722358722e-01 7.906779071610127829e+00 1.980781858415043839e+00 2.010396339767502205e+00 2.498849391488439764e+00 3.880016145183883047e+00 3.806973861847018803e+00 5.052332458905685719e+00
-1.028949874528630382e+01 -4.340044651859430225e+00 -5.878377136223084776e+00 -4.769299862737278239e+00 -2.708243709943149558e+00 -3.024769224344980856e+00 -2.368023911740859688e+00 1.845889657366852399e+00 -5.503279817165795951e-01 -4.065972551016679759e+00 -5.462052810976510964e-01 4.316321717006316172e-01 3.307686686561780443e-01 6.120815794663377218e+00 3.264164212744905758e+00 4.054809310239431142e+00 5.476054342289727650e+00 1.355700113692037245e+00 7.324269570971163823e+00 8.134985732142281378e-01 6.017630791283606229e+00 1.885050921054725492e+00
-1.048260509324351375e+01 -9.482228198173375588e+00 -8.483684697273112363e+00 -7.482419558885444744e+00 -6.483525403859941250e+00 -5.483207614245747763e+00 -4.482398443940011745e+00 -3.477183305743084318e+00 -2.482116461816165298e+00 -1.483132773163648110e+00 -4.827564145353822056e-01 5.169312273236688071e-01 1.517272791740564841e+00 2.517193562266488271e+00 3.516749328848980838e+00 4.517235270616671627e+00 5.516212290999552792e+00 6.517103067514558035e+00 7.516132785854004794e+00 8.516288182613511282e+00 9.516804045912882870e+00 1.051685648309912047e+01
-1.048173782297150325e+01 -9.481626339934070558e+00 -8.483082816682058436e+00 -7.482493922791704222e+00 -6.481636562130645984e+00 -5.483028934083179706e+00 -4.481304929337703413e+00 -3.482666165313942130e+00 -2.481932953677381093e+00 -1.482795395634372682e+00 -4.832143119790259789e-01 5.169163115999957370e-01 1.514233588495045524e+00 2.517378478564999966e+00 3.516914337196141105e+00 4.516339860179215293e+00 5.516346155919816141e+00 6.515873818912293558e+00 7.518491885878832548e+00 8.517823725261479240e+00 9.517483650960711472e+00 1.051723941347816549e+01
-1.105039009927405047e+01 -5.185995978043469457e+00 -4.271304459819987187e+00 -8.060102343463826813e+00 -7.118389745660296697e+00 -5.991974613595809629e+00 -5.033530887518582020e+00 -4.076535254406294051e+00 -3.121751423896461208e+00 -2.100218872421588223e+00 -1.010984389948982098e+00 -1.458874739161517275e-01 7.847966689871170853e-01 1.795385163683015151e+00 2.816686672892297683e+00 3.781282961037337298e+00 9.556851474659842083e+00 5.802991557712550375e+00 6.760172749344707910e+00 7.866977230490297401e+00 8.736386012328022588e+00 9.645056122741186400e+00
-2.389874715415715833e+00 -5.735509098774365100e+00 -4.672558499743495020e+00 1.605763011019069708e+00 -1.521466290829205814e+00 3.815933798188204662e-01 -2.573025367464119917e+00 -2.641111047287007185e+00 -4.241885965277884196e+00 -9.215524404114809887e-01 -2.748605812531820902e+00 -1.021300244243444677e+00 -1.264723676289448928e+00 -6.121990431567061464e-01 1.410641560707040387e+00 3.399129840257323565e+00 8.707928845936474538e-01 9.221029554442113252e+00 1.205397176587355901e+00 3.461518140540739363e+00 4.257976638170534400e+00 4.909491087198903259e+00
-4.817452833488033548e+00 -3.354412032116187881e+00 -7.858791486165833895e+00 -6.537351116230494696e+00 3.838549494073261403e+00 -7.454638699559952286e-01 -2.903542749742186402e+00 -2.537351116230498693e+00 2.602435258306545762e-02 1.437862408466013431e+00 -6.284359732183121272e-01 1.607344746157680415e+00 -1.394959246532158748e+00 -3.211461063574717834e+00 7.696431657925455472e-01 2.596871496970182491e+00 6.715451642460510406e+00 2.216911545030391117e+00 2.045635863804821319e+00 1.096336709939179421e+00 6.052125469001703451e+00 5.965985664885930184e+00
-8.930840113097426425e+00 -7.835429964276682036e+00 -7.393399947574913256e+00 -5.895679411966512795e+00 -5.712019733565857571e+00 -4.035302733481554327e+00 -3.235975561919230081e+00 -2.515331778168437449e+00 -1.332810956615694042e+00 -4.007884371434796478e+00 5.225293645953464905e-01 -2.419985736826895995e+00 -1.030975402057364043e+00 3.202834098187854472e+00 3.236272954314740158e+00 4.824372909366322126e+00 5.464638956778830270e+00 6.205827088278992321e+00 6.681589030329306844e+00 8.802769550027173651e+00 9.732457921951185753e+00 6.051864909066469345e+00
