-9.230155329169972944e+00 -8.507974085672620035e+00 -7.744095524619243776e+00 -6.533202314358284468e+00 -6.270398508832351503e+00 -4.115332791869117379e+00 -2.591035384994426316e+00 4.619534073024051946e-01 1.461953407302418295e+00 2.461953407302409857e+00 3.461953407302404973e+00 4.461953407302406305e+00 5.461953407302416075e+00 -1.330383900019294741e+00 -3.303839000192847486e-01 6.696160999807032610e-01 1.669616099980708590e+00 2.669616099980707702e+00 3.669616099980714807e+00 4.669616099980703261e+00 6.208166989603729036e+00 9.722239809383808051e+00
-1.048037393425001085e+01 -9.481616512279616771e+00 -8.481799923222164139e+00 -7.483008794825204646e+00 -6.481405914168457016e+00 -5.484062157909976420e+00 -4.479849137704471573e+00 -3.473483883183115850e+00 -2.486903854053119645e+00 -1.486903854053123197e+00 -4.869038540531374082e-01 5.265161168168859263e-01 1.513096145946866145e+00 2.526516116816880597e+00 3.513096145946866145e+00 4.513096145946869697e+00 5.526516116816884150e+00 6.513096145946862592e+00 7.513096145946875026e+00 8.525319970805533387e+00 9.514292291958216907e+00 1.051891647990454359e+01
-1.048213732648986962e+01 -9.481963865797633062e+00 -8.481978308748120199e+00 -7.481779653917687511e+00 -6.481795154850587437e+00 -5.481337853114720104e+00 -4.480907284062016771e+00 -3.479364332150346684e+00 -2.485525038431994460e+00 -1.485525038431998013e+00 -4.793643321503431309e-01 5.206356678496568691e-01 1.514474961568000211e+00 2.520635667849656869e+00 3.514474961567989553e+00 4.520635667849656869e+00 5.520635667849656869e+00 6.520635667849651540e+00 7.514474961568001987e+00 8.514559182931064285e+00 9.520551446486587466e+00 1.051721033792603066e+01
-1.044105257061297287e+01 -2.168954019423880553e+00 -2.212890006180002533e+00 -2.746716834204589563e+00 -1.919991467435049559e+00 5.322031824172308578e-01 -2.678923775848170763e+00 -4.262400839556721444e+00 -3.262400839556697907e+00 -4.122940139615280053e+00 -1.262400839556711674e+00 -2.624008395567128393e-01 7.375991604432902138e-01 1.737599160443281665e+00 2.737599160443286994e+00 3.737599160443285218e+00 2.877059860384698631e+00 5.737599160443291879e+00 5.570779171383589912e+00 7.043882359325719378e+00 8.043882359325722931e+00 -3.017484560355685019e+00
-1.048153885301542232e+01 -9.481955239887934539e+00 -8.481967022981143245e+00 -7.482221646573067986e+00 -6.481755385514004431e+00 -5.482753614302383838e+00 -4.483245661820875583e+00 -3.484780771996499382e+00 -2.484780771996479842e+00 -1.478826156224707589e+00 -4.847807719964887241e-01 5.211738437752782005e-01 1.521173843775283530e+00 2.515219228003507723e+00 3.521173843775283530e+00 4.521173843775281753e+00 5.521173843775285306e+00 6.521173843775281753e+00 7.515219228003521934e+00 8.515219228003514829e+00 9.515219228003507723e+00 1.051793192479420824e+01
-1.048096693544224678e+01 -9.481757322834278412e+00 -8.481771210716518183e+00 -7.481666530059156273e+00 -6.481704319403915449e+00 -5.481084609912199923e+00 -4.483882183717048164e+00 -3.486014524982739005e+00 -2.486014524982721241e+00 -1.486014524982730123e+00 -4.771456816657035915e-01 5.228543183342964085e-01 1.522854318334299961e+00 2.522854318334296408e+00 3.513985475017264548e+00 4.522854318334301738e+00 5.513985475017266324e+00 6.521564093841746512e+00 7.515275692059242729e+00 8.515275692059232071e+00 9.515275692059239177e+00 1.051848897845907516e+01
-1.048154708607624030e+01 -9.481617993251832743e+00 -8.481928749517946287e+00 -7.481466798619784697e+00 -6.481499737636582381e+00 -5.480706198648960026e+00 -4.479404775933780058e+00 -3.485454610125593433e+00 -2.477185665206448562e+00 -1.477185665206462772e+00 -4.854546101255721169e-01 5.145453898744225540e-01 1.522814334793530122e+00 2.514545389874420778e+00 3.514545389874422554e+00 4.514545389874429659e+00 5.522814334793535451e+00 6.514545389874429659e+00 7.514545389874433212e+00 8.522814334793542557e+00 9.516854950650181166e+00 1.051812759922309759e+01
-9.039823716170177548e+00 -8.498406417079365838e+00 -7.575790404822650537e+00 -7.055426872554813045e+00 -6.290885346712181025e+00 -5.707922304554213788e+00 -7.157105303664303975e+00 -2.049397367448124729e+00 -1.049397367448097640e+00 -4.939736744811581981e-02 9.506026325518754927e-01 1.950602632551876603e+00 2.950602632551881932e+00 3.950602632551876603e+00 4.950602632551876603e+00 5.950602632551886373e+00 1.970186233870380166e+00 2.970186233870379500e+00 3.970186233870387493e+00 7.073685416611354526e+00 8.847103447441671875e+00 9.335835110077537635e+00
-1.048129420778297316e+01 -9.481938422234231112e+00 -8.481966790319855676e+00 -7.482254770161102186e+00 -6.481659144671139572e+00 -5.481213335455844771e+00 -4.480594076724234043e+00 -3.489145204932865951e+00 -2.478304788978254791e+00 -1.478304788978263673e+00 -4.783047889782707784e-01 5.216952110217238925e-01 1.510854795067134049e+00 2.521695211021722116e+00 3.510854795067139378e+00 4.521695211021730998e+00 5.510854795067137601e+00 6.521695211021720340e+00 7.521695211021739880e+00 8.514180391518896940e+00 9.518369614569966330e+00 1.051863587596875149e+01
-1.048179860937997887e+01 -9.481853985820286823e+00 -8.481948712502004994e+00 -7.482250542972566976e+00 -6.482287147675029004e+00 -5.482822606001372279e+00 -4.483600759540069092e+00 -3.479160474274644699e+00 -2.479160474274630488e+00 -1.479160474274626935e+00 -4.851516910235904589e-01 5.148483089764077647e-01 1.520839525725355301e+00 2.520839525725355301e+00 3.514848308976405988e+00 4.514848308976405988e+00 5.520839525725358854e+00 6.520839525725360630e+00 7.514848308976418423e+00 8.518652355637069462e+00 9.517035479064698933e+00 1.051800230738114017e+01
-1.048091567951163228e+01 -9.481941266832007997e+00 -8.481955668804303627e+00 -7.482226855036891777e+00 -6.482242352244512062e+00 -5.482847287234925204e+00 -4.483379102227345925e+00 -3.485359645363951486e+00 -2.477112120864036982e+00 -1.477112120864052969e+00 -4.853596453639479336e-01 5.146403546360538428e-01 1.522887879135948808e+00 2.514640354636052066e+00 3.514640354636052066e+00 4.514640354636052066e+00 5.522887879135950584e+00 6.514640354636050290e+00 7.522887879135957689e+00 8.514640354636053843e+00 9.522749343040326053e+00 1.051844263923440437e+01
-9.110081993845604131e+00 -8.677508212053030690e+00 -7.752115562836401352e+00 -6.993132119139750635e+00 -6.075828101606020937e+00 -4.944276219946512008e+00 -3.368867070354924831e+00 -1.888946429152392303e+00 -8.889464291523712092e-01 1.110535708476080297e-01 1.111053570847607697e+00 -2.239345295318255769e+00 -1.239345295318254436e+00 4.111053570847611915e+00 5.111053570847602145e+00 1.760654704681747118e+00 2.760654704681742899e+00 8.111053570847609251e+00 4.760654704681745564e+00 8.953828007036868541e+00 7.917880288216593954e+00 8.866698468337727235e+00
-1.048174029080696101e+01 -9.481748337434073193e+00 -8.481786275790476282e+00 -7.482442567632960007e+00 -6.482461134479788001e+00 -5.483770246194163533e+00 -4.480332175777698822e+00 -3.475107687102109821e+00 -2.486283639953871472e+00 -1.486283639953876801e+00 -4.862836399538821297e-01 5.248923128978901786e-01 1.513716360046117870e+00 2.524892312897884850e+00 3.524892312897895508e+00 4.524892312897891955e+00 5.513716360046119647e+00 6.513716360046116094e+00 7.513716360046126752e+00 8.513716360046119647e+00 9.519243148578850011e+00 1.051809143783018463e+01
-1.047961340438241251e+01 -9.481894831765773191e+00 -8.481915380467070165e+00 -7.482287745584164540e+00 -6.481714766133915617e+00 -5.480841379274030700e+00 -4.484944786537786499e+00 -3.473096917976056019e+00 -2.473096917976031150e+00 -1.487020175565385571e+00 -4.870201755653837949e-01 5.129798244346144287e-01 1.512979824434616205e+00 2.512979824434612652e+00 3.512979824434617981e+00 4.526903082023958191e+00 5.512979824434612652e+00 6.526903082023952862e+00 7.512979824434616205e+00 8.512979824434607323e+00 9.526588920842502972e+00 1.051943862844595934e+01
-9.875435496506122846e+00 -8.810037374020556200e+00 -7.881404948842592795e+00 -6.925804189355350360e+00 -5.993541197790514197e+00 -4.881504437646989381e+00 -3.935273157238572850e+00 -2.022257672257754990e+00 -1.022257672257734562e+00 -2.225767225773722657e-02 9.777423277422543357e-01 1.977742327742256334e+00 2.977742327742265438e+00 -1.015403018320141459e+00 -1.540301832014234762e-02 9.845969816798518792e-01 6.977742327742252115e+00 7.977742327742253892e+00 3.984596981679866534e+00 5.889285324591774007e+00 1.007305398322257872e+01 1.097758094807980633e+01
-9.919184876729381983e+00 -8.991890051287445118e+00 -8.016311377437519425e+00 -7.024990974062949256e+00 -6.053114225554507399e+00 -5.018648548248259011e+00 -4.108030368544000055e+00 -2.566210360389692191e+00 -1.566210360389663769e+00 -5.662103603896802007e-01 4.337896396103240737e-01 -2.136662406225471322e+00 -1.136662406225469768e+00 3.433789639610317135e+00 4.433789639610322908e+00 5.433789639610315803e+00 2.863337593774522460e+00 4.766951042831414576e+00 7.530176143236205988e+00 8.530176143236188224e+00 9.530176143236186448e+00 1.054539669387918188e+01
-1.048138027841394404e+01 -9.481955694204017959e+00 -8.481967965310264645e+00 -7.482240962033943177e+00 -6.482254279946731756e+00 -5.480837205594228934e+00 -4.480338519608425329e+00 -3.478327686136426067e+00 -2.484985063021818874e+00 -1.484985063021829532e+00 -4.849850630218330849e-01 5.216723138635810386e-01 1.515014936978168691e+00 2.521672313863575710e+00 3.521672313863579262e+00 4.515014936978165139e+00 5.515014936978161586e+00 6.515014936978161586e+00 7.521672313863581039e+00 8.521672313863579262e+00 9.515014936978159810e+00 1.051806752925569732e+01
-4.619083712495061000e+00 3.221327440407062426e-01 1.253516241591348113e-01 5.393138197213991347e-01 5.718833454659459914e-01 1.727484140843844163e+00 -2.097800521005054541e+00 -5.364313092180053921e+00 -5.086247122789139041e+00 -4.086247122789164798e+00 -3.086247122789159025e+00 -2.086247122789159469e+00 -3.643130921800419864e-01 -8.624712278915624974e-02 9.137528772108380881e-01 1.913752877210848746e+00 2.913752877210829872e+00 3.913752877210831649e+00 5.635686907819979830e+00 5.913752877210828096e+00 -4.792319613566827785e-01 3.262607028208426740e+00
-1.048184946077786606e+01 -9.481858274814737086e+00 -8.481904766437663667e+00 -7.481717872348706777e+00 -6.481752815571686810e+00 -5.481283902105946737e+00 -4.483478977260244136e+00 -3.478284030136732596e+00 -2.484967260536796729e+00 -1.484967260536812717e+00 -4.782840301367254909e-01 5.150327394631837308e-01 1.515032739463183731e+00 2.521715969863269180e+00 3.515032739463190836e+00 4.515032739463183731e+00 5.515032739463180178e+00 6.521715969863269180e+00 7.521715969863283391e+00 8.521715969863270956e+00 9.517600850286813241e+00 1.051796622675928994e+01
-1.048180963742462524e+01 -9.481841049072404104e+00 -8.481940469619900114e+00 -7.482179048386500497e+00 -6.481758705255646902e+00 -5.482710189101362985e+00 -4.483185886320741886e+00 -3.484615615484395690e+00 -2.484615615484379703e+00 -1.479140191254289860e+00 -4.791401912542916364e-01 5.153843845156096393e-01 1.520859808745713693e+00 2.515384384515606087e+00 3.520859808745708364e+00 4.515384384515607863e+00 5.520859808745708364e+00 6.520859808745706587e+00 7.520859808745717245e+00 8.515384384515600757e+00 9.516473916443910497e+00 1.051787210357459834e+01
-9.250226607632599851e+00 -8.596176012472723116e+00 -7.688409343010415675e+00 -6.814834532394123734e+00 -5.937710290013797909e+00 -5.266832696495731270e+00 -3.170202726208286581e+00 -1.945621831779568822e+00 -9.456218317795377359e-01 5.437816822044483356e-02 1.054378168220435397e+00 2.054378168220436951e+00 -1.631827931994569436e+00 4.054378168220434731e+00 3.681720680054320072e-01 6.054378168220440948e+00 2.368172068005426123e+00 8.054378168220436507e+00 4.368172068005428343e+00 5.368172068005426567e+00 8.368103747169824302e+00 9.477648778418126696e+00
-9.642713586828415728e+00 -9.069783542556958622e+00 -8.117189593119485735e+00 -7.169167281908946698e+00 -5.877327376847433449e+00 -5.019847051917628811e+00 -3.614270717046648596e+00 -5.022602642564035769e+00 -1.673212505325531563e+00 -3.022602642564022002e+00 3.267874946744614428e-01 1.326787494674459555e+00 2.326787494674464440e+00 3.326787494674459555e+00 1.977397357435973557e+00 5.326787494674459111e+00 5.561802965526644549e+00 5.742382031223884020e+00 6.742382031223888461e+00 7.742382031223874250e+00 8.742382031223883132e+00 9.483297022599602499e+00
-5.964141458761075043e+00 -4.563433789033456200e+00 -1.523600593474042864e+00 -9.032347917603451570e-01 -1.140984858016980130e+00 1.938336810765040052e-01 -1.059135899159298511e+00 -3.454392935701076972e+00 -2.454392935701043221e+00 -1.454392935701048106e+00 -9.596661009737276204e-01 4.033389902626183243e-02 1.040333899026275599e+00 2.545607064298939459e+00 6.770723394208262746e+00 8.152188532424784473e-01 1.815218853242495101e+00 2.815218853242492436e+00 3.815218853242490216e+00 4.815218853242479113e+00 5.815218853242487995e+00 -6.607522755658132851e+00
1.618316908796323839e+00 -3.442800459673855507e+00 -3.049448817377453214e+00 -4.791924925356592091e+00 -4.627506363047523053e+00 -2.741544299813949426e+00 -3.915077898884599783e+00 -3.528868741335977166e+00 -2.528868741335955406e+00 -1.528868741335993375e+00 -5.288687413359614009e-01 4.711312586640551969e-01 -2.085033112663029264e+00 2.471131258664030828e+00 3.471131258664046815e+00 4.471131258664047259e+00 5.471131258664073904e+00 2.914966887336936097e+00 3.914966887336975621e+00 4.914966887337042678e+00 5.658941492950679830e+00 -2.211758511766383606e+00
-9.487459481723401922e+00 -8.815740482588363847e+00 -7.885798456044312843e+00 -6.873314000854466421e+00 -5.948510893839530134e+00 -4.715714234115853998e+00 -3.689357369160017885e+00 -1.531105490809554048e+00 -5.311054908095279581e-01 4.688945091904531681e-01 1.468894509190455722e+00 2.468894509190463271e+00 3.468894509190451281e+00 -5.562749556360498948e-01 4.437250443639622066e-01 1.443725044363959098e+00 2.443725044363966425e+00 8.468894509190452169e+00 4.443725044363969090e+00 5.431892362008860609e+00 1.148072762461278629e+01 8.399634148702238789e+00
-1.038004421901219665e+00 -3.868293283160737950e+00 -3.417196868746013028e+00 -3.553644028480979156e+00 -2.311027756689061796e+00 -3.446397637063808084e+00 -4.037699040131077055e+00 -4.076317097193110861e+00 -3.076317097193082439e+00 -4.004369515428216175e+00 -1.076317097193099315e+00 -7.631709719309853757e-02 9.236829028068979097e-01 1.923682902806894024e+00 2.923682902806903350e+00 3.923682902806894912e+00 2.995630484571777608e+00 3.995630484571766061e+00 6.923682902806912232e+00 4.944388067754508675e+00 9.974923076378825471e+00 -4.149839683786933797e+00
-1.198259636976272624e+01 -4.326454210505970011e-01 -3.860391289316780217e-01 -1.102657198407677619e+00 4.671343922409691984e-01 1.762153895361167510e+00 -2.176964822675633293e+00 -5.396182476002970851e+00 -4.396182476002959305e+00 -3.396182476002957529e+00 -4.907030505203309190e+00 -1.396182476002968631e+00 -3.961824760029588610e-01 -1.907030505203316073e+00 1.603817523997028260e+00 2.603817523997046024e+00 3.603817523997032701e+00 4.603817523997030037e+00 3.092969494796689922e+00 3.546644467331369732e+00 8.150143125901090357e+00 8.838806862781270368e+00
-8.759827110053691968e+00 -8.274258329780961319e+00 -7.431585028353453914e+00 -6.627484786048176701e+00 -5.778556667673223401e+00 -4.906988959422643681e+00 -3.989930998097124260e+00 -5.709839005928248667e+00 -1.562338667803873093e+00 -5.623386678038886366e-01 4.376613321961058678e-01 1.437661332196103814e+00 -7.098390059282230213e-01 3.437661332196102038e+00 4.437661332196105590e+00 5.437661332196102926e+00 3.290160994071767320e+00 7.437661332196109143e+00 5.290160994071787748e+00 6.290160994071768208e+00 7.808827593122526167e+00 9.404954661529943749e+00
-1.048195559395981036e+01 -9.481956741349238271e+00 -8.481973788277654691e+00 -7.482427409426739118e+00 -6.482445790009039754e+00 -5.483659273521451993e+00 -4.480429223315267606e+00 -3.486054247753180846e+00 -2.475544287399799259e+00 -1.486054247753175517e+00 -4.860542477531790695e-01 5.244557126001936354e-01 1.524455712600198964e+00 2.513945752246815601e+00 3.513945752246822707e+00 4.513945752246815601e+00 5.524455712600197188e+00 6.513945752246815601e+00 7.524455712600209623e+00 8.513945752246822707e+00 9.520226546986549465e+00 1.051802269504830001e+01
-1.048199749636383871e+01 -9.482007543471716815e+00 -8.481967194852497727e+00 -7.482219471511525555e+00 -6.481747015294695657e+00 -5.481245058504013556e+00 -4.480776539919046897e+00 -3.479241697964354785e+00 -2.485082297501241655e+00 -1.479241697964349456e+00 -4.850822975012452076e-01 5.207583020356487680e-01 1.514917702498756569e+00 2.520758302035650544e+00 3.520758302035650544e+00 4.520758302035648768e+00 5.514917702498751240e+00 6.514917702498753016e+00 7.514917702498767227e+00 8.520758302035643439e+00 9.516600457104756217e+00 1.051779153672130285e+01
-1.048215056430883863e+01 -9.482134985144828221e+00 -8.481982773508530471e+00 -7.482262080873962162e+00 -6.482278446074218436e+00 -5.481320927258234832e+00 -4.480690965767596623e+00 -3.479233557697043011e+00 -2.485594274814816984e+00 -1.479233557697039458e+00 -4.792335576970412347e-01 5.144057251851705814e-01 1.520766442302956989e+00 2.514405725185172358e+00 3.514405725185168805e+00 4.520766442302960542e+00 5.514405725185175910e+00 6.520766442302958765e+00 7.520766442302962318e+00 8.515882258896123602e+00 9.519289908592003968e+00 1.051750085655260847e+01
-1.069708340404899438e+01 3.820482988665885316e-03 6.063855777143078996e-03 7.038714548621156641e-01 -9.773280023394865790e-01 -1.937442337213156174e+00 -3.281289605092739592e+00 -3.062215710347301556e+00 -2.062215710347282016e+00 -4.852798673275739105e+00 -3.852798673275752872e+00 -2.852798673275751540e+00 -1.852798673275742214e+00 -8.527986732757514288e-01 1.472013267242548995e-01 1.147201326724259118e+00 2.147201326724249792e+00 3.147201326724247128e+00 4.147201326724270665e+00 5.640789016961256230e+00 9.444198776364839176e+00 1.014406391834334009e+01
-1.048173321512620504e+01 -9.481780880215508134e+00 -8.481954273852446491e+00 -7.481687032702321716e+00 -6.482326292517518240e+00 -5.480825253846976608e+00 -4.480236162516209930e+00 -3.485411965372902543e+00 -2.485411965372890108e+00 -1.478130136701203412e+00 -4.854119653729007666e-01 5.218698632987894825e-01 1.521869863298791259e+00 2.514588034627093904e+00 3.521869863298794812e+00 4.514588034627093904e+00 5.514588034627097457e+00 6.521869863298789483e+00 7.519998534497878140e+00 8.516459359702727383e+00 9.516459359702718501e+00 1.051799433576788267e+01
-1.018708180782943096e+01 -9.219580482543745958e+00 -7.838469720737188950e+00 -6.922305766266546811e+00 -6.004105273114119790e+00 -4.833197316971645563e+00 -4.058581761894823003e+00 -2.955675156901800271e+00 -1.955675156901784062e+00 -9.556751569017916115e-01 -2.264695868516635624e+00 1.044324843098205502e+00 -2.646958685166332925e-01 3.044324843098204170e+00 1.735304131483363044e+00 5.044324843098211275e+00 6.044324843098203281e+00 5.349960950588498854e+00 7.429667714132936140e+00 8.429667714132914824e+00 9.429667714132927259e+00 1.030541774338361805e+01
-1.048170964690777396e+01 -9.481816719201482613e+00 -8.481941192326223344e+00 -7.481547708538469621e+00 -6.482266343114051921e+00 -5.481086055663508816e+00 -4.483274425295268983e+00 -3.479099768129273684e+00 -2.479099768129257697e+00 -1.485711286691115518e+00 -4.790997681292736843e-01 5.142887133088844820e-01 1.520900231870722763e+00 2.514288713308884482e+00 3.514288713308888035e+00 4.520900231870726316e+00 5.520900231870722763e+00 6.514288713308879153e+00 7.520900231870728092e+00 8.518762406977730350e+00 9.516426545652461044e+00 1.051795395192774052e+01
-1.048197283189399798e+01 -9.481977108527296139e+00 -8.481989297677152706e+00 -7.482294905592103973e+00 -6.482312496412870217e+00 -5.481274827976113428e+00 -4.483333181251159871e+00 -3.484934102405196299e+00 -2.479062188078032136e+00 -1.479062188078051676e+00 -4.790621880780498998e-01 5.209378119219483239e-01 1.515065897594805477e+00 2.515065897594805477e+00 3.520937811921948324e+00 4.515065897594809030e+00 5.520937811921953653e+00 6.515065897594805477e+00 7.520937811921953653e+00 8.515065897594803701e+00 9.517503310333600197e+00 1.051793727312576721e+01
-1.048186463896525566e+01 -9.481869049708953057e+00 -8.481880784373386106e+00 -7.481695220213063990e+00 -6.481707901101207980e+00 -5.481242146681653438e+00 -4.480661668222056804e+00 -3.479181990366104316e+00 -2.484749216924999615e+00 -1.479181990366084776e+00 -4.847492169250191552e-01 5.152507830749772921e-01 1.515250783074977292e+00 2.515250783074973739e+00 3.520818009633902790e+00 4.515250783074979068e+00 5.520818009633908119e+00 6.520818009633901013e+00 7.520818009633909895e+00 8.515250783074989727e+00 9.518461167473674323e+00 1.051804270561445875e+01
-1.048211550086055155e+01 -9.481951606713900915e+00 -8.481966049664384499e+00 -7.481775813990024560e+00 -6.481796884231922462e+00 -5.481360574506885186e+00 -4.480981563471926776e+00 -3.479501732879064946e+00 -2.479501732879036524e+00 -1.485363428734904900e+00 -4.853634287349120058e-01 5.146365712650879942e-01 1.514636571265087994e+00 2.520498267120940383e+00 3.514636571265086218e+00 4.520498267120943936e+00 5.520498267120949265e+00 6.520498267120947489e+00 7.520498267120956370e+00 8.520498267120943936e+00 9.514772142029626067e+00 1.051725286126815107e+01
-1.048229256441652524e+01 -9.482110271061010565e+00 -8.482002297247003497e+00 -7.481741742992968014e+00 -6.482390524650153196e+00 -5.480728721076788545e+00 -4.480112658644261003e+00 -3.485164379531694223e+00 -2.477926006371323098e+00 -1.485164379531687118e+00 -4.851643795316959995e-01 5.148356204683022241e-01 1.522073993628666244e+00 2.522073993628664468e+00 3.514835620468302224e+00 4.522073993628666244e+00 5.514835620468304000e+00 6.522073993628660915e+00 7.514835620468316435e+00 8.518085697835129366e+00 9.518823916261833773e+00 1.051749585772101980e+01
-9.963582481848687777e+00 -8.726338531203337467e+00 -7.806238192154014932e+00 -6.837109794043481514e+00 -5.924965982448591184e+00 -5.534767188772112156e+00 -3.187088626469062991e+00 -6.138645454104172394e+00 -4.216813819631659577e-01 5.783186180368208307e-01 1.578318618036820276e+00 2.578318618036816723e+00 3.578318618036818499e+00 4.578318618036814058e+00 8.613545458958251633e-01 1.861354545895823831e+00 2.861354545895822721e+00 3.861354545895821389e+00 4.861354545895828494e+00 7.858754539003240502e+00 9.580918045010690776e+00 1.029962523248042316e+01
-8.939996294735527371e+00 -8.782184533607507504e+00 -7.853199738274049047e+00 -7.089804818862599944e+00 -5.588541392913620953e+00 -4.390880107148960931e+00 -4.622774761993316162e+00 -1.744016466993890013e+00 -7.440164669938716946e-01 -3.561293863218358169e+00 -2.561293863218366607e+00 2.255983533006113984e+00 -5.612938632183601673e-01 4.255983533006109099e+00 1.438706136781631173e+00 6.255983533006114428e+00 6.415397710228937456e+00 5.279291947855728750e+00 6.279291947855733191e+00 7.279291947855729639e+00 8.279291947855721645e+00 9.097319936877546809e+00
-1.048191099105915924e+01 -9.481891783462323531e+00 -8.481970368461183796e+00 -7.482268306003394542e+00 -6.481755918399842997e+00 -5.482764827595513424e+00 -4.480780857191856370e+00 -3.479072059081380175e+00 -2.479072059081351753e+00 -1.484989638016987357e+00 -4.790720590813641877e-01 5.150103619830090906e-01 1.520927940918628707e+00 2.515010361983007314e+00 3.515010361983007314e+00 4.515010361983007314e+00 5.520927940918639365e+00 6.515010361983009091e+00 7.520927940918644694e+00 8.520927940918626931e+00 9.516255350275464764e+00 1.051777594672007332e+01
-1.048166444288052190e+01 -9.481690579517300321e+00 -8.481953406198446288e+00 -7.482217320664366511e+00 -6.481723816557352080e+00 -5.481202100826932266e+00 -4.483586357398442246e+00 -3.477854893966146221e+00 -2.485202284021784891e+00 -1.485202284021800878e+00 -4.778548939661444450e-01 5.221451060338537786e-01 1.522145106033853779e+00 2.514797715978195569e+00 3.514797715978197346e+00 4.514797715978199122e+00 5.514797715978197346e+00 6.514797715978199122e+00 7.522145106033850226e+00 8.522145106033850226e+00 9.516803002492961738e+00 1.051802637665109863e+01
-9.271462695287540967e+00 -8.383979961926636193e+00 -7.805556139053602571e+00 -7.080045885342189926e+00 -6.163528176103695522e+00 -4.798409894816091814e+00 -3.348579663032149600e+00 -1.603459019459822832e+00 -4.490778701076914459e+00 3.965409805401827192e-01 1.396540980540187604e+00 2.396540980540185384e+00 -4.907787010769240066e-01 5.092212989230739950e-01 5.396540980540184052e+00 2.509221298923069998e+00 3.509221298923068666e+00 4.509221298923072219e+00 5.509221298923080212e+00 1.039654098054018760e+01 7.361156104525653276e+00 9.943857338484564323e+00
-1.031129180317662808e+01 -8.684419901345730608e+00 -7.780001301057874130e+00 -6.942333410467773191e+00 -6.040505395828974500e+00 -4.566896913133067670e+00 -4.692273092621365826e+00 -2.174365041036951496e+00 -1.174365041036929291e+00 -2.541681302493473460e+00 -1.541681302493477901e+00 -5.416813024934785670e-01 2.825634958963054277e+00 1.458318697506522543e+00 4.825634958963052057e+00 3.458318697506529205e+00 4.458318697506522987e+00 5.458318697506522099e+00 6.458318697506529205e+00 8.383189881456821979e+00 9.900763601283369297e+00 1.016192492213775012e+01
-1.048205024156379039e+01 -9.482055650685310866e+00 -8.482073099945068861e+00 -7.482368962500588694e+00 -6.482288824055677523e+00 -5.481424448673033467e+00 -4.480751806531431569e+00 -3.485780508850112369e+00 -2.485780508850087500e+00 -1.479388733987095250e+00 -4.793887339870988029e-01 5.206112660128994207e-01 1.514219491149894736e+00 2.514219491149887631e+00 3.520611266012895868e+00 4.520611266012899421e+00 5.520611266012895868e+00 6.520611266012901197e+00 7.520611266012910079e+00 8.514219491149889407e+00 9.516435353424054000e+00 1.051783609982918222e+01
-9.859529832380873771e+00 -8.713323660562304340e+00 -7.780309773092378478e+00 -6.878418049595028450e+00 -5.863095973531283533e+00 -4.982586775309731486e+00 -3.736804817698591297e+00 -2.963733164284166222e+00 -4.329967812691615237e+00 -9.637331642841658885e-01 3.626683571583088489e-02 1.036266835715827561e+00 2.036266835715827561e+00 6.700321873083688873e-01 4.036266835715837331e+00 2.670032187308370997e+00 3.670032187308372329e+00 7.036266835715824897e+00 8.036266835715833778e+00 6.624831184208997747e+00 1.008146753620648717e+01 1.053475272994549528e+01
-1.048160234483121656e+01 -9.481791891326935229e+00 -8.481911063363588354e+00 -7.481694184413017368e+00 -6.482216160913745640e+00 -5.482715074142271661e+00 -4.483204145153807829e+00 -3.484712269326493583e+00 -2.484712269326481149e+00 -1.478790458461078927e+00 -4.847122693264953597e-01 5.212095415389050856e-01 1.521209541538908638e+00 2.515287730673501088e+00 3.521209541538906862e+00 4.521209541538905086e+00 5.515287730673506417e+00 6.515287730673499311e+00 7.521209541538913967e+00 8.515287730673501088e+00 9.520037162879654957e+00 1.051807234046812134e+01
-1.048216137577866647e+01 -9.482065121727906387e+00 -8.482085610824560362e+00 -7.482224605130889827e+00 -6.481809693473307377e+00 -5.482784322547646028e+00 -4.480444814163179856e+00 -3.486666265028450340e+00 -2.479059490459871284e+00 -1.479059490459880166e+00 -4.790594904598872716e-01 5.209405095401109520e-01 1.513333734971551436e+00 2.520940509540105623e+00 3.513333734971553213e+00 4.520940509540109176e+00 5.520940509540110952e+00 6.513333734971547884e+00 7.513333734971562095e+00 8.520940509540105623e+00 9.519437712532555551e+00 1.051719108308579642e+01
-1.048166712136434597e+01 -9.481854022903878132e+00 -8.481935997916897563e+00 -7.482226484878525596e+00 -6.482267995788294712e+00 -5.481310286982500557e+00 -4.483307798816399625e+00 -3.484780264510360936e+00 -2.484780264510344949e+00 -1.478960787369450358e+00 -4.789607873694521345e-01 5.152197354896443926e-01 1.521039212630547866e+00 2.515219735489642616e+00 3.515219735489646169e+00 4.521039212630549642e+00 5.515219735489644393e+00 6.521039212630546089e+00 7.521039212630553195e+00 8.519855147735631462e+00 9.516403796659268721e+00 1.051800307868555961e+01
