4.900870860349814673e-01
4.605556049239071803e-01
4.043103246443144339e-01
5.215022272788666369e-01
4.560442943562149076e-01
4.121586935918548633e-01
4.068378696169092645e-01
4.211480622222365522e-01
4.743836194230894310e-01
4.727128764656357562e-01
4.493780003169800530e-01
5.307642033072954568e-01
4.321874543439027105e-01
4.101342175409646296e-01
5.514443627866180142e-01
4.447394653138445619e-01
3.642430631996299573e-01
3.167994857630210270e-01
4.497868231376272452e-01
7.799275429037132445e-01
3.836027212525199293e-01
4.451725611654795967e-01
3.769971031721270349e-01
4.142815113620313405e-01
4.663402384505777598e-01
4.768573352571299218e-01
5.743544110795089086e-01
4.327355047604415916e-01
4.263016180506417063e-01
5.296114079577456391e-01
4.417552767626794497e-01
4.534851645004351339e-01
8.163258977123218907e-01
6.214236795230002608e-01
3.981370439912176873e-01
4.491475537485253855e-01
4.101186099612609270e-01
4.766962552567080569e-01
4.542341885616640873e-01
4.738666921088277584e-01
4.729221594521365590e-01
4.621773850196920774e-01
3.249326191416113674e-01
4.509687295774815752e-01
4.154338228031193569e-01
5.166602947843553784e-01
4.401691969187924158e-01
4.496518970450363861e-01
3.701517553328337873e-01
4.221368883833258034e-01
