-1.130284632252891337e-02 1.362488116800246798e-02 -4.341271145148662032e-03 2.575327806744012737e-02 2.815410261875611608e-01 -5.371580255154331796e-02 -2.800610249623185569e-02 2.200301882204757642e-01 2.670328354365324453e-01 6.689899374973118373e-02 6.301367209308259554e-01
-3.648823601839629605e-03 -9.174166700622599091e-02 3.276602712595338279e-02 4.679476834649887868e-02 2.686131250769851486e-01 -1.834652176234791709e-01 4.860402461075293001e-02 1.969471374857984791e-01 2.465048668217873495e-01 2.028401812301561247e-01 6.434374787787299210e-01
-8.522943325083135596e-03 -9.234385354255883471e-02 -8.082170523199115608e-02 1.665255135000925646e-01 3.195716992346284147e-01 -1.153390570888953859e-01 -7.083501896251228475e-03 2.153566147826371513e-01 2.374562706537250434e-01 1.254899769286446365e-01 6.473628872301683268e-01
5.919064991138550669e-02 6.559294410510572992e-02 -1.293541097858419142e-01 1.036268248407322956e-01 2.551545051038163758e-01 -7.853272515202518178e-02 4.444443286402934533e-03 1.296822585538281170e-01 2.045014655911960855e-01 1.198810689005725127e-01 6.734645758899442392e-01
4.639695938372257605e-02 -7.361533414319748614e-03 -1.031779810416304927e-01 3.310732874362880968e-02 3.127038624019927715e-01 -7.321324158960160200e-02 -7.022407819517635652e-02 2.601511919742182655e-01 3.213791306106085766e-01 7.284643919691606573e-02 6.150438231747572537e-01
-1.157965231542953943e-02 6.413855781047536619e-02 -4.444362523617944455e-02 8.251287996393852353e-03 2.251981626115250879e-01 -1.306406657044322239e-01 4.953327880647107051e-02 2.523606253430710766e-01 2.646354707759200897e-01 7.343528528024734214e-02 6.567631758770542394e-01
-1.077817020118406605e-02 -2.099732404094654600e-02 -2.547029096330977530e-02 3.075863583745511859e-02 2.087476330340324315e-01 1.338144336490532452e-02 -4.616663642417340174e-02 2.487127002423506483e-01 3.049395560589454601e-01 1.302031923811161340e-01 5.743211619559256409e-01
4.309391552488982258e-02 -6.591367192896492588e-02 -1.551105426675425392e-02 1.104478354965342662e-01 2.245457304490883488e-01 -1.482466049829606058e-01 2.718047888571577253e-02 2.276925365136307222e-01 2.142004680754548696e-01 9.509745200902831874e-02 6.950648154694564207e-01
2.618121282522574769e-02 3.976173510976691028e-03 -3.266956114532649363e-02 7.314786952850210744e-02 2.580102314823460308e-01 -1.134987491817938954e-01 -6.298486926362570348e-02 1.892013742869682880e-01 2.990673173054266831e-01 1.413149540535389437e-01 6.259059478428795620e-01
-1.032793925669772510e-02 -4.736593752685702707e-02 -2.696789585955115809e-02 1.541795765248234473e-01 2.991966513355495128e-01 -1.120425150558030658e-01 -1.409316635085024194e-02 2.351646109204377777e-01 2.269987917898007024e-01 8.722510897642400673e-02 6.156846157478406134e-01
2.974274377322594365e-02 -3.761401588145407010e-02 -1.609203879512823704e-03 1.210386601463760148e-01 2.296656825097456445e-01 -1.131946374038291375e-01 -9.491620496148708147e-03 2.657078098986633830e-01 2.031807535847312829e-01 1.098713284557633618e-01 6.103544005375548531e-01
-2.855332792244831552e-02 5.673935313358906274e-02 -1.307689298595906061e-02 7.070036602858273400e-02 2.074005382436311107e-01 -1.149309771570005134e-01 5.513263307839449262e-04 2.011717403076759281e-01 3.352520305549910873e-01 6.686457728959441238e-02 6.255331674216790816e-01
1.932508731828087856e-02 -1.263232564642026434e-01 4.264247371031094610e-04 5.622764665767353981e-02 2.662781174046400245e-01 -1.181937389566727198e-01 -3.603946580549520148e-03 2.229295020795965254e-01 2.439737784302294377e-01 1.079613465202273609e-01 7.386509400987908425e-01
-1.347978316545205175e-02 6.793349221934979684e-03 -5.619963889532471335e-02 6.555510604806004393e-02 1.729806111690227743e-01 -4.127316172708053038e-02 -6.353416732888149399e-02 2.354450777359019531e-01 3.172365576406067644e-01 1.298980512808403653e-01 6.542298992654886902e-01
-3.280771636440424355e-02 -6.782198644599415904e-02 -4.415444427450686271e-02 1.024030397400563647e-01 2.712824493910106494e-01 -7.811720475986030920e-02 -7.811961525374939985e-02 1.584652262340477957e-01 3.049400440603269313e-01 1.163563415378776889e-01 7.552257673803131066e-01
-1.989206667455411387e-02 -2.008165454074844342e-02 -5.793667211465453742e-02 2.346635964878937552e-02 2.841133428353890822e-01 -9.536751887892180868e-02 1.130377604520984430e-02 2.894691413542603287e-01 2.041927846685250014e-01 1.459451663868544524e-01 6.424392425149686447e-01
-2.851286928249864572e-02 -3.397704674895779542e-02 -1.852913201261345566e-02 1.083128461866458836e-01 2.470314131628594811e-01 -9.975091758993899493e-02 -1.923225430487716936e-02 2.533915876989158433e-01 2.863340969139857584e-01 1.014545422491210797e-01 6.111296349724760768e-01
6.708252893450964739e-03 -8.588218622500348037e-03 -8.542108407574404427e-02 9.556655757978158028e-02 2.861648552886325025e-01 -1.154627337224360395e-01 -2.410462544942765933e-02 2.230984303511455991e-01 2.672743069891684309e-01 1.364358768438028724e-01 6.259802831692438119e-01
3.882118485914898276e-02 -2.584262145102280382e-03 -7.849826605555693115e-02 9.993740718954985391e-02 2.301118059901582913e-01 -8.543182197537446676e-02 1.694938811222981498e-02 2.726999152213818167e-01 2.306571499689694105e-01 3.035250951861503954e-02 6.546368905610973066e-01
8.913337179955385658e-02 -5.996241962800607714e-04 -6.194988764724468355e-02 8.750233794294477729e-02 2.559109743717287722e-01 -1.255422137466754851e-01 -1.373191091345482909e-02 2.283453091654639444e-01 2.105009358845662260e-01 5.261939285468892474e-02 6.854632157298253814e-01
7.871917870595993016e-02 -1.090175779891221636e-01 -7.059178923894951496e-02 -7.004026303663383503e-03 2.664714340593241637e-01 -3.406606506958048675e-02 9.055678687002342853e-02 2.351525094873196109e-01 2.634812252314457370e-01 3.824673791728135791e-02 6.557034875750792358e-01
3.197562381176359547e-02 5.988341691520153963e-03 -9.908130966243830495e-02 1.153708038784315576e-01 2.672913467126009635e-01 -9.463993260696390575e-02 -6.780988343341814995e-02 1.878894076796560342e-01 2.669181647204313390e-01 4.678933923302817238e-02 7.469599992205044892e-01
8.266608487913749970e-02 -1.267015592511916422e-02 -1.048210270654287013e-01 1.057927722594009384e-01 2.159289045428451903e-01 -5.402626238062033237e-02 3.934582184866209503e-02 1.492446631299203519e-01 2.683889156961984934e-01 6.338386031478795979e-02 6.544183239453311707e-01
3.570184106455638606e-02 -4.884264569296068587e-02 -6.967767828835674804e-02 9.678998412985302668e-02 2.443904777572214193e-01 -1.622105407504368380e-01 1.932499557844638907e-02 2.161785260470610592e-01 2.467184480804879287e-01 1.901439437471852956e-01 6.391345495720607284e-01
7.962691860040956027e-02 -5.606221791831016155e-02 -5.981325779873648135e-02 8.736154261939846344e-02 2.408054884632132298e-01 -1.391035323060585693e-01 -5.032764706978351543e-02 2.324058223300782822e-01 2.694054535696737140e-01 1.229462325545368079e-01 6.804070982006958923e-01
2.540297498850541472e-02 -3.355066627441238153e-02 -6.341580502036087141e-02 8.624598810358440754e-03 2.738488571462168730e-01 -2.366677091678327446e-02 3.067887712311796397e-02 2.633133269909686547e-01 2.482851902702170599e-01 8.373091161576282082e-02 5.944004065115260360e-01
4.497728784192018409e-02 4.357593506669580480e-02 -7.208053249394603956e-02 8.571715632980879407e-02 2.757877531515329772e-01 -1.548209526553031012e-01 6.518933249708256869e-03 2.159705829123253484e-01 2.453905105275825116e-01 1.009202722706802891e-01 6.156949550441109809e-01
-2.583315278810985327e-02 -2.881268869448600119e-03 -8.121524082252244703e-02 3.637324494661069857e-02 2.475546513269460680e-01 -9.778563926971770015e-02 -1.552466177917101106e-02 2.515463227676167368e-01 3.096283912703512997e-01 8.840914809812805419e-02 6.973801063644341491e-01
-1.051236326507596144e-02 -1.905134157219597751e-02 -7.699197420609392439e-02 1.181682230128568295e-01 3.265003466331851678e-01 -9.145404468236593976e-02 2.097537698874243212e-02 1.487092245679024760e-01 1.874760361738851411e-01 1.383327786046437691e-01 6.654996389896331577e-01
4.623007782245827646e-02 -1.804609345738931829e-03 -3.934077025896075969e-02 6.308907417168260756e-02 2.370449873359126713e-01 -9.892875952591938249e-02 1.934842186465600758e-02 1.933823884511816082e-01 2.557784492686286937e-01 5.532911590026595716e-02 6.775235255609500795e-01
2.824980808574865422e-03 3.041632992851355660e-02 -4.899642782599743923e-02 1.084443873094996791e-01 2.372032965339556654e-01 -1.239219656163584732e-01 3.597337400079989034e-02 3.205195897074230582e-01 1.203815470535413434e-01 4.429427559780078905e-02 6.805125137473641006e-01
3.442307811809728474e-02 -4.079517659463417767e-02 -9.014030911285408898e-02 6.154956636819598065e-02 3.006552948159111338e-01 -1.252922224834517595e-01 8.321719038400385293e-03 2.262936674915058399e-01 2.857527887832255198e-01 8.965652849226517229e-02 6.572269663284555641e-01
-5.220643670458609970e-02 -3.007180259756273705e-02 -3.134389156165253570e-02 1.585107710089305455e-01 2.995291068931218437e-01 -7.722775286492636337e-02 -1.020430187076975907e-02 1.826496244542602232e-01 2.182087626607345232e-01 1.063454321950488002e-01 6.434623896325188941e-01
3.824323210735289247e-02 -3.093528170181313042e-02 -1.110209668219696577e-01 1.199713507442155547e-01 2.222337219889063131e-01 -8.116831088523079885e-02 2.351532077314470032e-02 2.144384851800962555e-01 2.341841074094730968e-01 1.090431487653784892e-01 6.691470936855634655e-01
8.274229037597420622e-02 -3.529072482338541095e-02 -8.554813550837175873e-02 1.038885689306017074e-01 2.166858878977290237e-01 -5.947605598760617035e-02 2.207933635036772330e-03 1.859765233208343638e-01 2.832148830825199637e-01 6.512945317507411180e-02 6.481212771467100842e-01
6.422794273266083098e-02 -5.083249938066101113e-03 -4.217505590272769417e-02 5.993367250138091629e-02 2.760648611771859828e-01 -1.484987737090107118e-01 -2.323391645265824451e-02 2.030387085167370542e-01 2.280497989109713797e-01 1.099096152005763494e-01 6.854182982080680997e-01
4.269612247698089530e-02 -9.023806008907767073e-02 -3.012448468574073154e-02 3.926011678231126900e-02 2.687065157263897608e-01 -1.067536628431028228e-01 1.848923504292906972e-02 2.173212498858853037e-01 2.921444091193579062e-01 6.102687104553290720e-02 6.951235887836515470e-01
1.297872276261538838e-01 -1.801332470177882325e-02 -5.807261015592658782e-02 3.945734159598444923e-02 2.201875753814060421e-01 -1.099652749155188153e-01 6.227067862983128033e-02 1.418191709191810590e-01 2.023180282455327716e-01 1.447803307712020315e-01 6.530827578490508989e-01
1.995095935992977770e-02 9.295871909022854207e-02 -1.148755124710790637e-01 1.319533512840617706e-01 2.792612318230816570e-01 -2.095625850653882738e-01 -1.749386723554696363e-02 2.158007763112260169e-01 2.449821553921538164e-01 1.273971458971057125e-01 6.372795268593434148e-01
-4.827598407486401871e-02 1.060258771708779031e-02 -6.622884272903789560e-02 7.421112515978753321e-02 2.130939944369364680e-01 -7.478017899150732339e-02 6.079025266621707058e-02 2.662308185098613000e-01 2.617954508847133988e-01 9.606018999262351532e-02 6.141524876733011062e-01
-4.009502909724960151e-02 5.167788656831697955e-03 -1.208863138380583957e-01 5.618925383867376389e-02 2.914978354926052728e-01 -8.301331711128175084e-02 -6.130654537510002791e-03 2.644640179746347020e-01 2.436578177434761960e-01 1.124204093276811034e-01 6.843800927953137547e-01
-4.296391375161587312e-02 -1.169843483451827974e-02 -1.815375511460028471e-02 9.387979660405158799e-02 3.070337700022717775e-01 -1.042204670769142777e-01 -5.335599428259364674e-02 2.084969148492901436e-01 2.845666938124166712e-01 1.188789939144830332e-01 6.251882971228461816e-01
4.490069642531208105e-03 -3.859441244675797245e-02 -5.896984674858170294e-02 9.575234308693271468e-02 3.219722014334211457e-01 -1.083479040411316902e-01 -2.182660338303097844e-02 2.073901895918504878e-01 3.198928235018597133e-01 4.567700318614890259e-02 6.402160374218762717e-01
-1.793424692070033633e-02 -2.985281926476057723e-02 -4.253950544132491934e-02 4.261196102686067022e-02 3.584649160518698641e-01 -9.180038414445870765e-02 4.378209777690044401e-03 1.881822404446140129e-01 2.627459294260279798e-01 5.306422924394322421e-02 6.803313710453561258e-01
3.930314350177663979e-02 -5.678208362247805924e-02 -7.438527930050199688e-02 1.956514910282563524e-01 2.230964661370987701e-01 -1.120684484330467523e-01 5.680082254199676772e-02 8.983815111459994562e-02 3.178757311333914592e-01 4.725748230371212832e-02 6.810644248403109335e-01
9.817517222839866609e-02 -4.272113857377891899e-02 -1.907891757412882167e-02 2.976481911398253313e-02 1.953516087035885584e-01 -9.966205575920843163e-02 1.282217972842162462e-02 2.176163953752374147e-01 2.608277634676750556e-01 9.982699492417680676e-02 6.547290796107536615e-01
6.503980167155251624e-02 -1.624031066926798564e-02 -5.257455777812002073e-02 6.775231554149004076e-02 2.957970123784339767e-01 -9.057070985438850363e-02 -2.391993748852728682e-02 2.100082946517598526e-01 2.567192538421799730e-01 3.145448392808578714e-02 6.641862550219199690e-01
2.095470212956997147e-02 4.024191051202916786e-02 -8.969407679173774239e-02 1.412530710813377777e-01 2.565226499959870621e-01 -6.029896024508863556e-02 -4.778349428295158158e-02 1.722364976483957422e-01 2.552631768819660918e-01 7.372846867008882310e-02 6.452279556455208231e-01
2.306960796401982122e-02 -5.931616566100304799e-02 -2.718216013384458854e-02 8.853539669346478791e-02 2.444862048339635219e-01 -4.616796680048512735e-02 -5.492709266595978412e-02 2.860131841285570853e-01 2.277495969360682493e-01 8.418439629053402207e-02 6.412068996598027093e-01
1.545780243668842119e-02 -5.271770255042956647e-03 -8.607271521600483311e-02 7.110877034604545788e-02 2.362599835287916838e-01 -8.325773429182163621e-02 5.315051038998291899e-03 3.531752858677928431e-01 2.180943765875710538e-01 3.085716474478945523e-02 6.519856864573093658e-01
