8.277974895479353057e-01
2.589764527703811936e+00
5.658237818195940072e+00
8.832807283961892075e-01
8.411366584200055119e-01
6.209059911049494840e-01
5.269619150091930493e+00
8.648007604181408681e+00
7.542525636955724755e-01
1.073022201208959858e+00
1.512215146958939993e+00
1.122099021205664071e+00
1.424986238943324546e+00
1.099657546585157686e+00
8.471350691946160083e-01
9.498494115115382330e-01
1.089268257662917572e+00
4.454802561111533832e-01
1.697000757145516570e+00
1.105565752594026785e+00
5.632269685877625554e-01
8.920727431243913319e-01
1.106438368415674223e+00
1.122482929961113207e+00
3.799026710873459889e-01
5.024210537872337845e-01
7.014679637467469142e-01
1.080149889573785105e+00
5.402355578359018251e-01
2.005905270385328620e+00
6.429166315882700600e-01
1.574514750975231081e+00
3.489709299473370052e+00
2.355865443126117231e+00
6.491892669552794537e-01
1.037740057331633547e+00
2.431585997284515077e+00
1.027471461157854371e+00
3.028422163151097912e+00
8.564574600823005035e-01
5.365476017927065300e+00
2.807817409695650746e+00
4.271197025989533991e+00
2.390056655034586086e+00
8.945776434854696646e+00
7.339653924389669681e-01
3.639339440598396092e+00
4.014259443581892350e-01
3.811990108799223065e-01
3.996232892548132742e+00
6.748524936794464413e-01
2.035089333316595805e+00
1.088902549459035995e+01
1.605357466483075646e+00
2.220966581891894887e+00
8.174393180849168772e-01
3.343434644838636949e+00
8.030832159564051942e-01
3.509475386921468765e+00
7.639185432526964803e-01
3.403307687632247447e+00
2.089299332974674517e+00
5.039922110794538002e-01
6.390346535171020914e-01
1.134277450457782610e+00
1.121767331654715427e+00
5.998946143883570947e+00
1.145492864880041317e+00
5.028899510167479381e-01
7.573124854173920451e-01
2.658981336812755725e+00
1.379964485329190138e+00
1.691981424103262022e+00
1.010838651092675988e+01
8.490281836208815047e-01
3.013464492838229702e+00
8.319232367039878229e-01
4.370294548539851442e-01
1.202163617110930671e+00
7.189365775138427672e-01
1.196360609123919172e+00
1.139831342985687224e+00
9.245180564613699747e-01
2.177704761025445190e+00
4.553771501332501970e-01
8.177369924055439832e-01
5.891036940635294705e-01
1.278907869825395061e+00
5.179865794674882729e-01
1.143608908841349914e+00
7.728466104149824822e+00
9.570116109332081900e-01
6.206736950994876878e+00
1.560577650209900247e+00
7.505817449967329136e-01
1.089819808920085364e+01
1.050748633726744874e+00
1.576323189153463478e+00
1.487518228066158077e+00
4.761711665784118530e-01
