1.055325342652323695e+00
7.832006872871830616e-01
9.839293765009586856e-01
1.741255801276130999e+00
4.708357469417957297e+00
7.503952091598506957e-01
5.474291100245599395e+00
1.498225824187179533e+00
1.525626173659283991e+00
1.346700793519513439e+00
1.311946884671225000e+00
4.066945013909899487e+00
6.677079523960705032e-01
1.709608873191306611e+00
6.323606101012295699e-01
8.380582046596267709e-01
1.366304840560092160e+00
3.956389561325852622e+00
2.041235936028442666e+00
1.688370020569265328e+00
7.840782359998217377e-01
1.059057083166075053e+00
2.383095938546532455e+00
3.410901414880076032e+00
7.908466945378531676e-01
9.477690086584753537e-01
8.367532019755367090e-01
7.108365946627255294e-01
1.234285697558836548e+00
5.622728368802609733e-01
2.290385601253425385e+00
5.052682830256689961e+00
7.883345216565491143e+00
2.624307344502938122e+00
1.365987244150280500e+00
1.284386398733837087e+00
3.152191421431204343e+00
1.852938244136993706e+00
1.123427891005011725e+00
1.574590104182900685e+00
6.370153720593454416e-01
3.488870785429715404e+00
7.648698059750188571e-01
2.867765857163888654e+00
1.145358645346780779e+00
1.403102710829553068e+00
2.080654920188067525e+00
2.879659290075553102e+00
2.191157026673936414e+00
7.745479526860499231e-01
1.852779835688684429e+00
1.036447035520026816e+00
1.154337811160370819e+00
3.251580574977940952e+00
7.500918073997160374e-01
3.087690858202578603e+00
1.064615825110552638e+00
3.416682686509372679e+00
1.090732489021108753e+00
2.955796476035552622e+00
6.585799912307864545e+00
2.578523529860039520e+00
1.104908260800517406e+00
9.200474984575924831e-01
7.284452403915020469e-01
4.029218198693208741e+00
6.677530416145461833e-01
1.955486845867919321e+00
8.307964166543166940e+00
4.961545463781855680e+00
9.574119646980548737e+00
9.978830556306397259e-01
6.411780079695160728e-01
2.711648646595141265e+00
2.647038143263163779e+00
1.353067957672968502e+00
1.031613653317124957e+00
2.915577776856372427e+00
5.414143732815031029e-01
1.384284290361901260e+00
2.594484062543883418e+00
2.258698079968212813e+00
5.574511775135451153e-01
9.239362827831774094e-01
8.508814207146212505e-01
1.298815537408727128e+00
7.683642541269203319e-01
1.648990150584930481e+00
6.217746887182286741e+00
1.330531268185515925e+00
8.507391818791265603e-01
2.434665410781740036e+00
8.673750948789313853e-01
3.061181526388382590e+00
1.602075760469667598e+00
2.479079771981854918e+00
5.529748108387334327e+00
7.339139658445620329e-01
7.545377245805018340e-01
6.165282016451787417e-01
