7.004435561852471182e-01
3.124606518356057849e-01
2.378537608272909831e-01
3.573100883552291496e-01
1.735813104410753871e+00
2.235598080755712702e-01
1.929275043546350432e-01
2.222454071453230096e-01
1.168639500891541116e+00
2.326624233078974091e-01
1.829957788306627309e-01
2.293433989810199858e+00
2.247506216013834268e-01
3.749711364358417343e-01
2.876820450526171302e-01
3.168298708626492433e-01
1.761273178352248392e-01
2.575133251946075674e-01
2.801692896959272483e-01
6.740545452011634797e-01
2.394655025680334226e-01
5.192504495722901625e-01
2.256005653795022381e-01
1.583202349636407824e+00
2.958811482494068112e-01
2.917733743349152364e-01
7.994047729663106283e-01
2.936529545609034009e-01
1.847694919075658360e-01
3.052803172833470358e-01
4.058044520750099249e-01
8.290453598848838146e-01
6.344913733903362330e-01
1.864321641949531483e-01
3.821016682985637347e-01
5.785789285313402974e-01
2.100879544862956361e-01
1.851811488556584784e-01
2.132291269212073515e-01
3.003286535528117973e-01
3.324688828751468095e-01
2.725799658008101201e-01
1.979437586527875992e-01
4.203142829095218858e-01
2.219135286869763635e-01
2.436769966883831073e-01
4.688671280584515433e-01
6.492782164890520402e-01
1.941076978834798683e-01
2.848019001907045600e-01
