-1.271111503367740880e+01 -4.930873596892866750e+00 -4.082426835777598129e+00 -5.028432836127301186e+00 -2.397908143860385533e+00 -1.039294885986705719e+00 -2.232046954460700228e+00 -1.034233993781912275e+00 -2.234882449005561877e-01 -1.516470852343511311e+00 2.673917638443238154e+00 -2.793669735689986222e+00 3.534658332655800095e+00 -1.156177124724989014e+00 -1.401191170409025855e+00 3.507590413098418125e-01 4.621010581218881086e+00 2.890235362870416935e+00 6.195160455190155346e+00 8.959757995153761811e+00 4.836781170300890054e+00 6.818231047180563387e+00
-1.407885949789805125e+01 -8.830670753940577100e+00 -2.677118002381273065e+00 -1.757519278377952965e+00 -7.172623765423198350e-01 -3.778144771606484653e+00 -2.338497147269725573e+00 -2.908333869687373507e+00 6.918958054809354330e-01 2.512061218904089177e-01 -2.402641640828085956e-01 5.721129834710012574e-01 5.801668407634175129e-01 -3.272477352663072381e-01 4.645173601784220452e-01 1.813402972141808789e-01 2.496443026130541920e+00 3.643300144236670590e+00 3.817591129087819724e+00 7.955768355647641066e+00 7.419962273091799787e+00 9.912795475550629121e+00
-1.076633532827048612e+01 -9.046808076605000082e+00 -6.854683613811038967e+00 -7.450481217122357336e+00 -6.825609059896422970e+00 -5.577719800357431978e+00 -2.430914339308357874e+00 -3.544642034518142637e+00 -3.029423844175607172e+00 -1.926368636737427087e+00 -1.227894835199274670e+00 2.591965851726819592e-01 8.417030896171928678e-01 2.116630617729096553e+00 5.538457628922031084e+00 5.452671284420578246e+00 4.626391234337881464e+00 5.985169563380870805e+00 7.795036943233530025e+00 8.016958166344556602e+00 8.635112963660402485e+00 9.746734924873337036e+00
-1.330637631906948215e+01 -4.977069628817535119e+00 -5.548340141776097134e+00 -7.735802678663851850e+00 -3.213182023200800597e+00 -2.715912675934616605e+00 -4.202863788848627102e+00 5.157279488957651203e-01 -8.744396374334105770e-01 -4.575416144055996170e+00 -3.190165076688671331e-01 7.798256235034255468e-01 1.662644968179261218e+00 2.957177504431354187e+00 3.968197358745910286e+00 3.917087208909646900e+00 3.618428026572346745e+00 3.674657636318165999e+00 5.232417244842475057e+00 4.967721865262961778e+00 7.809477939210373698e+00 8.698238436288203701e+00
-1.048494475080879340e+01 -9.484913767569429055e+00 -8.484429431401853350e+00 -7.484964140944862621e+00 -6.484814052724004796e+00 -5.484607660465615098e+00 -4.484803629361758581e+00 -3.484782063656226114e+00 -2.484931183301567259e+00 -1.484821778976085582e+00 -4.846462693742630279e-01 5.151946495541217530e-01 1.515269390053379794e+00 2.515092815018521222e+00 3.514935905791150006e+00 4.514917577362885126e+00 5.514922256327499994e+00 6.515218189663514181e+00 7.515225073999989291e+00 8.515185757286177548e+00 9.515020689673049148e+00 1.051485863954506428e+01
-1.244241763248636978e+01 -8.515059705569001380e+00 -6.595844874502269306e+00 -6.174291935285786792e+00 -5.199782575376983296e+00 -5.146308106126185500e+00 -5.774848263384583902e+00 -2.091514317673192291e+00 -1.251465392115949538e+00 -2.174824809808412862e+00 -2.450078098367710622e-01 1.431278131133885800e+00 1.743393284103600616e+00 3.032620981701600993e+00 3.958393884988057110e+00 1.924630482696326084e+00 5.932370428673148233e+00 6.098451394470787434e+00 7.571808935368623317e+00 5.906643424431713640e+00 9.362250353587358020e+00 8.982706336701014038e+00
-1.048568443412132467e+01 -9.485376531427553104e+00 -8.485526831989940177e+00 -7.482504660433010102e+00 -6.485289881175205551e+00 -5.485165344720543956e+00 -4.483031058853322648e+00 -3.485786149447624993e+00 -2.482538083737532375e+00 -1.485073963349519133e+00 -4.856110086495313283e-01 5.176538506692018871e-01 1.514376779848866761e+00 2.514516701752478767e+00 3.514089165086085487e+00 4.514378716999825514e+00 5.516851840371428395e+00 6.515129258686833680e+00 7.514236612076102162e+00 8.514605959708033467e+00 9.514138055795967830e+00 1.051479322260075655e+01
-1.048523748598312011e+01 -9.485352806069618836e+00 -8.484179764308700911e+00 -7.484764865853573923e+00 -6.483910999514822748e+00 -5.484455830671546295e+00 -4.483706302263502863e+00 -3.485183797099372427e+00 -2.485375351526503351e+00 -1.484748377718702272e+00 -4.852831356904676596e-01 5.151597044684681492e-01 1.514824860475282975e+00 2.514440790496088596e+00 3.514905282042249723e+00 4.515347280285578080e+00 5.515496366403322526e+00 6.514440447769384690e+00 7.514814057133419212e+00 8.514551997862080057e+00 9.515703403136949845e+00 1.051569674231789264e+01
-1.264087143099634680e+01 -7.071109185903599936e+00 -6.530272049178289073e+00 -6.784825909692378865e+00 -5.065718335002858730e+00 -4.579679114656661554e+00 -1.464771438069718101e+00 -1.648013870834173389e+00 -1.132762076263671869e+00 -1.216674058837528660e+00 2.931629057075122446e+00 2.820580554788016059e+00 3.135406620753343532e+00 3.297613237768644012e+00 3.397180226651582036e+00 4.986440525200330320e+00 1.405607052745688978e+00 1.763046434395885598e+00 7.081188481721534700e+00 3.378042008352990067e+00 4.404290568066808298e+00 9.866854917605909492e+00
-1.048242658376697989e+01 -9.485406048595907080e+00 -8.485088720917715932e+00 -7.485472872853300430e+00 -6.484982848167415881e+00 -5.485255323350443746e+00 -4.485406138002886678e+00 -3.485426858067530276e+00 -2.485149137675769282e+00 -1.483659975230700923e+00 -4.835393130779372939e-01 5.144086703657979598e-01 1.514613710343828856e+00 2.514479756355271434e+00 3.514405354857432329e+00 4.515131153166283440e+00 5.514358446001995873e+00 6.514510959386809574e+00 7.516575522720801317e+00 8.514964714646326982e+00 9.516787581145756292e+00 1.051476016640661726e+01
-1.048352862759072224e+01 -9.485020889477295825e+00 -8.484518139199780151e+00 -7.485086551444112501e+00 -6.485491602258244725e+00 -5.483589036898187885e+00 -4.485254487530752954e+00 -3.484847410158687708e+00 -2.484212769703416868e+00 -1.485567076639696893e+00 -4.853014112873559327e-01 5.161178498105503110e-01 1.514701293273398974e+00 2.515566633506248095e+00 3.514640802009534326e+00 4.515565292401744202e+00 5.514933155341575244e+00 6.515555092556905237e+00 7.514428110285228612e+00 8.514569105072446575e+00 9.514818699522441747e+00 1.051470418409866880e+01
-1.048481061106381418e+01 -9.484708940440953029e+00 -8.485116137022322036e+00 -7.485224878246160785e+00 -6.484112879092046811e+00 -5.485312020236815300e+00 -4.484325771982025088e+00 -3.484557149762466111e+00 -2.485163410956195307e+00 -1.484770228916946877e+00 -4.843961650675066011e-01 5.152692889625338779e-01 1.514882961457418631e+00 2.515232870524570785e+00 3.514635654335663162e+00 4.515263209288763235e+00 5.514878133481191824e+00 6.514819914644407461e+00 7.515209013765504764e+00 8.515364276414555178e+00 9.515552530234501205e+00 1.051457255536858604e+01
-6.514990423270829112e+00 -4.192955150026881128e+00 -9.915586532546704746e+00 -7.295067142920172110e+00 -6.840072069598866378e+00 -4.439329296228295973e-01 -5.094840554436530056e+00 -4.307114657085733711e+00 -3.843936349386452012e+00 -3.055072650415269209e+00 -5.008095504940828224e-01 4.574138904205177880e+00 6.399351547073896640e+00 8.956305350569404577e-01 2.589279361010346392e+00 2.391570188006602038e+00 3.575844415514208841e+00 5.276898008439049548e+00 5.282629430050769237e+00 6.693426668415328962e+00 6.803698208020785287e+00 7.855092959701844180e+00
-1.048570652881814169e+01 -9.485414257442423391e+00 -8.482309697365234769e+00 -7.485725356435265709e+00 -6.484685024415917098e+00 -5.483286326920461917e+00 -4.485554834997122597e+00 -3.485316394066288126e+00 -2.485421037470754158e+00 -1.484738668596206068e+00 -4.856967238540139675e-01 5.143858360295805454e-01 1.515100234950120139e+00 2.514604354107905948e+00 3.516626799309777951e+00 4.514234753156236124e+00 5.514284277165460324e+00 6.516374448144961917e+00 7.517350816929864621e+00 8.514655651355319321e+00 9.514516303146411502e+00 1.051490359177642020e+01
-1.176596339291587334e+01 -1.078164843815568297e+01 -5.958548302250919804e+00 -4.703217227144468104e+00 -4.189990408599928884e+00 -3.887699659157147103e+00 -2.272394088796579226e+00 -1.203053902408674158e+00 -2.849956049619668530e-01 -2.876570712027137766e+00 1.131886635875587910e+00 2.422188465499473864e+00 -5.514211340317198840e-01 3.527066463974553034e+00 3.241329440225061642e+00 1.302697725791794880e+00 4.345695022869136004e+00 1.581743297079957866e+00 6.868797242942718206e+00 5.659463737392092852e+00 9.872514558935192142e+00 8.855302495555143594e+00
-1.048489135876305767e+01 -9.485148180276160801e+00 -8.483951661735787297e+00 -7.485245008021630397e+00 -6.484333734959371043e+00 -5.485046748071924938e+00 -4.484321091324106945e+00 -3.485020969063063134e+00 -2.484997715801000595e+00 -1.484633598476660765e+00 -4.849377609789531363e-01 5.148271359503109323e-01 1.515662264078841304e+00 2.514690678566674720e+00 3.515116188675149189e+00 4.514966692775468360e+00 5.514791805297123872e+00 6.515220481902341376e+00 7.515605669468625294e+00 8.514982748776656507e+00 9.514746461063610994e+00 1.051509991660712728e+01
-1.321868067124121104e+01 -9.756625500808704388e+00 -5.243382129664102109e+00 -4.692519326425022008e+00 -3.916579303130696577e+00 -3.770733448589752346e+00 -5.049316600274728728e+00 -1.492867510453757873e+00 -7.564122427431717588e-01 -4.085308260612030562e-02 5.061788479158968457e-02 1.715096406595386203e+00 1.565637832114774586e-03 2.743536306236917799e+00 3.928832851014720351e+00 1.904104724523363323e-01 4.580547767397669112e+00 6.231919466182423761e+00 7.343922355311352845e+00 6.712638727330715760e+00 8.477488754814864080e+00 6.294575401667787062e+00
-1.061801627866712749e+01 -1.031533998948081887e+01 -5.421074279137666707e+00 -2.933705857416417651e+00 -2.178938221719620927e+00 -1.226322199370318167e+00 -9.558741975313491679e-01 -6.760479755755211428e+00 1.835054830427973016e+00 3.138284677068362338e+00 -7.018003097938928514e-01 2.622528006223584507e-02 1.796703301873227243e+00 2.403699323462255677e+00 2.318005539485620936e+00 6.368198364209323614e+00 8.454098380931682755e-01 4.555268659084771521e+00 3.401493566086097431e+00 2.599549929188017749e+00 5.278370500633602802e+00 6.878469494888395097e+00
-7.939319008439697178e+00 -9.786635218809601966e+00 -8.653266356851148089e+00 -4.347854851130326992e+00 -6.829041632711069454e+00 -5.907949200596476658e+00 -4.834508355124944146e+00 -5.881645750407760165e-01 -2.675052884206636339e+00 -2.358072939465336137e+00 -6.167137934520094955e-01 -1.020142343410848640e-01 1.000509699814601250e+00 1.992909856649424771e+00 2.924264302930521531e+00 3.317832718861436270e+00 4.991688613946482000e+00 5.302908853910555109e+00 6.548676713123716020e+00 7.197193980154994897e+00 8.613536208755759205e+00 1.308225431771224301e+01
-1.048456139523875663e+01 -9.484500516544684956e+00 -8.484736699949607441e+00 -7.485326189886457371e+00 -6.485150676559305438e+00 -5.484674524854526112e+00 -4.485410284589626428e+00 -3.484463546763775454e+00 -2.484726805578565845e+00 -1.484272923659190724e+00 -4.848528470505382160e-01 5.152569968591986793e-01 1.515234153379088511e+00 2.514622073281888248e+00 3.515522326935419883e+00 4.514750402082093217e+00 5.515107247639779331e+00 6.515321384776717295e+00 7.515105466951018443e+00 8.515467200089577915e+00 9.514603536237361325e+00 1.051486783813346371e+01
-1.048250494016837564e+01 -9.485056167976404495e+00 -8.485697394744898148e+00 -7.485306030647329578e+00 -6.484835206107637973e+00 -5.485356292264015110e+00 -4.485508254305862863e+00 -3.484847894446412297e+00 -2.483342117206600363e+00 -1.485369137064964207e+00 -4.854439557953238449e-01 5.164560018615347303e-01 1.514395364983524672e+00 2.514338509602987770e+00 3.516873472793543343e+00 4.515005656941379897e+00 5.514881902797661439e+00 6.514168748124085084e+00 7.514240422709432821e+00 8.516858437521893421e+00 9.514799290759995642e+00 1.051443179832264185e+01
-1.048445908488202605e+01 -9.484016915275292448e+00 -8.484299649907791618e+00 -7.484576081349118226e+00 -6.484931950880726603e+00 -5.484589969231343787e+00 -4.485263457013807908e+00 -3.484219168736188976e+00 -2.484708716584870913e+00 -1.484953624619684831e+00 -4.849800667302250901e-01 5.152919390662056287e-01 1.514814863489421626e+00 2.514739143238813313e+00 3.514577771113666316e+00 4.515321748839175697e+00 5.514457764611995216e+00 6.515036965297017701e+00 7.515446091578759535e+00 8.514767284081726118e+00 9.515243540094648012e+00 1.051448378949001672e+01
-1.048417802087283945e+01 -9.484393491663707820e+00 -8.484643093564287142e+00 -7.483954227783478075e+00 -6.485362394966855959e+00 -5.484919145026005083e+00 -4.485137216069482236e+00 -3.485100276090888016e+00 -2.484888463535076752e+00 -1.485380119898096041e+00 -4.850580014965775177e-01 5.146602175452468231e-01 1.515184850177982767e+00 2.515161336145615323e+00 3.514757388017391904e+00 4.514782377264717539e+00 5.515555933795189603e+00 6.515158206901762838e+00 7.514910452745180436e+00 8.515658200464464755e+00 9.514745787463402493e+00 1.051562191613695774e+01
-1.048304766585876990e+01 -9.485493840480380356e+00 -8.485342712903557683e+00 -7.485100054944114234e+00 -6.485415505075982523e+00 -5.485503958368839861e+00 -4.483562761748368430e+00 -3.485020937228741289e+00 -2.484762267971563077e+00 -1.485394025052121592e+00 -4.849509166722878462e-01 5.145279748195967784e-01 1.515354750847274445e+00 2.514684578573159968e+00 3.514357878064572560e+00 4.516522115265782844e+00 5.514835922216832387e+00 6.514426490461282526e+00 7.514577878808442080e+00 8.516720926558432936e+00 9.514204813336789357e+00 1.051656353304332825e+01
-1.048421276157545634e+01 -9.485326690429973340e+00 -8.485248802060418427e+00 -7.484908206219033744e+00 -6.484635596925540924e+00 -5.483829779381098390e+00 -4.485405003482634712e+00 -3.484576238149944771e+00 -2.483477456325816846e+00 -1.485548144037052154e+00 -4.851703996007987740e-01 5.153188874775800343e-01 1.514667006378838110e+00 2.515525566583338701e+00 3.515572132712069475e+00 4.514533350413508117e+00 5.514781313186354339e+00 6.515940101986590349e+00 7.515009487217135131e+00 8.514443213289444756e+00 9.514805676584904504e+00 1.051492455804891080e+01
-1.048390424590228065e+01 -9.484876613725324646e+00 -8.484908241439962140e+00 -7.485104817558445589e+00 -6.484453666616570189e+00 -5.484386626292364397e+00 -4.485216010023259869e+00 -3.485320020128410690e+00 -2.485219884325156059e+00 -1.485248457301755920e+00 -4.851216260682633674e-01 5.155056383121916497e-01 1.514759477566570922e+00 2.515387896787016686e+00 3.514804367314667388e+00 4.515015397559498211e+00 5.515213888477175530e+00 6.515362639318794891e+00 7.515115928243492505e+00 8.515354317020268127e+00 9.514786508272978338e+00 1.051563636619935060e+01
-1.048428882793938755e+01 -9.484802582724510600e+00 -8.484321379526079454e+00 -7.485487156970942024e+00 -6.484985382719454350e+00 -5.484919191761429502e+00 -4.484493003650131371e+00 -3.484521353109304442e+00 -2.484202632172522129e+00 -1.484896027906350113e+00 -4.847971810535831594e-01 5.148426504297791695e-01 1.514791688458499763e+00 2.514989948408176801e+00 3.515071547166876087e+00 4.514922937886291621e+00 5.515204562382276521e+00 6.514779022471479664e+00 7.514637684957559571e+00 8.515256761149936793e+00 9.514584897594026813e+00 1.051581523431974219e+01
-1.048403340713539933e+01 -9.484157056971016075e+00 -8.485155539079134002e+00 -7.485106082125161819e+00 -6.485129685564462676e+00 -5.484354586763805273e+00 -4.485300028188666133e+00 -3.484339767559012202e+00 -2.485074104233204295e+00 -1.485329003496589806e+00 -4.850970371202940612e-01 5.149956704540699093e-01 1.514947234229614637e+00 2.515061034397646722e+00 3.515375761823223755e+00 4.514732650057839081e+00 5.514962045983841321e+00 6.515247880057859931e+00 7.515254585580397162e+00 8.514949543909596130e+00 9.515558390454815552e+00 1.051517371697859993e+01
-1.048418654230506064e+01 -9.484869268807486264e+00 -8.484617908569898503e+00 -7.485261683436966962e+00 -6.484971513125016074e+00 -5.484984872016042345e+00 -4.485484142872415703e+00 -3.484260176393128461e+00 -2.484529440375881748e+00 -1.485217121514398997e+00 -4.850499081340693408e-01 5.157490474256594126e-01 1.515005144205963106e+00 2.514785523441698700e+00 3.514788622883234126e+00 4.515038910237226588e+00 5.515352050689131147e+00 6.514860267666254146e+00 7.515070374039090950e+00 8.515421877530485517e+00 9.515849511054433663e+00 1.051469346406784666e+01
-6.913563399869194548e+00 -1.177910319149422413e+01 -3.982404158639264669e+00 -3.822926033295810377e+00 -2.825345559480285207e+00 -3.338833120958694778e+00 -2.380363634521601046e+00 5.772557499897295052e-01 6.588501058411802558e-02 1.503894878595314344e-01 -2.823659619109624153e+00 3.587430857429539710e+00 2.069752666860696921e-01 6.193311670964039450e+00 2.602596257081445597e+00 2.896344931226210839e+00 3.524264486095087356e+00 3.341102873767343606e+00 7.340733305571717437e+00 -2.893819103473572185e-01 2.482373264583332517e+00 5.520099681568502170e+00
-1.048314201560889103e+01 -9.485044759782878643e+00 -8.485410300168124920e+00 -7.484604899856192262e+00 -6.485208814117035203e+00 -5.484592040154067760e+00 -4.485478189858516984e+00 -3.483626958998776502e+00 -2.484798614951689189e+00 -1.484786962243640929e+00 -4.838258075443206963e-01 5.145921957763732735e-01 1.514941911128431684e+00 2.515243212607765955e+00 3.514968092468647498e+00 4.514413240281012207e+00 5.514949510720638770e+00 6.514799783852959436e+00 7.515762346712024922e+00 8.514318245378404981e+00 9.514544683423904914e+00 1.051516835662450866e+01
-4.921814941581145852e+00 -7.486625699160724068e+00 -5.269785397895729417e+00 -6.388355776726585944e+00 -6.482966108411916117e+00 -1.387182021088783745e+00 -4.698603133651663377e+00 -3.088981132422862430e+00 3.711923884015704722e+00 -2.555572275812777239e+00 -1.833760738652459032e+00 -9.910610259700176616e-01 4.474568154276536980e-02 1.943010844931654102e+00 1.774654416359036979e+00 8.832499997160812022e-01 5.411032250020721079e+00 5.725113452359569699e+00 4.762172482443126853e+00 2.701575461497094377e+00 6.162279946738276948e+00 1.231813204744124590e+01
-1.172054510934953875e+01 -9.552113973071749697e+00 -9.174035943486689604e+00 -3.707646312677338685e+00 -2.822358149106694469e+00 -1.921866169285833870e+00 -4.661296850651941881e+00 -3.745645736003292203e+00 -3.124033271845002346e+00 -1.650575938408784582e+00 -1.815003734749362163e+00 -3.129263199574539023e-01 5.719363823505123623e-01 2.348134168878056816e+00 3.247561375624089752e+00 2.937949963245937379e+00 4.778661645279072445e+00 9.662946037096924456e+00 6.429710326725993852e+00 6.751884224023873671e+00 8.669508840070031752e+00 9.142936760989796241e+00
-1.253008455245555375e+01 -7.400741832222322181e+00 -7.539582176699779481e+00 -5.550738444257846460e+00 -5.461737521235879633e+00 -3.426144148239859799e+00 -3.476146219913158752e+00 -2.747253731350634887e+00 -1.652989751813594088e+00 -5.096692580682705698e-01 1.418225184280893725e+00 1.315418367828641300e+00 2.378056549203881431e+00 3.084026867778479009e+00 -3.868102869262526333e-01 6.489908911355066756e-01 3.891074545577352772e+00 6.049166470118272798e+00 4.824349767799490429e+00 9.209447677720813630e+00 9.301581182540601844e+00 8.894742634889812649e+00
-1.048444177786055320e+01 -9.485152756964609466e+00 -8.483925750648433350e+00 -7.485001390969227231e+00 -6.484394615685390661e+00 -5.484224362468179237e+00 -4.485227992927487861e+00 -3.485158307647168385e+00 -2.484716853296198735e+00 -1.484278744255945526e+00 -4.844295738095567572e-01 5.150849538093247304e-01 1.514879630709240033e+00 2.514479735696857787e+00 3.514958137476984490e+00 4.514837959611957885e+00 5.515480438077991820e+00 6.515190237963741637e+00 7.514981852675026275e+00 8.514696741307323791e+00 9.514731967652389599e+00 1.051481268724257312e+01
-9.641580902702802547e+00 -1.238234911697338703e+01 -5.965280181038495222e+00 -4.677474834894605138e+00 -5.501265626402880748e+00 -3.212775728520361973e+00 -2.007851703559076384e+00 -2.070957869454907119e+00 -1.176234790406561093e+00 -6.144623560932758188e-01 1.632524631602128906e+00 -3.732727811594051648e+00 2.615171688045956344e+00 1.796604173489514622e+00 4.208193239276515563e+00 6.576777030193024842e+00 5.529336143706764517e+00 2.850198704244708559e+00 6.610449170693984300e+00 8.055807548254366068e+00 4.372234799853798926e+00 7.068846007970250866e+00
-1.338191778634447893e+01 -6.226143783627169803e+00 -5.150911959276162300e+00 -5.788048462704250774e+00 -4.412416112686090131e+00 -3.022528839917679289e+00 -2.799176687983157663e+00 -2.031795657303958169e+00 -2.111824857507197173e+00 -4.033022808615383425e+00 -2.199840420701085542e+00 1.683392706764664126e+00 2.709210547809941083e+00 3.097112737815834294e+00 3.419195880327198456e+00 3.130323584162325368e+00 5.820640970702568140e+00 3.512034502626295573e+00 7.393008332448382625e+00 4.620916030635551230e+00 7.355572013223358852e+00 8.749402285841105353e+00
-5.908549135060771285e+00 -1.027938808190238262e+01 -3.057137025422308696e+00 -8.311139818643386690e+00 -7.344713738901079481e+00 -1.839022883850178758e-01 -5.362311704282780589e+00 -4.304395589044285764e+00 -3.327859229995982382e+00 -2.488739702917833974e+00 -1.308582914746487802e+00 -3.297558958154417907e-01 -4.349554509701023530e-01 1.532285807829914637e+00 8.834371983051060084e+00 2.740000303740987242e+00 3.470568339072888531e+00 5.481954323201757795e+00 6.581487694633159080e+00 7.474254209062383580e+00 8.331382072505816083e+00 8.528308058680501347e+00
-6.901594408729044616e+00 -7.919584125668024832e+00 -9.029755841259950344e+00 -7.783423531441826526e+00 -5.546303187802082313e+00 -3.884629889077539033e+00 -4.451435701860058103e+00 2.292893379817686039e+00 3.206735626014132201e+00 4.054432610704693296e+00 -4.230627910747256637e-01 1.605054613360124227e+00 -1.567721226249658706e-01 1.506125867570511145e+00 3.685814641569897354e+00 2.873631682037104618e+00 4.650510622187053578e+00 5.196397034507810098e+00 3.559010836605707162e+00 3.530067847118400159e+00 4.248355240020165624e+00 6.020713813715554252e+00
-3.324369509265442613e+00 -3.503743230272422071e+00 -6.145432952260041937e+00 -7.967721796856176653e+00 1.045620532200601138e+00 -3.026498750857367526e+00 -3.379781788126532405e+00 -2.100983480799103464e+00 -3.622438705954385885e+00 5.567541030566115268e+00 -2.179852386800150477e+00 -8.595671721812332411e-01 -1.723663319866120869e+00 -7.873434187270530460e-01 1.540856965024957503e+00 7.649358890886750473e+00 2.129461412820473853e+00 1.738420486582212376e+00 2.182988003643033359e+00 4.796150185117319609e+00 5.161503012905151344e+00 7.142678207910024391e+00
-1.048396010053435390e+01 -9.484745935621587520e+00 -8.484625176611277908e+00 -7.485057891431207366e+00 -6.485029437663889951e+00 -5.483699367466304153e+00 -4.485027001324045415e+00 -3.485070989551889653e+00 -2.484590851786460775e+00 -1.484879643740992350e+00 -4.850726733831027815e-01 5.153352459045770217e-01 1.514954811808722823e+00 2.515536180612697237e+00 3.515182061967507821e+00 4.514888583597793215e+00 5.514592035588876229e+00 6.515951267358911281e+00 7.514634801921504348e+00 8.514822541651382082e+00 9.514551809904231661e+00 1.051449194448913715e+01
-1.048418718203905087e+01 -9.485075715929266238e+00 -8.484170462936164725e+00 -7.484705302864334442e+00 -6.484555173665278005e+00 -5.483913633972420598e+00 -4.485206667333841324e+00 -3.485102709382788433e+00 -2.483639072626825595e+00 -1.484878096729516983e+00 -4.854415543377488262e-01 5.158315114676863544e-01 1.514671038836235439e+00 2.515343051403746699e+00 3.514928247779597115e+00 4.514440495520823049e+00 5.514524038881052803e+00 6.515536461025467574e+00 7.515033651143312454e+00 8.514968078583470046e+00 9.514333996921767067e+00 1.051444721594452325e+01
-1.048490039394657458e+01 -9.483672813935703161e+00 -8.483831794424483874e+00 -7.484817401929349856e+00 -6.485111677511158135e+00 -5.484609709544594480e+00 -4.484940992160263207e+00 -3.485170030458412782e+00 -2.484841772778452196e+00 -1.485018828375755717e+00 -4.849071665243620544e-01 5.146585465832256290e-01 1.515096335248520276e+00 2.515669985250998053e+00 3.515222354368733093e+00 4.514432369308037707e+00 5.514692670242357764e+00 6.514846040443945441e+00 7.514589688317350635e+00 8.514728306369349298e+00 9.515187381343407580e+00 1.051588111980395190e+01
-1.048612674935296951e+01 -9.486638455228366240e+00 -8.487040250138793596e+00 -7.486390827731653985e+00 -6.475396035747076340e+00 -5.486907868222751006e+00 -4.487385212020427616e+00 -3.487012593583633802e+00 -2.475315062837159630e+00 -1.486497490243472441e+00 -4.869409786029326170e-01 5.130424215035009894e-01 1.513551832600077418e+00 2.512821884317828491e+00 3.513252438469365302e+00 4.524126799269154731e+00 5.524196804924446980e+00 6.512517543001608900e+00 7.512994320555174355e+00 8.513302863998847059e+00 9.512548120184378675e+00 1.051247871057553240e+01
-8.287208483252072710e+00 -6.149170582898097592e+00 -3.625207823237600380e+00 -1.563096995357727614e+00 -5.930616858535955771e+00 -5.867679106857602633e+00 -3.705681557167687767e+00 -1.412951325995965846e-01 -3.386615669013985919e+00 -1.291042243006573997e+00 3.634012812194269415e+00 -2.290783252105468293e+00 1.437570288193250612e-01 1.962364259021157409e+00 1.478010721885475220e+00 -1.540023056038447802e+00 1.272589126447702945e-01 4.465237840590324581e+00 1.046407981147855359e+01 9.806962157764269605e+00 6.729073767395810535e+00 5.300845663967459487e+00
-8.468378890267292292e+00 -9.637000568645902376e+00 -6.346105841688503002e-01 -5.813266715783832694e+00 -1.196214273348424006e+00 -3.657077412808006134e+00 2.008856199506030116e+00 -5.344505421119825073e-01 4.218730651892460548e-01 1.550511473404679652e+00 1.390616780875720604e+00 2.384967768191438076e+00 2.924149696365469620e+00 3.787944921469309278e+00 -2.358328809801599757e+00 2.869039088203691357e+00 5.320670623484549111e+00 3.198401113019265107e+00 -4.568637245412200398e-01 6.877121608942993181e-01 2.536840467122733589e+00 4.007790379441294348e+00
-1.174860244773863904e+01 -8.414461961181364913e+00 -5.446155078973201391e+00 -4.759887356417994653e+00 -3.495632786803610337e+00 -6.268746210846474654e+00 -1.329565031583343160e+00 -1.686063058915452384e+00 -5.116776355481391647e-01 -4.178900929287594934e+00 -8.706111916952103957e-01 2.963522823177316412e-01 6.989675957972805165e-01 1.951933146725314927e+00 2.577770185916358869e+00 2.432024923959772433e+00 4.725678306170228105e+00 4.411999511296477827e+00 8.582260252018551583e+00 4.794194748242349036e+00 9.612633293920280764e+00 8.959671658317303056e+00
-1.048310252414513855e+01 -9.484851160510018531e+00 -8.484283098442993776e+00 -7.485217416151032310e+00 -6.483408281071620038e+00 -5.485933863981211189e+00 -4.485305005176522641e+00 -3.485966840250950938e+00 -2.485881680114697900e+00 -1.484057390554388789e+00 -4.858779846267395897e-01 5.149569572372723059e-01 1.515039867298151322e+00 2.514338767663979013e+00 3.514552927152665873e+00 4.517458370463403483e+00 5.513987055556329508e+00 6.516634723679569419e+00 7.514710313217195292e+00 8.516856348650007291e+00 9.513937062160522373e+00 1.051459506763652207e+01
-1.152975666211259842e+01 -7.057282347325856797e+00 -6.501272705729925327e+00 -5.038595969669204422e+00 -4.814546428462178618e+00 -3.908620686896576935e+00 -3.551611461634497147e+00 -1.823222955698504677e+00 -1.267205519676490866e-01 -9.202545543768977376e-01 -3.946665993459559374e-01 2.174396309750955325e+00 3.994998615359591998e+00 1.791896618550714360e+00 -2.274204219810900263e+00 5.340844028000221400e+00 6.193798250619248158e+00 7.468057687521203469e+00 7.573174710292940759e+00 5.070183451724734169e+00 6.255559551081998571e+00 2.411028135819748286e+00
-1.048431872508736973e+01 -9.484913653948074952e+00 -8.484882711686863033e+00 -7.484939663924954800e+00 -6.484989292242289594e+00 -5.485200300135389284e+00 -4.484930745579980282e+00 -3.485169447281146304e+00 -2.484619318761577489e+00 -1.484914041378264216e+00 -4.848687716505679646e-01 5.151282853700980269e-01 1.515635111115207323e+00 2.514995553276760276e+00 3.515405677936302098e+00 4.514883176169622203e+00 5.515339844606147679e+00 6.515412010929811260e+00 7.515104719183680615e+00 8.515058488331060715e+00 9.514971204779374858e+00 1.051499481566928118e+01
