-1.051050403053792337e+01 -9.510663569820192009e+00 -8.510569215667521448e+00 -7.510648560625604375e+00 -6.511018567633898968e+00 -5.510585212064071925e+00 -4.510818370533257848e+00 -3.510483630848213465e+00 -2.510528889400044150e+00 -1.510899242860350711e+00 -5.107310720804161264e-01 4.890035196122681782e-01 1.489004447209557824e+00 2.489163394170713417e+00 3.489229499447066729e+00 4.489007513123471682e+00 5.488908617841918414e+00 6.489086489277795522e+00 7.489339820193963604e+00 8.489273718642900590e+00 9.489112745123820858e+00 1.048885056664319215e+01
-1.418465790195648779e+01 -6.965892375818648397e+00 -5.047927634933262908e+00 -3.838883011858438721e+00 -4.430530307482706931e+00 -1.051048543880441777e+00 -3.849980378202979558e+00 -5.252232600743989011e+00 -1.916532455699164750e-01 -1.241494493174997160e+00 1.987101879582462871e+00 1.543690892364847134e+00 2.826970620951654745e+00 1.855066877644835577e+00 3.319108518055706281e+00 2.978046034357734406e+00 3.581360961475906546e+00 4.088914928808310201e+00 5.291192265745853440e+00 6.793810024815994275e+00 4.420559611868942085e+00 7.131007847165015789e+00
-1.051103416017516423e+01 -9.508357233621854476e+00 -8.511026128449229233e+00 -7.511087521233365649e+00 -6.508522658862847976e+00 -5.511583089151182335e+00 -4.511930532076144473e+00 -3.511395893313684624e+00 -2.509188718416472952e+00 -1.511829822578222959e+00 -5.110755928538175397e-01 4.882487363435892291e-01 1.488870882175175936e+00 2.489346683702668983e+00 3.488016330383027608e+00 4.488394633612839968e+00 5.490755364976132924e+00 6.488249928436481184e+00 7.491073251447883052e+00 8.488599211654861421e+00 9.489522018215856392e+00 1.048848427899858038e+01
-1.097420892303382089e+01 -8.577814981203584210e+00 -6.364118823123920521e+00 -7.698226145521350539e+00 -4.787729447582600883e+00 -4.124770978960325074e+00 -3.735157957112198446e+00 -1.766425007415272308e+00 -2.097144684786865110e+00 -2.737442881683347373e+00 9.535152069777232953e-01 -4.717058308428453972e-01 5.845970395666180153e-01 3.641492149020012281e+00 4.059727813776557781e+00 1.165308015323311963e+00 5.741867539646649199e+00 4.790274799062891553e+00 7.586778809916006061e+00 5.285891289237550694e+00 9.301064536871297861e+00 9.986758431082890297e+00
-1.051101861995736897e+01 -9.510663823309274179e+00 -8.509805933657025534e+00 -7.510835559192054589e+00 -6.508837745609607595e+00 -5.509697088125088626e+00 -4.510411516847947055e+00 -3.510851980271684880e+00 -2.511178703131998091e+00 -1.511108034375039821e+00 -5.105043212798623387e-01 4.889793013307031089e-01 1.489099531349799221e+00 2.488568230447427254e+00 3.488035975870744210e+00 4.489834359762330251e+00 5.489250465211528152e+00 6.489050461825986105e+00 7.488641737875607163e+00 8.488208188590659731e+00 9.488989843902244203e+00 1.048878519880499027e+01
-1.051081710207197517e+01 -9.510260901329200323e+00 -8.510596035895028777e+00 -7.511023371395760151e+00 -6.510014614936975974e+00 -5.510202652690077585e+00 -4.511056980964818663e+00 -3.510938613590891322e+00 -2.510902172801166898e+00 -1.510823077437555284e+00 -5.101562951776212884e-01 4.890784109857833073e-01 1.489038826051073627e+00 2.489596442404103271e+00 3.488816686990572791e+00 4.488946409049342279e+00 5.488811031999903278e+00 6.488905415954905109e+00 7.488998078825783722e+00 8.488739536228491644e+00 9.489531674506972436e+00 1.048885927450926125e+01
-1.051025019247416736e+01 -9.510703023861738714e+00 -8.511105846952293774e+00 -7.511149969290601192e+00 -6.509678814898823163e+00 -5.509913448582993922e+00 -4.511207249354230342e+00 -3.510726739059796486e+00 -2.511090267788254948e+00 -1.511180874298903021e+00 -5.110872354019679875e-01 4.897053052078668145e-01 1.489072750915193311e+00 2.488872486759323266e+00 3.489604007114076367e+00 4.488784614611766699e+00 5.489001560617589703e+00 6.488771471787593725e+00 7.488813783634800103e+00 8.489761683751247290e+00 9.488851513374944702e+00 1.048938445340504089e+01
-1.082844215970010637e+01 -6.059927622140032000e+00 -8.429842352320708443e+00 -4.464216112885370791e+00 -3.030899883973934283e+00 -5.710579185763337229e+00 -5.647925303559927279e+00 -4.292326979417540045e+00 -3.948310681448679915e+00 -1.949239301095233134e+00 -1.498545199847158171e+00 3.880612911105118634e+00 -2.614199191462398542e-01 1.852072183350471857e+00 2.715890841694370561e+00 2.342434034312169011e+00 5.025369945538330718e+00 9.156108335805699383e+00 6.855617367844344834e+00 6.838775906352815959e+00 8.445949676909069836e+00 8.771373467601277341e+00
-1.282065791455418591e+01 -5.913065757210066664e+00 -5.567009044402203344e+00 -6.407947751439085238e+00 -3.486708793806151618e+00 -2.454628907298645135e+00 -1.667439044022524630e+00 -3.817749747883600442e+00 3.662320222554451554e-01 -1.485660354639094960e+00 1.155695349186867338e+00 5.706379584644640790e-01 1.649656022966958568e+00 1.964773849522142513e+00 3.033198944300874444e-03 1.266916353932481698e+00 1.483127224995707927e+00 6.487295599500250809e+00 3.224805524701297887e+00 6.830992354550742718e+00 8.813270473185237819e+00 9.566961352265051843e+00
-1.050959370149811178e+01 -9.511078542606396624e+00 -8.511464855210350677e+00 -7.509790635244431911e+00 -6.511518558995289752e+00 -5.510617768899958691e+00 -4.511505699293184790e+00 -3.511580383913095460e+00 -2.509151993827375193e+00 -1.511457970873877343e+00 -5.114317150278591129e-01 4.911259798840941215e-01 1.489170634611076238e+00 2.489636906845991149e+00 3.489500456912944415e+00 4.488517032428216424e+00 5.489471638067195514e+00 6.489348308606571081e+00 7.488572352989145031e+00 8.488420204682777026e+00 9.489218556745479205e+00 1.048873972283167078e+01
-1.051005962287840134e+01 -9.511057061905212606e+00 -8.510738206857990207e+00 -7.510719133371674516e+00 -6.510714476758771241e+00 -5.510938821191148307e+00 -4.510770974511460807e+00 -3.510056754404862644e+00 -2.510539455169974232e+00 -1.511228499764749600e+00 -5.103264579718853611e-01 4.892815222794268948e-01 1.489219414239570938e+00 2.489052714949293588e+00 3.489036293869657968e+00 4.488922985439941726e+00 5.488885151391674100e+00 6.489258678799313174e+00 7.488589720969844876e+00 8.488670336251901816e+00 9.489337282424614273e+00 1.048942533338610517e+01
-1.307949232770609527e+01 -7.340999826628372915e+00 -6.399153615155924513e+00 -6.956253466050573486e+00 -4.400250134263282042e+00 -3.623182144757516987e+00 -4.458208354139947538e+00 -2.047487075434867965e+00 -2.053515895207358888e+00 -2.568353127577667205e+00 1.683076093161303688e-01 1.328722836323329659e+00 1.484512876646770785e+00 2.257162161309730131e+00 3.257398995491977534e+00 1.867157324334086654e+00 4.744572272431729409e+00 5.575324875800807156e+00 7.046849971261909928e+00 5.445529509316497041e+00 8.966576641738180697e+00 1.054731086216584757e+01
-1.050899966806176877e+01 -9.510958269238473761e+00 -8.511229105293750763e+00 -7.511051289737254777e+00 -6.511399865150455213e+00 -5.511171884834775270e+00 -4.510958619415768922e+00 -3.511370420455941499e+00 -2.511045716702930974e+00 -1.509234718978406775e+00 -5.113168209791272290e-01 4.888453707098872059e-01 1.488750807940951049e+00 2.488606415688982665e+00 3.488764353096478033e+00 4.490703396499149846e+00 5.488430082797993492e+00 6.490735560655583214e+00 7.488550610840315258e+00 8.490645907819260430e+00 9.488455481827243077e+00 1.048877836018800025e+01
-1.326652594393847195e+01 -9.443138010296191709e+00 -5.930768995692897505e+00 -5.678766945803833011e+00 -4.097873742534608787e+00 -5.572394924226411916e+00 -2.242103070132849929e+00 -2.606692187293212282e+00 -5.701301804833360798e-01 6.648102047127701919e-02 8.139688286141968376e-01 2.420119846422021048e+00 -1.292425589545416420e+00 2.904582076299659477e+00 3.285044878685418723e+00 1.384587051836599025e+00 2.695235318324431528e+00 6.938813052310405460e+00 6.470722857050724919e+00 8.022286784245210356e+00 9.062767947472593733e+00 6.398739897430087531e+00
-1.051061052744360325e+01 -9.510681687938889795e+00 -8.510655983435828631e+00 -7.510955124246825321e+00 -6.510689436542699937e+00 -5.510623286562887913e+00 -4.510705350982858519e+00 -3.510678752410150594e+00 -2.511071535843331759e+00 -1.510773993181905084e+00 -5.105848713693319496e-01 4.891213410618604485e-01 1.489212260496891815e+00 2.489212003451852340e+00 3.489500240338115233e+00 4.489346136254344088e+00 5.489082396877082104e+00 6.489233025265008337e+00 7.489006095481185454e+00 8.488969844681291121e+00 9.488800533962512773e+00 1.048907664130357453e+01
-1.051024878803985274e+01 -9.509561092000113902e+00 -8.510514520447356901e+00 -7.510788403790124690e+00 -6.511238627474414287e+00 -5.511190764944666753e+00 -4.511330619793058716e+00 -3.510029472749355506e+00 -2.509374313395131395e+00 -1.511273861270060692e+00 -5.112731683660758364e-01 4.890193414281576167e-01 1.488788202066299249e+00 2.489011235196466387e+00 3.489020608026860870e+00 4.489317752082229163e+00 5.489431045610787763e+00 6.489700719375489868e+00 7.488424799997691395e+00 8.489125392992372454e+00 9.488478205759395934e+00 1.048903629894959622e+01
-1.242701267708438984e+01 -1.083445691082760831e+01 -4.579639572019632787e+00 -6.416428022304305756e+00 -5.567489584581045037e+00 -4.878627354263813665e+00 -7.049431713299268987e-01 -2.808885463073650390e-01 1.258939864394634789e+00 -4.709639284829839623e-01 -9.334598341875028904e-01 3.847894375976846248e+00 1.924576760246535789e+00 1.217925049665495640e+00 1.090943864338350222e+00 1.556095777400580138e+00 2.478036259055064416e+00 5.264349883054499912e+00 4.335124778779160692e+00 7.039911642936500513e+00 7.985246021234051028e+00 8.857395293522241531e+00
-1.050807270949537298e+01 -9.511051630431941462e+00 -8.511274179274376905e+00 -7.510283252055002023e+00 -6.508696680719188166e+00 -5.511438747698610641e+00 -4.511237611824801874e+00 -3.511691151017492629e+00 -2.509087769145308400e+00 -1.512031948024569417e+00 -5.117555538361706624e-01 4.891769459301755774e-01 1.488872060721568857e+00 2.488580780273130344e+00 3.488449247723272251e+00 4.491020919924430643e+00 5.488120766525916849e+00 6.488397816365411686e+00 7.491516793316060685e+00 8.487881550734687863e+00 9.489090534096410678e+00 1.048804378712718410e+01
-1.050974859534345285e+01 -9.509228723631666824e+00 -8.510605151341726682e+00 -7.511391180144141089e+00 -6.510950835929676828e+00 -5.510202395306411205e+00 -4.510336006568227418e+00 -3.511159243570149968e+00 -2.510679463432587966e+00 -1.510341922329232034e+00 -5.110415989025156591e-01 4.884027665988845968e-01 1.488821928812685158e+00 2.490493645383537569e+00 3.488480468703931692e+00 4.488640469922248855e+00 5.488590759648506179e+00 6.489511979235832229e+00 7.488739443434900167e+00 8.488596265627569082e+00 9.488802900029842391e+00 1.048913445831698610e+01
-1.051047614521595364e+01 -9.510729420252802768e+00 -8.510916824706558970e+00 -7.510564076968215375e+00 -6.510595533319470718e+00 -5.509863603182807879e+00 -4.511136892505653861e+00 -3.511421951719306378e+00 -2.510441149838921859e+00 -1.510963197120197776e+00 -5.105509192428741017e-01 4.894289492883512338e-01 1.489029449156747731e+00 2.490057048133836659e+00 3.488842350176799556e+00 4.488728684119212886e+00 5.488949347964746650e+00 6.489539277485832258e+00 7.489176948300826808e+00 8.489285190335731812e+00 9.488632966510278877e+00 1.048851947181604594e+01
-1.482024375016736606e+01 -5.873827006431428188e+00 -4.435070980621913961e+00 -5.242051171124691322e+00 -3.567728179516335807e+00 -2.304355877426865984e+00 -1.905938428564460718e+00 -9.913363134021540013e-01 -3.574397154097999074e-01 5.388849117574461278e-01 2.189314101057950879e+00 -5.765928844152951038e-02 2.544545446666039545e+00 3.778298183963438639e+00 7.673901662951116975e-01 3.658103890771726263e+00 4.534108675912339237e+00 6.391322961756181087e+00 9.913107667074800844e-01 4.285333943180146932e+00 2.774593416376461619e+00 6.864974215877641228e+00
-1.051026785983285095e+01 -9.511508634821934649e+00 -8.511209717528391394e+00 -7.510473749177039693e+00 -6.511376223103564342e+00 -5.509771688417957947e+00 -4.510262674228714630e+00 -3.511028914289056502e+00 -2.509434840218576213e+00 -1.510157531635327288e+00 -5.104721398516218756e-01 4.899635402993638422e-01 1.489998662336297741e+00 2.489200243218368414e+00 3.488476285202924743e+00 4.488639855249351385e+00 5.489148536189029315e+00 6.488982120020812872e+00 7.488288329406213251e+00 8.488695831461376073e+00 9.488767140968271008e+00 1.048833339796824049e+01
-1.051008246568122217e+01 -9.511235569688404112e+00 -8.510577832433321888e+00 -7.511403550478569002e+00 -6.510788207027040642e+00 -5.511029196056448143e+00 -4.510638688775642891e+00 -3.511028637262928243e+00 -2.511235249313434892e+00 -1.510299344631768292e+00 -5.100528272715578737e-01 4.893939820202799496e-01 1.489365088668726855e+00 2.489404070106404632e+00 3.488742048767468518e+00 4.488984401253121703e+00 5.488940711048504895e+00 6.489214482632535308e+00 7.489822338250542444e+00 8.489054958251371019e+00 9.488643857565781659e+00 1.048933559927072245e+01
-9.881627015658329682e+00 -9.030993982493077610e+00 -7.959999399999888148e+00 -7.020557358403256565e+00 -5.910425499648200187e+00 -4.942292896080388687e+00 -3.879562281629572063e+00 -6.659276496717997595e+00 -1.911725541374212245e+00 -1.041619225928964054e+00 5.686008007006942977e-02 1.039999106977390619e+00 1.923524065642599146e+00 2.985481547529428514e+00 3.181008477329148043e-01 4.896210112479339571e+00 5.902850454950052672e+00 6.869817411726514500e+00 7.914110654753574892e+00 8.924360289414126512e+00 6.335183112989719589e+00 1.083411198288355415e+01
-8.215322068926472099e+00 -5.923939364530388829e+00 -1.081035899007906309e+01 -5.783526830416044540e+00 -5.580560106034195833e+00 -3.462831710429941978e+00 -6.866544025006443341e+00 -1.985950722695688953e+00 2.024604685234372425e-01 -5.436171643878656701e-01 8.978332323098852097e-01 -2.080311272353755347e-01 1.450286499004981300e+00 2.733081496119440512e+00 -5.410191058250468643e-03 2.925020054071687081e+00 5.667460052867257403e+00 6.141670905409321257e+00 4.710517647830540611e+00 6.972890319753066279e+00 9.365089594809196782e+00 8.082311999316294404e+00
-1.051051088625728624e+01 -9.511071400886216054e+00 -8.510794470256010769e+00 -7.509392189031306231e+00 -6.509887831454907570e+00 -5.510753223841820869e+00 -4.511127205734897672e+00 -3.510799991136243747e+00 -2.510983290320073280e+00 -1.510099271481674776e+00 -5.115525370294324858e-01 4.892639571970232026e-01 1.488802222365693595e+00 2.489041467959230758e+00 3.488803250545810641e+00 4.488580761308027078e+00 5.488756878132177164e+00 6.489492771977733554e+00 7.488501919264155759e+00 8.489599374884917893e+00 9.488614758307292618e+00 1.049004490470345097e+01
-1.340743153669606791e+01 -6.898133262030666124e+00 -6.800699711268070935e+00 -5.553182402260749662e+00 -4.590712144648267490e+00 -3.655094929189515174e+00 -2.300675988255153737e+00 -2.418290808424469418e+00 -1.151318486624467008e+00 1.204666126315423469e-03 7.434535178898138419e-01 2.053443157094231863e-01 1.696845298540151203e+00 2.496162269822998159e+00 7.078514827678741295e-01 3.044008804536550983e-01 3.229827984168400334e+00 7.198055655140856324e+00 4.378083741405482066e+00 8.602728787254388720e+00 7.618415244855504476e+00 9.355695394477949733e+00
-1.051082437485450782e+01 -9.510697759687879227e+00 -8.510249637067298423e+00 -7.510904185473931349e+00 -6.510937280952912687e+00 -5.510239683091638696e+00 -4.510055147111406981e+00 -3.511038132011892188e+00 -2.510988950729348801e+00 -1.511260561645022094e+00 -5.107887312769818777e-01 4.889137074351364021e-01 1.489142142236239863e+00 2.488944590091710651e+00 3.488910041749480939e+00 4.489143215119845820e+00 5.489652208983907045e+00 6.488975018262868488e+00 7.489527441561230958e+00 8.489790253341199744e+00 9.488829299807552076e+00 1.048868649452925617e+01
-1.051080432872878134e+01 -9.509734544564357961e+00 -8.510822910476797176e+00 -7.511306438256401208e+00 -6.510502028871648861e+00 -5.510284740139137938e+00 -4.510822657157067539e+00 -3.509606156159533086e+00 -2.510271679271335543e+00 -1.510750855911844326e+00 -5.109466795216892621e-01 4.888995553959496476e-01 1.488738987933512448e+00 2.488394964825022981e+00 3.488878820430150185e+00 4.489762571047654305e+00 5.489582900296559487e+00 6.488680277358401582e+00 7.488338146697399722e+00 8.489160176705230043e+00 9.489232417534696040e+00 1.048871417004954232e+01
-1.051153260943559786e+01 -9.511188183995795242e+00 -8.511271302672932748e+00 -7.508203481408694202e+00 -6.511591767045567636e+00 -5.511637662622058897e+00 -4.511449744078221968e+00 -3.508055900308216124e+00 -2.511800770732476096e+00 -1.508649622174816685e+00 -5.104804086414169717e-01 4.911432069811016987e-01 1.488707895306035311e+00 2.488071824339305849e+00 3.491480226543819398e+00 4.489380563524644430e+00 5.488895754245199043e+00 6.488003815439617128e+00 7.488250310448091085e+00 8.487707967785276253e+00 9.488038922575389833e+00 1.048871093514290997e+01
-1.051020649041647204e+01 -9.510617032308473995e+00 -8.510877690870659151e+00 -7.510116845030704980e+00 -6.510993428189648213e+00 -5.511124401945973972e+00 -4.510690226812268833e+00 -3.511046766896157578e+00 -2.510850041766046203e+00 -1.510462715883150508e+00 -5.107157972048756989e-01 4.889896366406443207e-01 1.489585526626205692e+00 2.488862082700821432e+00 3.489441186528301486e+00 4.488961279730894205e+00 5.488913536410429117e+00 6.488942057232950589e+00 7.489041194658383915e+00 8.489534393291574332e+00 9.488950357179737338e+00 1.048901015553961180e+01
-9.053466901084266993e+00 -2.781849515729509115e+00 -6.735867271614081275e+00 -5.897437471561859823e+00 -3.285708160710758552e+00 -2.690773475727850528e+00 -2.520806016249692583e+00 -2.714082784615283295e+00 -6.105301085337286882e-01 -5.172855516467260717e-01 3.697818643855741882e+00 5.247124394010379334e+00 1.035636158296331377e+00 7.040589748687862581e+00 -2.425680636406490898e+00 2.375077927255214494e+00 4.647282303995545760e+00 5.873949896773704715e+00 2.100719048673489464e+00 1.385449866542906250e+00 2.159404062059114615e+00 3.432965812945353079e+00
-1.051072371547867590e+01 -9.510667262429512547e+00 -8.510634502226642084e+00 -7.511001935059383072e+00 -6.510647838765907025e+00 -5.510794749314136709e+00 -4.510889952832989991e+00 -3.510955354029489328e+00 -2.510976260358622980e+00 -1.510848125273522413e+00 -5.110000053589960345e-01 4.893222248012403242e-01 1.489253575151623821e+00 2.489201540296727799e+00 3.489298323338687169e+00 4.489534029906449675e+00 5.489258418029008268e+00 6.489097656851466667e+00 7.489140356128867637e+00 8.489501657133748935e+00 9.489058615809140562e+00 1.048900327289647016e+01
-1.051067511568017920e+01 -9.510341046547349464e+00 -8.509863807057790552e+00 -7.511277837848133743e+00 -6.510993113910604535e+00 -5.510788804089479243e+00 -4.510029254650518737e+00 -3.510883806442686605e+00 -2.510800643062042425e+00 -1.511118112301286232e+00 -5.111265314573660845e-01 4.893720092421158796e-01 1.488774182105606414e+00 2.489359082484776664e+00 3.489012272859156383e+00 4.489011244679035784e+00 5.489200630987225438e+00 6.489186489785256029e+00 7.489598633552134288e+00 8.488870950246395708e+00 9.489279249513682402e+00 1.048876329680734720e+01
-1.050999306548720114e+01 -9.510977369140475091e+00 -8.510851610790583166e+00 -7.510013763200156234e+00 -6.510631043802586504e+00 -5.511024128984310266e+00 -4.510576356541001530e+00 -3.510134283791884968e+00 -2.510895904492228325e+00 -1.510771114717812225e+00 -5.113106261600073310e-01 4.889132339846078423e-01 1.489066134799619689e+00 2.488965224136013177e+00 3.488646264780658868e+00 4.488990794528625372e+00 5.489488426257274511e+00 6.489815096963544860e+00 7.489318702031276587e+00 8.488697964359422699e+00 9.488797526467937615e+00 1.048900986801494994e+01
-1.051001490550962814e+01 -9.510609901425500112e+00 -8.510351589796211869e+00 -7.510949856517004974e+00 -6.511095433411261624e+00 -5.510448499498043162e+00 -4.510921022770073563e+00 -3.510706133124502415e+00 -2.511008775708340579e+00 -1.510935707864433653e+00 -5.107659985396004743e-01 4.889628375795727067e-01 1.488851712169973140e+00 2.488777422430837660e+00 3.489412152293047242e+00 4.488717981698831849e+00 5.488825933161104231e+00 6.489405096593221955e+00 7.489114732566209298e+00 8.489415713670570796e+00 9.489482649686660665e+00 1.048937156152995698e+01
-5.290620813550319212e+00 -4.151668148635078381e+00 -9.689766872059953684e+00 -8.468398720985947037e+00 -7.160985742767924656e+00 4.564440783739263097e-01 -5.488827053257251620e+00 1.766199819890447387e+00 -4.344688415971717177e+00 -2.101717165620309746e+00 -5.590157811871493410e-01 -7.629037343197134780e-01 7.267179421461849032e+00 1.036128667648682722e+00 2.123618340539841665e+00 2.377554960302117770e+00 4.090129589810101329e+00 3.721795935866093252e+00 4.170262041560182986e+00 5.358186636093684285e+00 7.717864082887399668e+00 7.695758843136426108e+00
-1.050969838554205893e+01 -9.511501746421499703e+00 -8.510493384843506703e+00 -7.509986439889136278e+00 -6.511461714451950655e+00 -5.511150727217835055e+00 -4.510661939328354464e+00 -3.511043185537509714e+00 -2.511545444076702438e+00 -1.510968560522243820e+00 -5.110490267926959262e-01 4.889420623129083765e-01 1.489049738103696896e+00 2.489285802299324502e+00 3.489232381636449887e+00 4.489408103579824783e+00 5.489125197583984317e+00 6.490343114191835738e+00 7.488977042788818039e+00 8.488927220756366410e+00 9.489793186837980343e+00 1.048900667374784490e+01
-1.051000265540042733e+01 -9.511104938997442915e+00 -8.510920507325351991e+00 -7.510205937041479984e+00 -6.510957834734133698e+00 -5.510873732580368056e+00 -4.511039992286381306e+00 -3.510197517885401908e+00 -2.510551927103218617e+00 -1.510939148678012600e+00 -5.105275190011973052e-01 4.887579479678159089e-01 1.489194395528604886e+00 2.489023732529448196e+00 3.489605175839230355e+00 4.488781529055406949e+00 5.489689263091850790e+00 6.489069814370440170e+00 7.488870220766834507e+00 8.489005791531374356e+00 9.488875607536604306e+00 1.048897820203142395e+01
-1.051031048426568759e+01 -9.510686015879544541e+00 -8.510630866681974993e+00 -7.510487308895047676e+00 -6.510715013539231322e+00 -5.510719409381795941e+00 -4.511028966104429827e+00 -3.510852819477971565e+00 -2.510901829397120366e+00 -1.510438105260774933e+00 -5.107404200190774901e-01 4.888659360056646364e-01 1.488921666348533179e+00 2.489871525967673804e+00 3.488754482770517029e+00 4.489210242236207904e+00 5.489459046924668684e+00 6.489179098809316315e+00 7.489014858210643055e+00 8.488920772278857996e+00 9.489030035043313660e+00 1.048881354352290352e+01
-1.051077228310430201e+01 -9.511204804209125285e+00 -8.510990063575166076e+00 -7.509116346863198288e+00 -6.510827760127440911e+00 -5.508986334231760651e+00 -4.510392452505495697e+00 -3.511589552191175301e+00 -2.510749245909108751e+00 -1.511310364035026055e+00 -5.113346082242991031e-01 4.906786131587921318e-01 1.488786076280209869e+00 2.488265876742925542e+00 3.489113424989314538e+00 4.489092354747386437e+00 5.487938855859370690e+00 6.489169125529855364e+00 7.488888864490128583e+00 8.490377728911964184e+00 9.488559623333539861e+00 1.048893324014816208e+01
-1.027348321029627165e+01 -5.900583652068768892e+00 -3.820756732955747470e+00 -7.876937596203724468e+00 -8.118216885142807371e+00 -5.946884586101317538e-01 -4.034086431261082240e+00 -4.985489250951266271e+00 -2.966415198644250406e+00 -1.278220774971640994e+00 -1.124302924622849531e+00 -1.576478827295953733e-01 6.792834380811920703e-01 8.296411681106073965e-01 3.065640140301495897e+00 6.550928334699962718e+00 7.061745814181184855e+00 4.835978139838988277e+00 4.609221237873822652e+00 6.353551111604422985e+00 7.879865881568871799e+00 9.027503701412991077e+00
-1.162199591138279153e+01 -5.366259469984901997e+00 -7.348513902218296145e+00 -5.489022222717160560e+00 -5.431145840160024107e+00 -1.812526209327460336e+00 -1.468127601902377233e+00 -5.491374447610927190e-01 4.203434083470883875e-01 5.868422158176771486e-01 2.027341747775652792e+00 1.422985905708387122e+00 -6.120505719984299375e-01 8.979550716649307984e-02 -2.542990402058660226e-01 -3.645988008330729446e-01 5.853184825846056150e+00 4.639217221691671611e+00 2.072665451997214525e+00 7.326693557568486170e+00 9.788118413489554470e+00 5.853018729298589129e+00
-9.946390944024555480e+00 -6.659132057128531734e+00 -6.307610886038413689e+00 -3.692758583391697602e+00 -4.455957054742875734e+00 -6.763563136073070581e+00 -1.509375760179108461e+00 -4.850811794070466476e+00 -3.312928199438021526e+00 -5.783099584931015169e-01 2.851846193720672495e+00 -1.201759060800903667e+00 4.205554127743785786e-01 2.853104126379427452e+00 1.116783381101173367e+00 3.078613682397563167e+00 5.076235200283789162e+00 4.942791290151009598e+00 4.600786178065281007e+00 5.608113378102684621e+00 1.063332057978151823e+01 7.858977980838640853e+00
-6.102291738712175118e+00 -9.754103299632719271e+00 -4.991464577383698753e+00 -7.180393653087051575e+00 -5.479453998480581234e+00 -1.807504369330059646e+00 -4.352620695317584776e+00 -3.765176743544971671e+00 -2.792881070955999245e+00 -2.898255257923329609e+00 -1.115399604693176006e+00 2.028292681697028588e+00 4.114854427495653333e-01 2.383622215706244774e+00 1.927756671320637771e+00 2.658433795794995280e+00 3.609215206180833135e+00 5.472538056561762509e+00 5.569921496628431612e+00 6.481362056646878145e+00 1.123468832768113401e+01 8.224759027309239912e+00
-4.988310285554788059e+00 -7.399401572991799902e+00 -4.008802253160458129e+00 -4.652306785675099476e+00 -6.489432524334223018e+00 -3.028001261596031668e-01 -1.881392569299780160e+00 -6.143828894540460439e+00 -3.832351004637790659e+00 -1.341383812754242566e+00 -3.874869739029568105e+00 2.259294941365071807e+00 5.545065058208056286e+00 -1.131904160822118532e+00 2.095343617084206578e-01 3.185005685363138994e+00 5.850811009550418440e+00 5.372915983269220597e+00 7.766857840979684013e+00 4.203163530259808489e+00 4.136743527113821983e+00 7.279921760357677130e+00
-1.349815135667702393e+01 -7.052990617118469530e+00 -7.150282412152852984e+00 -5.053488080430518892e+00 -5.255596083649368921e+00 -3.742266291331837635e+00 -2.921667481041795078e+00 -2.132106981259377143e+00 -2.948057169142016321e+00 -2.492073780187277876e+00 9.130366917339737265e-01 1.510764441741698771e+00 2.427547954213152614e+00 3.328141444605638988e+00 2.826249749086052532e+00 2.184280446944590004e+00 4.513088098908282220e+00 3.058249528422179786e+00 5.598847632817158804e+00 6.211655724934503020e+00 1.043550282090380499e+01 9.001845687894899584e+00
-1.051123029535465747e+01 -9.511028533632096327e+00 -8.510678892785849214e+00 -7.508698990399205186e+00 -6.511130636388591242e+00 -5.510841702873046088e+00 -4.509697502309629513e+00 -3.511799206787893368e+00 -2.511480605060382842e+00 -1.509729122573672200e+00 -5.110808963125368365e-01 4.890507852489331952e-01 1.488641226833520292e+00 2.491576472466643821e+00 3.488238016312772416e+00 4.488310078328309416e+00 5.489242458885373210e+00 6.490808690136134373e+00 7.488699073141280138e+00 8.488024199550800120e+00 9.488035435026347386e+00 1.048929991776292781e+01
-1.050788560712882713e+01 -9.508531214838670920e+00 -8.510429801588708543e+00 -7.511301802640630854e+00 -6.511978971009909856e+00 -5.511592613702468668e+00 -4.511206867342657745e+00 -3.510029496794405901e+00 -2.508555235510513626e+00 -1.512268560176543986e+00 -5.116179605776700612e-01 4.878408143466064217e-01 1.488794756883919490e+00 2.491294754499728370e+00 3.487991062754927540e+00 4.488054839724837208e+00 5.488377792591386140e+00 6.488938657397564924e+00 7.488221613520922304e+00 8.489246291870413685e+00 9.488230584019955671e+00 1.049093693291598406e+01
-1.050892507488084249e+01 -9.511541681533504544e+00 -8.510782243853268980e+00 -7.511368924921232093e+00 -6.510970318859271799e+00 -5.511279011314574205e+00 -4.511632608419109403e+00 -3.510748060589502728e+00 -2.511610532348806046e+00 -1.509295011108584106e+00 -5.109235962683644772e-01 4.889568144624760748e-01 1.488631611520579767e+00 2.488718515092660510e+00 3.489370202476314020e+00 4.490750526840022516e+00 5.488271822983554316e+00 6.490374458784391010e+00 7.488458132201966322e+00 8.491060314530656683e+00 9.488968847150138330e+00 1.048804578726940129e+01
