-1.296586638571943517e+01 -6.811722397390123973e+00 -5.014657225333587931e+00 -4.457125219014940853e+00 -2.877326355773270450e+00 -5.816151229917384313e+00 -3.917058871164468936e+00 -1.679556988044762944e+00 -2.133031979569588010e+00 -7.256961268766375373e-01 2.404226624729149275e+00 8.247622857436942567e-01 1.786360147839044510e-01 4.499201240374120836e+00 3.248298484277006182e+00 1.243215346678933964e+00 2.118746164735724857e+00 5.713479040961807698e+00 5.807761331948775307e+00 7.864276699785463620e+00 7.900194974609251020e+00 4.916733700577966104e+00
-8.438587477964109240e+00 -5.107784165418948419e+00 -7.861292486630646614e+00 -8.062705983470888071e+00 -1.799781796446546789e+00 -3.397232345310526203e+00 -6.895832582595661897e+00 2.910060544670642901e-01 -4.786246402445255566e-01 -3.109649956958136396e+00 6.991913071762128062e-01 2.016110195959177134e-02 1.652775686576971603e+00 4.742709139499885929e+00 5.081179899549218781e+00 1.129931439523025993e+00 5.649830337068733499e+00 2.873535544355496185e+00 7.167814664137581282e+00 6.791379617362549581e+00 2.804470958952701487e+00 6.568844814812561772e+00
-8.068568793005830742e+00 -8.300800024994359205e+00 -3.167523427296296212e+00 -1.375358634186873985e-02 -6.763777637692202305e+00 2.515767754941666823e-02 -3.619156799487196707e+00 -2.820759988525754824e+00 -1.836218735992476869e+00 1.063531578017357315e+00 6.976043511894871152e+00 -4.123770102805098259e-01 -1.395919464442441527e+00 9.653866449847978704e-01 2.803969779726220857e-01 1.088243225287510718e-01 3.117193295917737750e+00 -1.231022699821489041e-01 5.263657043531439150e+00 5.229635548351358132e+00 7.186423367179276767e+00 6.627046900515078498e+00
-1.048574565791273727e+01 -9.485095065764401312e+00 -8.484238912097429974e+00 -7.484632489017490897e+00 -6.484858412972895891e+00 -5.484647531739680559e+00 -4.485661138526422675e+00 -3.485317242077817568e+00 -2.485104751519179089e+00 -1.485893604091620190e+00 -4.859409152784213148e-01 5.142993584952506581e-01 1.514981377192514245e+00 2.514083463021291820e+00 3.514252539046777812e+00 4.514287512072099773e+00 5.514334450729862169e+00 6.513977284797203282e+00 7.514836724170226745e+00 8.514895986088289348e+00 9.514586384662162999e+00 1.051393977112390488e+01
-1.325274329930274320e+01 -4.931445650143156278e+00 -7.491928005486070852e+00 -2.448446443711006282e+00 -2.179509812730555218e+00 -5.295226542653911572e+00 -3.935385815476916793e+00 1.927918567018267471e+00 -2.025651521245205977e+00 -1.802917713445566283e+00 -1.533224672735275629e+00 -8.597907645408684463e-01 1.260234484967571733e+00 1.567602340830942076e+00 2.310178317631523814e-01 3.665442727130536760e+00 4.166629965873926089e+00 1.000267549015623558e+01 4.092244351512036360e+00 5.450268785451503284e+00 6.866568431183345034e+00 6.847006395985374638e+00
-5.893768277775667919e+00 -6.577223606857377725e+00 -7.706351365316981727e+00 -8.432317812314012784e+00 -1.231626857424713561e+00 -2.563338623892798207e+00 -5.803284572323995638e-01 2.969187789850895154e+00 -2.231814114585622733e+00 2.008839545067136800e+00 -2.100605597148489601e+00 -3.409618413612717225e-01 2.126554330174712071e+00 2.125618374876892869e+00 5.608050029283409010e-01 -1.086111976968243020e+00 5.723994198041673975e+00 7.458141125835682672e+00 6.578294577043918068e+00 1.708184740627801013e+00 3.520586666216833915e+00 4.285581310615305561e+00
-1.250460488651418167e+01 -8.622646823919382086e+00 -6.904264154716371671e+00 -6.199933901718899243e+00 -5.434196037097352772e+00 -4.048264411577784827e+00 -2.554904689907642634e+00 -1.338107166903163670e+00 -1.037993594074289039e+00 1.045345079081116513e+00 5.747521009341249876e-01 1.592235874200490953e+00 1.549192111772782043e+00 2.374606728508417586e+00 6.867345862641307530e-01 9.443691185083109563e-01 2.114653084320287313e+00 4.702382473472600743e+00 4.691820871264657633e+00 9.158475141581096324e+00 9.782471979337802992e+00 9.749215647584863476e+00
-1.048605653101752466e+01 -9.482403466647314261e+00 -8.486457372253592979e+00 -7.485774526541902674e+00 -6.486237028783014225e+00 -5.483630994504146372e+00 -4.486606830900363718e+00 -3.485522786324693811e+00 -2.486045891588389622e+00 -1.486581707542594444e+00 -4.850309138948389887e-01 5.140962058847460270e-01 1.513882746750647712e+00 2.514686470681956720e+00 3.516191264445120979e+00 4.517507409507565797e+00 5.513595914298825562e+00 6.513567020947272468e+00 7.514192765409292818e+00 8.516199460083777595e+00 9.514588882977301765e+00 1.051317903941326648e+01
-1.048438940806815367e+01 -9.484678296880268533e+00 -8.485385446385892649e+00 -7.485144733027977892e+00 -6.485304235057371969e+00 -5.484710528091943260e+00 -4.485601483420884605e+00 -3.485219626264138171e+00 -2.485459095375084360e+00 -1.485903716222784610e+00 -4.858485595746362407e-01 5.143610774116176287e-01 1.514637605710472457e+00 2.514519573612650660e+00 3.513905951245273940e+00 4.514892877502886037e+00 5.514920295639480941e+00 6.514226482673132423e+00 7.514665098352878658e+00 8.514087812467064253e+00 9.513806433840242605e+00 1.051496105031534611e+01
-1.048499794913958993e+01 -9.485193199054737789e+00 -8.485506577925237437e+00 -7.485298378901054761e+00 -6.485143861310026736e+00 -5.485268375412969633e+00 -4.485571070150880857e+00 -3.485555595294991704e+00 -2.485339468853014822e+00 -1.485146036879571696e+00 -4.848723174496036847e-01 5.146023197607654254e-01 1.514613234861338142e+00 2.514307083054031722e+00 3.514273466034378401e+00 4.514887826009237770e+00 5.514464878900490419e+00 6.514444598420109145e+00 7.514272862537353603e+00 8.514332556589087275e+00 9.514468149705376021e+00 1.051456498490138891e+01
-1.115487242877066087e+01 -4.946835747035494002e+00 -9.126350058571929935e+00 -8.171409738921301624e+00 -7.125404605180062134e+00 -6.166643383125461675e+00 -5.196483307265865825e+00 1.029770339802053902e+00 -3.213132352187032303e+00 -2.188377771597881605e+00 3.994184142001007132e+00 -1.653032555856982500e-01 7.811007667496990825e-01 1.802031930016710914e+00 2.774991308724302996e+00 3.796466684017338444e+00 4.771407444431139844e+00 5.782522036750086691e+00 6.778364057931676179e+00 7.742052486507837727e+00 8.756965026905970007e+00 9.766295554805171975e+00
-6.944192924376418219e+00 -8.578345118423452931e+00 -7.373283420543172539e+00 -8.672849990189147817e+00 -6.474636228734683030e+00 -3.925322013575912372e+00 -5.379755107001781056e+00 1.347470944942456006e+00 4.268323900542181359e-01 2.596098020979840104e+00 -1.970265383559379302e+00 6.597666589125844583e-02 6.808153510985202050e-01 1.126386632712885749e+00 6.396649529839815607e+00 1.553199342912105596e+00 3.616472962274919212e+00 4.857330258974556614e+00 6.361793558070402810e+00 5.709044269896301316e+00 7.810472172450455552e+00 7.091447216707834400e+00
-5.114393657780301083e+00 -3.025537222052047781e+00 -2.699700384296184197e-01 -9.767807370321751392e+00 9.627466838342080280e-02 -6.416106730334945496e+00 -2.619038079359238047e+00 -2.562337829321834182e+00 -3.376477587096248900e+00 3.856636917604534531e+00 -1.198640949200350470e+00 -6.085955238149409752e-01 -3.061976587541210826e-01 -3.064533033537464313e-01 2.343177199625426699e+00 5.082389167921189888e+00 2.166361773433717719e+00 1.513999466258765025e+00 1.631483192368774482e+00 5.550503639601135575e+00 6.901380552867698803e+00 6.750688502156098281e+00
-1.237125017733308141e+01 -8.862938617003250030e+00 -8.226806912023764795e+00 -6.717242567667006448e+00 -5.789750743571192793e+00 -4.451138102490307169e+00 -3.737653616643296317e+00 -2.862735570949210384e+00 -2.113619506097659251e+00 -8.080363590896080250e-01 -2.274066612973811852e-01 7.354032012591107392e-01 2.040053008153428937e+00 2.870523234184056971e+00 3.992590790440719406e+00 2.458131827407030734e+00 5.552870786336171705e+00 4.217800656105891832e+00 5.411924925017861376e+00 8.728946687234587998e+00 9.632329330687678492e+00 1.084934351774082728e+01
-1.048351483114741001e+01 -9.485014215789050240e+00 -8.485976711592892130e+00 -7.486333996734849450e+00 -6.486572519622065158e+00 -5.485405758700593992e+00 -4.486414313993670078e+00 -3.486140743575317558e+00 -2.485264197669232900e+00 -1.485547066412181039e+00 -4.857497222044262486e-01 5.151034586808886928e-01 1.514051913537759475e+00 2.514576315202491585e+00 3.515416397967122464e+00 4.517061411657115499e+00 5.515575005926868002e+00 6.513793497600335769e+00 7.515487744726918606e+00 8.514212503351945571e+00 9.513459398665210287e+00 1.051453556052662641e+01
-1.048482029647983182e+01 -9.485847418619808735e+00 -8.484750551594919088e+00 -7.485630085183817783e+00 -6.485242386771856715e+00 -5.485234243287276712e+00 -4.485894118858990254e+00 -3.484446515752509299e+00 -2.485507895661998035e+00 -1.485137929631893172e+00 -4.844830981032330897e-01 5.147740343077700231e-01 1.514356608079246769e+00 2.513990888880066166e+00 3.515253777192407725e+00 4.514512355016043088e+00 5.514061878011993656e+00 6.514720092104250071e+00 7.514365042136484263e+00 8.513985047624878177e+00 9.514594609425840233e+00 1.051371933756905186e+01
-2.239856927561898914e+00 -1.076543095164040231e+01 -8.770291623615680265e-01 -3.223403950316986233e+00 -5.088082460851859778e+00 -8.723850189425466084e-01 -3.754299736850013502e+00 -3.885930438574946244e+00 -6.301265565623364928e+00 3.296002148969853440e+00 4.232433738428912129e+00 -1.217998364974366865e+00 1.111226953234816239e+00 5.963089654301325648e-01 1.668781878404131946e+00 9.239060675279038293e-01 3.480419866966546039e+00 3.094099776081252529e+00 2.710234437396101370e+00 6.873615199099483597e+00 4.262900831339434760e+00 6.297091845220998074e+00
-1.048587731678382795e+01 -9.482948687266222976e+00 -8.485923108052126906e+00 -7.486315127800841296e+00 -6.483144130896443258e+00 -5.486166339706306516e+00 -4.485778760503647433e+00 -3.486030433665646910e+00 -2.485711481760835895e+00 -1.485881489108921372e+00 -4.860623966563970555e-01 5.163322422991978300e-01 1.513672310520290054e+00 2.514197881926175882e+00 3.514131184328675772e+00 4.516958478499528695e+00 5.514541875232337631e+00 6.513805072415943087e+00 7.513952616263509299e+00 8.513560045171852053e+00 9.516031909395332278e+00 1.051399478654968789e+01
-8.389038387372666605e+00 -9.180709081431999152e+00 -4.024339575019414639e+00 -8.605445117936412203e+00 -2.927589066219611791e+00 -2.136888958261421223e+00 -4.021471822136261309e+00 -2.272350862986394660e+00 -3.409046845856020802e+00 4.467055216238380311e-01 2.610631701564162910e+00 3.842969796424903883e+00 -1.109460640394620778e+00 1.067415032540940611e+00 5.833304117613935524e+00 2.834371420331774694e+00 2.969382699286874150e+00 7.397231888539233857e+00 3.175041042129977953e+00 5.576224643576980000e+00 4.813113590534163322e+00 5.831288033849639341e+00
-1.275749577224892128e+01 -4.503416239638890595e+00 -6.285402035713186564e+00 -3.731336943097822711e+00 -1.593761499358839373e+00 -2.259040541845263483e+00 -2.694694080885984722e+00 -3.321525732550083987e+00 -4.799723413933105753e-01 -1.603817421250255393e-01 1.720112370103848543e+00 4.487286003973048665e+00 1.668014648790264287e+00 3.821165806588560088e+00 -1.030380179282353481e+00 4.205685603332956823e+00 5.720974803784569573e+00 6.513106134394422320e+00 1.990518019007581074e-01 4.301974998263428773e+00 2.427261827414433526e+00 4.074112239995008267e+00
-1.048456575619907483e+01 -9.484451680359512693e+00 -8.485693803903737731e+00 -7.486011921343500575e+00 -6.486020005223418039e+00 -5.484452172097842748e+00 -4.484829938885841472e+00 -3.485465100881748768e+00 -2.485316916284229904e+00 -1.486027172681961162e+00 -4.843127270313907218e-01 5.159039135006242560e-01 1.514995017173605518e+00 2.514648550274685590e+00 3.514172592284994678e+00 4.514023506167252009e+00 5.514233910563309138e+00 6.515070923688726978e+00 7.513922103765326099e+00 8.513667532327486853e+00 9.513849997046309070e+00 1.051399827850134905e+01
-1.300180963175581184e+01 -6.214774955920438160e+00 -6.960999917319104391e+00 -6.565654373170131564e+00 -4.520287180569331653e+00 -3.546476269992273167e+00 -3.219396665361617949e+00 -1.507013388771549778e-01 -1.014122218689624599e+00 -6.923430468916706992e-01 1.291009830619888721e+00 7.279212594056918562e-01 2.708584361175824462e+00 1.267748574949928209e+00 1.103978986000149209e+00 1.668857186462515685e+00 2.537344035990133584e+00 5.981960673989680899e+00 3.453123046103022009e+00 7.153107100081569136e+00 8.671162246006877794e+00 9.643107428163489203e+00
-1.048557067256085418e+01 -9.485198810357935884e+00 -8.485430631447918870e+00 -7.485233880240835802e+00 -6.485206368971953239e+00 -5.485281414945029965e+00 -4.485461603511483375e+00 -3.485210891474393335e+00 -2.485171552408827367e+00 -1.484956279058346595e+00 -4.848369356583539513e-01 5.148671421814938753e-01 1.514389522712331626e+00 2.514377437870598087e+00 3.514317311685184464e+00 4.514264814894298539e+00 5.514398955147367332e+00 6.514764603566026935e+00 7.514195539395908341e+00 8.514663935046293375e+00 9.514343794773910901e+00 1.051431511376391015e+01
-9.955048299304907644e+00 -9.394378163152161676e+00 -8.574929656997722915e+00 -7.489537116768512526e+00 -6.452213664750029665e+00 -5.544301252457055185e+00 -4.558768695078053490e+00 -3.476948585443166095e+00 -2.512508302261580173e+00 -1.469218290405311045e+00 -5.400208580440035711e-01 4.467856257285576782e-01 2.097776606525122656e+00 2.368574427613998168e+00 3.413522104903406795e+00 4.286411265345473787e+00 5.283639243185692891e+00 6.250752210750702531e+00 7.966077689725639566e+00 8.428295009952456951e+00 9.409200822755225957e+00 1.033817700857784416e+01
-8.642494007482417473e+00 -2.822304124573999040e+00 -5.793390802707506282e+00 -6.743386920602283396e+00 4.078821131928442867e-01 -5.516563847715686641e+00 -3.002597808106714172e+00 -1.705597478009424517e+00 -7.510491060246449191e-01 8.170488668231181695e-01 -4.004155257450813465e+00 1.629560257306208682e+00 -5.102674583138677722e-01 4.231890729103975346e+00 -1.142906843210402368e+00 8.568296407659161673e+00 -5.289803287108352237e-02 1.230633533231164201e+00 4.397713534572128324e+00 6.721157228858572807e+00 4.055685467145415224e+00 8.949082679577861299e+00
-1.048295671526685879e+01 -9.485925950448619304e+00 -8.485823624174706481e+00 -7.485998295586236750e+00 -6.485913880508057616e+00 -5.485903442244650208e+00 -4.485577062111007152e+00 -3.485540949146866296e+00 -2.483875140886418365e+00 -1.483474046330561791e+00 -4.858954999257285579e-01 5.140719484876417056e-01 1.516505345363500012e+00 2.513383932072994043e+00 3.514168053526761426e+00 4.516054130751969709e+00 5.513770453293206586e+00 6.514648764986873175e+00 7.514161705632092847e+00 8.513974532146333374e+00 9.513228885490775610e+00 1.051425598527896277e+01
-1.048548358475615316e+01 -9.485162986273099506e+00 -8.485418630594541156e+00 -7.484397200698209573e+00 -6.486033459955978131e+00 -5.484111545438109303e+00 -4.485839290375052357e+00 -3.484638122672379268e+00 -2.485532177442836499e+00 -1.485560623759555554e+00 -4.852468574588879591e-01 5.146766995841858261e-01 1.514845850115476011e+00 2.513843441551381730e+00 3.514027701860129582e+00 4.514249632304370152e+00 5.514585333114325749e+00 6.515413904731927275e+00 7.514007592743100261e+00 8.514579335396945226e+00 9.514225276356397032e+00 1.051430884206837746e+01
-1.048539535870600048e+01 -9.485644208097983920e+00 -8.484598899090819657e+00 -7.485649684274743976e+00 -6.485618429089122117e+00 -5.484484867954787291e+00 -4.485283592546519316e+00 -3.485299574041905046e+00 -2.484919862652334999e+00 -1.485683390701343143e+00 -4.852022545581391455e-01 5.144868327135494468e-01 1.514528399502694356e+00 2.514281345700680959e+00 3.514837352728306996e+00 4.513782723044817757e+00 5.514393842017117464e+00 6.514775550162259066e+00 7.514052247797907924e+00 8.514677664434376680e+00 9.514022333716813051e+00 1.051528096029704962e+01
-1.048583245819261123e+01 -9.485943300480180085e+00 -8.485259717160994697e+00 -7.483993289822889139e+00 -6.485335452312751769e+00 -5.486318474466150619e+00 -4.485138637775724746e+00 -3.486154367977926327e+00 -2.484904033893869268e+00 -1.485791658813289118e+00 -4.856590980833157545e-01 5.137151872569898359e-01 1.515971178358261895e+00 2.515875483101064347e+00 3.513618776744065642e+00 4.514422478323638188e+00 5.515755104070366954e+00 6.516100341623481285e+00 7.513699831610384905e+00 8.514000618999659764e+00 9.514479885047137486e+00 1.051403073424642898e+01
-1.228251319544304110e+01 -6.895899956364524463e+00 -6.689677499685515727e+00 -5.377219874552970680e+00 -5.887697920112815453e+00 -4.077199967493114308e+00 -2.892597381532630685e+00 -1.251491063467905729e+00 -1.284368874139064420e+00 -3.249821943715507366e-01 6.986610628405167667e-01 1.431886519963440962e+00 -1.324267989138233848e+00 3.182399245184619030e+00 2.700301428525814451e+00 1.674110500570230142e+00 1.445572035661786714e+00 6.712087745664179650e+00 7.407658294213516292e+00 7.496824149669504500e+00 9.504485616067666953e+00 6.355268448341702126e+00
-1.048382356322630216e+01 -9.482900004156617157e+00 -8.486302259632138245e+00 -7.486012618311455924e+00 -6.485554869540710143e+00 -5.485534678467303138e+00 -4.485754738815813880e+00 -3.485632057555717367e+00 -2.486044149168511908e+00 -1.486032943495299463e+00 -4.860530749640794568e-01 5.141056224026350208e-01 1.513890755108800334e+00 2.513896767727338499e+00 3.516533394090139097e+00 4.514021177522147710e+00 5.516494770280326421e+00 6.516620707444154448e+00 7.513947819105595727e+00 8.513917592100108678e+00 9.513899524442162914e+00 1.051365595751186710e+01
-1.231120965386284816e+01 -1.006273015428846307e+01 -7.056712029656793561e+00 -3.757618440598111675e+00 -2.526529385696761665e+00 -3.395218828093331531e+00 -3.173577566369943259e+00 -6.095241375930817718e-01 1.278964448577493140e-01 -2.800386305453707259e+00 -3.275206420757149073e-01 2.246360536787696649e+00 -1.428133834097003785e+00 3.520215520032497380e+00 2.993002703571187695e+00 3.789323425237800524e-01 2.873622311230893622e+00 5.937162154833671934e+00 8.600041131519583715e+00 7.203160251956003179e+00 6.518644880833023514e+00 7.371461830041290852e+00
-1.048498762297356990e+01 -9.485483809289595669e+00 -8.485485530373717111e+00 -7.485445759174504943e+00 -6.484993121502057534e+00 -5.485165080902250523e+00 -4.485302715477603286e+00 -3.485635905441911930e+00 -2.485100797292851382e+00 -1.485320246693754953e+00 -4.852764521810115639e-01 5.143806571987532550e-01 1.514745363118974453e+00 2.514542886140670674e+00 3.514499352398242848e+00 4.514474825086921328e+00 5.514313564720481509e+00 6.514236197891559499e+00 7.514705934646457308e+00 8.514508881690826314e+00 9.514423423531386703e+00 1.051470508528026571e+01
-1.048361728340395160e+01 -9.483110956847674800e+00 -8.486245833337321187e+00 -7.485270380973844340e+00 -6.485334813594819892e+00 -5.486169494688525106e+00 -4.485834226012237025e+00 -3.486247479915634884e+00 -2.486159861087793743e+00 -1.485661938786513758e+00 -4.854012802243374836e-01 5.164913758635378827e-01 1.516324304044230686e+00 2.513548187911489151e+00 3.513554610311967252e+00 4.514554128050788151e+00 5.513768754899485813e+00 6.514169044792634367e+00 7.513528235256659471e+00 8.516233913600425254e+00 9.513754293322545408e+00 1.051446583122013223e+01
-8.344211974211493299e+00 -5.621298016681228304e+00 -8.394736617910687926e+00 -3.963956023822406305e+00 -1.844424108030494835e+00 -3.358370873411486102e+00 -7.227486388822570440e-01 3.116632198447241375e+00 -3.522540278696953742e+00 4.017561034199041536e+00 -2.999698271564998464e+00 6.862860753979009854e-01 9.242988157566407459e-01 -4.294726837670643782e-01 5.164555123788709068e+00 3.142308016474736121e+00 5.347010100054769843e-01 4.676599936498474719e+00 1.566445389409117261e+00 1.834703354075517545e+00 7.363425653213614197e+00 6.495280010114226954e+00
-1.048540547761044195e+01 -9.485910910097016924e+00 -8.485678392377757007e+00 -7.485093551603229756e+00 -6.484205487099538701e+00 -5.484765413132558720e+00 -4.484994935718441766e+00 -3.485880258408457166e+00 -2.485097157684213798e+00 -1.484944197264576715e+00 -4.857519445094080623e-01 5.149788382378570617e-01 1.514981408688168329e+00 2.513931837948897297e+00 3.514005464586352545e+00 4.515855190428828436e+00 5.514216792854403693e+00 6.514382143589592999e+00 7.513960135254006190e+00 8.513999891552064270e+00 9.513909352096654004e+00 1.051484580067071661e+01
-6.468540906701250037e+00 -9.972968681341487951e+00 -6.334842049152521248e+00 -7.844974502313331932e+00 -7.257194166008489766e+00 -1.801963911752116010e+00 -4.920789565909148067e+00 -4.063704598527273504e+00 -1.336225358138980468e+00 -2.384184987375403963e+00 -1.189847134087346769e-01 4.227263461235511444e-01 5.540435051188732363e-01 4.970926955469921360e+00 1.856883055160191587e+00 2.423526377159984424e+00 4.408049741577396041e+00 8.545215711567047734e+00 5.611800627453122914e+00 6.464008991481756894e+00 8.922810952968314169e+00 8.645720306950181566e+00
-1.233128568431562577e+01 -8.534912674375446429e+00 -7.446643180612736224e+00 -7.044264318198854902e+00 -5.880673334906860283e+00 -4.980703740315481909e+00 -3.610830065827593138e+00 -2.809510088096396352e+00 -2.078603566500463184e+00 -8.900081395991497057e-01 -3.224313864962963239e-01 6.587075488245326405e-01 2.301345935874058668e+00 2.574048952521036604e+00 3.788193954316450451e+00 2.300509188177056075e+00 6.141287418358036376e+00 4.076379982127670054e+00 5.132642381327424452e+00 8.816082951500487042e+00 9.753172787561730672e+00 1.070883420905804684e+01
-1.048438157547609251e+01 -9.485498715530740199e+00 -8.484521527181980716e+00 -7.485950041901004326e+00 -6.485855315219273720e+00 -5.486020375381825076e+00 -4.484362293373456154e+00 -3.485121656547914171e+00 -2.485329676758158968e+00 -1.486012403260582815e+00 -4.850471954454178558e-01 5.149955410848843229e-01 1.514039966870429410e+00 2.514498974789258767e+00 3.514242294837117697e+00 4.514797400344491507e+00 5.514509524811384011e+00 6.514807644892812277e+00 7.513943377543570890e+00 8.514864530075666238e+00 9.514761458743688394e+00 1.051397919248449320e+01
-9.595300795935310489e+00 -4.950448669656346112e+00 -6.281245563752198002e+00 -9.378237020606052354e+00 -4.258331664030414743e+00 -2.234481297857142224e+00 -2.215719841456667449e+00 -2.274078327131152655e+00 -1.314380382177292361e+00 2.389859100592915286e+00 1.838430416690404634e+00 8.893896088734283278e-01 2.402143970436159570e+00 -1.107760098080445843e-03 8.289803682715435329e-01 1.864539134347259264e+00 4.693358765957196255e+00 1.583821824092684682e+00 8.874475034141038776e+00 4.233046471496932028e+00 6.089858265901199275e+00 7.136767492301505200e+00
-1.048573534190661150e+01 -9.485599562525750983e+00 -8.484494879841808057e+00 -7.485269874334360196e+00 -6.484435915946964002e+00 -5.485336884856234718e+00 -4.484610751271237206e+00 -3.484802067279831661e+00 -2.485555380582816554e+00 -1.485679619014273811e+00 -4.857575073838376056e-01 5.144734233617640484e-01 1.514656841754900896e+00 2.514263585209828733e+00 3.514264501631245707e+00 4.514660872518998502e+00 5.514261066913588749e+00 6.514244459569438206e+00 7.514045268297186553e+00 8.514195591211302983e+00 9.514820575714095341e+00 1.051473072916267704e+01
-1.142099013084963666e+01 -4.993047552663345101e+00 -8.555457870755189376e+00 -2.387694079091022381e+00 -5.906331752965855664e+00 -5.488372455409693984e+00 -2.134183150695558862e+00 -4.876584827160296953e+00 1.681254445424122945e-01 -3.174330303472758352e+00 1.825602980216009197e+00 -4.230837657048130973e-01 3.427128110051116949e-01 3.891511757437034813e+00 1.234019954934544083e+00 4.909541111148994830e+00 3.768614334440748337e+00 4.576010739047005060e+00 5.350601311733362841e+00 5.962399418945669716e+00 9.449494508817579685e+00 8.202780646901313588e+00
-1.048525389419361886e+01 -9.484523789449163189e+00 -8.485020892186595276e+00 -7.485538118942237418e+00 -6.485067264600230530e+00 -5.484650792046025458e+00 -4.485680328174069587e+00 -3.485539258881052760e+00 -2.485460103912776830e+00 -1.485808060927823249e+00 -4.853626577691638744e-01 5.144142792983448231e-01 1.515375448898835131e+00 2.514061151580367692e+00 3.514359994368117412e+00 4.514314933256663664e+00 5.514576642350712987e+00 6.514450146393336638e+00 7.514853252605950829e+00 8.514239153401412352e+00 9.514506741003552648e+00 1.051409254832700846e+01
-1.048525692319326197e+01 -9.485238058323204768e+00 -8.485137922519971454e+00 -7.485238419676383259e+00 -6.485273184085420084e+00 -5.485123818570917464e+00 -4.485545551235018635e+00 -3.485286531800586118e+00 -2.485255809331469834e+00 -1.485268385911526323e+00 -4.855441579764523397e-01 5.145483707839773047e-01 1.514685737138448118e+00 2.514419214969329630e+00 3.514352267777377747e+00 4.514440888708284305e+00 5.514578564261848115e+00 6.514334896748717796e+00 7.514472061937505387e+00 8.514771232550799596e+00 9.514348840510296057e+00 1.051455581763928215e+01
-1.048516385121777006e+01 -9.485615505413560911e+00 -8.485440014438186296e+00 -7.484719252721843574e+00 -6.485979242758308061e+00 -5.485066136853253838e+00 -4.484420283274202390e+00 -3.484938694672150561e+00 -2.484600736336259885e+00 -1.485930925743142339e+00 -4.852430359883737054e-01 5.141895575956869635e-01 1.515486457808449927e+00 2.514912330968808618e+00 3.514899195595219794e+00 4.514023625715212873e+00 5.514011846347289136e+00 6.514336646957829657e+00 7.513794319196181348e+00 8.514438488944005456e+00 9.514500164850188568e+00 1.051386417583985811e+01
-1.048330053179103061e+01 -9.485907840119164547e+00 -8.483507717536253878e+00 -7.485814283178623185e+00 -6.486074725673947938e+00 -5.486003542826939139e+00 -4.485816503451619752e+00 -3.483376147733505235e+00 -2.486011239276681550e+00 -1.485810990021981581e+00 -4.855721020563130708e-01 5.143137475983596829e-01 1.513874163343142953e+00 2.513755773617456057e+00 3.513969493521880594e+00 4.513643418862057999e+00 5.514010546220971420e+00 6.514081572605798343e+00 7.514028576626015976e+00 8.516484489156439963e+00 9.516314958645530453e+00 1.051405801386994909e+01
-4.418117674337535661e+00 -4.540524666130092868e+00 -1.831646219766995376e+00 -8.152219673253908283e+00 -7.564680015409652292e+00 -6.423984747049871658e+00 -4.767479981597996463e+00 -4.596767575012345119e+00 -2.459326340254976540e+00 -3.193035600171397981e+00 -1.302985118728675840e+00 4.350325161948347841e+00 5.650097786340237960e-01 4.504499892827987795e-01 7.790279358397814491e+00 2.092597226333484439e+00 4.047743168443131978e+00 3.964739807930689253e+00 4.729599033866248803e+00 7.502662465912624867e+00 6.205479748201792489e+00 7.873221003164093901e+00
-1.048552416502067075e+01 -9.485108601437353570e+00 -8.484471129761482544e+00 -7.485969113694000754e+00 -6.485898929224751086e+00 -5.485951955006857617e+00 -4.485262336717386944e+00 -3.485603647814549788e+00 -2.485726567493221850e+00 -1.485287266360071357e+00 -4.847789654000163040e-01 5.145586556331789296e-01 1.515188550068586437e+00 2.515301627530300621e+00 3.514757064594476788e+00 4.514737737788406591e+00 5.514173989607536797e+00 6.514356461776937834e+00 7.514200759543626873e+00 8.514126395298687200e+00 9.514684823765005461e+00 1.051483574272557675e+01
-1.048565931008613461e+01 -9.484662638469160356e+00 -8.484666609628622069e+00 -7.485596062107525483e+00 -6.485769250853472556e+00 -5.485762813551851025e+00 -4.485522025688112535e+00 -3.485732683403918841e+00 -2.485482194884228946e+00 -1.485735998912275591e+00 -4.855827181176586294e-01 5.151086585088311409e-01 1.515287010507160304e+00 2.514492674307398090e+00 3.514250023798515699e+00 4.514056256548935053e+00 5.514839126305156825e+00 6.515340930358940241e+00 7.514300188557683668e+00 8.514568156139425525e+00 9.514373591677717457e+00 1.051489481939511528e+01
-1.279775211110375110e+01 -8.628786067190292286e+00 -7.510456088465815583e+00 -5.806186954637952091e+00 -4.331926757201418177e+00 -4.217862970103541720e+00 -4.783588408522499336e+00 -3.365227007926772984e+00 -1.656115109438387467e+00 -2.089396212446720025e+00 8.322993588973461865e-01 8.854723005241136313e-01 3.378620159531407374e+00 2.612385420953112547e+00 4.091393491234533997e+00 1.571520211207644735e+00 5.150387683927275972e+00 5.638001241226254123e+00 7.124208499660866778e+00 5.460172260797350852e+00 8.958374519837208894e+00 9.805801669641640572e+00
