4.697529588185289096e-01
3.114638530960654461e-01
5.710400607136312257e-01
3.253623870183879885e-01
8.747353440955446535e-01
6.643915224655849716e-01
5.940681218331793634e-01
2.540765587275999327e-01
4.943237655778386919e-01
2.185790078089959454e-01
4.427998237178862317e-01
5.516334668707791877e-01
7.192294986177732996e-01
5.519515654907133362e-01
3.834595634881222126e-01
3.615926536857159701e-01
1.107261136123328660e+00
7.973765198263901288e-01
4.625771242212876611e-01
6.569526850936637796e-01
4.495223403546740881e-01
3.324344970190651893e-01
2.061470224732845358e-01
4.442863325011273679e-01
6.526436830937888400e-01
3.555413224785145543e-01
2.497326709434987413e-01
5.821130108976193540e-01
2.664883472533292053e-01
9.919716480023471616e-01
6.420537553675288445e-01
8.568313663806149671e-01
1.725969073832500367e-01
2.994154538356796347e-01
3.984387042536768342e-01
4.401195853640498812e-01
3.101007695731614611e-01
7.914638726825111714e-01
3.050439063434338682e-01
5.835149255766711729e-01
3.780723696738896300e-01
6.338034463894468562e-01
6.658573838833377057e-01
9.874611313615583308e-01
3.231265475751468053e-01
6.521906905848721125e-01
3.159385935670569467e-01
4.108047008004938050e-01
8.926031227551407543e-01
4.765952960597388266e-01
