2.901407198377067842e-01
1.946274846893956967e-01
2.526254023284288386e-01
2.776910117959316415e-01
3.077236515327205768e-01
2.584615974883420209e-01
2.658022461265955871e-01
2.638771678079842586e-01
2.780551722582783603e-01
2.737332410822256867e-01
2.104786215711591801e-01
2.982873830402907878e-01
1.943608309273374968e-01
2.575254949097374735e-01
2.334607732663921409e-01
2.145876466647884950e-01
2.777766104537129355e-01
2.199698969747662658e-01
2.157951684935820180e-01
2.499593225278889386e-01
2.656685718366637028e-01
2.713042340849648459e-01
2.425722845193584443e-01
2.224192466828487091e-01
3.059514842666340440e-01
2.994960755793137919e-01
2.827923650611228190e-01
2.772044265323591605e-01
3.267308193084784707e-01
2.170007266780723809e-01
2.225665581420603889e-01
2.182914610152197621e-01
2.573876958207385601e-01
2.236775838971477859e-01
2.552182064408133333e-01
2.617545631094463365e-01
2.958942795792796066e-01
3.083150748833659582e-01
2.343766245272462800e-01
3.037299102593226108e-01
4.108823292999138621e-01
2.678591626866698161e-01
2.649552236681751438e-01
2.469029088556392582e-01
2.450521951080926186e-01
2.664115324641186944e-01
2.590188552378345221e-01
2.692844967633178377e-01
1.981063849127606968e-01
2.854236444761646951e-01
