3.714917085742658331e-01
3.229610449017824569e-01
3.569908977126166061e-01
3.189504710732288806e-01
3.828686679211202870e-01
3.008729988364696184e-01
4.335578330973663963e-01
4.215072008546791871e-01
3.527166048491131023e-01
4.249302402542097234e-01
3.396412296052618851e-01
4.281808211046126966e-01
4.049889460496547966e-01
3.306053865210303311e-01
3.342532061853568659e-01
3.878564332799264158e-01
3.186292961638575449e-01
4.275023572674447325e-01
3.805435450110912221e-01
3.189244596720460234e-01
2.921614720825346234e-01
3.006202774108895359e-01
3.145522977078432647e-01
3.845185661355365325e-01
3.507331509950922244e-01
3.070470325785848442e-01
3.875798881132913043e-01
3.402711813667668728e-01
3.920536292323046346e-01
3.791908267418145351e-01
4.435730931025574364e-01
4.144361624004252453e-01
2.863522157207933905e-01
3.784281660521924828e-01
3.433676387809979080e-01
4.289808806819624953e-01
3.192782085677429715e-01
3.168988851583003918e-01
3.388760515429356523e-01
4.959664422707509290e-01
3.613695319355484936e-01
4.210635781447790715e-01
3.139021076770543983e-01
2.912324162161865626e-01
3.395131823024835627e-01
3.663186352831709347e-01
3.567830030431684007e-01
3.788656698390121536e-01
3.478647661278749248e-01
3.487648002250621770e-01
