-7.007753727370248598e+00 -5.162452681426333179e+00 -4.162452681426364265e+00 -4.007753727370197083e+00 -2.162452681426368706e+00 -1.162452681426381140e+00 -6.892958293931648051e+00 -6.040278281843094454e+00 -2.129852948234971954e+00 -2.875908815042659938e+00 -6.837523449833118327e-01 1.923882096594993651e+00 -1.607136684211420974e-01 2.014698867600399179e+00 4.453571337167507860e-01 2.859875925417160403e+00 5.069441040926828457e+00 6.574821216978929961e+00 4.440329305426307549e+00 7.373674156569692606e+00 5.581182346501735836e+00 5.549208112348393840e+00
-1.052800565679687139e+01 -9.528775279420763411e+00 -8.528599795895965840e+00 -7.526909914809644775e+00 -6.528315280574716439e+00 -5.528235335844927434e+00 -4.527131837803290537e+00 -3.528438818651604691e+00 -2.526768323975945307e+00 -1.526960437196644094e+00 -5.282471971692253021e-01 4.717560885368161649e-01 1.471310037177644858e+00 2.471774409514502224e+00 3.472970212799147305e+00 4.471424388688644669e+00 5.472006718617517862e+00 6.471765781742176316e+00 7.472286622029386649e+00 8.471234257322386441e+00 9.471757831972674069e+00 1.047178919891699067e+01
-1.052828238693866325e+01 -9.528282386938688120e+00 -8.527442877868775639e+00 -7.527020377794881867e+00 -6.528320399800888296e+00 -5.527404559532760331e+00 -4.527232518176196763e+00 -3.528434110561978088e+00 -2.528438595811474343e+00 -1.528174174706100175e+00 -5.280513146320640061e-01 4.718132412632627393e-01 1.471527079363696089e+00 2.472713725884787550e+00 3.471742870529526570e+00 4.472200537343850257e+00 5.471796633919108643e+00 6.471954481919638624e+00 7.471665242930292550e+00 8.472356746216645362e+00 9.471464576443072048e+00 1.047153623612725326e+01
-8.806025791492805510e+00 -7.806025791492833044e+00 -1.084208424993837916e+01 -5.460309364188454140e+00 -4.408925296429718088e+00 -3.109695826664026441e+00 -2.774324008698618282e+00 -2.059594341338821355e+00 -9.244466559326440791e-01 -3.698611618993608019e+00 -2.396709325496046983e+00 1.787960383273172749e+00 3.009459311801917281e+00 3.821232504735439406e+00 5.677161425820715923e-01 2.634811291222912466e+00 5.257418672503218815e+00 5.094329345764877282e+00 6.076861291622119410e+00 8.043376913026930808e+00 7.460858169839944765e+00 7.916415913471809063e+00
-1.052802547534115263e+01 -9.527462330657380463e+00 -8.527850111025703228e+00 -7.528201301592737593e+00 -6.528050404983886779e+00 -5.527508859533213581e+00 -4.527875942188636316e+00 -3.528286871510895040e+00 -2.528290902274980212e+00 -1.528211128908527172e+00 -5.278222905577649726e-01 4.719316689191810354e-01 1.471541906696415936e+00 2.472093704146001159e+00 3.472489076655961071e+00 4.472072835069752728e+00 5.471742968064404522e+00 6.471804539662457501e+00 7.471881377500153576e+00 8.472018848162749194e+00 9.471988926631066619e+00 1.047170743624553779e+01
-1.052820225069506677e+01 -9.527373861616720063e+00 -8.528052099144334264e+00 -7.527337193584333619e+00 -6.528281025683755345e+00 -5.528055600917223700e+00 -4.527847297584880693e+00 -3.528343800550580056e+00 -2.528337568139891189e+00 -1.527678921913970811e+00 -5.273007006405574515e-01 4.718288629294669079e-01 1.471825323903686922e+00 2.472074974233034794e+00 3.471963643932463484e+00 4.472325853908186488e+00 5.471760019564751332e+00 6.471606921309351890e+00 7.472053885364655201e+00 8.471639282906174628e+00 9.471881516182543592e+00 1.047153770541560469e+01
-9.042046258213824572e+00 -1.203155444120752193e+01 -6.673262247352959697e+00 -5.802179516508513046e+00 -4.515965230867833746e+00 -3.933038496092261749e+00 -2.605057959202125684e+00 -5.481689626545787952e+00 -7.823615076534333745e-01 -1.409645127467300529e-01 1.323932492490047963e+00 2.978224022342523813e+00 -7.417275384326837973e-01 2.994507542195330441e-01 2.059972731048603567e+00 3.902686784486938176e+00 4.106263641607052151e+00 4.585917869573747474e+00 6.007328191608534596e+00 7.461048551419847463e+00 9.542678041884256501e+00 8.866031923321063601e+00
-6.998969025631289753e+00 -6.700593364120400963e+00 -4.998969025631272878e+00 -3.998969025631295970e+00 -1.023505817507129478e+01 -3.253387722250542069e+00 -5.988662245491288338e+00 -4.171557731960962911e+00 -3.164424127710342205e+00 -1.911109776837653706e+00 1.356537239545085205e+00 9.611855092226446740e-01 -6.950919953173284593e-02 1.719849739834490521e+00 2.818146305730950374e+00 3.606941356445643621e+00 5.642353370120006595e+00 6.643040931121904080e+00 7.925752156962651007e+00 4.217667942373888756e+00 5.496337955286527688e+00 1.048708458240275121e+01
-1.052723597101225295e+01 -9.527235971012308013e+00 -8.528260187425804162e+00 -7.528081369766201902e+00 -6.527429335930534648e+00 -5.527855967351396060e+00 -4.528387022384603000e+00 -3.528368414559571065e+00 -2.527967699983301841e+00 -1.528383420028877282e+00 -5.281174790050560119e-01 4.715346459362894649e-01 1.472589908919140100e+00 2.471625058731829583e+00 3.471764939657250082e+00 4.472294538101950323e+00 5.471660799166956579e+00 6.471968336782257580e+00 7.471651478490631604e+00 8.471793970844549548e+00 9.471755406639372765e+00 1.047237142436841673e+01
-7.066252652746470631e+00 -1.296496684741696725e+01 -5.080236583430306041e+00 -3.738615847490429189e+00 -2.744205868142154614e+00 -2.187758823602544478e+00 -8.494105492763204257e-01 -4.874090498716802111e-01 -6.384779516819332201e-01 -3.152176383973658513e+00 1.641169873485002650e+00 5.497980171738598543e+00 -6.054756994173036144e-01 -9.177978484506668089e-01 7.339839233552276632e-01 1.635549822781184437e+00 7.056099396849477401e+00 3.975608426686425556e+00 3.352060075062280209e+00 3.867541040642184402e+00 5.525468353012570333e+00 6.531010691065963769e+00
-2.624092032116298157e+00 -1.189946385286037867e+01 -4.712077881323923911e+00 -3.517288995169814303e+00 -2.466077952142936791e+00 -3.781030453671926139e+00 -5.607684721023694863e+00 -2.529009670539211996e+00 -1.065430252398110733e-01 6.983039530834240782e-01 -2.261019475046149640e+00 -2.886923468342656562e+00 6.720523065182886224e-01 4.296819984418885907e-01 5.424178704830165287e+00 2.405944605604760422e+00 3.751444799596054480e+00 4.714512092110127561e+00 3.296025525384980615e+00 7.215241888395894421e+00 5.118141388466887598e+00 8.049371934222802949e+00
-1.052748592833940222e+01 -9.527771218521079888e+00 -8.527974477810349896e+00 -7.528256541890604225e+00 -6.528194731873952605e+00 -5.527765518826944557e+00 -4.527400254113166156e+00 -3.527647576136089924e+00 -2.527826419872717167e+00 -1.527746616703952398e+00 -5.282071892447177675e-01 4.714316438608463500e-01 1.472152457731276343e+00 2.471367799835707757e+00 3.471778550344017944e+00 4.471653864877735529e+00 5.471691646771935424e+00 6.471903101699854943e+00 7.471352652805361316e+00 8.472633437412289581e+00 9.472318195896651360e+00 1.047168079127601104e+01
-9.250152046383080418e+00 -1.158434856760286635e+01 -3.886148043587351442e+00 -2.507635708426219967e+00 -7.462719865601280311e+00 -3.541866344102971631e+00 -4.182733592232920294e+00 -4.870612782945427988e+00 -1.809400888070822333e+00 -1.189530191686939853e+00 -2.162803631561291517e+00 1.715695238678197398e+00 -1.501593881529615926e-01 5.202175455008214655e+00 1.501254246520909108e+00 7.117462221161503955e+00 3.962593822215418005e+00 5.281504482505418707e+00 5.943700776289672305e+00 6.790198539493292884e+00 7.070694311498678886e+00 7.396519626161298433e+00
-8.750775511670813245e+00 -8.113547638095415238e+00 -7.384760152257840993e+00 -6.464711303814596910e+00 -5.238714761595057112e+00 -4.837691285483622927e-01 -3.157666229596310714e+00 -5.017551645728182130e+00 -1.747521798156661532e+00 3.022727368492159172e+00 -1.808172559326222117e+00 -4.616150942367883148e-01 -2.625446924300401941e-01 1.721380259683641611e+00 3.350481225170477195e+00 3.081359485917610996e+00 3.794360516885254775e+00 4.992368054654138021e+00 9.130754278323617967e+00 4.858975389470161943e+00 6.684595812430596418e+00 7.638035793607104829e+00
-8.057039492991030727e+00 -6.053886727960398950e+00 -5.148672378654032933e+00 -3.914955917085782389e+00 -2.722724422255100585e+00 -1.915246279929517348e+00 -5.702300910169819659e+00 -5.902055295353643150e-01 -3.754032273641081385e+00 2.887422246918124102e+00 -1.406385225799268390e+00 -2.898361452510938463e+00 3.163156715344947578e+00 -5.198859741163732728e-01 9.726001575486886708e+00 6.154972696997742521e-01 2.919074153121772763e+00 3.269785323668528587e+00 6.424449373783454043e+00 4.418527764587499185e+00 6.505597734340322624e+00 2.137872096875876871e+00
-1.052711663286163457e+01 -9.527116632861593715e+00 -8.528156383735638002e+00 -7.527807316584116393e+00 -6.528478435081943587e+00 -5.528502336544505624e+00 -4.527182220322586659e+00 -3.528398102921956436e+00 -2.528188838464700439e+00 -1.528477690023887448e+00 -5.274478558726212185e-01 4.721233483128646213e-01 1.472111695604807480e+00 2.471529216664320572e+00 3.471851268010626157e+00 4.472072416143905826e+00 5.471772336559782346e+00 6.472194054322729428e+00 7.471365817981256541e+00 8.472165295081623526e+00 9.472016298370849796e+00 1.047135836740065962e+01
-7.959339686019624160e+00 -6.954553988086582983e+00 -5.959339686019660576e+00 -9.664566411690028502e+00 -4.509740588346911494e+00 -6.983150995447896747e+00 -2.398537299037939441e+00 -5.156258417428643881e+00 -2.218997297563786386e+00 -6.774838091321797595e-01 -4.051285028242301856e-01 1.481953171569542427e+00 2.810511551536753139e+00 1.057514491213857655e+00 2.164611950315093125e+00 4.082112100891263751e+00 4.327297549752190164e+00 5.268880931715708371e+00 6.268288397074187834e+00 7.731940419035815637e+00 8.797133705259582825e+00 8.280540082411945946e+00
-1.052857636686800902e+01 -9.528576366867962832e+00 -8.528615929450934274e+00 -7.525634385909997448e+00 -6.528581194844186086e+00 -5.525709346201375993e+00 -4.528623916473330624e+00 -3.525747224953123649e+00 -2.528583668436930054e+00 -1.528584994640292294e+00 -5.283625575565764620e-01 4.713267755842736051e-01 1.474093153808169632e+00 2.474315769705823342e+00 3.471285864446214120e+00 4.471244074139649527e+00 5.471057288084082870e+00 6.471297435197879366e+00 7.471377335224207883e+00 8.471225097510869162e+00 9.471003599200303213e+00 1.047105722847943987e+01
-7.486216699307369993e+00 -9.581535935810665094e+00 -5.266540926257270883e+00 -4.724452108533517602e+00 -3.552276460206945874e+00 -2.497423527885814565e+00 -1.407185584281279045e+00 -1.644665128315960345e+00 -1.727821870755660738e+00 2.120908649097311693e-01 6.056582102607832141e+00 3.576820816405458237e-01 1.335909355109643037e+00 8.121043300243444563e-01 2.518113058264268123e+00 5.303211017192821508e+00 7.529220623553460889e+00 1.248902103974840472e+00 4.499935101446530084e+00 2.534098865645365795e+00 1.679868296699035035e+00 3.184088109464544125e+00
-5.248751522824672833e+00 -7.648634987528110329e+00 -7.929363556219171549e+00 -2.348934543836711519e+00 -7.529998555597585685e+00 -5.846708765286217968e+00 -5.137580001073662750e+00 -3.621754110765357471e+00 1.208974295193495196e+00 -2.272931224456380850e+00 -2.536752871142947008e+00 2.850670325043649811e+00 -3.009501325275876216e-01 9.838707016296686092e-01 2.655540296919046916e+00 7.474267816567161660e+00 4.297265515196123431e+00 4.180264246551250729e+00 5.107257744465734106e+00 6.998627140786203071e+00 6.416677858421675928e+00 7.632631999662859101e+00
-9.379693991455603452e+00 -8.723417256152096400e+00 -6.805945407733941188e+00 -5.824885433608205432e+00 -5.083536866234524609e+00 -8.240923360851910573e-01 -3.792486508055799455e+00 -2.460133249371489583e+00 3.170611533931577686e-01 -9.089163413117408163e-01 3.056125138309931710e+00 -2.692009095130045715e+00 2.012430284262320512e+00 1.859527895654745411e+00 4.314532728894477920e+00 8.126667285593294210e-01 7.389153389994005394e-01 3.438186048029252984e+00 3.840858520851222924e+00 9.379853143352431033e+00 8.057035743290811070e+00 8.051611430720031493e+00
-1.052789705713401958e+01 -9.527392205792803992e+00 -8.528132048446078528e+00 -7.528167155581867220e+00 -6.527562436658280731e+00 -5.528293003338715650e+00 -4.527621787983305168e+00 -3.527737465697679653e+00 -2.527572033006091345e+00 -1.527837020355606867e+00 -5.276200594486262219e-01 4.721217779336885911e-01 1.472053411406132994e+00 2.471719834011642192e+00 3.471902835172267388e+00 4.471916842263787828e+00 5.471798758011907182e+00 6.471634569567294548e+00 7.471750694316478203e+00 8.471407721739858232e+00 9.471913429897872660e+00 1.047130006830081328e+01
-5.672204305889005482e+00 -4.672204305889040121e+00 -3.672204305889042786e+00 -2.672204305889064102e+00 -7.032008515695555850e+00 -5.101080705952605321e+00 -7.713048726314590819e-01 6.949007593749167988e-02 -2.981767503929524388e+00 -1.922173626672898150e+00 3.703760991855065132e-01 -3.393855715342325219e+00 5.207823312372317215e-01 -2.287038633676989896e+00 -3.363063048084501183e+00 3.162858068634414543e+00 4.864392570149496109e+00 4.362315773818049358e+00 2.793997631610744659e+00 8.204087994423893804e+00 9.775801950765560022e+00 8.800695018958096583e+00
-8.239409350309552238e+00 -6.532241130360934456e+00 -5.532241130360943338e+00 -4.532241130360957548e+00 -8.887924452320714153e+00 -8.527628536976152418e+00 -1.726338099998479203e+00 -5.303599953618894247e+00 -1.242206641267607603e+00 -4.160656945039586940e-01 8.147406638435902293e-01 1.906663336467545378e+00 -6.011951725185002982e-01 2.468667187593494461e+00 3.265059974485593930e+00 4.536862132292171168e+00 4.109505227218704704e+00 6.676266946919593437e+00 4.738857419946661764e+00 5.376333428243451174e+00 7.550388893652780098e+00 9.481433751111575603e+00
-1.052777403467117523e+01 -9.527704088620582823e+00 -8.527774034671216086e+00 -7.528149424724032812e+00 -6.528113319210431698e+00 -5.528086266152291373e+00 -4.527971042923359946e+00 -3.527927870534103505e+00 -2.527994102470296767e+00 -1.527851759127996090e+00 -5.279285224599004067e-01 4.719480512219291768e-01 1.471949776031340917e+00 2.472100151099525078e+00 3.471931190558041891e+00 4.471942195065583547e+00 5.471783303983775326e+00 6.471944392986856087e+00 7.471865111358729550e+00 8.471974679596989688e+00 9.471796014674268349e+00 1.047172726816710409e+01
-1.052627621956207804e+01 -9.528501365259696598e+00 -8.528619740084222300e+00 -7.526267740801408479e+00 -6.528721902445363767e+00 -5.528748202994876237e+00 -4.526051629260592790e+00 -3.528799932375973114e+00 -2.528720360175181980e+00 -1.528807427660044738e+00 -5.285313612971922481e-01 4.713664241875985539e-01 1.471510212942542140e+00 2.471176054402768330e+00 3.473022837265904883e+00 4.472271513267930487e+00 5.472332742139279560e+00 6.471470903679305664e+00 7.472074423059407167e+00 8.472140606566842536e+00 9.472202222868379096e+00 1.047216561071532404e+01
-5.531348306691645789e+00 -3.895912966797795640e+00 -8.518259266581102551e+00 -2.838699246387816455e+00 -8.043740788247792040e+00 -4.571844052762745747e+00 -5.661331745618620737e+00 -5.081770102932991584e+00 -3.336249724257714711e+00 -1.900041189416616483e+00 4.779429240593988659e+00 1.170270701023581328e-01 -5.157623488190721250e-01 6.174271730232118394e+00 1.981295529325926230e+00 3.089221147999496431e+00 4.922389360633432354e+00 3.875392964156732845e+00 3.961129849320072616e+00 6.414651822312713136e+00 7.021301353692731340e+00 6.942537339322798040e+00
-1.052764327478048756e+01 -9.526376743134200353e+00 -8.528764736171901006e+00 -7.527652021762087031e+00 -6.528727349158460314e+00 -5.528725493963904114e+00 -4.527483728047549505e+00 -3.526441071447086628e+00 -2.528617833074260801e+00 -1.527312930937949176e+00 -5.278210977875641419e-01 4.735160951650669858e-01 1.471281040195281165e+00 2.471918593827540533e+00 3.472020301703269141e+00 4.471961322907265668e+00 5.471308503035359649e+00 6.471642080429846899e+00 7.471593443039719062e+00 8.471327583972273700e+00 9.471318129185492651e+00 1.047136685598259476e+01
-5.839362130660573413e+00 -4.839362130660562755e+00 -3.839362130660569861e+00 -2.839362130660574746e+00 -6.249199139521521396e+00 -1.192593424952846481e+00 -9.743026551409888825e+00 -7.899322622675846617e+00 1.177125926591252592e+00 -2.936264825839769999e-01 -2.974601153448992008e+00 3.234136571501873281e+00 3.029928788664389749e+00 1.666469960970911490e+00 3.554188240960102885e+00 2.356188586007549546e+00 1.486916705523942284e+00 6.030776033217881249e+00 2.121444774483369766e+00 6.717616377280427820e+00 8.596332603241066295e+00 5.122380997971054839e+00
-8.279261204006614250e+00 -7.279261204006658659e+00 -6.944136042469629011e+00 -6.143046062929984785e+00 -4.403521746673956017e+00 -3.401696791871316350e+00 -2.971479705008126970e+00 -2.565448253206109808e+00 -1.178045162983643701e+00 -5.175131019991034975e-01 9.349290470601065994e-01 -5.858071835593181120e+00 2.872534301329557671e+00 3.565940456366428535e+00 5.487879792320768502e+00 5.539365724093411103e+00 6.685249527652482371e+00 -4.198265515767842793e-01 8.791532464895782439e+00 9.451574491587892979e+00 2.547758568372646693e+00 3.468230957824503413e+00
-1.052785859994635587e+01 -9.527858599946318563e+00 -8.527526810691179904e+00 -7.528094015941460881e+00 -6.528309300467789456e+00 -5.527950968519276032e+00 -4.528096593842333206e+00 -3.527741804644902501e+00 -2.527569308802902981e+00 -1.527422308847738108e+00 -5.282631590221686935e-01 4.719623998548225785e-01 1.472008023485109618e+00 2.471623994484108522e+00 3.471849214359686187e+00 4.472066242321895757e+00 5.471880450918833461e+00 6.471898257806461885e+00 7.471885450258417549e+00 8.471723757758301332e+00 9.471877776160400941e+00 1.047160357244269235e+01
-9.764569300602756741e+00 -8.764569300602717661e+00 -7.764569300602724766e+00 -7.808178216415882389e+00 -6.175775280915359211e+00 -6.424523562492887585e+00 -4.241857919508136732e+00 -3.719952739974004441e+00 -3.710915864253105934e+00 -1.571171696096562931e+00 -2.703239010829415756e-01 6.794655224514296599e-01 1.988736299019890463e+00 2.649860223831878248e+00 3.412002096180331012e+00 3.733711995661348926e+00 5.441097209838981819e+00 5.441906945652989158e+00 7.605247510038283920e+00 8.682253289678410368e+00 9.312069269078438793e+00 1.065374439029356957e+01
-6.369909776402396417e+00 -5.369909776402438162e+00 -8.974371478611635311e+00 -3.801089541030199026e+00 -7.993775647572848975e+00 -5.277697450004483315e+00 -5.951320077899819871e+00 -5.449712704086372206e+00 -1.802661035729444805e+00 1.154526126731616253e+00 -2.114049003943375138e-01 7.710659592341427837e-01 -3.297120606646510854e-01 2.771731418420336546e+00 4.483242434035460633e+00 4.346037626053432135e+00 3.554238321473502715e+00 5.351879036863758543e+00 6.694635951964398757e+00 6.787555993180710345e+00 5.423212301064044283e+00 9.577126948955701380e+00
-1.052729114069899197e+01 -9.528317659341896118e+00 -8.528337034576738418e+00 -7.527491248392683687e+00 -6.528221293532448399e+00 -5.528126078837727775e+00 -4.527301567786542691e+00 -3.527377224707226588e+00 -2.527978397154406309e+00 -1.527967258536419237e+00 -5.278881072934584751e-01 4.720880620245040404e-01 1.472185433662327014e+00 2.471629914647722970e+00 3.471867357200771664e+00 4.471705638623625134e+00 5.471725028759626852e+00 6.471731104708103643e+00 7.471861583000812601e+00 8.471674055612478327e+00 9.471806597716009080e+00 1.047170990408101687e+01
-1.052856870767114117e+01 -9.528568707671094984e+00 -8.527039371695458669e+00 -7.527077831592514201e+00 -6.528521187868054909e+00 -5.528164290156304617e+00 -4.527074471380657883e+00 -3.527537636723467429e+00 -2.528025500740945120e+00 -1.528330855336129446e+00 -5.278595316075733734e-01 4.717230570650627897e-01 1.472293428812085025e+00 2.471503987643773215e+00 3.471680365238244192e+00 4.471820421252305167e+00 5.471904538307244437e+00 6.471966154608777444e+00 7.471911877129137736e+00 8.471774168047954134e+00 9.471948854360634940e+00 1.047192890915636987e+01
-1.052819844971369889e+01 -9.526440902454350379e+00 -8.527526705367071358e+00 -7.528134516281605570e+00 -6.528267792267294922e+00 -5.526779620749445954e+00 -4.528521126908751526e+00 -3.527692987424837057e+00 -2.526697396141969421e+00 -1.528407647115686885e+00 -5.283989448375532305e-01 4.716034989528807841e-01 1.471890733736055168e+00 2.471304611461652811e+00 3.471707494156856200e+00 4.472464264529239841e+00 5.471460447805421623e+00 6.471931555467143937e+00 7.472173647182486889e+00 8.471738637583751341e+00 9.471317880945701262e+00 1.047116098661949835e+01
-1.052807113283775919e+01 -9.528551993309495316e+00 -8.528071132837775181e+00 -7.528551993309530843e+00 -6.528071132837782287e+00 -5.527214479981918061e+00 -4.527256478904742920e+00 -3.527424780069853938e+00 -2.527793747722153483e+00 -1.527576146065246832e+00 -5.286158149829098818e-01 4.721996436128428343e-01 1.471395852626306677e+00 2.472324440837837756e+00 3.473072255612358106e+00 4.472214924753652454e+00 5.471595304668884552e+00 6.471425476134754717e+00 7.471630642772662867e+00 8.472210283041929912e+00 9.471449645818212915e+00 1.047136803215835776e+01
-8.185561082613386219e+00 -2.968593310838306465e+00 -1.968593310838313570e+00 -5.185561082613416417e+00 -5.830930867031842268e+00 -8.764989243298700217e+00 -4.768501109611017696e+00 -2.460260275979200273e+00 2.295997937590029014e+00 -4.190973872212784279e+00 -3.375646128198894758e-01 1.402258039876505658e+00 1.264486971768002288e+00 1.212466924055433326e+00 4.248231958308084089e+00 4.219120213118095819e+00 4.353899117429993915e+00 3.662149445039460716e+00 2.517696091807843928e+00 8.458091186432117325e+00 4.028885847881800153e+00 6.381932703727951406e+00
-6.420098759072251582e+00 -7.564516141344211242e+00 -4.420098759072306649e+00 -8.986545769756023816e+00 -5.037721599923290938e+00 -4.581562299409268846e+00 -3.278184957842245950e+00 -2.069467955905679446e-02 -1.458802212832727374e+00 -2.918471333470709084e+00 4.595180523825304064e+00 -2.426857047368332854e+00 -8.962439001775831526e-01 2.635133101907571884e-02 1.219484817065140447e+00 2.535608961409906215e+00 2.899503630093954953e+00 4.038341989653495112e+00 5.983418258429679781e+00 8.184212184450510463e+00 8.033955109884139745e+00 9.877428323175253766e+00
-5.031111488845911417e+00 -4.031111488845890989e+00 -3.031111488845896318e+00 -6.032600468321326126e+00 -9.215308991737597211e+00 -4.650548634913264756e+00 5.693686574559194691e-01 -5.225105297415087335e+00 -1.647699703241531921e+00 -3.570978817865178012e-01 2.420843277422759066e+00 5.853924215357193539e-01 -1.644349475666042615e-01 5.943181973824334996e+00 4.483842740816688099e+00 -1.759483416141587542e+00 6.978367054142624148e+00 3.806837865246135877e+00 3.290540930897199345e+00 4.387711531439396850e+00 6.173011556660591204e+00 1.890203467398322346e+00
-5.099313164946238430e+00 -4.971165603828732849e+00 -3.971165603828718194e+00 -2.099313164946266852e+00 -1.971165603828719970e+00 -6.988614053001009019e+00 -7.283235593893536475e+00 -4.870283797382059632e+00 -3.072989259050119326e+00 1.470380177293020729e+00 -1.823782082841571284e-01 -3.149218959144572949e+00 -6.513898602396930304e-01 -1.686557572649748149e+00 -1.392030430643541372e+00 5.587133790968340286e+00 6.176549062732196838e+00 6.617655320975814881e+00 8.556696670937958160e+00 8.812306533870412295e+00 4.599354408205107880e+00 4.952432579862727557e+00
-1.052835014556659132e+01 -9.526850656616820956e+00 -8.527105742144724942e+00 -7.528642305183577577e+00 -6.528363266039029611e+00 -5.526966729211959972e+00 -4.528583169925351370e+00 -3.527036965835247173e+00 -2.528438755321632314e+00 -1.528506794023666515e+00 -5.273327911378462574e-01 4.713736986635623794e-01 1.471789351653901790e+00 2.471410400223581050e+00 3.472785926413381574e+00 4.471634290170520387e+00 5.471972263407556269e+00 6.472203611385669575e+00 7.471696971905085860e+00 8.471715479147279737e+00 9.471642917942846296e+00 1.047164007927164242e+01
-1.051297435400838154e+01 -9.512974354008415290e+00 -6.725964329746169312e+00 -6.917425862838785022e+00 -5.643448417750316359e+00 -6.123373689872219749e+00 -2.272127963651340288e-01 5.767484640888196346e-01 -4.545660208085614329e+00 -2.735156552284746745e+00 -1.475691720196640189e-01 2.506370283768205809e+00 1.231888645414821903e+00 2.372698993695347980e+00 5.847074127907291974e+00 2.741877505886558097e+00 3.426702693657172727e+00 4.804790665205688427e+00 5.536870176338376304e+00 6.503543696208916813e+00 7.981284268395552495e+00 8.945597885591158871e+00
-5.886308910132689753e+00 -6.498073013062174219e+00 -3.786937804543560659e+00 -2.786937804543582420e+00 -1.786937804543560881e+00 -7.869378045435707625e-01 2.130621954564242415e-01 -3.110412940964156103e+00 -1.739300201455685091e+00 2.212364262011234373e-01 -7.306654547368304220e-01 4.264289184472779937e+00 3.200051448998022963e+00 -5.326830943009676744e+00 -1.141767281891674868e+00 2.479148730501343212e-01 3.307947556613310969e+00 -2.233455775366328222e+00 5.915361365746238498e+00 3.209204827058952603e+00 6.273712127916033054e+00 8.345473402458940981e+00
-1.052757973656775192e+01 -9.527476829148559645e+00 -8.528243851519857088e+00 -7.527631227530296343e+00 -6.527701471604133943e+00 -5.527725142098692146e+00 -4.527168010033410184e+00 -3.528361257768917625e+00 -2.527803931988499286e+00 -1.528167207397263638e+00 -5.277339114320724889e-01 4.715153680669832426e-01 1.471815872334200748e+00 2.471609893583012862e+00 3.471844989203171750e+00 4.471667792044835110e+00 5.472043718539435275e+00 6.471615682684140225e+00 7.471632044159131070e+00 8.471535395227625997e+00 9.471935454152781375e+00 1.047206403627272309e+01
-5.928481662131836138e+00 -2.746951398870711714e+00 -3.928481662131878771e+00 -1.025757409346815230e+01 -2.204136269727858810e+00 -4.938569097951525322e+00 -1.651340587753367117e+00 1.242908192138278967e-01 2.876252432158173722e+00 8.789970634527470850e-01 1.642243360670207819e+00 2.444987830197650425e+00 -5.772489253586912117e-01 -9.886884292583703049e-01 6.281855529574997377e+00 7.103807801691024437e-01 3.813676168722246906e+00 5.491819085896532115e+00 -1.798845829032579058e+00 3.402648346191508466e+00 3.683006296219710762e+00 3.053847912396750353e+00
-8.455392651919565239e+00 -4.700583070172990929e+00 -3.700583070172983380e+00 -2.700583070173008693e+00 -1.700583070172979383e+00 -7.627637129232834212e+00 -9.062039709138502985e+00 -1.990887720409583173e+00 -2.371390883867372512e+00 -2.401268345082859135e+00 6.705140469024086780e-01 3.215234649513482035e-01 -4.269420008323713267e-01 1.934954433938091523e+00 4.529965776372946173e+00 1.616130684752234981e+00 5.704848032263362789e+00 5.761374994460815024e+00 4.175349727043852432e+00 4.002769146084389718e+00 6.455919656886829117e+00 9.348228426697250626e+00
-7.986176017056242138e+00 -6.986176017056211940e+00 -5.986176017056230592e+00 -6.032261639600987380e+00 -4.851779802638103156e+00 -3.918768686101290921e+00 -2.024275648085884338e+00 -8.328658643126999550e+00 -3.392107405648242535e-02 2.448713056994593074e-01 -5.147781419714233309e+00 -2.110638947933028753e+00 2.625980009603182896e+00 -1.742491130220079398e+00 3.947158950109328490e+00 2.881907173089265584e+00 5.124127450057160083e+00 6.731579383171751196e+00 6.562721592476933097e+00 8.169521318830096135e+00 7.994394735240534899e+00 1.025053079354652574e+01
-1.052765766947148762e+01 -9.527924694554787521e+00 -8.527979478673916702e+00 -7.527391300039299793e+00 -6.527763478891822402e+00 -5.527807321833345000e+00 -4.527442556308480803e+00 -3.528232023553840691e+00 -2.528342254893756191e+00 -1.527904387997365276e+00 -5.284159150588401133e-01 4.717204640936962790e-01 1.471812188191428561e+00 2.472384042603980703e+00 3.471851810379035896e+00 4.471813469691284126e+00 5.471819564266215963e+00 6.472076750857841176e+00 7.471669151945128817e+00 8.471812687380323226e+00 9.471862144334323830e+00 1.047172647671223800e+01
-4.335630212527855853e+00 -3.335630212527823879e+00 -3.526928058902816243e+00 -2.526928058902842444e+00 -1.155081461897617290e+00 2.925211558322070582e-01 1.376811863332397134e+00 2.387664884483781780e+00 2.623469214959994300e+00 -6.138932743518717317e+00 -5.388847006914310178e+00 1.114673694791740166e+00 3.034455934380076325e+00 1.140058109168387679e+00 2.004698376046665231e+00 1.202005734798092362e+00 9.951127660685065157e-01 1.987484000214254865e+00 1.621045000274349945e+00 6.035026485440368127e+00 -2.759739590095293682e-01 2.526121635891647732e-01
