2.061583496081168221e+01
2.969712812725797590e+01
2.969605528499707248e+01
1.577213913104632326e+01
2.201667602496410225e+01
2.961412250714031202e+01
2.969474976261885857e+01
2.624244502971971826e+01
2.969636078893757158e+01
2.969888557713511545e+01
2.198703347275903042e+01
2.969636969664869497e+01
2.691209625253818771e+01
2.093331391741856606e+01
2.969499028826250608e+01
2.969643515420388979e+01
2.969652839577287295e+01
2.969662205113914411e+01
2.969741143560704089e+01
2.969618532068644967e+01
2.969701435377100651e+01
2.969590021037366512e+01
2.969709095125927334e+01
2.497262940883990368e+01
2.969739549810290313e+01
2.969566691619353449e+01
1.462721254272941529e+01
2.522653254810377987e+01
2.112988436059036346e+01
2.969580333321675880e+01
2.969700573901160467e+01
1.404848703548454125e+01
2.656451659601809467e+01
2.969652107261936180e+01
2.073391697191339489e+01
2.969802222090891775e+01
2.551755804468743705e+01
2.527513798728356420e+01
2.661806097168376439e+01
2.969672258529071840e+01
1.504258998779472023e+01
2.969731008658650850e+01
2.969733536215329650e+01
2.969695719643658194e+01
2.969535626778187520e+01
2.969648631204458411e+01
2.969624597982420866e+01
2.969724473349124594e+01
2.969581849167963128e+01
2.969546026648748338e+01
