2.601073944636917901e+01
2.962915958180365550e+01
2.962877631325269334e+01
2.612445256400556914e+01
2.962999572812777060e+01
2.962823442911507854e+01
2.963067667654603810e+01
2.163306693039778139e+01
1.547930512287932459e+01
2.963029959463876750e+01
2.962966008752186653e+01
2.962864431389093767e+01
2.051320786644694394e+01
2.962977782437976160e+01
2.719168320592790877e+01
2.962918307283640118e+01
2.962946130569763170e+01
2.963036325377535007e+01
2.582559067617177462e+01
2.962992852445479741e+01
1.984095358684155030e+01
2.962932621648971221e+01
2.962866222513777004e+01
2.089284620517722502e+01
2.650382823246019015e+01
2.215649753053515880e+01
2.093222081056064354e+01
1.464709363776820794e+01
1.491755629532551630e+01
2.668806114684647213e+01
2.962968552338913497e+01
2.131999954632161831e+01
1.767759357731145187e+01
1.929052542735553999e+01
1.367132152425008407e+01
2.127670557650156979e+01
1.710798857845941257e+01
2.962881084371441176e+01
2.962895467658805515e+01
2.963057924161532242e+01
2.962780648891986957e+01
1.409834841082269286e+01
1.727104396379436224e+01
1.792885898668053457e+01
2.267739462216718849e+01
2.962928134456727847e+01
2.962977704651984112e+01
1.960988845037398320e+01
2.963228561118663151e+01
2.514263715302514868e+01
