2.575244862499966558e+01
2.979102785894671612e+01
2.721819536973836762e+01
2.979073001525010866e+01
2.978953028625974753e+01
2.259475002292642287e+01
2.271338463545371056e+01
2.979042406304807145e+01
2.979084624491790123e+01
2.978969511270037529e+01
2.699759199956975309e+01
2.421675067246791002e+01
2.600690118868708822e+01
2.623870734931140802e+01
2.979077746890650147e+01
2.390151417513019894e+01
1.945456798917679109e+01
2.866682956565433216e+01
2.979061633259636821e+01
2.342086760226053954e+01
2.979031549910740040e+01
2.979090442696130836e+01
2.757292102772774456e+01
2.485566313636101299e+01
2.979083275556248367e+01
2.979071260825461565e+01
2.979056198874781103e+01
2.979004137072012881e+01
2.692987848864859401e+01
2.649157442117688532e+01
2.616297340406647010e+01
2.979045498229960032e+01
2.152549837651761067e+01
2.979084122304725213e+01
2.175274340764433134e+01
2.979051599320285959e+01
2.978966916782773211e+01
2.979030544699205763e+01
2.979004939767954951e+01
2.979089630629360741e+01
2.979027184330075428e+01
2.390858476482904038e+01
2.978990497355511380e+01
2.336670523760867013e+01
2.979033556329365240e+01
2.979041850512260581e+01
2.979002741366009843e+01
2.549076897546989073e+01
2.979032881241679576e+01
2.366068371964380290e+01
