-1.052329803088849758e+01 -9.523085748946114037e+00 -8.525877988135267316e+00 -7.524246474897340775e+00 -6.525021782314224694e+00 -5.525012692605907105e+00 -4.524888692593025397e+00 -3.524850165640771138e+00 -2.525398401712815044e+00 -1.525468407368121504e+00 -5.228731019253132217e-01 4.759986790066346174e-01 1.475242340767918492e+00 2.476035782898005522e+00 3.473787391388951207e+00 4.475187988782465709e+00 5.473787391388954759e+00 6.474078515375191856e+00 7.474565522575918664e+00 8.476130271161133933e+00 9.475704068148671055e+00 1.047405483743006016e+01
-9.043002514847549023e+00 -5.942071082537642823e+00 -4.616409347115506989e+00 -6.357696604400996598e+00 -3.681459855575745621e+00 -3.727600708104019667e+00 -2.827461617386042292e-01 -8.710890861644682293e-01 -1.805178864530424310e+00 -2.306245790768821191e+00 -4.931704494760811297e-01 1.194821135469553930e+00 -1.471471592916202553e+00 -1.566237244442336918e+00 4.178954793823463021e+00 1.395025627202420182e+00 4.599634102985261208e+00 4.451631440948979446e+00 2.327878611784040430e+00 6.401814094600639216e+00 1.212960662465945205e+01 4.939564173041164352e+00
-1.052559623562483893e+01 -9.526170645586475416e+00 -8.524399776689040920e+00 -7.521085758439545188e+00 -6.524556611410602613e+00 -5.526610244742853340e+00 -4.525016625157816108e+00 -3.522195418111323306e+00 -2.522340570322503694e+00 -1.526947055689321431e+00 -5.249168469824745387e-01 4.796833500943211703e-01 1.474152813919552329e+00 2.473739515312676218e+00 3.476122210987574235e+00 4.473225514658453861e+00 5.474321599372389713e+00 6.472876410254004398e+00 7.473070333965777579e+00 8.479222293265822330e+00 9.473746712573529294e+00 1.047422633624887212e+01
-1.052470241927294836e+01 -9.525643405250534101e+00 -8.525400054387086257e+00 -7.521863025359156296e+00 -6.522836659780963942e+00 -5.526070263914103720e+00 -4.525306303731429836e+00 -3.525773395530222842e+00 -2.526059728793123682e+00 -1.526218672029013845e+00 -5.251369520344688624e-01 4.749733091077832370e-01 1.477971869774824754e+00 2.475074182518488541e+00 3.477482023902899400e+00 4.474874775179390696e+00 5.475173126228817466e+00 6.473818953402998844e+00 7.474145273931982913e+00 8.474778901108264151e+00 9.473883520134453562e+00 1.047738624668931706e+01
-1.052541099759667986e+01 -9.524310852316292042e+00 -8.524667884138496632e+00 -7.524953397837567337e+00 -6.523782412436871070e+00 -5.525803084400575216e+00 -4.523980359462168366e+00 -3.524939182129788406e+00 -2.525363507595923096e+00 -1.524475227025423152e+00 -5.239167240533060266e-01 4.742445844140821265e-01 1.474589002403337901e+00 2.475883205505923002e+00 3.474828866395078819e+00 4.474576530131418650e+00 5.475434740158636515e+00 6.474801388653832035e+00 7.475770642134273558e+00 8.475156811150631242e+00 9.475407910617906992e+00 1.047546124932440037e+01
-1.052540675245906243e+01 -9.525731016627771552e+00 -8.521657948128201099e+00 -7.525947545401095340e+00 -6.521327812901951404e+00 -5.526430730453959939e+00 -4.525991652838229129e+00 -3.525071327320569381e+00 -2.526270393959487492e+00 -1.521641072563156172e+00 -5.224582596936127032e-01 4.738925129852393781e-01 1.474643680521019462e+00 2.474603857167728904e+00 3.476800087162029484e+00 4.478133562274942747e+00 5.472392793067470507e+00 6.473703543909557823e+00 7.474622252651229815e+00 8.473847712644111851e+00 9.476909752257830277e+00 1.047293605960227403e+01
-5.869625440774273173e+00 -9.350023229151807058e+00 -7.604803912566065804e+00 -3.382408700596525541e+00 9.229856836225325267e-01 1.183984482292395946e+00 2.723955474803944288e+00 1.048832947268578453e+00 -2.449918872627113497e+00 -3.148666791834174639e+00 -4.877440052429934170e+00 2.586602821112788497e+00 5.792709235428095127e-02 1.724657798947498044e+00 3.319153704370575664e+00 2.696266096403998169e+00 -3.274941215749147538e-01 2.055369337449693745e+00 3.197902732712720741e-01 5.893901445171016995e+00 7.576880327299127416e+00 4.354624939083674207e+00
-8.220165106533402266e+00 -6.895226374191174123e+00 -6.588467979956288190e+00 -5.937026647841625149e+00 -4.328982802107570471e+00 -3.594659362246264145e+00 -3.068829279641711150e+00 -1.768746791402043383e+00 -7.245443761871834809e-01 4.533545500401213735e-01 1.193491844243646849e+00 2.249164985038737630e+00 2.456481481864879690e+00 -4.546053245203232507e+00 5.202383322044807024e+00 5.641206590641881569e+00 6.776471659840525241e+00 8.025827853495560049e+00 8.516467474224537426e+00 3.592791055498762987e-01 1.981934800678210040e+00 2.271189599544276128e+00
-1.061687978364149387e+01 -9.499853093798266812e+00 -8.621656752501646537e+00 -7.705012018419137299e+00 -4.893518739468171397e+00 -5.636234934243860906e+00 -4.606172637647180323e+00 -1.936183594665011221e+00 -2.722110125388017554e+00 -1.716679336634796771e+00 -8.220574879675824898e-01 2.787966418486945708e-01 1.135201392935403231e+00 2.215433966153134815e+00 3.187902446240109100e+00 4.125401642985500494e+00 6.930797201213415804e+00 6.063488541098142726e+00 7.090438265958544761e+00 8.130567766329377832e+00 9.066813723150112025e+00 1.000606821835929061e+01
-1.052808908474709426e+01 -9.527713694694353919e+00 -8.511578478935073022e+00 -7.526770719411704391e+00 -6.527161040427985839e+00 -5.526592799547035639e+00 -4.527585216882538788e+00 -3.511989095332939570e+00 -2.528718658807589392e+00 -1.527379670265034406e+00 -5.120286728170686530e-01 4.728079353543925833e-01 1.472794732925576611e+00 2.471624514934697814e+00 3.471966019746938414e+00 4.473520389673398157e+00 5.471951833841485424e+00 6.472209713337099046e+00 7.472293249246762414e+00 8.471897176382226391e+00 9.471119961616674132e+00 1.048797290670601967e+01
-1.052474914558904828e+01 -9.524246879599294502e+00 -8.524570666930886276e+00 -7.524354875765077111e+00 -6.524471715769969649e+00 -5.525221206925124307e+00 -4.525503040037349933e+00 -3.524820052764635392e+00 -2.525915109298431105e+00 -1.525650114498340315e+00 -5.242684564807120751e-01 4.755887531421443271e-01 1.474780782379895072e+00 2.475101462819361942e+00 3.475508890368727677e+00 4.475467927076604013e+00 5.475033953108578544e+00 6.475612390109091621e+00 7.475408054210930686e+00 8.475169844248082285e+00 9.475893191315918784e+00 1.047475731677630684e+01
-1.430090944766750916e+00 -3.585864573388016119e+00 -6.275946778358267863e+00 -6.496824007456796224e-01 -2.734289856455236922e+00 -3.721804121453921255e+00 -4.970357772797062701e+00 3.698681176354752687e+00 -2.008024696332845860e+00 -7.232027403383662900e-01 -2.468533260174606614e+00 -1.549499602892163708e+00 -4.685332601746030612e-01 2.589855960482931874e-01 -1.136089531018091847e-02 -7.996401256390495149e-02 3.419297945692240770e+00 7.686436445929119898e+00 4.828168503647136234e+00 4.878785719113726493e+00 3.711480289745168193e+00 1.649870541117751888e+00
-1.052604265544906781e+01 -9.526401058178059600e+00 -8.528950736265295873e+00 -7.526928112249505531e+00 -6.514524653892623363e+00 -5.527852252464411364e+00 -4.525583520870325671e+00 -3.512034967880374836e+00 -2.526364580135444626e+00 -1.527463272552600060e+00 -5.273814651776529416e-01 4.721245017241280095e-01 1.472945257682685138e+00 2.471963569183234455e+00 3.487129374999883069e+00 4.470581993121983899e+00 5.472461387176398517e+00 6.472516938705327405e+00 7.472572788257485499e+00 8.472674891013980414e+00 9.487409695644263508e+00 1.047169817950236670e+01
-1.052576368505298632e+01 -9.525647932832876918e+00 -8.522252896969957803e+00 -7.525091173296631908e+00 -6.525157327001727126e+00 -5.525575990026647233e+00 -4.525448227470564078e+00 -3.525531390851199376e+00 -2.525175059383542475e+00 -1.523266414349718545e+00 -5.253949930721990569e-01 4.739222580736406343e-01 1.473950838500810434e+00 2.474615594202827396e+00 3.478614901954486527e+00 4.477411759847953476e+00 5.474469987506223490e+00 6.475332265550447275e+00 7.474215527827098526e+00 8.477365074509929599e+00 9.474230585450486686e+00 1.047472759878094628e+01
-1.052315217324276375e+01 -9.524662227115831215e+00 -8.524423734030929012e+00 -7.524460226974714061e+00 -6.525574088773927528e+00 -5.525914364240389176e+00 -4.524242193184118577e+00 -3.523526237092241331e+00 -2.525236577472886879e+00 -1.524261788211077828e+00 -5.250578678467014981e-01 4.747757159850838349e-01 1.474620028652937620e+00 2.476806505837226169e+00 3.475589378990912692e+00 4.477047323503274612e+00 5.472403004088191025e+00 6.475366710939187698e+00 7.474837004461077683e+00 8.474158718504687826e+00 9.474184974350709609e+00 1.047527341476895835e+01
-9.969961025681351785e+00 -8.103791833620007878e+00 -8.052938905903928912e+00 -6.700514527562150491e+00 -2.186675567655429031e+00 -5.414019956837347713e+00 -1.598441305745017527e+00 -1.332156266068041939e+00 -3.325704359041401048e+00 -2.406880000785767137e+00 3.706656800009873187e+00 4.153478132107477627e+00 2.742499104025761802e-01 -4.171996936713782134e-01 3.856705045807737431e+00 2.132901269009427558e+00 3.726951771834068339e+00 4.991315075112360056e+00 4.699977785939024599e+00 6.446556726360001655e+00 6.484535736545960383e+00 8.489506491339882999e+00
-1.052571231059054213e+01 -9.523162572898645095e+00 -8.525302051820540683e+00 -7.524910792031093365e+00 -6.523598610677499465e+00 -5.525483242490089708e+00 -4.525100915946751456e+00 -3.525771870531839269e+00 -2.525214477696195559e+00 -1.524608000435613064e+00 -5.247502469203766395e-01 4.761540896513167809e-01 1.474738017401898915e+00 2.475106560371123976e+00 3.475458145818917544e+00 4.474538848481389053e+00 5.473497153005812521e+00 6.475699179551812179e+00 7.477198154411523134e+00 8.473461874506686087e+00 9.476503872058602340e+00 1.047581049867650904e+01
-1.166512293322376870e+01 -7.961912086824765922e+00 -2.326350068751221745e+00 -4.408284351203999307e+00 -7.886287660589800907e+00 -2.820585937143450295e+00 -6.002495926795397452e+00 -5.626663020017554473e+00 -8.110265606637124813e-01 -1.198466801362627177e+00 8.771236362872136816e-01 4.239603182913930013e+00 2.068927197782290506e+00 6.653858657150985012e-02 1.506327374185993717e+00 2.383427384789171821e+00 3.151576931951852512e+00 8.182876294288650598e+00 5.462682640339953544e+00 6.437745080902711692e+00 7.111180730944657746e+00 8.673737607514942383e+00
-1.052553837915714752e+01 -9.522363642061296929e+00 -8.525884600186888207e+00 -7.525491455400556973e+00 -6.526472026312895025e+00 -5.522131765091971900e+00 -4.525748306716019798e+00 -3.526265675032684399e+00 -2.525296592915594829e+00 -1.525831634009426452e+00 -5.254164727574099913e-01 4.770392609590761168e-01 1.475401735102581213e+00 2.474184354936522112e+00 3.477301752364089893e+00 4.477636357938695966e+00 5.474570607935836719e+00 6.473934149538919769e+00 7.477978667413641034e+00 8.474632164632728504e+00 9.474412208592344342e+00 1.047390059212391833e+01
-1.052446523613547669e+01 -9.524305510588661150e+00 -8.524230088361283819e+00 -7.524966943331751423e+00 -6.524291205473913280e+00 -5.526032748886148482e+00 -4.525044608183893757e+00 -3.524549040266071742e+00 -2.524309586056228127e+00 -1.524161788888950042e+00 -5.245084197006448790e-01 4.755682244219592292e-01 1.475533467463472803e+00 2.474181902340866657e+00 3.474558387629013367e+00 4.474132877520537122e+00 5.475370605222204645e+00 6.476081852547146411e+00 7.474117641083223518e+00 8.475590501657940479e+00 9.474813435904003711e+00 1.047546758197925065e+01
-1.052442144602532892e+01 -9.524922855198372673e+00 -8.525151021778574645e+00 -7.525747217237967135e+00 -6.525463543832284330e+00 -5.523810520768154930e+00 -4.524026133120056414e+00 -3.525100857019431544e+00 -2.524780683219411515e+00 -1.525669462978829216e+00 -5.248201116919481990e-01 4.805923253297823550e-01 1.474484473466873169e+00 2.475176446139808917e+00 3.475579217076303351e+00 4.475280724465847015e+00 5.473757416009904730e+00 6.474734731018543243e+00 7.475075490772727704e+00 8.475144274532800281e+00 9.474681675434112549e+00 1.047395838052035089e+01
-4.997772002512016698e+00 -2.334713876798635290e+00 -7.230067230992633043e+00 -2.490804381714281313e+00 -7.243830211309076006e+00 -1.196194715549784959e+00 -1.941240608383532518e+00 -5.169603407245142002e+00 -4.666996038888230558e+00 1.497389617147637741e+00 3.948544769483256278e+00 -1.312592042928820479e+00 -1.026602293805929378e+00 -9.163432223669625287e-01 1.119541112487606016e+00 6.481082088968848964e+00 1.426263920984720102e+00 3.573785245599080618e+00 4.277425233650314240e+00 7.368970578959193496e+00 5.532260138228497937e+00 4.756048628882465934e+00
-1.052496563372281457e+01 -9.525034529241640513e+00 -8.524156366559580533e+00 -7.524055277082057458e+00 -6.526293655010782402e+00 -5.524180372330272704e+00 -4.524828565391603163e+00 -3.524159115823827904e+00 -2.525313136252467672e+00 -1.523624506863663797e+00 -5.250345292416422893e-01 4.745443788441789934e-01 1.475134494629775972e+00 2.475546295669950325e+00 3.475893798199573226e+00 4.476257990029733236e+00 5.473429310050882179e+00 6.475340659645478780e+00 7.474806445566098745e+00 8.476737755266109176e+00 9.473426769402898628e+00 1.047507909211245725e+01
-5.172572260652168019e+00 -4.014738327058422485e+00 -5.431422853116394833e+00 -3.039770547351835273e+00 -4.017648909439192728e+00 -3.601071477836500723e+00 -3.423468827648974422e+00 -7.570305475999557387e+00 -4.103077169739842489e+00 4.033658677863463105e-01 1.484557938732438576e+00 -2.175686547425249362e+00 3.398928522163504162e+00 -7.199152632713050615e-01 1.505035323032898109e+00 5.576531172351012700e+00 2.824313452574758188e+00 1.510798965929133875e+00 4.146431945038582256e+00 8.098138431500114365e+00 1.047398604837052360e+01 3.302141293956701418e+00
-1.052422593635592563e+01 -9.524723389270622675e+00 -8.525139116766776937e+00 -7.524132930758346660e+00 -6.524061136963684504e+00 -5.525640309872953182e+00 -4.525948577645150905e+00 -3.524723277511933262e+00 -2.525139116766773384e+00 -1.523496770384630494e+00 -5.251316661861871182e-01 4.759429310533072055e-01 1.474343738433985251e+00 2.474959052083159250e+00 3.475804998454718131e+00 4.474854498085646171e+00 5.475525385615496177e+00 6.475152022120621353e+00 7.473964213308962101e+00 8.475693962452078623e+00 9.475306427952917332e+00 1.047536630081859421e+01
-8.968113169774618143e+00 -1.158944620792233948e+01 -7.164406457793230487e+00 -6.234202940846694574e+00 -5.841088060339020949e+00 -4.357717132806310012e+00 -3.733241439851902044e+00 -2.426465109583046065e+00 -9.853505336879178067e-01 -7.472620441533763813e-01 4.395222422964657483e-01 -2.676728394885555140e+00 2.023773822365741992e+00 2.690393259130829495e+00 3.970129271800559856e+00 4.778188506754189824e+00 5.439147027670593104e+00 6.459756186299149938e+00 7.621548089516376301e+00 5.157685392896398824e+00 8.886368114399612494e+00 6.712060880410670727e+00
-1.052444024858149874e+01 -9.524477687748987620e+00 -8.525515382262796038e+00 -7.523838629099477870e+00 -6.524482836100176542e+00 -5.524975446137501578e+00 -4.524623771282760387e+00 -3.524871711703877253e+00 -2.524178345772346788e+00 -1.525495586070141130e+00 -5.254720198837219414e-01 4.760058847340609134e-01 1.474804575470354706e+00 2.474508429792784625e+00 3.475295419720081824e+00 4.474484617737200409e+00 5.475459123876957435e+00 6.475148106840517670e+00 7.474457989362148780e+00 8.476278389719395179e+00 9.475762697783382649e+00 1.047471773150292584e+01
-9.091512688253695629e+00 -8.081035307748710039e+00 -7.222854211777030464e+00 -5.958204453473121553e+00 -5.050480633675102027e+00 -4.026548523036628247e+00 -3.320565181023977797e+00 -2.152244442979458938e+00 -1.340924654696874718e+00 -3.055456831272326812e-01 5.854640797513761541e-01 1.710598936966042594e+00 2.618007016239711771e+00 3.777145788222958878e+00 4.827927611225952376e+00 5.783028729619168473e+00 6.585277760669955072e+00 -1.700672525465866336e+00 -7.232956949452691298e-01 9.753952933913161871e+00 1.050067829299778133e+01 2.286354152493429659e+00
-4.164360467447625780e+00 -6.148121462615613098e+00 -9.125590775796371901e+00 -2.008225456983660173e+00 -5.756299447679722903e+00 -2.368825201635096356e+00 -5.668624930010011553e+00 2.175600588548797010e+00 -3.594907979308673784e+00 -3.139210435100241003e+00 -2.437560370887108974e+00 -1.255907757963740656e-01 -2.217458009590813628e-01 1.507522802659341243e+00 3.489567530891821256e+00 2.557353846242295781e+00 3.449231572722739170e+00 2.306866956351595555e+00 5.422661404176674083e+00 1.109930055945293681e+01 7.223261380504151674e+00 4.982247764565811643e+00
-8.256618067727963250e+00 -8.295886570276735483e+00 -6.198967226926299645e+00 -6.066956915993467092e+00 -8.983577888000926492e+00 -4.725722384229715800e+00 -3.436465845167521849e+00 -3.392145909429655770e+00 -3.155962383083907863e-01 -9.273277266640158611e-01 -1.272527720861200251e+00 1.061185037201788806e+00 1.776896515749385230e+00 1.968397851620954597e+00 3.238471464406048383e+00 3.674619480006444228e+00 2.140496588509230858e+00 5.695025038556000396e+00 9.213694071664944474e+00 4.487987700479916242e+00 8.861230360521732408e+00 9.208339686766020549e+00
-1.052538491379130647e+01 -9.524660575796248807e+00 -8.526503536511539139e+00 -7.524338919330736175e+00 -6.526031430472013284e+00 -5.525601889599448313e+00 -4.522580165077348724e+00 -3.525735992599631885e+00 -2.525735992599605240e+00 -1.524102184582835307e+00 -5.244022194634858636e-01 4.801488112319542978e-01 1.476361055265767774e+00 2.474990878592834065e+00 3.475014511834489284e+00 4.475483838807450709e+00 5.475549463521350191e+00 6.474288028072219703e+00 7.474611614238130031e+00 8.473004956137049959e+00 9.475577954541547498e+00 1.047459800947795827e+01
-2.168667081975286237e+00 1.759855607512932352e-01 -1.472397926221143294e+00 -7.872460356952164062e+00 2.835580425708243979e-01 -6.447180014557083894e+00 -5.270164119459512797e+00 -6.547676122964783296e+00 3.998887064634229827e+00 -2.024451068120820985e+00 -3.101466403440020336e+00 -2.035658592913269782e-02 1.579788950547616810e+00 -9.132551820044714219e-01 1.172270368769951387e+00 1.669272992150039103e+00 2.996505828587261000e+00 3.850918605948721485e+00 4.296331213626601198e+00 5.074265636089153375e+00 4.338642136104396307e+00 5.856199763740904451e+00
-3.899747854699419314e+00 -8.021918371678431470e+00 -6.304798248246926917e+00 -6.223754043924992096e+00 -5.054545647380821016e+00 -3.263719507852533397e+00 -3.403232337612136060e+00 1.189684629122436554e+00 -1.441529869974508271e+00 -8.281595215897744611e-01 -2.631646135079191762e+00 1.048775696580950934e+00 2.978081628321575636e+00 2.786458788865412650e+00 3.442141172900665680e+00 -4.169992892779038840e+00 5.715338154930170944e+00 6.352225268680227188e+00 6.390151376751561862e+00 8.290035363610183339e+00 5.407852868474934960e-01 5.963918366103666990e+00
-5.064140764951037710e+00 -1.966374266107864699e+00 -7.303897719735590321e+00 3.830870513752531181e-01 -2.294681973305718437e+00 2.095037604170582934e+00 -6.537753203984162376e-01 -4.147358227568134659e+00 -3.996862925023147994e+00 4.456708989082933670e-01 1.549746074763792336e+00 -2.416728392203528308e+00 -1.500887534800260159e+00 -4.905817511891419347e-01 -2.171737265870655520e+00 5.443230064339060981e+00 1.239842050618892522e+00 1.757045938028870324e+00 5.491413276592611581e+00 4.018320018921758496e+00 4.933445608249827252e+00 4.104738857081134284e+00
-1.052432667091483864e+01 -9.525748278945663117e+00 -8.521512065082772480e+00 -7.525768946856263852e+00 -6.526233959943038343e+00 -5.524799156934005140e+00 -4.523731697350729775e+00 -3.525768946856260300e+00 -2.525502961128941237e+00 -1.522679094225150465e+00 -5.216999463736957665e-01 4.737836457788979772e-01 1.473637800663716746e+00 2.479211565107112492e+00 3.474748525768523777e+00 4.474689643830066288e+00 5.473811712116008366e+00 6.475061666220426559e+00 7.474231284111745310e+00 8.473373550921685649e+00 9.475040640681985593e+00 1.047473299130798097e+01
-9.182004105315968445e+00 -8.254386598408892439e+00 -7.546149410712634342e+00 -6.038086986890887076e+00 -5.660373158791493609e+00 -4.244810421555206936e+00 -3.877281076474385468e+00 -2.805438161223601679e+00 -1.173600404898085259e+00 -4.111983299481486220e+00 -3.455313526598670304e+00 1.250922159324379779e+00 1.776880025173451561e+00 2.788935785979133275e+00 8.147674151129742359e-01 4.385641394108200863e+00 5.632883939740869650e+00 6.875472021131923128e+00 7.901894073318273648e+00 5.192743892598132405e+00 9.272684076187651669e+00 9.911153669572884795e+00
-4.853952272150849012e+00 -6.351121153271654052e+00 6.204621953970039794e-01 -2.623477224222650506e+00 -6.550984445240085385e+00 -1.655272438713573768e+00 -5.381709824913203377e+00 6.722827954926242633e-01 -1.158661317384403588e+00 1.756582655092727707e-01 -4.707250462333885666e-01 2.520667130429363301e+00 -9.854605849376213422e-01 -1.848180447010499661e+00 2.901201005449174364e+00 1.095299983584451464e+00 4.901201005449180137e+00 -7.757236938438076823e-01 3.512435544998982806e+00 7.604449835726078355e+00 7.306305098627891681e+00 7.998568891542938708e-01
-1.112395837779591723e+01 -5.706587069582083060e+00 -8.178728783934491986e+00 -7.590880328258075238e+00 -1.990384707135112397e+00 -5.771736433106551267e+00 -4.657543005784777534e+00 -3.559229417625224379e+00 5.469103013015571557e-01 -1.981429322070679566e+00 -1.606144608699480836e+00 -9.596085541470695812e-01 7.876749200291562891e-01 1.367338086713518530e+00 2.673726865294251631e+00 7.492236646924213872e+00 3.884961638528564798e+00 5.308383558729784291e+00 6.387818003954696344e+00 7.392878731715975427e+00 7.344278611508712196e+00 9.394574545335599325e+00
-8.902295079894356533e+00 -8.054162560961094286e+00 -7.117309806589743104e+00 -6.345582145031574584e+00 -5.114019916505789354e+00 -3.832277003258097281e+00 -3.070465495563728719e+00 -2.097094269732285188e+00 -1.555928729686120393e+00 -3.645106202605560841e-01 3.384269610977251874e-01 1.062071863267420202e+00 -2.900029729828269787e+00 3.361812386416472176e+00 -1.126065729230780965e+00 5.085098825957236279e+00 6.551373356495925115e+00 1.658396727397728920e+00 2.280398482443005914e+00 8.755037473199081433e+00 9.963384696979668220e+00 1.087829161518471111e+01
-1.052565159885720902e+01 -9.523318792269986233e+00 -8.525581235574049899e+00 -7.526244381950668583e+00 -6.526112581179889460e+00 -5.523143077777191934e+00 -4.522376264022149428e+00 -3.522782231257730601e+00 -2.527605752037320741e+00 -1.522926921532910427e+00 -5.258062729104029387e-01 4.766883453862202913e-01 1.476715882732110074e+00 2.477012788368890384e+00 3.477195148779582468e+00 4.474748154594136551e+00 5.476795618845654801e+00 6.473973189903928116e+00 7.472881352020934287e+00 8.473396619273852792e+00 9.474192713810635880e+00 1.047250059755010732e+01
-1.052371493896293941e+01 -9.524808371270228946e+00 -8.524266587400964212e+00 -7.524955058301044275e+00 -6.524071680212541580e+00 -5.523705141449516631e+00 -4.525424057448445225e+00 -3.523654686117716039e+00 -2.524845579469721102e+00 -1.525499777699041104e+00 -5.243910642510041242e-01 4.750453738326481101e-01 1.475044941698975265e+00 2.476363552903595888e+00 3.474891638552607631e+00 4.475561743771494960e+00 5.474619915878243148e+00 6.473377799784600484e+00 7.475285833870833230e+00 8.473644828593196010e+00 9.475242858921946620e+00 1.047480975667185099e+01
-9.823208401537726786e+00 -6.105947248104946823e+00 -5.308406634932022250e+00 -7.177757276262163089e+00 -7.322103878412172584e+00 -5.044041969674365689e+00 -5.830601568195551643e+00 -3.418089741614968258e+00 -2.273570578798887798e+00 -1.397834668120705448e+00 -7.093758215760278540e-01 8.393430937253467672e-01 3.787812422645981059e+00 2.032458298828526466e+00 3.137476746182005893e+00 3.915198348800661421e+00 4.825504023935327069e+00 3.955597781669116131e+00 6.892861610163239838e+00 7.479843206015705626e+00 6.485824015874579906e+00 1.051356954128561405e+01
-1.052492519264864512e+01 -9.523953964764409363e+00 -8.525114258581924176e+00 -7.524633472616018892e+00 -6.523054418916041541e+00 -5.524701824242407966e+00 -4.524125298315818000e+00 -3.525046368891533888e+00 -2.526005802506729125e+00 -1.523006526583957410e+00 -5.255974659865429999e-01 4.744025340134587765e-01 1.475400069897846222e+00 2.475397596305077386e+00 3.475016961043545294e+00 4.474730560725394213e+00 5.474535616284081030e+00 6.474822135811512780e+00 7.474642025476166296e+00 8.474792057817644775e+00 9.474098058586776006e+00 1.047687827998942645e+01
-9.424996115900233562e+00 -7.637794113494332571e+00 -6.906293437894174936e+00 -6.673101675147324663e+00 -5.177676634712458537e+00 -8.326525567349152723e+00 -3.527319951753236094e+00 -2.719183679703382595e+00 -1.718404796462818407e+00 -6.132853330238380307e-01 5.635933332361070525e-02 1.599301210921018068e+00 2.280351235599967108e+00 3.001565122478647041e+00 3.612398312576761139e+00 1.287332585123337036e+00 2.060216268146580987e+00 6.536724538055559641e+00 3.524821227196631046e+00 8.521641710452273699e+00 9.338991915948756883e+00 1.035942914751437804e+01
-3.218249747021384444e+00 -8.930776876617438020e+00 -7.519352661826102846e+00 -6.867917846371485169e-02 -5.849792986263505412e+00 -4.724190633220095137e+00 -3.741507148847058595e+00 -2.971098659359178829e+00 -2.398641315112980621e+00 -2.543646556490390065e+00 5.789985622662013220e+00 5.008007759113936030e-01 1.494850665253883770e+00 2.739043142803795128e+00 3.182717701325185722e+00 4.304373581446482966e+00 5.907531757899002756e+00 6.530257872273551811e+00 -5.795836911850311690e-01 4.780316280300556109e-01 8.797064363908939200e+00 2.275413644789138878e+00
-4.993742877653213341e+00 -7.765446650671369966e+00 -5.152537152209024640e+00 -4.927898101342047532e+00 -3.398470445070909562e+00 -7.496813340898894396e+00 -3.061683047920131795e+00 1.356896635572461651e+00 8.474628477909860180e-01 1.405602036104611097e+00 -2.253335703848193372e+00 2.507196552913518062e+00 1.836214368940100039e+00 -6.897167745296441943e-01 2.374341933477885469e+00 8.951966158553084085e-01 7.233951589275394056e+00 1.104014179795732353e+00 1.004778726764009811e+00 5.177923386168617803e+00 8.114667722930969163e+00 5.335948800450417195e+00
-1.052568526735353771e+01 -9.519925253296415590e+00 -8.525279806757506407e+00 -7.526978926563804961e+00 -6.523325281048345303e+00 -5.526951001787720585e+00 -4.523142965341135024e+00 -3.525204496288836253e+00 -2.523142965341140354e+00 -1.521832050586274576e+00 -5.220765041356667524e-01 4.733649326319095962e-01 1.474157048558655703e+00 2.473543105816300880e+00 3.474521203135907399e+00 4.473134769296109425e+00 5.473278267478406178e+00 6.477513266896664845e+00 7.476621253585280513e+00 8.476410878991543996e+00 9.473029120063248598e+00 1.047252197394317363e+01
-1.052466531097897473e+01 -9.525364190340047443e+00 -8.523966081440459419e+00 -7.521989010274433340e+00 -6.523402117192746985e+00 -5.525685168802747071e+00 -4.523655541241177858e+00 -3.525262080132977260e+00 -2.525110684335240663e+00 -1.525783903896817506e+00 -5.245161876082580221e-01 4.758826270699305638e-01 1.475195147097094761e+00 2.474030591547471403e+00 3.476256288588031040e+00 4.474829800426944004e+00 5.474416770040974711e+00 6.475104413926581870e+00 7.473805636167512034e+00 8.473923526704290055e+00 9.475707255303841947e+00 1.047479952126739100e+01
-8.930955398782861820e+00 -7.904674591220922863e+00 -7.202281231678431261e+00 -1.097192769535963031e+01 -5.369877787078354281e+00 -4.147158697640056957e+00 -3.521271279561816403e+00 -2.357481429827774200e+00 -1.659777708223313830e+00 -1.122315530907139092e+00 4.875287313078049412e-01 1.460697572711360026e+00 2.186629449705755679e+00 -1.288509902895006665e+00 4.457309997549949721e+00 4.777909472465915464e+00 5.782987941922338671e+00 6.976697416471918878e+00 7.795981458542598830e+00 8.684037828899811018e+00 5.141315949346974001e+00 6.179686736147461446e+00
-9.956427126980935682e+00 -8.862910493246911159e+00 -7.891528168398837195e+00 -6.947691161538738669e+00 -6.015580429857850575e+00 -8.185154236228280311e+00 -3.936779683736193469e+00 -3.043185096281211255e+00 -2.109592698686814316e+00 -1.011094961030498673e+00 -1.096725650225709309e-01 8.375096797201011523e-01 1.856636700779773053e+00 2.946507190720534020e+00 3.840154861816548415e+00 1.676716762957918050e+00 5.825409922779213545e+00 6.754204651192312170e+00 7.784971522614366535e+00 8.762330588651495944e+00 6.561610037440642529e+00 1.067811600423249807e+01
