2.275130760770538441e-01
5.228258867832892287e-01
2.399673982989500853e-01
3.038508572909660033e-01
3.171227881818251548e-01
2.555639065284826539e-01
2.222782633466658941e-01
1.939021259679010178e-01
2.206376444913859258e-01
2.189895713340024863e-01
2.162857294521605966e-01
2.671166132176769348e-01
2.034483794861747519e-01
4.344312925146269211e-01
2.724458170498176846e-01
1.790289587052005804e-01
3.266038185902924162e-01
2.095980722787165462e-01
3.045603154651363442e-01
3.463093032376622915e-01
2.000511970971524944e-01
2.192253448804764304e-01
4.271918074167368462e-01
2.945496587452117176e-01
2.416806087545063375e-01
1.877145402650264305e-01
1.762328898559349100e-01
1.765159581613928719e-01
3.105849674589381548e-01
2.808309118634994550e-01
2.185547329864721555e-01
2.485482039033984070e-01
4.800028961272321815e-01
2.618051216871749021e-01
2.631367485805733986e-01
3.012922738875321582e-01
2.867970956812230798e-01
2.841564987835732969e-01
2.135905580770507683e-01
2.075514846285017034e-01
2.054294783486075859e-01
1.351840973987342986e-01
2.321897863792582450e-01
3.679976476218740911e-01
1.921099705418231884e-01
1.745032951477357985e-01
2.096426355748116643e-01
3.326829738368495826e-01
2.458875805467748421e-01
4.144626126591961501e-01
