-1.052694416198533389e+01 -9.527218276296137489e+00 -8.527176940474976874e+00 -7.526878567073829629e+00 -6.526623123918042779e+00 -5.526341231201179482e+00 -4.526304425333016468e+00 -3.527177067134864785e+00 -2.526608528230662287e+00 -1.527099029753674841e+00 -5.270997748117434156e-01 4.734523430128110277e-01 1.473845331336983477e+00 2.472506350244996653e+00 3.472648887302398180e+00 4.472363217141154479e+00 5.472364677454949700e+00 6.472293524410249077e+00 7.472398562695508062e+00 8.472362837161547588e+00 9.472590921785350560e+00 1.047265261259269664e+01
-1.052691005542877178e+01 -9.526993203908201480e+00 -8.527032081037766886e+00 -7.527048736810696639e+00 -6.527217473834749484e+00 -5.526930682361131275e+00 -4.527101431041968382e+00 -3.527111276984230770e+00 -2.527283180505024873e+00 -1.526929128915076816e+00 -5.272464342415386085e-01 4.730698205530572409e-01 1.473121289163824343e+00 2.472915105521670043e+00 3.472865324467415249e+00 4.472957137972105812e+00 5.472921628504986202e+00 6.472770161926737487e+00 7.472800444811573684e+00 8.472730021923771559e+00 9.472797352820625960e+00 1.047286353632806843e+01
-1.052672904238784923e+01 -9.526601682163091667e+00 -8.526733006096696599e+00 -7.527438009835124788e+00 -6.527291650629852171e+00 -5.527223254299977739e+00 -4.526789243079038627e+00 -3.527616168118347773e+00 -2.527439783073273105e+00 -1.526133890009740313e+00 -5.259609769352540098e-01 4.721364726058379091e-01 1.473456976257931927e+00 2.472514693879258374e+00 3.473793802105559436e+00 4.473115806721821741e+00 5.472858769141806690e+00 6.472635691308154193e+00 7.472261701964514558e+00 8.472091396593224744e+00 9.472824734889636389e+00 1.047227480008520395e+01
-1.052536587975926352e+01 -9.525343282148243773e+00 -8.527826717123399902e+00 -7.527734396979232301e+00 -6.525441927835339939e+00 -5.527778638526809729e+00 -4.527769735082989300e+00 -3.527731163427258565e+00 -2.527773452922708941e+00 -1.527749789878724229e+00 -5.278006922453748473e-01 4.725803826004106867e-01 1.473934391513452624e+00 2.472670966759302758e+00 3.472436921671015142e+00 4.472825305536376916e+00 5.472593450918777691e+00 6.473146187141525232e+00 7.473140465095623242e+00 8.472234847024068927e+00 9.473489763215170001e+00 1.047327113337813032e+01
-1.052782877449959642e+01 -9.527548170733174615e+00 -8.527425377714353161e+00 -7.524795464324688155e+00 -6.527796587991421262e+00 -5.527679382908052830e+00 -4.527867800640768436e+00 -3.524675360965463966e+00 -2.524873628365702061e+00 -1.527861370789727502e+00 -5.276090866801403934e-01 4.723796256902570434e-01 1.472225413573058361e+00 2.474935919893059832e+00 3.475135647607123346e+00 4.472244226289067370e+00 5.472356759858403308e+00 6.472254560244357080e+00 7.472055354070938904e+00 8.472013615918434937e+00 9.472059034657752008e+00 1.047230898673561761e+01
-1.052646065554161936e+01 -9.526999116451902339e+00 -8.525943741710351631e+00 -7.527348846705139707e+00 -6.527420424432911261e+00 -5.527460322292016670e+00 -4.525999546559022590e+00 -3.527503125877554879e+00 -2.526992820711297938e+00 -1.527538404376661774e+00 -5.261443858458303424e-01 4.724920759485442545e-01 1.472573250024147740e+00 2.473287522284810080e+00 3.472996353595084074e+00 4.472536831586188200e+00 5.472636967389414409e+00 6.472317181019608512e+00 7.473463184623549083e+00 8.472564056007687583e+00 9.472385256974522605e+00 1.047256684997541853e+01
-1.052688307281238878e+01 -9.526287890632030297e+00 -8.527409705926055850e+00 -7.527328386564139606e+00 -6.526355057616108013e+00 -5.526826023716818526e+00 -4.527015704322931100e+00 -3.526831574399356128e+00 -2.527553535659182060e+00 -1.526897843588468362e+00 -5.273637619208084715e-01 4.733292165805078611e-01 1.472692206840632068e+00 2.472496904771443127e+00 3.473309662531729458e+00 4.472437773238540970e+00 5.472464748065588580e+00 6.473077513616200207e+00 7.472460046749244356e+00 8.472673565487982117e+00 9.473208099942326044e+00 1.047261095825921551e+01
-7.728203697671936823e+00 -6.728203697671890637e+00 -5.728203697671890637e+00 -4.728203697671906625e+00 -3.728203697671892858e+00 -5.920037936116584021e+00 -8.699679178458163520e+00 -5.346919046272438081e+00 -8.841090151136401509e-01 -1.855282628546282897e+00 -1.478688893732324150e+00 1.661600015102180583e+00 2.223593557119504460e+00 2.003244437380695242e+00 2.446012733563569519e+00 4.364020802166531432e+00 2.147389213647306505e+00 5.403858266407681299e+00 7.441131872432444005e+00 5.173947648318322656e+00 1.004585468115093683e+01 9.319090098234612540e+00
-1.052459267205133386e+01 -9.527919058264645358e+00 -8.528160159052761813e+00 -7.527948234738289557e+00 -6.527912784875775642e+00 -5.527863894165903957e+00 -4.524287622929968222e+00 -3.528102402151993999e+00 -2.524665106595897157e+00 -1.528011080385603293e+00 -5.281880093230384432e-01 4.721396225081306852e-01 1.472607116638261715e+00 2.472682889042932430e+00 3.473920586942274014e+00 4.474533285437660268e+00 5.472517247735105173e+00 6.472488682209093014e+00 7.473285313187684409e+00 8.471822645007209829e+00 9.472316663204267684e+00 1.047334511154755177e+01
-1.052659503522918527e+01 -9.527491414580818940e+00 -8.526540191505436184e+00 -7.526189328763981834e+00 -6.527524040673252870e+00 -5.527248711917883028e+00 -4.527303540740502896e+00 -3.526984022591603818e+00 -2.527228312228185558e+00 -1.527414621446611775e+00 -5.265143677930907984e-01 4.732754215259475927e-01 1.473287834193216739e+00 2.472487895156847415e+00 3.473042054440492521e+00 4.472455857660282419e+00 5.472307412292471085e+00 6.472888930108060990e+00 7.472500210966586565e+00 8.473246498372068558e+00 9.472586794163694535e+00 1.047296281751583891e+01
-1.052684630910776775e+01 -9.526914467019100385e+00 -8.526775670153163844e+00 -7.527557087046181650e+00 -6.527423796159279590e+00 -5.526860949498667352e+00 -4.526774798435232228e+00 -3.526895684105429751e+00 -2.527038139206425171e+00 -1.526295063001173347e+00 -5.268651441755523024e-01 4.724336146292440475e-01 1.473780009048914152e+00 2.472487072545019871e+00 3.473233650523157579e+00 4.472607004540895659e+00 5.472982498901815873e+00 6.472544553774334020e+00 7.472542914646597367e+00 8.472573402422401756e+00 9.472428086298441130e+00 1.047264243950221108e+01
-1.075789827375483476e+01 -6.820580865088751388e+00 -5.763652741201017449e+00 -7.633960394589536236e+00 -7.091008473769194964e+00 -5.644033519837750923e+00 -5.090450896204163911e+00 -1.076800674915727507e+00 -3.412753045377700634e+00 -1.626702581266810110e+00 -1.575938188282273611e+00 3.596677945601853388e+00 4.742055641385115372e+00 1.367385363152427757e+00 2.369948342701345023e+00 3.642046644070578321e+00 4.064907133535101913e+00 5.872065545546121257e+00 6.465859631843930977e+00 6.681422898635099195e+00 7.916996915613797370e+00 9.178421731127222927e+00
-1.052745563519955851e+01 -9.525949708948088457e+00 -8.526491738686511113e+00 -7.526986256072486725e+00 -6.527645572850648392e+00 -5.527638129720639171e+00 -4.526142850348893631e+00 -3.527747943828071442e+00 -2.526635356078097416e+00 -1.527149267325352611e+00 -5.259480400180436277e-01 4.724327998066364387e-01 1.472946562042277918e+00 2.472747966816465137e+00 3.473196692934077845e+00 4.472170278599303828e+00 5.472696088423772309e+00 6.472839273681680439e+00 7.472541652789159272e+00 8.472727380862277613e+00 9.472798966040649304e+00 1.047270097600463501e+01
-1.052776388603857782e+01 -9.525654239241376331e+00 -8.527585943822153070e+00 -7.527520989660532180e+00 -6.525607308034190979e+00 -5.527552602473983612e+00 -4.527469744567172327e+00 -3.527436753396296254e+00 -2.527783399109127416e+00 -1.526945536617533961e+00 -5.262589954178498175e-01 4.740685172040297601e-01 1.472649591382250378e+00 2.473805824633343420e+00 3.472678574140767083e+00 4.472827444191675994e+00 5.472881997342806670e+00 6.472271921451792309e+00 7.473215291615225908e+00 8.472714299674731109e+00 9.472300852056241283e+00 1.047217322361061598e+01
-1.052655705894266447e+01 -9.526557058942598744e+00 -8.526693486523910792e+00 -7.527529829097101555e+00 -6.527510301125328596e+00 -5.525763676417160042e+00 -4.526601397347729261e+00 -3.526727446270273347e+00 -2.527696312320502514e+00 -1.526742161166946943e+00 -5.276316710832578138e-01 4.732664815065419361e-01 1.472519747066215245e+00 2.473465702581119530e+00 3.472653872418117516e+00 4.473269826817231731e+00 5.472383423793031554e+00 6.472595064985465996e+00 7.472608759152604918e+00 8.472298636185838561e+00 9.472413635897348527e+00 1.047254338775844396e+01
-1.052702498723842695e+01 -9.527318011122671848e+00 -8.526227112012827902e+00 -7.525906543332087750e+00 -6.527382674711670774e+00 -5.527314770120110410e+00 -4.527262221175167412e+00 -3.526817950504756993e+00 -2.527478444474663632e+00 -1.527679610150784129e+00 -5.261898516592751207e-01 4.732823790135594066e-01 1.472686481577417439e+00 2.473375466567535597e+00 3.472728309136892122e+00 4.473076273602508479e+00 5.473338854414485866e+00 6.472324986857433515e+00 7.472349648279218215e+00 8.472338464957736903e+00 9.472286638719102925e+00 1.047282281230117817e+01
-1.052845184284852564e+01 -9.528451842848529196e+00 -8.528511000458472324e+00 -7.528451842848559394e+00 -6.523913276974429465e+00 -5.528028113428822721e+00 -4.523210851136928667e+00 -3.527795536104932239e+00 -2.527145234529251994e+00 -1.527684641663311638e+00 -5.253497936170195004e-01 4.757522068579120855e-01 1.472602354701272986e+00 2.472181829031216083e+00 3.471636401828037677e+00 4.472959595139728961e+00 5.473284738476985822e+00 6.472305732186548255e+00 7.474542664702653383e+00 8.472776087339626727e+00 9.471566902812227795e+00 1.047139360230754690e+01
-8.933227373039954955e+00 -1.182943093145940061e+01 -3.357793845555201440e+00 -2.232464762956373416e+00 -4.297860708199484847e+00 -6.371772540094680082e+00 -3.982659977349980007e+00 -2.814451296211375464e+00 -2.261000389629351126e+00 6.341926163276343509e-01 -9.847582928413052272e-01 -1.311360714503333913e+00 1.708500159681446418e-01 7.590693681269313764e-01 1.951629820074026744e+00 8.388507655102847238e+00 4.540530724798800932e+00 4.467569310558374696e+00 5.826643404574994634e+00 6.768470778103158558e+00 6.138487585233840527e+00 8.134837691896539269e+00
-7.213695604351871182e+00 -6.176743855448919795e+00 -5.176743855448919795e+00 -1.185287156129614594e+01 -3.024271817266092288e+00 -2.711065822733410791e+00 -1.156189678195394865e+00 -6.035765187190810011e+00 1.456438082486477548e-02 7.472764360240130577e-01 -3.300043110018377135e+00 -1.072216714129228921e+00 4.398287396948307171e-01 1.729299981166262601e+00 4.274531935510233360e+00 3.734359722786841473e+00 4.508631469169588790e+00 3.639137291709968913e+00 5.336885172026439861e+00 6.353376729255604261e+00 6.972769250911445837e+00 9.372954235923909749e+00
-1.052710993215445257e+01 -9.526722446084020746e+00 -8.527205497026445258e+00 -7.526656873524208535e+00 -6.526885617524381900e+00 -5.527057919651275242e+00 -4.526944439858196390e+00 -3.526990897953520943e+00 -2.527010630816221237e+00 -1.527109187096359122e+00 -5.271208025515132789e-01 4.731130488216805929e-01 1.472733441740267324e+00 2.473018176853647887e+00 3.472582902759304702e+00 4.472746063023798513e+00 5.472736362367859542e+00 6.472633454948653053e+00 7.472606617957355368e+00 8.472924795001736342e+00 9.472875941544762313e+00 1.047285157814621037e+01
-1.052579490315501687e+01 -9.527313383634774979e+00 -8.525879005308835801e+00 -7.527368823405019782e+00 -6.527453536506380161e+00 -5.527463863011085721e+00 -4.527329603548743364e+00 -3.526611635800106725e+00 -2.526615361090392753e+00 -1.526582720096801182e+00 -5.263585097749050590e-01 4.721088759939853219e-01 1.472420951012876955e+00 2.473114458505408564e+00 3.473011051897303858e+00 4.473052797500390199e+00 5.472543229941626564e+00 6.472473447803752222e+00 7.472389971498747840e+00 8.472209205512299945e+00 9.472349008206618848e+00 1.047310648638417518e+01
-6.809415737587575457e+00 -9.846543996127762099e+00 -8.860951210016191126e+00 -4.385317030190130083e+00 -3.043642042256122338e+00 -5.555878926678450291e+00 -4.968679147186717771e+00 -8.991928833708984214e-02 -3.837143448325796236e+00 -1.945092035816536225e+00 3.476928996812574724e+00 -6.374251967748298942e-01 4.915379571813408788e+00 7.527536906557388274e-01 1.941603611599449719e+00 2.497225615712863611e+00 2.821966175370437924e+00 4.621689134950480060e+00 6.109380130281897969e+00 6.435067661182554133e+00 8.269726312892416331e+00 7.542295296950218386e+00
-1.052809776924558349e+01 -9.523597856983553100e+00 -8.528291603550327338e+00 -7.528120642527969864e+00 -6.524428321048626245e+00 -5.527360094711202265e+00 -4.527143349871050049e+00 -3.526995783671759810e+00 -2.528229689225545584e+00 -1.527169158682230687e+00 -5.272209253162287723e-01 4.750088695436591735e-01 1.471894541755309760e+00 2.472966546192751025e+00 3.471807235851871454e+00 4.472339550033195721e+00 5.472805203869926416e+00 6.474268684163675402e+00 7.471940265968433081e+00 8.471495443955046056e+00 9.471764178946594726e+00 1.047437281347809623e+01
-1.052763137576935293e+01 -9.527460593560883595e+00 -8.527460593560880042e+00 -7.525995652953358928e+00 -6.527460824528882100e+00 -5.527494538406084956e+00 -4.527520607987586487e+00 -3.526271443644718673e+00 -2.526249226013360882e+00 -1.526223417202185573e+00 -5.274018159305544629e-01 4.734606334770194991e-01 1.473018232902331803e+00 2.472623389383597825e+00 3.472604792734427903e+00 4.472583253105927525e+00 5.472972948273467253e+00 6.472623210569665275e+00 7.472777728160664878e+00 8.472652811726378630e+00 9.472740087827487443e+00 1.047312114032154184e+01
-5.757000534678019754e+00 -5.840778764923785005e+00 -4.735829287006241728e+00 -6.596883037613229916e+00 -2.480066300353164888e+00 -4.057038755327910806e-01 -3.486181872662697856e+00 6.806475830362617163e-01 1.241755065785972834e+00 4.273574470955610050e-03 2.675464600950459904e+00 5.677766831182815110e+00 2.491746537043973753e+00 1.017874858463935439e+00 1.417307768976608706e+00 4.047915793871859513e+00 2.912683962738372490e+00 5.890284946968443514e+00 3.148905048330980172e+00 -1.957725478028636168e+00 -5.301766046451121817e-01 -1.227267745212357042e-02
-1.057995238250125070e+01 -9.579952382501234709e+00 -8.639347627771714500e+00 -7.639347627771734039e+00 -6.894191734615808365e+00 -5.619491440859092357e+00 -3.130822003456262159e+00 -3.843226063918879998e+00 -2.871315448834129480e+00 -1.616146119121863567e+00 7.768813228068072174e-01 2.271794436837046849e-01 2.702032324572312127e+00 2.256386476021676746e+00 3.293261960755710760e+00 4.298575620274994513e+00 5.217981351978696836e+00 6.259739869311179206e+00 7.151437245084024674e+00 8.177654643458074801e+00 9.234542417321923935e+00 1.022212829500769793e+01
-5.747777028717326431e+00 -6.438985156367538210e+00 -3.747777028717363290e+00 -1.075826670642709360e+01 -8.761331498599044920e+00 -2.518979957696937610e+00 -1.964716185419800976e+00 2.132590609739861698e-01 -2.663706247536141714e+00 7.637942717927667102e-01 2.639302644276730891e+00 -9.867767091280472691e-01 1.726669271249233972e+00 5.844093588068652423e+00 -6.326156339225588177e-01 2.403085162296869637e+00 4.098432268615607832e+00 4.768229114039034044e+00 4.668626033918261697e+00 5.144747631427337708e+00 4.995767527963465682e+00 6.358933716834747507e+00
-1.252613114720489307e+01 -6.227359826458029879e+00 -4.346249993073294959e+00 -7.486360240296828117e+00 -6.003419708156396695e+00 -7.230377638936116291e+00 -1.396896831626532665e+00 -3.041590432549482248e+00 -3.484196055501029843e-01 2.074846932859555793e+00 -8.024472049163845488e-01 -1.401390248111915815e+00 1.578748261690969823e-01 5.515073175027168650e-01 2.292574607887959637e+00 3.021822109304261872e+00 7.000755275929495092e+00 6.068560449923030120e+00 6.012265153222490000e+00 7.193440769311680860e+00 7.797084770429481004e+00 8.043918803265038164e+00
-1.052938525226307576e+01 -9.528827501799563393e+00 -8.528767539526922903e+00 -7.528701020743380212e+00 -6.517491860653857216e+00 -5.529496921565058898e+00 -4.529283089901912973e+00 -3.517802639271740972e+00 -2.529277934100132796e+00 -1.528668536211959861e+00 -5.287908896465260966e-01 4.706251934509317891e-01 1.470633910630231966e+00 2.471189738843920125e+00 3.470682324502949001e+00 4.482211963866241433e+00 5.470422790978439309e+00 6.482248993251804592e+00 7.470712439749730649e+00 8.470710890028959383e+00 9.470351533625610330e+00 1.047071154568005547e+01
-6.233415234629893220e+00 -5.233415234629935853e+00 -6.652191739921130775e+00 -3.233415234629951840e+00 -9.797302469761776322e+00 -8.865283273172837042e+00 -4.919843163694461730e+00 -2.576511984017536339e+00 -2.203127668772738801e+00 -1.320279240507672203e+00 1.238385875137678616e-01 1.357556344848441565e+00 1.049838406583903261e+00 2.873151862206349882e+00 3.416010227628659912e+00 4.026862702395094473e+00 3.640118047421390113e+00 5.507303070282890012e+00 4.715271391029064674e+00 6.644485254143864594e+00 9.097427386510364755e+00 7.986930102098979134e+00
-1.076655909781458575e+01 -9.809696284437348979e+00 -5.821831896278015783e+00 -7.742121401032348693e+00 -3.771667232130997860e+00 -5.796349246625616125e+00 -5.193243641092580631e+00 -4.710789448875812857e-01 8.776787401653368681e-01 -2.028983591995986213e+00 -1.397181161693287654e+00 -8.693852607772337149e-02 5.397311785663754691e+00 8.142015206148187634e-01 2.009045357266423082e+00 3.342084981447190906e+00 4.120272212668701250e+00 5.183391008235529007e+00 5.809862695483126949e+00 6.934357105926054921e+00 8.775705380815498557e+00 9.025748374704468446e+00
-4.437175607665954757e+00 -9.639579904691609968e+00 -8.303012487450965651e+00 -6.929201069330814811e+00 -3.227202520940273267e+00 1.846415956135403214e-01 -2.520635577788968185e+00 -5.919443510232103023e+00 5.252950548413367393e+00 1.143623376022532501e+00 1.532357862666685167e+00 -7.870752012718449375e-01 2.775583885202554502e+00 1.975265742551762793e+00 4.153625785423093575e+00 4.526766011920456911e+00 1.240906027099838660e+00 5.375480709593903228e+00 2.334060633871519297e+00 3.875934376967792527e+00 3.517198793143863522e+00 3.278938669806464645e+00
-6.235783229290814411e+00 -5.235783229290779772e+00 -4.545134632226015547e+00 -3.545134632226019988e+00 -2.545134632226012439e+00 -1.521689868140722490e+00 -2.619525696985921526e-01 4.395141958008186300e-01 1.739543270893286087e+00 -8.370530530492789723e+00 1.417034972999778653e+00 2.196133487907288018e+00 3.319067541367143104e+00 1.009777510659649158e+00 1.833452484410142302e+00 4.977097619739481615e+00 8.140574221410922240e-01 4.505653313398732429e+00 9.734386839748692122e-01 6.204665065938452351e+00 6.412608362995073641e-01 1.594455056986342711e+00
-1.052698502486408927e+01 -9.526985024864023544e+00 -8.526967694813558651e+00 -7.526728911156030932e+00 -6.526721497828310348e+00 -5.527263214642356814e+00 -4.526704734021979704e+00 -3.527080727571805241e+00 -2.527035509998142970e+00 -1.527314549142676725e+00 -5.272840278392596502e-01 4.725930264050202112e-01 1.473320165818376992e+00 2.472795752977772210e+00 3.472697468643826113e+00 4.472569221800009487e+00 5.472709989344521020e+00 6.472543699836174724e+00 7.472790965979742239e+00 8.473140763288176558e+00 9.472619610076588259e+00 1.047329839149658604e+01
-1.052750044570054655e+01 -9.526548127389764531e+00 -8.527180078185432777e+00 -7.526487859643339107e+00 -6.527253108776429613e+00 -5.526631380177370545e+00 -4.526825542307719275e+00 -3.526695730841989729e+00 -2.527175719595771142e+00 -1.527140686965804406e+00 -5.273271451958265743e-01 4.726800595156070983e-01 1.473138121210709528e+00 2.472869058393605712e+00 3.472742078148497669e+00 4.472669174217353216e+00 5.472915348850859729e+00 6.472779666327609149e+00 7.473296393894326428e+00 8.472855610095630041e+00 9.472255875610485987e+00 1.047257257743991588e+01
-1.052723793126649099e+01 -9.525916883721954775e+00 -8.526202598586682058e+00 -7.526264520362046184e+00 -6.527482228353619576e+00 -5.527084583416593588e+00 -4.527127409353857601e+00 -3.527321966365001060e+00 -2.526282565668228841e+00 -1.527283871546389449e+00 -5.275562200695418369e-01 4.724239464849055992e-01 1.473603537306171773e+00 2.472923582419733535e+00 3.473083561286310683e+00 4.472651546820980428e+00 5.472449926659452402e+00 6.472476800903661953e+00 7.473385771736486660e+00 8.472111811861379849e+00 9.472409365698677419e+00 1.047224906645713283e+01
-7.351172114115486877e+00 -5.271071829314740498e+00 -4.271071829314747603e+00 -3.271071829314753820e+00 -3.351172114115478884e+00 -1.310500181907471307e+00 -9.428667475194041359e+00 -1.019796033649304379e+00 -4.111538964870808499e+00 -4.832121839936169394e+00 6.284183561862163314e-01 1.449708958843233475e+00 3.335052008678430768e-01 1.971837758170148280e+00 1.928357082359558161e+00 6.629227414167977450e-01 5.342095924119255379e+00 6.519308657272352647e+00 2.316386666890391410e+00 8.110961630823696922e+00 4.823151290270653924e+00 9.535538083437687717e+00
-5.387299795139385061e+00 -4.387299795139376180e+00 -6.833714806842808187e+00 -2.387299795139404157e+00 -1.387299795139363745e+00 -9.719997554422846520e+00 -4.222840310057583757e+00 -1.726732627515061402e+00 1.000784597492214711e+00 -2.075302686508981420e+00 1.996359326981283822e+00 -2.900267371174550135e+00 -1.793236355107353575e+00 -1.653293618162265943e-01 1.699412007916403677e+00 1.250210312529455248e+00 4.043415250409729822e+00 5.462847278247032534e+00 5.853296565713774768e+00 6.924688316385831044e+00 5.666813951132478877e+00 8.492800786119561351e+00
-1.052591481720188682e+01 -9.526651321994984656e+00 -8.525977059352126020e+00 -7.527590333568801029e+00 -6.527711010622700982e+00 -5.526821493255829054e+00 -4.527570380913948256e+00 -3.526041506874308951e+00 -2.527470215308404988e+00 -1.527187823402618605e+00 -5.270221522924689594e-01 4.723386176946355874e-01 1.472577200186517388e+00 2.472632811320082169e+00 3.473456398499267905e+00 4.472718135369081693e+00 5.472659797323011333e+00 6.472545982253809171e+00 7.472516887736585289e+00 8.472931877625248021e+00 9.472464487803236466e+00 1.047312405790116152e+01
-5.383005406423739814e+00 -3.805832230031713337e+00 -2.805832230031721330e+00 -2.383005406423828187e+00 -8.058322300317257714e-01 -8.777797776854773915e+00 -7.488503113881682438e+00 -2.170949779988271544e-01 1.252913208406170931e+00 -4.530006162577171480e+00 -3.342481630861695585e+00 -1.194450423941865402e+00 1.659644910306817156e+00 2.813274008243563440e+00 1.393651379106918498e+00 3.753384376014958335e+00 3.360959377993955943e+00 3.211378336364469011e+00 5.728937041136374475e+00 5.545381682033060144e+00 5.704286701188935993e+00 5.714038707188357158e+00
-8.565592800322365363e+00 -7.565592800322305855e+00 -6.663527797401634700e+00 -6.782471871913494432e+00 -5.956378220170992499e+00 -4.651250595999878890e+00 -3.417435384935401999e+00 -2.480965589142001271e+00 -1.645252884187181852e+00 -4.770774088640356680e+00 -3.122497528752480989e+00 2.465506037183678778e+00 -1.081757415306342507e+00 3.433193363268696618e+00 3.871536294466332073e+00 6.331625801292817712e+00 5.945752563076367458e+00 2.409896334205391621e+00 7.817157637336512366e+00 7.973045930089879718e+00 5.150526556520361510e+00 1.070926459857922985e+01
-1.052488620460704283e+01 -9.527968479997708684e+00 -8.527981339699824304e+00 -7.526799170977685804e+00 -6.526163599199847454e+00 -5.528000971979697198e+00 -4.526743038303461475e+00 -3.527995540506458028e+00 -2.526131867177085155e+00 -1.527956223792639179e+00 -5.261275309391901800e-01 4.732100602916791132e-01 1.471989148550420623e+00 2.474003725939185827e+00 3.472297401421458929e+00 4.472157106988818853e+00 5.472164512865935748e+00 6.472946332090291577e+00 7.472506919198428577e+00 8.473557741635234564e+00 9.473140456967740874e+00 1.047278870015660068e+01
-1.052702117372638213e+01 -9.527301449667307409e+00 -8.527301449667303856e+00 -7.526834078471772216e+00 -6.526705731045101544e+00 -5.526635919104926131e+00 -4.527321532707311746e+00 -3.527057718824258004e+00 -2.527003426443423351e+00 -1.526687275956966516e+00 -5.271252061832996105e-01 4.731584895740894581e-01 1.473088454116480150e+00 2.472826134074821880e+00 3.472771748561756411e+00 4.472807105291979113e+00 5.472880724478857317e+00 6.472593836147680690e+00 7.472718733955522552e+00 8.472670357335706726e+00 9.472844607789413729e+00 1.047264290939678055e+01
-1.052442760376097652e+01 -9.526986133137890889e+00 -8.528177771547991171e+00 -7.527590360323159757e+00 -6.526415113190362050e+00 -5.526851314881994881e+00 -4.528177838603212990e+00 -3.527985077182020035e+00 -2.526628803292455316e+00 -1.525380249897192897e+00 -5.273633113300402186e-01 4.727393204176824071e-01 1.474604379555026767e+00 2.471871022304332755e+00 3.472493987699788676e+00 4.472070265730659244e+00 5.473571542819776425e+00 6.472440425475875614e+00 7.472446065565392814e+00 8.472579319199365244e+00 9.472193647345347856e+00 1.047298173995856452e+01
-7.282653425201516484e+00 -9.769082166312706761e+00 -6.465759588684197645e+00 -4.655635876281690066e+00 -3.287131229812893185e+00 -4.456914240741424393e+00 -3.080078628309224520e+00 -3.477695111280749707e+00 -2.015394358656512175e+00 1.395898875897483293e-02 9.197615947575419337e-01 4.812726271201350214e-01 1.967244430395917787e+00 4.208536676503001672e+00 3.348840150367942137e+00 -1.223784139176251617e+00 1.015482201404486240e+01 2.512532420434426150e+00 5.663470988719594423e+00 2.981987109819450588e+00 4.494389677607911970e+00 8.371320224852237146e+00
-1.052742396041075779e+01 -9.527140145444056074e+00 -8.527423960410741799e+00 -7.526100349866545969e+00 -6.526298721574915973e+00 -5.527601708912051492e+00 -4.527524535798214345e+00 -3.526870628141558939e+00 -2.526706909083502595e+00 -1.526955847882412343e+00 -5.275929842821618365e-01 4.738615404137132003e-01 1.472648861564016087e+00 2.473472478545518882e+00 3.472509103573171885e+00 4.472542392767284269e+00 5.472749973393295164e+00 6.473338897085996635e+00 7.473029921508645756e+00 8.472530628300523503e+00 9.472543569959018583e+00 1.047242052362045328e+01
-8.896497594578997692e+00 -9.357203121386476141e+00 -8.414881125448388843e+00 -7.445326859299593814e+00 -4.517788366526056976e+00 -6.012366507139265792e+00 -4.804937268066476364e+00 -4.068507253759973352e+00 -3.085717738473908067e+00 -2.041867745036604287e+00 -8.334640255666989628e-01 -9.024086295081801268e-02 1.099148321264471484e+00 4.094715240105170295e+00 3.158318553032864351e+00 4.144857510925876731e+00 4.992086984791035853e+00 6.204979887585879261e+00 8.908459481750329090e+00 7.701236966726894728e+00 8.900413406707588848e+00 9.768590254267980555e+00
-1.052697366560726522e+01 -9.526235920292405623e+00 -8.526279852640900714e+00 -7.527513460171514126e+00 -6.527563487094909078e+00 -5.526914433491507239e+00 -4.526854456317709108e+00 -3.527547654611160155e+00 -2.526776240122577732e+00 -1.527568736028948493e+00 -5.270169907334221193e-01 4.730859986421656060e-01 1.473138070749962836e+00 2.472833841192445092e+00 3.472937627780162018e+00 4.472493513571937029e+00 5.472999467599120038e+00 6.472818999635897796e+00 7.472997634756291419e+00 8.472354455935674267e+00 9.472620847719630532e+00 1.047297257845374219e+01
-1.052730912935323460e+01 -9.527658867057056113e+00 -8.525328712876538262e+00 -7.527626993473282013e+00 -6.527597876604293248e+00 -5.525580840523941717e+00 -4.525577383454537639e+00 -3.527582893486730597e+00 -2.527724044736118003e+00 -1.525372254069550237e+00 -5.277634434063287472e-01 4.722232349555621767e-01 1.471922387961640766e+00 2.472198111597787573e+00 3.472529662434350683e+00 4.472198417071595600e+00 5.473616247658029010e+00 6.472060037438165381e+00 7.473709007386466041e+00 8.473169659857045843e+00 9.472523210231557300e+00 1.047298060137439890e+01
-1.052694069814268119e+01 -9.525334218855588730e+00 -8.527360597964024791e+00 -7.527605096216912983e+00 -6.527162501927106675e+00 -5.527201393957842157e+00 -4.526797259565103815e+00 -3.527546966787086902e+00 -2.528103212233272501e+00 -1.525533775206298515e+00 -5.281499571759464828e-01 4.725305788557729869e-01 1.474250970069665101e+00 2.471958009187476435e+00 3.475453277711176625e+00 4.472353515807887092e+00 5.471963679079316023e+00 6.472004359249371674e+00 7.472429236058498958e+00 8.472619970921774879e+00 9.474359182302260152e+00 1.047182103771378792e+01
