-8.707296987513840847e+00 -7.099294832478316053e+00 -7.887517344778506079e+00 -7.373634162137409298e+00 -4.849301441229090237e+00 -3.118045785226172484e+00 -2.879995750874320137e+00 -1.665591818261629165e+00 -6.459678219150092326e-01 2.846971073127970708e-01 6.009038560446295918e-01 -4.478250241925609387e+00 -2.445253001677668347e+00 -1.498864853943789432e+00 4.454531914035944951e+00 6.204246309871765952e+00 6.300544463495839409e+00 7.729673161041828777e+00 7.484012824376920392e+00 9.539687433982566134e+00 4.174927898291263872e+00 5.638319042723201946e+00
-1.050690415772528041e+01 -9.511710065332318109e+00 -8.512175070968547530e+00 -7.511927860704354032e+00 -6.512075113979244989e+00 -5.512061792341150124e+00 -4.512202071872636111e+00 -3.506897169080659182e+00 -2.509781080213455695e+00 -1.511293726888570887e+00 -5.119580057534367512e-01 4.904648038473933269e-01 1.489252400669181853e+00 2.488989484581072276e+00 3.488912296566089921e+00 4.488920060071075468e+00 5.490397316488346391e+00 6.489552718671875553e+00 7.490715709599577110e+00 8.488846075805739133e+00 9.487727266820989769e+00 1.048773795095356398e+01
-1.051100290228026779e+01 -9.509890016507025479e+00 -8.509959522973417734e+00 -7.511029582809339189e+00 -6.510042492638934419e+00 -5.511241708289499996e+00 -4.509894091974604891e+00 -3.511051323603517460e+00 -2.509992305528031764e+00 -1.511345211755159568e+00 -5.113099109042895662e-01 4.888157505880581510e-01 1.488945524800895370e+00 2.488740723241443575e+00 3.489581059325814749e+00 4.489066626537915994e+00 5.489257070828555740e+00 6.489126409996627487e+00 7.489173989404324772e+00 8.488762061704274942e+00 9.488666947592374612e+00 1.048915287445890954e+01
-1.051112715629017913e+01 -9.510895830663763206e+00 -8.510895830663773864e+00 -7.510344942185025019e+00 -6.510464870455583863e+00 -5.510614217343661636e+00 -4.510939733209941238e+00 -3.510326349261143619e+00 -2.510554757985197227e+00 -1.511175037446349734e+00 -5.107329795983766019e-01 4.892116029831417023e-01 1.489360130307343155e+00 2.488990872082375461e+00 3.489148444411419803e+00 4.489346257326269907e+00 5.489249012348318857e+00 6.488990343091151303e+00 7.489087275144724387e+00 8.488941303369664126e+00 9.488967779007817072e+00 1.048930865424599723e+01
-1.051047339764502198e+01 -9.510473397645062832e+00 -8.511037786575867514e+00 -7.511085120114424640e+00 -6.510403839024615280e+00 -5.510461655530052738e+00 -4.511139330538819436e+00 -3.511090797456825285e+00 -2.510521424087592379e+00 -1.509899255904270987e+00 -5.105895819989019202e-01 4.895600331100631308e-01 1.489398355511111660e+00 2.489158461717048354e+00 3.488793092695157583e+00 4.489427330819053097e+00 5.488669264045638485e+00 6.489313113418498702e+00 7.489122922447601027e+00 8.488669383254924483e+00 9.488832841542642171e+00 1.048876075717536871e+01
-8.955816629768179382e+00 -6.653311461497652957e+00 -5.050175787286969253e+00 -5.472019465718315878e+00 -3.990300502303824270e+00 -3.054956091090559767e+00 -1.080786138210590330e+00 -1.604852805801427751e+00 -6.299421638136148971e-02 7.081561134106369337e+00 -3.437359671304945685e+00 -2.590331070435996974e+00 -9.535742342446918984e-01 -1.301481514681934737e+00 9.472473594822694576e-01 1.396713746341309736e+00 2.105371091642445958e+00 3.261245675042879988e+00 4.599809939103963963e+00 7.268337610268697624e+00 6.578916528052357826e+00 1.073128647390156765e+01
-1.050739870288154520e+01 -9.512128048322415097e+00 -8.511691429398270614e+00 -7.511749424717658385e+00 -6.507153072140431149e+00 -5.511960186741577061e+00 -4.512149580500343760e+00 -3.507334374568683799e+00 -2.511899419806209011e+00 -1.512197592041703231e+00 -5.118675611235872225e-01 4.879561581394895597e-01 1.488237790086055057e+00 2.491180352189319436e+00 3.489489800550719778e+00 4.489693201401017575e+00 5.489286265589973013e+00 6.488522581078788320e+00 7.488484180786395328e+00 8.488210669972682254e+00 9.488419152118941824e+00 1.049057920954444256e+01
-1.051061649688260502e+01 -9.510856368324960286e+00 -8.510658231309852439e+00 -7.510604300282224699e+00 -6.510902565649939078e+00 -5.510892548344330066e+00 -4.510651693425380415e+00 -3.510585066608401306e+00 -2.510619208893965393e+00 -1.510921296409573955e+00 -5.106018564917746971e-01 4.890776195309474161e-01 1.489301457323820799e+00 2.489226303317339628e+00 3.489126670428303711e+00 4.489190838553694718e+00 5.489038958468231755e+00 6.489051713862211912e+00 7.489267724820168226e+00 8.489109694280417173e+00 9.488950169899252884e+00 1.048909845135429642e+01
-7.025979878102476484e+00 -6.025979878102496023e+00 -5.025979878102500464e+00 -4.993211683105210241e+00 -3.993211683105189813e+00 -2.025979878102502685e+00 -1.993211683105203358e+00 -6.065290108177475048e+00 -3.990920877817110579e+00 -2.511042944593377069e+00 6.877728536142766469e-01 1.578941329916680569e+00 3.592450113430068370e+00 3.594938390875933365e+00 5.886833921438581640e+00 -1.897858273837044196e+00 4.127209765509231687e+00 5.971018382014229076e+00 8.176332652547284141e+00 6.603041020778363523e-02 9.934424849444432937e+00 1.695244066367473046e+00
-1.051074801199138875e+01 -9.510629540309302854e+00 -8.510752534493796873e+00 -7.510595193132772351e+00 -6.510628359392274689e+00 -5.510904068127267408e+00 -4.510614031925790357e+00 -3.510567920282490206e+00 -2.510372763499608695e+00 -1.510960431769486689e+00 -5.108047481626343256e-01 4.890836458653158303e-01 1.488945992663500917e+00 2.488944796845308005e+00 3.489488547667859208e+00 4.489014608785508287e+00 5.489143570885056889e+00 6.489057099446648991e+00 7.489282811060544276e+00 8.489294929429883396e+00 9.489023162052033555e+00 1.048882840760051671e+01
-1.051120526241983555e+01 -9.510126619515078872e+00 -8.510609215972095853e+00 -7.511138989505457886e+00 -6.510669647631305068e+00 -5.510081938383240896e+00 -4.511147483167317063e+00 -3.509772418913520653e+00 -2.509758143601077407e+00 -1.510307847437530882e+00 -5.112430517646391337e-01 4.886675785210989886e-01 1.489841126921501058e+00 2.488960296931587379e+00 3.488755361261693722e+00 4.488821120086040395e+00 5.489209220829335933e+00 6.488859974863855129e+00 7.488788218322124379e+00 8.488569320264184981e+00 9.489613466980788559e+00 1.048850490254434753e+01
-1.051089196821512672e+01 -9.510215604508474030e+00 -8.510898219252181818e+00 -7.510183209384056369e+00 -6.510932052338672449e+00 -5.510933281684476270e+00 -4.510891185904096545e+00 -3.510961824858751967e+00 -2.510289901698174120e+00 -1.510456943715169587e+00 -5.108215527778483533e-01 4.890961555594603993e-01 1.489614686166683910e+00 2.488746663724816344e+00 3.488815551793020830e+00 4.489317869936865435e+00 5.488989098166866754e+00 6.489228939806860552e+00 7.489223813807411645e+00 8.488853184675617669e+00 9.489342225884836779e+00 1.048877752402965413e+01
-1.051146095550866022e+01 -9.509493279524804166e+00 -8.510857629843714633e+00 -7.511184889145875232e+00 -6.510024848648068740e+00 -5.509460720487604490e+00 -4.510341088541517607e+00 -3.510119530626313988e+00 -2.511232557960509482e+00 -1.509487199851038852e+00 -5.113909424028513229e-01 4.887810169973221264e-01 1.488593724302280208e+00 2.488945436409933265e+00 3.488632593981252583e+00 4.489686262539848371e+00 5.488663074306476375e+00 6.488579545847398933e+00 7.489416424862373134e+00 8.489267718724237355e+00 9.488682594827638539e+00 1.048833521895788934e+01
-7.969132841600096384e+00 -5.981292589867337028e+00 -5.969132841600098160e+00 -3.981292589867359677e+00 -8.764956759226564031e+00 -8.451621930943510108e+00 -1.337626519159995642e+00 -2.411839459966436561e+00 -3.713228720074558620e+00 6.706735357061675007e-01 -8.777393708226437496e-01 3.248197233357208447e+00 -1.329938296548020649e+00 -4.457283035891697054e-01 2.886283287440417400e+00 3.486980481147497812e+00 4.567080704316004436e+00 5.404019430998388884e+00 4.788784980327871921e+00 8.497555470462849314e+00 9.702646280128329082e+00 7.743838788596464795e+00
-1.050906632535830454e+01 -9.511406299404100650e+00 -8.511406299404105980e+00 -7.509066325358372040e+00 -6.511529308489761192e+00 -5.509098631075826091e+00 -4.511356186799009294e+00 -3.511268299750302191e+00 -2.511454899541337937e+00 -1.511587922207318968e+00 -5.115672766484937739e-01 4.884140000424661565e-01 1.488738316365271430e+00 2.490852619775319354e+00 3.488793778487233155e+00 4.490681263872179585e+00 5.488717365332632880e+00 6.488466295667674189e+00 7.488526317544966560e+00 8.489691595800902491e+00 9.489652442999869209e+00 1.048880374736407006e+01
-7.029308135586623152e+00 -6.029308135586581407e+00 -1.096365162052519437e+01 -3.631356178495702025e+00 -3.117153144549526189e+00 -5.193516578381720095e+00 -6.679192896413655767e+00 -3.985715493460284531e+00 -4.399270534114902986e+00 -1.236671830839028097e+00 2.040753957296473686e+00 -1.661749809055396376e+00 -2.382521063798437311e-03 3.914601226500253439e+00 2.640371154560769540e+00 3.774064198337317322e+00 4.918647436285404240e+00 6.031807762922583471e+00 6.347332632479817605e+00 7.648714311641953145e+00 8.488080555784334180e+00 7.887433611478900097e+00
-1.050797912952581470e+01 -9.511697863313296253e+00 -8.511910473081208295e+00 -7.511799414726842983e+00 -6.508120779964061242e+00 -5.511581313881029232e+00 -4.511899192902182776e+00 -3.511654232713325996e+00 -2.508542073043900089e+00 -1.508303155275919849e+00 -5.118233832446126286e-01 4.886111420663787897e-01 1.488132151690383154e+00 2.491494077173131316e+00 3.488022009757415276e+00 4.488333533433337408e+00 5.488556857136149603e+00 6.489388863471408087e+00 7.489146451381111902e+00 8.489272336390872198e+00 9.488330962983029693e+00 1.048855259540404283e+01
-3.733166848730915088e+00 -5.758264795302736161e+00 -4.758264795302748595e+00 -7.331668487309130899e-01 -2.758264795302753036e+00 1.266833151269105784e+00 -7.853826577673505005e-01 -3.474081460464891080e+00 -2.173678997094847354e+00 2.590131124208784885e-01 -5.210278618781659432e+00 -5.683501430355193396e-01 2.632798524903785520e+00 -1.334758916038879306e+00 -3.796199664773457272e+00 3.333131152077394965e+00 3.899651031070979545e+00 5.034244818723430548e+00 6.488072692752703929e+00 6.832214239969037095e+00 3.685391230208792113e+00 1.415038557145956721e+00
-1.050987699086010707e+01 -9.510180885141526375e+00 -8.509693259542629562e+00 -7.510893704539004290e+00 -6.510696688836251411e+00 -5.510187456553627072e+00 -4.510787824338134300e+00 -3.510434808378876781e+00 -2.511616895144610950e+00 -1.511150280182999239e+00 -5.107963030988447173e-01 4.890873486345519439e-01 1.490220961922958054e+00 2.488651281053373410e+00 3.488470179790805759e+00 4.489420568401174094e+00 5.488903170282195987e+00 6.488761788064786984e+00 7.488793304020717301e+00 8.489204173738308157e+00 9.488567804748370804e+00 1.048876448517496485e+01
-1.130098576553072931e+01 -5.752421819852024498e+00 -8.849115286208704134e+00 -8.562287725454520881e+00 -3.475639216269813758e+00 -5.779305056691914189e+00 -1.076631876418040257e+00 -4.085021551037005594e+00 6.122547726626608178e-01 -2.243131908366161831e+00 -9.706155562140912352e-01 2.619093685503814939e-02 5.511474501267071169e+00 1.776969123197194911e+00 2.149797689014499635e+00 3.166410694477416854e+00 4.168874336107846190e+00 4.751001969765708211e+00 6.167523197631640919e+00 6.969525445667366093e+00 7.893343513369556419e+00 8.664319551242394724e+00
-1.051139392161912411e+01 -9.511393921619102798e+00 -8.511154780333686887e+00 -7.509461278265179729e+00 -6.511185961013474355e+00 -5.510972911661321305e+00 -4.509552190249609183e+00 -3.511256689375105822e+00 -2.510138558393171238e+00 -1.510778064077550553e+00 -5.100176876241562240e-01 4.889071935957058912e-01 1.488648807460608126e+00 2.490071980113324202e+00 3.489043002778824842e+00 4.489172359759153963e+00 5.490004112774668599e+00 6.488786643201647664e+00 7.489136045629326333e+00 8.489108821207823397e+00 9.488503655249417079e+00 1.048845331167632366e+01
-7.668486981453127349e+00 -6.668486981453101592e+00 -1.154260338624201054e+01 -5.525135433182400746e+00 -4.386132193163132520e+00 -2.784933439829241131e+00 -6.826026513065947654e+00 -1.100134134950633946e+00 9.391049112578442326e-02 5.076807999453162301e-01 1.662578121091048411e+00 -2.443982693873659073e+00 2.483317977120117259e+00 -3.836646125183094114e-01 1.396831263904843246e+00 4.506507476784580746e+00 5.515664348798113181e+00 4.664645164333694360e+00 5.665807074970103940e+00 6.110199367327227016e+00 8.885252328777104580e+00 7.599721924769016645e+00
-1.051037724316124411e+01 -9.510586977005001330e+00 -8.510642960667606616e+00 -7.510612182319183816e+00 -6.510480806231496942e+00 -5.509586051106451166e+00 -4.511030316352842462e+00 -3.510945141315477969e+00 -2.510746702551832854e+00 -1.511201456189153802e+00 -5.108077824115824228e-01 4.888744652271164171e-01 1.489816091954699218e+00 2.488669097423542809e+00 3.489369615912432110e+00 4.489485286176199352e+00 5.488845035433763897e+00 6.488753706216805028e+00 7.488604582846164703e+00 8.489073880016794860e+00 9.488648705184447252e+00 1.048940712213515702e+01
-1.073645118659866071e+01 -6.877437190586036309e+00 -8.841653034428189173e+00 -4.774402997432863671e+00 -6.699610147348566080e+00 -3.016756994334166109e+00 -1.869707052898047950e+00 -4.164701718755968507e+00 -3.281647096357848348e+00 2.174782868434064653e+00 -2.308657989464811600e+00 -1.264305939770185905e+00 6.143959052628640283e-01 1.375388675292219087e+00 5.430449142614545366e+00 3.998460171077367065e+00 3.981781684648570518e+00 5.005959992126342684e+00 6.162791073447702495e+00 7.149007955416734283e+00 8.830720742723739747e+00 8.874123106146598161e+00
-8.347898651467566822e+00 -7.347898651467556164e+00 -1.090948050008044490e+01 -6.242831517501455707e+00 -4.596884718594751895e+00 -4.525426162069670077e+00 -6.337021100580878752e+00 -5.762569679334744066e+00 -1.168690627174546304e+00 4.800112941009597733e-01 8.785469485883854457e-01 1.705063126370139903e+00 2.704165844512060879e+00 1.113785714805651583e+00 2.409166733129914917e+00 5.338654790001278627e+00 4.439082872603332675e+00 5.596781936916237932e+00 6.650478963073940264e+00 6.139576678613225091e+00 8.723793993028671423e+00 8.822122681743200800e+00
-7.174535975204696214e+00 -4.925389187886973552e+00 -7.043093393696463700e+00 -8.120844663834034804e+00 -2.990640353630440007e+00 -1.861120211789392798e+00 1.101582415612304633e+00 6.041356113827323071e-02 -6.029377745559650670e+00 -4.159206351572296789e+00 -1.817381131316298637e+00 5.318114111263607668e+00 1.065001353419825936e+00 -7.202233430932782898e-01 2.483419174754074366e+00 1.688994462173510680e+00 5.025026277575391553e+00 8.094555151610750343e+00 7.017849084729208542e+00 6.477474333485996105e+00 2.262826682563346736e+00 4.009085718472620741e+00
-1.051101153699519131e+01 -9.510422635654162349e+00 -8.510122593322941853e+00 -7.510719191113677695e+00 -6.510459590533917762e+00 -5.510702911595066311e+00 -4.510507177392197420e+00 -3.510441906580888727e+00 -2.510766617784453203e+00 -1.510609555820183303e+00 -5.105798503553469203e-01 4.887856283986948824e-01 1.488955818285983668e+00 2.489046983590160522e+00 3.488730024715698264e+00 4.489003371616639981e+00 5.488949518820087192e+00 6.489343118091856155e+00 7.488964799960891483e+00 8.488893941214122663e+00 9.488791085948980353e+00 1.048940924571994060e+01
-5.240909313432971395e+00 -6.340509882258546170e+00 -3.153193834682725960e+00 -6.524032636971401011e+00 -3.122128306405206111e+00 -2.234676257421684742e+00 -1.662691762958693253e+00 -2.353408958819343422e+00 -9.845190712875224737e-01 7.572238199537615344e-01 1.322757389961409569e+00 1.492500625306742768e+00 8.341022219325351372e+00 4.162950082556079678e+00 3.774230812582406447e+00 3.568636201520461348e+00 2.522229759166210616e+00 2.538979049284385781e+00 3.810068856233391976e+00 -2.711248234300082771e+00 1.575983457475387706e+00 2.232659543879780273e-01
-8.428348019316832307e+00 -9.964627738397403789e+00 -8.886324278072635252e+00 -7.755216892333376855e+00 -5.262879428428912654e+00 -3.200912232427243431e+00 -4.417224727736129175e+00 -1.356549285132780724e+00 -2.939448527450146287e+00 -1.497157365606858193e+00 6.083783313509714130e-01 3.154713714592264906e-01 1.290468251587611581e+00 3.071738583471018025e+00 2.806509531518218026e+00 4.331621705291067492e+00 6.680346931816835365e+00 4.900653794692698462e+00 5.303618820287891999e+00 6.836069683547205678e+00 8.108196779840364243e+00 9.218144679254614005e+00
-1.174388850162188547e+01 -6.134204421493064885e+00 -5.214487518556494727e+00 -7.865376879030422153e+00 -7.664055966691971200e+00 -1.895456783615542262e+00 -4.810075306893693892e+00 -4.774648248077310697e+00 -2.559345973624770121e+00 -2.850043755480422103e+00 -1.029845985311148016e-01 3.009858431013986646e+00 1.919675056189902085e+00 9.168982890466736979e-01 2.825699907939389188e+00 3.913974602429031169e+00 7.175462958569861271e+00 5.019689858198280064e+00 6.121622749861237445e+00 8.029384406833251830e+00 7.881016167926526705e+00 8.563815494823947105e+00
-1.050936339829463151e+01 -9.510727025907151244e+00 -8.511540122668854735e+00 -7.509482942860259413e+00 -6.511666842143645439e+00 -5.510629557411782287e+00 -4.509848960082649683e+00 -3.511722319166787898e+00 -2.510307692329995177e+00 -1.510313801806084655e+00 -5.097870308567333808e-01 4.900080930780124078e-01 1.489501729268903674e+00 2.489129356701246465e+00 3.489668644626016558e+00 4.488685406405801714e+00 5.488307006318446923e+00 6.488701425154085101e+00 7.488997682590367688e+00 8.488388232548109258e+00 9.488291002471321178e+00 1.048824108358132534e+01
-1.051043731075801446e+01 -9.510214046659791975e+00 -8.509124652567237490e+00 -7.510185145857688482e+00 -6.511222512545911556e+00 -5.511268467727040488e+00 -4.511495114388798910e+00 -3.510300808670862693e+00 -2.510269449177108925e+00 -1.510281288149682766e+00 -5.116010541943065704e-01 4.899251897903891262e-01 1.488524242219588345e+00 2.489148809489867276e+00 3.488999246534968179e+00 4.488855867561959201e+00 5.488775825974608225e+00 6.489402710375451022e+00 7.488902135667474980e+00 8.488638101992268759e+00 9.488583876666687900e+00 1.048917381363835410e+01
-1.051038378375488946e+01 -9.510672761973996359e+00 -8.510135813531533699e+00 -7.510513781485231632e+00 -6.510052143511426692e+00 -5.511229394850397867e+00 -4.511330245909357828e+00 -3.511189660904076248e+00 -2.511214225468281214e+00 -1.510834573683395021e+00 -5.112105150791599328e-01 4.893656830218837683e-01 1.488564805212361009e+00 2.489929222586489743e+00 3.488801100375988895e+00 4.489127398553231174e+00 5.489382513883452219e+00 6.489457779648638791e+00 7.488728181543692131e+00 8.489894480529166287e+00 9.489043721082543570e+00 1.048900198293004316e+01
-6.816095104035817087e+00 -5.928928461837187136e+00 -1.169624450166988439e+01 -5.206292451646702624e+00 -4.228625268072975452e+00 -3.023079256602116072e+00 -1.632629459435789965e+00 -1.903132854580980471e+00 -2.211101796521856233e+00 -4.158469137741885646e+00 -2.668931504293004853e+00 2.575789252632844750e+00 6.578773251539185019e-01 3.504369473256143230e+00 4.285368617297478977e+00 6.556171702508054366e+00 7.318657487648950521e+00 4.940163782839162465e+00 5.006807175899856688e+00 7.270667020845769102e+00 2.505312067399403819e+00 4.614875860172014121e+00
-1.051057182861993766e+01 -9.510566233233950229e+00 -8.510288654403243669e+00 -7.510393796996645221e+00 -6.510174287991073783e+00 -5.511150440709151610e+00 -4.509632012383484323e+00 -3.510824604467911669e+00 -2.510951502756615383e+00 -1.511209501461536320e+00 -5.106187896294933637e-01 4.887811853127139727e-01 1.488877387209379677e+00 2.489788704975092415e+00 3.489890248938049666e+00 4.488979802890264992e+00 5.488878340883699636e+00 6.488861822946514479e+00 7.488859148188080184e+00 8.488697947426279811e+00 9.488560864193882338e+00 1.048873616890474736e+01
-7.173987952828008829e+00 -6.000691053754250603e+00 -5.271714088797436304e+00 -4.038255436951996735e+00 -4.063727931550835670e+00 -2.335315286218958786e+00 -9.314658579002013106e-01 -7.691608267535722021e+00 -6.474341874508025008e+00 -5.859985180733596977e+00 3.618146474136841206e+00 4.041307147815668799e+00 -1.862446851749864241e+00 2.813041151973607157e+00 4.377475359054098902e+00 1.397470643578924587e+00 3.142174690237398593e+00 5.038656747641232059e+00 4.951908781040822660e+00 5.201428296546112051e+00 8.227380110807434477e+00 8.657080348912153056e+00
-9.347187020448796346e+00 -5.920947167645948639e+00 -9.259697786749324422e+00 -6.280438914473580603e+00 -4.883681624138315414e+00 -1.187393010878972088e+00 3.595284165669649923e-01 -2.671568076069090303e+00 -4.121651660964650965e+00 -3.815202999711551080e+00 -2.491702595500917550e+00 -4.571380041478096956e-01 2.528596412095608592e+00 7.117008083350730985e-01 1.821952792149288181e+00 4.565458042113326620e+00 4.176158096401592523e+00 4.007183901989550989e+00 5.361842096100078336e+00 9.485778060154338220e+00 7.898472659144480268e+00 9.282467544894052125e+00
-1.051074479706593934e+01 -9.510284570977106000e+00 -8.510104225948460055e+00 -7.511038707569275275e+00 -6.510798906907446337e+00 -5.510733107104902828e+00 -4.510773947462451972e+00 -3.511133367195736099e+00 -2.511044396087520170e+00 -1.510916134342556560e+00 -5.105079170316599857e-01 4.892972353845674860e-01 1.489695692434892749e+00 2.489061499014484369e+00 3.488753261044603704e+00 4.489188218489276849e+00 5.488831764087066745e+00 6.488749464973787795e+00 7.489603066816913568e+00 8.489009747281654583e+00 9.489570649340727471e+00 1.048884944804011177e+01
-7.737435837445572062e+00 -9.612275763895860692e+00 -9.354277360801479091e+00 -8.142978184064899594e+00 -3.787334725664494695e+00 -2.966471715430943679e+00 -5.097706409642359660e+00 -4.048413873658198270e+00 -3.470040009909045153e+00 -2.083751298755454506e+00 -8.732571739298267133e-01 2.104958795923630888e+00 6.056122853042466003e-01 1.523417082784659371e+00 5.990852599684197699e+00 3.879047307867980354e+00 4.737105714203226015e+00 5.452570558650409183e+00 6.391140325149834212e+00 7.598337051819237686e+00 8.629529248871318003e+00 1.002390135215477507e+01
-1.050944353911009443e+01 -9.511525305834677368e+00 -8.510927039113907355e+00 -7.510890605774807938e+00 -6.511535587635906452e+00 -5.511547746983442408e+00 -4.508813726631078822e+00 -3.510909343984998543e+00 -2.509126651016137188e+00 -1.508814158764739233e+00 -5.097205814990104500e-01 4.884739640084152512e-01 1.488460701974952727e+00 2.488386374982916038e+00 3.488151197406377690e+00 4.488659684630956548e+00 5.490231988104909533e+00 6.488739316436372917e+00 7.488813844594096381e+00 8.488655318590726750e+00 9.488640499385917693e+00 1.048857136544855884e+01
-5.706132517859452413e+00 -6.018725206747272516e+00 -5.217373170451137909e+00 -1.070907038508696196e+01 -3.098156720874952086e+00 -2.357605162435988611e+00 5.206963501102399583e-01 -2.485499140347433022e-01 5.812184086250357096e-01 1.383305927571298888e+00 2.374076359183972862e+00 2.912976454758051226e+00 5.304177783141148517e+00 -4.090393368358180570e-01 6.036859504059793657e+00 2.419130713897015283e-01 -1.087091207104283974e+00 -1.337088846190184865e+00 3.533420363542991716e+00 2.951420572626428207e+00 4.446665964285500650e+00 5.664631677542040222e+00
-1.074591646122898680e+01 -9.904001460375594590e+00 -9.086565740574405581e+00 -7.843102399131336888e+00 -4.428101506429985790e+00 -5.683665513649875045e+00 -1.875458055026897108e+00 -4.000020310700265647e+00 -3.020949496006624546e+00 -1.848236408346495274e+00 1.885846454940248718e+00 9.445605145474514353e-02 9.086580046570438274e-01 4.675262433103774207e+00 2.824285383003109828e+00 4.090093569871021906e+00 4.881450856000840943e+00 5.744934018367703565e+00 6.899238740239735712e+00 7.618547658503649345e+00 8.882235825687816444e+00 9.693538324856167065e+00
-1.051077820496126947e+01 -9.510298298163849751e+00 -8.510686458511790065e+00 -7.510338099165410952e+00 -6.510456839068353929e+00 -5.510362529619174055e+00 -4.509541825814673999e+00 -3.511221365495174496e+00 -2.511170865459858348e+00 -1.511071891947223023e+00 -5.111181153492534435e-01 4.885642142458337389e-01 1.488501875237982830e+00 2.488468049602069243e+00 3.489856986836949559e+00 4.488836860792197569e+00 5.489631092683827873e+00 6.489375992254775127e+00 7.488615690307174333e+00 8.489257475869219860e+00 9.489328412847081395e+00 1.048913781209424734e+01
-1.050964804332370761e+01 -9.510609734464773979e+00 -8.509676765311850133e+00 -7.511420625854652755e+00 -6.510736036707051255e+00 -5.510732415724893585e+00 -4.511561069298876347e+00 -3.511533561755324939e+00 -2.511480319906365111e+00 -1.508863676000723686e+00 -5.115706656466940672e-01 4.904920126904013244e-01 1.489232670854429230e+00 2.488522734831665417e+00 3.490264151584005603e+00 4.488432053815222034e+00 5.488336924802162287e+00 6.489352528344488391e+00 7.488568332384927473e+00 8.489345867525429412e+00 9.488409195433947119e+00 1.048940641094337067e+01
-1.051064984449610051e+01 -9.510146617381407097e+00 -8.510763089595867470e+00 -7.511051255701643115e+00 -6.510268430648878279e+00 -5.510204478590337018e+00 -4.511176954446872500e+00 -3.510892934589238124e+00 -2.510570350526394989e+00 -1.511144924400886325e+00 -5.108222323046565094e-01 4.892642316831725680e-01 1.488848362625995847e+00 2.488844197751438614e+00 3.489279635758558484e+00 4.489278324456371649e+00 5.489077579738056656e+00 6.489199150861658438e+00 7.489204023541370603e+00 8.489031013609327658e+00 9.489140879870809897e+00 1.048905368200079202e+01
-7.938632300241608597e+00 -6.938632300241617479e+00 -6.741645949080832700e+00 -6.240601641116578335e+00 -4.025876284454772858e+00 -3.368071410436739299e+00 -3.769754899116563696e+00 -7.686286899769163572e-01 -6.380251980570472714e-01 2.677992812119196486e-01 5.898051021333358790e+00 1.942342533144604255e+00 6.664648745811138753e+00 6.884632656338928181e-01 -3.256654933688004405e+00 9.188115483581882348e-01 1.568628585531486097e+00 3.258189879974963787e+00 6.188128837918094760e+00 3.535114137637645371e+00 6.633404984915378222e+00 5.885470754155418760e+00
-7.900372092558189507e+00 -1.089384598399089654e+01 -9.012574195875293626e+00 -4.190525391799107879e+00 -3.153004141741118094e+00 -6.012829863678214259e+00 -5.066903073565328874e+00 -3.921580152635824490e+00 -1.033610464071587520e+00 -5.282915818822280229e-01 -1.439896919214053606e+00 -1.152672068464118738e+00 3.369972657919915182e-01 3.694436834957334881e+00 4.521515707903851045e+00 4.946689290459509003e+00 4.795499109600101839e+00 4.345514669690499154e+00 8.363279812290889126e+00 7.356469181680463265e+00 7.561063122967839334e+00 8.147170903348861515e+00
-5.833917275754549436e+00 -2.593521550541263210e+00 -1.593521550541258769e+00 -2.833917275754517462e+00 4.064784494587367902e-01 -9.639329936141187716e+00 7.382401360712789185e-01 -4.951978658555050927e+00 -7.528864316553520730e-01 -3.337210334350098950e+00 -2.869344524108622174e+00 2.619338982070213984e-01 -2.734471393095591285e+00 -1.025294644968874014e+00 4.593299007023120772e+00 3.424574131846047642e-01 3.414611905632417788e+00 4.573617664682945616e+00 4.593470593575029071e+00 6.605195267763257938e+00 5.742655986065719809e+00 6.655963223017619335e+00
-1.106065685444364455e+01 -9.706286872563293144e+00 -5.629020286379958549e+00 -8.007809487163012108e+00 -6.995698952244628899e+00 -5.600185756444280294e+00 -1.933175923824379083e+00 -4.357374104112301083e+00 -3.068017147293805369e+00 1.253978307458615493e+00 -9.756580423167724447e-01 -2.169104306348768052e-01 9.027548728248140364e-01 1.909509661999606811e+00 6.072874309176662599e+00 4.052738433988931632e+00 4.710987172974119730e+00 5.587461220542559559e+00 6.765091704249281968e+00 7.975565370211453065e+00 8.557298777919355004e+00 9.525063995290947716e+00
-1.085802918385443405e+01 -6.899418601181263710e+00 -8.986550965468046215e+00 -7.871309324987992184e+00 -6.909501621620721679e+00 -5.877337463573176990e+00 -4.933567609182102132e+00 -9.643448391391160612e-01 9.407835065333247648e-02 -2.026598685795287569e+00 -9.946482949452792877e-01 -4.098794239302760989e-02 9.792496620816580899e-01 2.043154251946521338e+00 5.667610463936173737e+00 3.710444151102816335e+00 4.716953712043282287e+00 6.116746226034936562e+00 6.736554753383096283e+00 7.740532418691972616e+00 8.708958736220312247e+00 9.610541775261733477e+00
