-7.713882443366870234e+00 -6.713882443366843589e+00 -9.194204219472414508e+00 -8.214428329740911749e+00 -7.200469092322755671e+00 -2.659355867995157663e+00 -5.158967365300576979e+00 -4.080581848699987191e+00 1.108688145350928689e-01 -2.098340441042766180e+00 -1.378511118452293793e+00 -4.105246568828078146e-01 1.118996094917351192e+00 1.308206728274701414e+00 2.346671412355272768e+00 3.529718207452725576e+00 5.370523230283184013e+00 9.029562650936178159e+00 6.394921847100187406e+00 7.336544909328279296e+00 8.137726362193220098e+00 1.010773723731223583e+01
-4.266294742879995106e+00 -4.057698516743317718e+00 -2.266294742880033297e+00 -2.057698516743331929e+00 -2.662947428800233052e-01 -6.869880159097530026e+00 -1.235259109585010506e+00 -2.167844213278875554e+00 2.150951149475104629e-01 -1.167875765604299065e+00 1.404110573723553745e+00 -8.050109988362369462e-02 9.450596495835581479e+00 -2.409151897753021743e+00 -3.286926460332238342e+00 -1.495740880281108964e-01 1.514844461598702230e+00 2.191442131877646027e+00 3.773948329721386052e+00 4.698181996378963277e+00 3.177569300070073322e+00 3.823835319581037506e+00
-5.154348011858345124e+00 -8.461914797621101769e+00 -3.090547029495720910e+00 -2.030377870833562248e+00 -1.141378614535866198e+00 -1.860114238434744660e-01 6.681426053721799541e-01 -1.443199709312724455e+00 -1.119428606879258187e-01 1.413201074095038035e+00 4.434509071081464526e+00 -5.905796134337933267e+00 3.066866607581753890e+00 1.552525518111729674e+00 2.646648544580465945e+00 4.324450588605609269e+00 6.581023607306578649e-01 3.877644906624591936e+00 2.511660745182131116e+00 -2.484719315845467236e-01 -2.196025903922095068e+00 4.784591934112713218e+00
-6.569282027760992904e+00 -5.569282027760979581e+00 -4.569282027760980469e+00 -1.080469019220404370e+01 -3.537085219086389731e+00 -3.121884710588739509e+00 -1.637050157583407772e+00 -7.493247076083919822e-02 -5.146858677372847524e+00 -4.258588092273837944e+00 -2.047856569843510499e+00 -2.737067109863607239e+00 1.064854445523913506e+00 4.106379534567981437e+00 2.092201003349310806e+00 3.575636673602524684e+00 4.564127459474379478e+00 4.419928108764032970e+00 7.606455503505256566e+00 7.676085012633310001e+00 6.489606574840132147e+00 8.446914634644368647e+00
-4.947594746011187539e+00 -2.918636492905906543e+00 -1.918636492905903435e+00 -9.186364929059109841e-01 -9.475947460111640019e-01 -6.633761870761198054e+00 -3.738259859967281162e-01 -1.481070006943846940e+00 -9.931349941197007425e-01 -1.006995757053088969e+00 3.114318693400457860e+00 -3.460440508865447740e-01 1.171322471837000556e+00 6.311442157091240013e+00 2.727817830784707187e+00 2.730740839329851788e+00 3.714458547249077647e-01 -2.803399555764274353e-01 5.121155922144629002e+00 -1.827907618606840146e+00 -2.034637735157714733e+00 5.048902844574417514e+00
-7.153216444359626003e+00 -6.153216444359598469e+00 -5.153216444359603798e+00 -4.153216444359623338e+00 -7.809628474496712158e+00 -3.064404346252719957e+00 -1.638067270051069890e+00 -3.407709198388387151e+00 -6.352681946916354683e+00 -5.196827053508672023e+00 -4.002877558254557044e+00 1.854529833877236467e-01 9.565619495058115263e-01 4.363976867160403117e+00 1.803411961210440673e+00 3.618158750143212643e+00 5.780582078218769126e+00 6.150401425999575622e+00 6.177221722544002702e+00 8.019170445642640033e+00 9.154024608934012264e+00 7.844428500605379995e+00
-5.569039228977108458e+00 -4.569039228977104905e+00 -3.569039228977108458e+00 -3.474043093119312697e+00 -2.193068819612030929e+00 -1.107243085669723293e+00 -4.019948196581409228e+00 5.085475783027240126e-01 -4.568781435772636179e+00 -1.455519416576821268e+00 8.783754833481159707e+00 -4.489753411127637150e+00 6.759005062668987929e-02 -1.997366967440868946e+00 -1.243492735330611110e+00 1.659763961814209265e+00 2.074755782925147063e+00 4.197003467022458523e+00 3.852192729637634816e+00 5.140654044632169573e+00 5.228101434235300715e+00 6.712300633529928895e+00
-1.050135460868480664e+01 -9.500403087586164474e+00 -8.502199437469247556e+00 -7.500680517405298176e+00 -6.502036053687335837e+00 -5.501840349286807097e+00 -4.502184044569728982e+00 -3.501178991049544109e+00 -2.499594848603001296e+00 -1.501992192119365299e+00 -5.013245455920731786e-01 5.002144314348626608e-01 1.498060602694746279e+00 2.500200379639856862e+00 3.497743595391504812e+00 4.498696330934752297e+00 5.498032111674540090e+00 6.498009700328104543e+00 7.498109120875593447e+00 8.498069111257784414e+00 9.498003315180534756e+00 1.049797964468597655e+01
-1.050086332976142955e+01 -9.500954498790877167e+00 -8.501654234968798463e+00 -7.500990261577772600e+00 -6.501698871397156410e+00 -5.501853426241073208e+00 -4.501115207814361696e+00 -3.500783455812124245e+00 -2.501604688607827143e+00 -1.501818304204121546e+00 -5.017390225760021139e-01 4.991283814676723551e-01 1.498603096909141286e+00 2.498503650284614963e+00 3.499054348773569245e+00 4.498344736851068504e+00 5.498280371285291679e+00 6.498308586634008677e+00 7.498549054122779722e+00 8.498387980020849497e+00 9.498041952706183011e+00 1.049820281074127593e+01
-1.050110013935375974e+01 -9.501692475412371053e+00 -8.500974019650705316e+00 -7.500994266603495220e+00 -6.501536244187837710e+00 -5.501557515595454362e+00 -4.501517252657894375e+00 -3.500956324521807161e+00 -2.501058363948349239e+00 -1.501856146041635753e+00 -5.017133072357307100e-01 4.985419347543587065e-01 1.498368690129032288e+00 2.498799445446236334e+00 3.498699555512175152e+00 4.498624177988276074e+00 5.498279234733091769e+00 6.498237206007946298e+00 7.498385029252283118e+00 8.498364230956537924e+00 9.498357856984842584e+00 1.049862836148928302e+01
-7.915130877639493079e+00 -6.915130877639525941e+00 -7.820754227390416702e+00 -1.102139763804104255e+01 -3.952494558422389836e+00 -3.095423389207995868e+00 -1.866250660360784019e+00 -6.235666000330450487e+00 -5.934244520562659275e-01 -3.335148526707452543e+00 7.868775263649636642e-01 1.839979664813527149e+00 -1.992770538156873883e-02 2.489224604826931753e-01 2.639960352168175373e+00 4.849777036222306492e+00 4.787078255554085615e+00 6.368044774618881299e+00 7.209410318397275752e+00 6.279212247496591459e+00 8.644449429401342755e+00 9.085366515702585133e+00
-9.416177498983058669e+00 -1.199784918175422810e+01 -7.421205834868042750e+00 -6.310403408503105993e+00 -5.543780116008359293e+00 -4.535176978157286598e+00 -3.432383382857464582e+00 -2.431758731640292659e+00 -3.357505741405635735e+00 -1.796191229427435143e+00 -1.534286032220387064e+00 1.342009164890006989e+00 1.109437759029979098e+00 3.376048316985000852e+00 3.018520828696448444e+00 4.161414851220201605e+00 5.570465838576287076e+00 5.027469147245456682e+00 6.114304252730181410e+00 8.370954659039282930e+00 9.717910432070882010e+00 9.936512553386613433e+00
-1.050180642171333290e+01 -9.501094801859400363e+00 -8.501601843671352299e+00 -7.501586920158432648e+00 -6.500945514575981576e+00 -5.501079163090738078e+00 -4.501102826134706802e+00 -3.501643373207604881e+00 -2.501126295463585336e+00 -1.501212245361360331e+00 -5.017079846425431811e-01 4.986392124132752457e-01 1.498106965287176351e+00 2.498370052738628999e+00 3.498220109804121236e+00 4.498714873059240560e+00 5.498574340208019606e+00 6.498321303589781550e+00 7.498630979521713869e+00 8.498038293285807399e+00 9.498903134329758302e+00 1.049871779368683455e+01
-7.668272639319829054e+00 -1.073282510134860779e+01 -5.739121973007038413e+00 -8.603980945414200221e+00 -5.607975115680811307e+00 -2.578560719360149189e+00 -4.880713137563748028e+00 -2.456328896534193174e+00 -2.749789649901100752e+00 -1.952388761822589025e+00 2.116969035079079298e-01 1.254425500082785083e+00 9.021511734527674076e-01 1.803563728248192000e+00 5.821190477774957017e+00 4.156012641258063134e+00 4.138006950140804108e+00 4.233541757206890743e+00 5.347837706566050286e+00 1.027877477518775962e+01 7.137833021776055276e+00 7.653251972795064084e+00
-7.182028278684280842e+00 -5.536751902344400733e+00 -5.182028278684262190e+00 -3.536751902344429155e+00 -3.182028278684271072e+00 -9.737511640871966634e+00 -9.837771453743129335e-01 -5.436333378951063722e+00 -7.397889962926281759e-01 6.208970805882363386e-01 -2.627548456760834039e+00 -1.089575434087189709e+00 2.997063256701249401e+00 2.031864756600551214e+00 -1.438137036163738447e+00 2.693190418232543237e+00 3.475220986862666450e+00 3.869744596408023263e+00 6.074134631809323892e+00 7.257846502295986824e+00 6.649913270636625739e+00 1.097071489715321846e+01
-4.540381050580585942e+00 -2.520581572723621377e+00 -9.903281894676000618e+00 -4.275123459094849920e+00 -3.415791411972439739e+00 -2.947568961462736947e+00 -3.152409087500358531e-01 -6.555262613413001205e+00 -8.692743440921499865e-01 -2.614735789992629567e+00 3.837107782281906410e+00 -3.186151398321325434e+00 -1.147577075038664907e+00 -5.557849248276307552e-01 1.406030815961775371e+00 3.698300782003046461e+00 4.026645131092994490e+00 3.433836335969280729e+00 4.685005956423946571e+00 9.224390947449720102e+00 6.620834774202082329e+00 5.882932547605955520e+00
-9.730210406999043826e+00 -1.036616778088654556e+01 -3.379658669833380813e+00 -2.495583075542199047e+00 -1.542963384579612018e+00 -4.742719657413564605e+00 -4.026493054647337644e-01 -2.591153120615739436e+00 -8.993669438420730522e-01 -6.250355243879479161e+00 9.177910741301751330e-01 -2.962270598241117270e+00 3.695552272209568834e+00 -7.095288176401501890e-01 4.395837185367765798e+00 1.695982054808315542e+00 4.228615923923200626e+00 3.340249228187899710e+00 5.486613397241371537e+00 5.860462880280929099e+00 7.336604141151709335e+00 9.083248515681747293e+00
-1.050149125927551097e+01 -9.501491259275503865e+00 -8.501610256223504081e+00 -7.501446973024457066e+00 -6.501057233153403558e+00 -5.501491568474605742e+00 -4.500821515409782592e+00 -3.501523721455182425e+00 -2.500986076383416190e+00 -1.501603703437883297e+00 -5.017113121734428915e-01 4.984020931138193333e-01 1.498344645412128529e+00 2.498973694206636509e+00 3.498375680805603238e+00 4.498265427113935289e+00 5.498911072076722917e+00 6.499061454595487675e+00 7.498334881426265142e+00 8.498300765217704722e+00 9.498365786434572300e+00 1.049822904592888229e+01
-9.212790710932763361e+00 -8.212790710932740268e+00 -3.868071724098289366e+00 -2.712077786510151967e+00 -2.006431868422177800e+00 -2.006467868104952590e+00 -8.549970788777120134e+00 1.305404458914978250e-01 -3.063147637458119021e+00 -4.576643623677267847e+00 1.419152060187244047e+00 -3.187653465736715486e+00 2.002406859848744780e+00 1.830529531581994274e+00 1.027666565362932438e+00 3.696101363294718389e+00 5.055381501023208379e+00 6.325286378654735309e+00 5.543754773096710053e+00 5.367627542407223729e+00 7.703753749360444658e+00 7.262175081985883907e+00
-1.050009404461497553e+01 -9.502028140832081249e+00 -8.500641856003898766e+00 -7.501242179084929518e+00 -6.501323569227348997e+00 -5.500140439380306390e+00 -4.502192835916179803e+00 -3.500625524331233862e+00 -2.502202380109906699e+00 -1.501613814045086315e+00 -5.019374672662237913e-01 4.980480190027751775e-01 1.499117788266042695e+00 2.499377113174297449e+00 3.497915830801824555e+00 4.498188522051677296e+00 5.498317819427350983e+00 6.497989517043922802e+00 7.498081926595075331e+00 8.498329300772049066e+00 9.498779740523199067e+00 1.049822634119878018e+01
-1.050151162967089391e+01 -9.501511629670858383e+00 -8.501511629670865489e+00 -7.500721212476523903e+00 -6.500813815742725765e+00 -5.501861486583973004e+00 -4.500594120472673154e+00 -3.500897552818079461e+00 -2.501949023455374288e+00 -1.501609388738877726e+00 -5.016264803707688458e-01 4.987949542701137773e-01 1.498424563556897127e+00 2.497951146215191542e+00 3.499193515628563844e+00 4.498385529965158725e+00 5.498584318906061696e+00 6.498527940362681221e+00 7.498253311961882162e+00 8.498109627515068709e+00 9.498496215790503072e+00 1.049821651354431573e+01
-1.059096506783635583e+01 -9.391193308979051579e+00 -7.563908207982744436e+00 -7.430792432215281629e+00 -6.764191569242424151e+00 -5.801589829781314656e+00 -4.448720743721497506e+00 -3.506139345002654562e+00 -1.612982958624098462e+00 -1.924078233118730052e-01 -8.744772754992599095e-01 3.246076700059646325e-01 9.524814497310535311e-01 2.141819143112974722e+00 3.597555339056423218e+00 4.302109762336499443e+00 5.076919955357778846e+00 6.030401428664720953e+00 7.119193264926998665e+00 9.641961611091463880e+00 9.119615824384771585e+00 9.839032781572949915e+00
-1.050150110301652262e+01 -9.501501103016469330e+00 -8.501702983948320025e+00 -7.501659576865783663e+00 -6.500397761437030297e+00 -5.501526464792839022e+00 -4.500427660616971082e+00 -3.500573624941448969e+00 -2.500763465735033719e+00 -1.501471680673699183e+00 -5.006904500452051821e-01 4.984467801722516356e-01 1.497997472909350591e+00 2.499273459342377990e+00 3.497837240723031371e+00 4.498076061633488720e+00 5.498283225026984411e+00 6.497872914102929442e+00 7.498131188479328912e+00 8.498216482725998944e+00 9.498445684936893230e+00 1.049796503308142803e+01
-1.050124544243923452e+01 -9.502051073719153251e+00 -8.501969653774391844e+00 -7.501706573773537556e+00 -6.500242631543757810e+00 -5.500209662724634185e+00 -4.500067587603231445e+00 -3.501673597503808466e+00 -2.501878719438199283e+00 -1.501746434379716888e+00 -5.019803230058155208e-01 4.981780092824497075e-01 1.499641340564592085e+00 2.499126311730242023e+00 3.498764027248718378e+00 4.498124268244604096e+00 5.498069305311542365e+00 6.498381894420484528e+00 7.497983288358552656e+00 8.498946290801864478e+00 9.497989427636962745e+00 1.049789720435033757e+01
-5.920551831524883291e+00 -6.275584973618157925e+00 -1.034215538074652763e+01 -8.134446416837718630e+00 -1.901816725653918461e+00 -2.439565056325236458e+00 -6.091779097786370833e+00 -4.019797258272284068e+00 -3.117779126160006964e+00 -3.461851579395156975e+00 -1.212709702803580480e+00 -1.280051776577327161e+00 4.790685281693389364e+00 1.047980473133864887e+00 2.094695184701329982e+00 3.384380689338477133e+00 5.992390906705743703e+00 6.804909685691222343e+00 6.922900207457304944e+00 7.160332223430303067e+00 7.674635321666398724e+00 8.293508619928170233e+00
-4.197841530993008163e+00 -3.197841530993043691e+00 -2.197841530993062786e+00 -1.197841530993070780e+00 -4.119555254733184846e+00 -7.862593383128388957e+00 -3.765478973756888781e+00 1.831801374073342537e+00 -4.846781182127724463e+00 1.190267047097964381e+00 3.384800138472214837e+00 6.945993772831100976e+00 -1.056719635188692941e+00 4.983899512755657346e-02 9.446416275429430076e-01 4.065438351005261630e+00 3.101368272961759764e-01 1.668084565778345851e+00 3.904064346291959975e+00 3.374637925620081802e+00 4.389798880957718197e+00 3.513203688574413341e-01
-8.587792070668735178e+00 -9.237853578105827523e+00 -5.905369868039585413e+00 -5.876011906382879957e+00 -5.147438945373187913e+00 -3.961220368559482896e+00 -3.694359561433154582e+00 1.139153767372771409e+00 -1.111005102017925683e-01 -2.809554043243219557e+00 4.028932432257144924e+00 1.487459652784337560e+00 -1.396237307796038163e+00 -1.395843046496076489e+00 7.056850176565705901e+00 1.898382295155552457e+00 3.096160239333501707e+00 5.146460757574260469e+00 6.108815695391917266e+00 6.252654983107257536e+00 5.364117091750582489e+00 6.512123783051989356e+00
-1.050115413743669990e+01 -9.501478241417899540e+00 -8.501154137436651936e+00 -7.501094041053569583e+00 -6.501136859540240565e+00 -5.501543772999539783e+00 -4.501625882123015288e+00 -3.501232234422470668e+00 -2.501594287935972716e+00 -1.501325307075280335e+00 -5.013539582829693586e-01 4.988713211972513051e-01 1.498465674336646458e+00 2.498519102450108775e+00 3.498352261598803636e+00 4.498786943371989366e+00 5.498329537327983019e+00 6.498227404769162163e+00 7.498626353557803270e+00 8.498396637256835362e+00 9.498274566944340691e+00 1.049817272495815779e+01
-7.625882774879923609e+00 -6.625882774879872983e+00 -1.163460775761406296e+01 -6.185968079777482309e+00 -7.978730021026330554e+00 -4.780890768413596170e+00 -3.124228656783079927e+00 -5.524254581356475846e-01 -9.662585524785162194e-01 -1.636845595420712840e-01 5.438213499978626908e-01 3.181281544053990551e+00 -1.017964826858328120e+00 6.720590288744537899e-01 2.630880335072768972e+00 5.073895196018638032e+00 4.252964327021212299e+00 6.207798823836800040e+00 5.930100863229593955e+00 6.484406064978115225e+00 7.222393416369785157e+00 8.425252948980723744e+00
-1.049890132045199920e+01 -9.502731514925287115e+00 -8.502757681364350617e+00 -7.502810282463377334e+00 -6.502650884742067205e+00 -5.501850081438353968e+00 -4.502108825201323938e+00 -3.501783175224602473e+00 -2.499205751175212598e+00 -1.501850379461581397e+00 -4.994345436041953690e-01 5.000822862440941208e-01 1.498285802250565624e+00 2.501213984733281492e+00 3.497336762195290660e+00 4.498156132345853209e+00 5.497802870517432439e+00 6.498565184121783744e+00 7.498441131954852068e+00 8.498769821768462407e+00 9.497975485568703746e+00 1.049778464639728703e+01
-1.050098947638818458e+01 -9.501454012637783109e+00 -8.500659527426416062e+00 -7.501498000865646887e+00 -6.501655096357509933e+00 -5.501752251928502702e+00 -4.501483390277075003e+00 -3.501507224684420549e+00 -2.501345316117452811e+00 -1.501753622835336088e+00 -5.009271299297246571e-01 4.988454708998784071e-01 1.498178055340586567e+00 2.498309118503861725e+00 3.498801348561581648e+00 4.499238421971142543e+00 5.498297599906264210e+00 6.498938975686369801e+00 7.498282646591009737e+00 8.498054554516611958e+00 9.498301764780814338e+00 1.049810676073485105e+01
-1.050084477866231225e+01 -9.501535715704596541e+00 -8.501567403023878811e+00 -7.501559825783431279e+00 -6.501554364507827088e+00 -5.500621529465362869e+00 -4.501810403710038599e+00 -3.501648130064657138e+00 -2.501747133379611299e+00 -1.501690963452503524e+00 -5.018446987325404507e-01 4.984601566737421052e-01 1.498971929604369535e+00 2.498521676117730905e+00 3.499073682183578171e+00 4.498609511012389817e+00 5.498430182988002457e+00 6.498600100929092349e+00 7.498348569328143753e+00 8.498140005225492288e+00 9.498376397246675040e+00 1.049922240322287692e+01
-1.050117116624655011e+01 -9.501731069927842555e+00 -8.501223752444422743e+00 -7.501865687018087314e+00 -6.501839393919146559e+00 -5.500535207038558028e+00 -4.501147980039744922e+00 -3.501099633222271024e+00 -2.501118140464468453e+00 -1.501359084790403031e+00 -5.012674873525391206e-01 4.986823776906224026e-01 1.498603036457852866e+00 2.499251810664487650e+00 3.498000604862522067e+00 4.498072651976894321e+00 5.498208163136792948e+00 6.498347339982338156e+00 7.498432313854049625e+00 8.498640892857856954e+00 9.498213035816499783e+00 1.049823604320938131e+01
-6.063987887828196754e+00 -5.063987887828234058e+00 -4.063987887828237611e+00 -3.063987887828244272e+00 -2.063987887828224288e+00 -8.881687686984646390e+00 -9.778773016386100858e-01 -3.363060850816188996e+00 -5.972968136851851684e-01 -1.760003261881507797e+00 8.392448755114934045e-01 2.793116473226960661e+00 -1.669043815355286675e+00 -2.962656882289281146e+00 5.260818146932511929e+00 4.980080739976662230e+00 6.824149899891375215e-01 3.489358752014491749e+00 -2.285578681041828819e-01 1.131810316602840061e+01 3.185093468024005059e+00 8.180222976237402577e+00
-6.023198093582013080e+00 -5.023198093582060153e+00 -1.039166826235415897e+01 -3.408024673484324918e+00 -5.238425159754955374e+00 -1.362906650874499803e+00 -6.553589058131597866e+00 -5.384724476676714389e-01 -1.500766457894422645e+00 8.528824816529763098e-01 -4.480491181317981741e+00 1.249324272275098346e+00 2.643034933124726482e+00 1.243329592888541946e+00 2.060701879846970730e+00 4.367458534317134600e+00 4.447671338652803286e+00 5.402770908371803849e+00 6.109339420564472434e+00 6.276125010266561333e+00 4.600345651968737570e+00 5.236085722758918592e+00
-1.050176710974086092e+01 -9.500639296729437078e+00 -8.501688521016719235e+00 -7.501683156598710767e+00 -6.500621895898454738e+00 -5.501264445145020332e+00 -4.501773979176173057e+00 -3.501475896347658434e+00 -2.501031294126400795e+00 -1.501696373928661288e+00 -5.017863173376433394e-01 4.987369853664489483e-01 1.498130645941605721e+00 2.498445783149110255e+00 3.499267917465076039e+00 4.499226149510253236e+00 5.498318393122060499e+00 6.498181581835849485e+00 7.498078324239369152e+00 8.498985544185739371e+00 9.498363983224740181e+00 1.049802264605056124e+01
-1.184985625477487403e+01 -5.034858900868352194e+00 -4.512974629484038935e+00 -2.390968903470733764e+00 -5.382023459429754020e+00 -5.162813958597308073e+00 -1.523440546634927450e+00 -2.486111005005993579e+00 1.082961849681540301e+00 -1.041694542976741022e+00 -6.699749995417830783e-01 1.489240997517574883e+00 2.339952718217838346e+00 4.725113043454101103e+00 3.784807289605613079e+00 3.160349477680925112e+00 2.676787517859985588e+00 1.000358057279192181e+01 2.278351458843644650e+00 3.543058289173909081e+00 1.239783790793073326e+00 3.699059863209427146e+00
-1.050318666344345075e+01 -9.496442323381256045e+00 -8.502849837595775284e+00 -7.502834444696276250e+00 -6.496823122555552388e+00 -5.503119220787830557e+00 -4.502907281572177567e+00 -3.503105437213738682e+00 -2.503026922995404746e+00 -1.503234674984756936e+00 -5.030836070125879189e-01 5.031673407012640098e-01 1.497286165302439187e+00 2.497124800627863905e+00 3.501932690089384792e+00 4.497583368962448702e+00 5.497797051613970254e+00 6.497916290705838094e+00 7.500767896121191214e+00 8.497993538325472329e+00 9.499406675046131454e+00 1.049796738678757180e+01
-6.322384361594314939e+00 -5.322384361594350466e+00 -4.322384361594341584e+00 -1.017536950112780048e+01 -2.376877851252702456e+00 -3.319776021254075893e+00 -8.529329726832802550e+00 -1.866976227699993940e+00 -1.409692963518136555e-01 -2.109116601007844594e+00 1.198306706261309529e+00 -1.051685360553162418e+00 1.310102378960720237e-01 3.653091154246578931e+00 1.891563445176462688e+00 1.252706627535790318e+00 4.410805967714246378e+00 4.602393582441874464e+00 6.534864717186700922e+00 6.648324345860616269e+00 7.365859543789612829e+00 7.816657010798987670e+00
-7.235047853166291176e+00 -5.096784289547250602e+00 -1.065047337846760200e+01 -3.842141627014974414e+00 -3.688050164326048375e+00 -8.114428857861366140e+00 -2.063346421015128218e+00 -1.181559155123630411e+00 2.099608767320941816e-01 -3.000997798003853134e+00 3.791732934147924894e+00 -2.622973591054432951e+00 1.434565382910343745e+00 -4.454639456584916779e-01 2.842577453121148956e-01 2.386955338318170305e+00 4.435129072214751389e+00 6.968909039933604888e+00 4.723124180898153668e+00 6.369956862321051183e+00 9.762862732103464225e+00 7.542142584392440341e+00
-1.050021966580646904e+01 -9.501261167566889654e+00 -8.500853814523335217e+00 -7.501267426054605281e+00 -6.501925543289305054e+00 -5.501767158846975647e+00 -4.500795618038297974e+00 -3.502013884823451662e+00 -2.501953833143813810e+00 -1.501993842761637055e+00 -5.013516250659257878e-01 4.995709579776477227e-01 1.497893124480127014e+00 2.498924396593448449e+00 3.498239479620332659e+00 4.499228648502702654e+00 5.498273089189405383e+00 6.498352229256502355e+00 7.498236551542161621e+00 8.498275793750163842e+00 9.498315192420356823e+00 1.049842378463255521e+01
-5.628056457650801647e+00 -4.628056457650729705e+00 -5.208278035771062520e+00 -4.208278035771085612e+00 -1.009125648169023570e+01 -3.051335832539026960e+00 -6.668049900393088869e+00 -1.921638619163287709e+00 -3.323299550259783963e+00 -1.558979535784401849e+00 1.554198871624151934e+00 3.226438835350071699e+00 2.272298045962207080e+00 -1.089312186448581965e+00 3.774727320159101396e+00 2.212301123768757982e+00 5.202735964845611960e+00 4.606734325677180664e+00 4.090138688611841822e+00 4.979893707127859059e+00 5.870039474867047247e+00 9.555364403173287613e+00
-7.202710878608104217e+00 -1.061857560158077440e+01 -9.115730586538052904e+00 -4.386602607469419546e+00 -6.600294814367699381e+00 -5.663250224676877664e+00 -5.055733140302058892e+00 -7.023987746195112791e-01 -2.727810063847341482e+00 -2.079727084620100808e+00 2.567450001078065647e+00 -8.621590155026530589e-01 9.583905541696633446e-01 6.488010232367601660e+00 1.902951706291651224e+00 2.512262386433430805e+00 4.416016958460344810e+00 4.955825814481281455e+00 6.943544585143754055e+00 7.235601355602011786e+00 7.762700573479457411e+00 9.240568292670376493e+00
-4.584086820319290823e+00 -8.334715966301709855e+00 -2.963220557753194040e+00 -4.804940873791029965e+00 -9.815612248875678070e-01 -5.259818370722629588e+00 -2.943852577767894996e+00 8.123623819806452540e-02 2.893491821127432306e+00 2.067504163067745537e+00 2.297272872251242326e+00 5.214238700425451789e+00 2.467279422596637239e+00 5.406650199402713852e+00 3.101057107716228001e-01 1.023421705720494845e+00 1.108376132274055514e+00 2.297251674418886669e+00 2.928480234137819327e+00 1.490793199211019049e+00 -6.793284165621148452e-01 9.337524025472898614e-01
-1.050118859941990479e+01 -9.501435742628851600e+00 -8.501538288694895584e+00 -7.501149260354344150e+00 -6.501556263220587439e+00 -5.501608141613287373e+00 -4.501345713538212223e+00 -3.501422115516946931e+00 -2.501241926950482863e+00 -1.501267687332903833e+00 -5.015315421941703988e-01 4.984090096232467459e-01 1.498410924422469037e+00 2.498515493321139758e+00 3.498508173125703280e+00 4.498743376779273717e+00 5.498427822339255755e+00 6.498697123574928014e+00 7.498586899685586005e+00 8.498357112604100649e+00 9.498415379869655339e+00 1.049854363416405434e+01
-6.560948460345668920e+00 -9.966897450256244184e+00 -1.078809585275589811e+01 -3.791414376928164742e+00 -4.224335108303984399e+00 -2.197752307864027088e+00 -1.749232424962264609e+00 -5.488941311138920698e-01 -6.158285077213291991e+00 1.367528582246479552e+00 2.008323500071571566e+00 -2.484336660030328492e+00 5.732293645843122842e-02 2.442255893569196701e+00 2.514924287263255120e+00 3.145706397220772388e+00 6.008035785700823084e+00 4.520076834481985273e+00 4.998935850549131921e+00 5.655889884451637428e+00 9.316467996306739607e+00 6.403053569498792896e+00
-1.050083717145029283e+01 -9.501479221507905137e+00 -8.501289160922178567e+00 -7.501335227862018229e+00 -6.501037457957858479e+00 -5.500521248206499791e+00 -4.501081561669710851e+00 -3.501867061480895771e+00 -2.501546496525403285e+00 -1.501301938667896962e+00 -5.019189659506153589e-01 4.983274508267534486e-01 1.498271809890859174e+00 2.498197527602300738e+00 3.499249050393688165e+00 4.498353885486714887e+00 5.498213844373815107e+00 6.498230146244157623e+00 7.498096441850062632e+00 8.498991752043355774e+00 9.498459717258803892e+00 1.049815355427562480e+01
-1.050108354166146540e+01 -9.501544434577212428e+00 -8.501734528690565895e+00 -7.501713622361430467e+00 -6.501114796847089039e+00 -5.501022938638927329e+00 -4.501536313444363557e+00 -3.501597616821534587e+00 -2.501431901007880043e+00 -1.500724028795948684e+00 -5.012449957430327174e-01 4.985370449721830965e-01 1.498469229787591672e+00 2.499094743281602859e+00 3.498337361961604941e+00 4.498638469725849021e+00 5.498520117253063333e+00 6.498238299041990018e+00 7.498614538460975254e+00 8.498405735939739358e+00 9.498080622404817319e+00 1.049814222380519624e+01
-1.050133817609055598e+01 -9.501216247339121068e+00 -8.501160632480257107e+00 -7.501263338733814123e+00 -6.501085549254295159e+00 -5.501184779811978842e+00 -4.501478913832791307e+00 -3.501380201090466215e+00 -2.501040480692248380e+00 -1.501316077668544580e+00 -5.014542114328186528e-01 4.985111619938571437e-01 1.498592496256941686e+00 2.498825345527048825e+00 3.498170789669870828e+00 4.498278051953434442e+00 5.498235039751646624e+00 6.498638768087738882e+00 7.498443082313652752e+00 8.498244632374163388e+00 9.498273488472809944e+00 1.049803542007100354e+01
-5.618025125575376144e+00 -5.319065518630143430e+00 -4.319065518630146094e+00 -2.618025125575347278e+00 -9.463104398791223559e+00 -6.596996604945135623e+00 -2.022153566285222581e+00 -6.787315971271384640e+00 -3.936514241698827021e+00 1.063234143833586831e+00 -1.359742901749910526e+00 4.252518693466980082e+00 -2.983071050290507786e-01 -2.256141766447767871e-01 2.105002993097905950e+00 4.628963340961676387e+00 5.750069158589065310e+00 6.461731556727376535e+00 4.536978573116522639e+00 3.967301378844431348e+00 6.741839268342500802e+00 9.024620815891536196e+00
