-1.048241508142508138e+01 -9.481766374273714604e+00 -8.482348227365431370e+00 -7.482052327557054738e+00 -6.482398660345493724e+00 -5.481723011894642283e+00 -4.482096047563976171e+00 -3.483017647130921546e+00 -2.482080244882515885e+00 -1.481772953136387017e+00 -4.829213632778621701e-01 5.173515663905643436e-01 1.517893305556349048e+00 2.517328752712774786e+00 3.517638294534259913e+00 4.516912429170183430e+00 5.517011059956123731e+00 6.516822448508314380e+00 7.517502075569199249e+00 8.517007528380924342e+00 9.517511120574047467e+00 1.051810286803680228e+01
-1.048175751502534325e+01 -9.481757515025385885e+00 -8.482691322368633990e+00 -7.482623235237864989e+00 -6.482583456588036697e+00 -5.482498564672736663e+00 -4.481929206204666727e+00 -3.481897530061271340e+00 -2.482485179704681855e+00 -1.482807689261688822e+00 -4.822000646116961775e-01 5.172865866598819196e-01 1.517777848142124242e+00 2.517785537141294938e+00 3.517632602798677510e+00 4.517239744859674389e+00 5.517303126948808867e+00 6.517578019845217341e+00 7.517263489860042114e+00 8.517275544899439055e+00 9.517222865569326729e+00 1.051735542257402223e+01
-4.657689145882180526e+00 -3.657689145882215165e+00 -1.082502834194415442e+01 -2.157636507259200531e+00 -4.876077286360882113e+00 -4.387497360531847690e+00 -2.799742780000540332e+00 -1.640281152553956678e+00 -4.956214451435835500e+00 5.234047677299440426e-01 2.447671940290157444e+00 1.163963626404546092e+00 5.049514880237110148e+00 2.700836990096171508e-01 1.580090705654706440e+00 2.702206276929835838e+00 2.284244765943141520e+00 5.635623358251455883e+00 5.203823373411088582e+00 8.130363869220479600e+00 2.284697190417684265e+00 3.068657228887243793e+00
-1.048166088776829952e+01 -9.481892928650420771e+00 -8.482780557295129142e+00 -7.481709540059634733e+00 -6.482688807120361218e+00 -5.482095077803196048e+00 -4.482758000662373732e+00 -3.482600338926376438e+00 -2.482276447286638543e+00 -1.482453912665890883e+00 -4.823385478759316669e-01 5.174021011387779367e-01 1.517603739926762785e+00 2.517840370366517533e+00 3.517323087731547560e+00 4.517312250862071110e+00 5.517330556938594199e+00 6.517504535446116520e+00 7.517315976152373125e+00 8.517493098804891360e+00 9.517299696633761741e+00 1.051731914264911971e+01
-1.048192300325771242e+01 -9.482457481832662793e+00 -8.482805327088998482e+00 -7.482471526177111087e+00 -6.482553776861593064e+00 -5.482750129462647948e+00 -4.481726009906711994e+00 -3.482702993364510391e+00 -2.482047547162927970e+00 -1.481794413687158141e+00 -4.819858116521160696e-01 5.174417304382963323e-01 1.517524022100987580e+00 2.517427138476195481e+00 3.517258639870711079e+00 4.517897504805153730e+00 5.517521138726300123e+00 6.517292409627259531e+00 7.517465039579702690e+00 8.517144314436736252e+00 9.517557337372132054e+00 1.051717825555665264e+01
-6.610114595768679990e+00 -5.610114595768676438e+00 -4.610114595768677326e+00 -3.610114595768688428e+00 -7.370123644011623121e+00 -1.793478943868403785e+00 -8.476027528649277443e+00 -1.993812458400317789e-01 -5.766131428454663421e+00 1.330553354432852053e+00 -1.772730104464771861e+00 -3.112877773820648120e+00 3.205574392890351731e+00 4.118520266177563727e+00 1.018319664264384805e+00 5.775845736179975098e+00 5.063074692363382034e+00 6.568977305144144019e+00 6.048126512138267685e+00 1.641293401224464876e+00 8.250906730655698240e+00 6.296506507249248763e+00
-5.208854225275074690e+00 -4.208854225275044492e+00 -3.208854225275053818e+00 -3.121651021678241822e+00 -2.121651021678205851e+00 -1.087770251779945463e+00 7.572658695059666378e-01 -7.254442365211791532e+00 1.578528214647684780e-01 -3.118372294350132190e+00 -1.252281318378631214e+00 -1.439027292715324480e+00 2.163173699260936722e+00 -2.878206851472155936e+00 7.404675697721812000e+00 4.245543397197977242e+00 1.060239804873535086e+00 6.073338212612398479e+00 2.883307070991769638e+00 5.214788800693107795e+00 3.244787370967853413e+00 2.081481858335672008e+00
-1.048296948285261720e+01 -9.480826889588055195e+00 -8.480773588134466578e+00 -7.482912605120388250e+00 -6.482938108457746651e+00 -5.480818589641293315e+00 -4.483032209290689352e+00 -3.482984227551655820e+00 -2.482922573997187854e+00 -1.481655364348123172e+00 -4.823783090846056609e-01 5.172209837897305817e-01 1.517631793902683768e+00 2.516815597699451956e+00 3.517634796486664328e+00 4.517151484773924253e+00 5.517165260897447965e+00 6.517331699417402646e+00 7.517215366051960501e+00 8.516994515941902932e+00 9.518094176934525308e+00 1.051744578270750274e+01
-1.121449648618863471e+01 -6.279742969753610460e+00 -5.100497234607256125e+00 -7.266451378415434093e+00 -7.168743827923900191e+00 -2.633589963876771023e+00 -2.445146488122410755e+00 -3.758320224126578069e+00 5.289553224661465158e-01 1.055882543005565999e-01 6.178666666643057859e-01 3.755710043209380400e-01 2.488786710598615226e+00 2.302175291336443053e+00 -1.408246346626857992e-01 8.629184957811936840e+00 3.801590740318766315e+00 3.387886780538544862e+00 3.958719423016987093e+00 5.804125161340208727e+00 7.766238087891244035e+00 6.627614317608781391e+00
-9.580878421925167032e+00 -1.081507581971665033e+01 -7.858434158087183263e+00 -6.821309472760109571e+00 -5.702392356443946042e+00 -4.725613624775110821e+00 -5.624316350701153766e+00 -2.980453361107545440e+00 -1.849620007136715927e+00 -8.941296587102527393e-01 2.393209596145605689e-01 -2.241355833060397762e-01 1.044737080371761495e+00 2.821692652361020848e+00 4.007721773789634234e+00 4.076532185834737199e+00 5.110861411848568459e+00 6.078963711112891133e+00 7.136015447434488124e+00 7.974850103382843614e+00 8.539070554708544591e+00 1.043308244474702029e+01
-8.109511343273538841e+00 -3.857273167137070136e+00 -6.882475740932276764e+00 -3.267422834961778655e+00 -4.351050444761186853e+00 -5.103223202185436236e+00 -3.356387393488810211e+00 -2.212966386978543198e+00 -2.701181296389143505e-01 3.447518414818517396e+00 -2.795336565411099095e+00 -3.064181477025801126e+00 -3.818961588366436288e-01 -3.521352092586060856e-01 1.696577959518773770e+00 2.199840338802809381e+00 5.419695481384082747e+00 5.432195537010733766e+00 5.050986307376309270e+00 3.799873603198586913e+00 8.825326729786837632e+00 8.518453192529239715e+00
-1.865283969710518353e+00 -8.652839697105589867e-01 -8.143669277932366057e+00 -7.146062459964434233e+00 2.137108776813751554e+00 1.094535492238798646e+00 -2.081196796259807247e+00 -1.034822737631052592e+00 -1.611702160865308153e-02 -2.478308273510068105e+00 1.131714298426443444e+00 -5.325176358902414253e-02 -6.268077493457058225e-01 -4.074323027392153129e+00 5.277775581005450078e+00 5.376311073701263155e-01 1.104510334247214010e+00 9.106695613934919775e-01 3.880303754272797612e+00 3.661400351334613390e+00 2.667422236243418787e+00 6.368545063844432974e+00
-1.048462554067372565e+01 -9.484609253704539000e+00 -8.484609253704544329e+00 -7.484625540673741639e+00 -6.484104610979542826e+00 -5.484081499278547156e+00 -4.472837708890425645e+00 -3.472933463752276850e+00 -2.484767772257312046e+00 -1.484553702175608336e+00 -4.843123927712476018e-01 5.269109085202199338e-01 1.515621520578859460e+00 2.515540160238737499e+00 3.515536554157732141e+00 4.515569232404233802e+00 5.515468947589393878e+00 6.515305154025552881e+00 7.515097819268705237e+00 8.515420638024799871e+00 9.526987664401531219e+00 1.051509165018796921e+01
-6.163388963671747156e+00 -5.891770155304242529e+00 -9.618200331968331795e+00 -7.268273782019340601e+00 -6.246388431092204208e+00 -4.575490212807250323e+00 1.365245864662092412e+00 -3.876269226081121566e+00 -4.550775315402683319e+00 4.486335912322164887e+00 -7.594004653744979016e-01 -6.410968877036120617e-01 9.249705265069405602e-01 2.458382940863458987e+00 3.152456546897616896e+00 7.885819449653790336e+00 3.739283536230531002e+00 4.452416758097274219e+00 4.826860590326370826e+00 4.474916448255812362e+00 5.750205518981936770e+00 6.460649189163238937e+00
-1.048253801126367080e+01 -9.482538011263695665e+00 -8.481997572224234005e+00 -7.481975984166972182e+00 -6.482519734989491411e+00 -5.482193190943092986e+00 -4.481951367448658630e+00 -3.482480477880356418e+00 -2.482556682418678662e+00 -1.482183177362774273e+00 -4.825879189778401468e-01 5.173439342867265367e-01 1.517416376281875756e+00 2.517914969135416570e+00 3.517731282521387115e+00 4.517412338067190447e+00 5.517271350730554857e+00 6.517559185285467294e+00 7.517655338753362670e+00 8.517207108099356105e+00 9.517198200930256036e+00 1.051730155538429301e+01
-7.340068882816040308e+00 -1.194498683734734001e+01 -6.494685757090863376e+00 -4.252499089741458960e+00 -3.461605134308503917e+00 -3.550131850202109973e+00 -1.356483322377897149e+00 -1.593062531469552123e+00 -5.019044492096193189e+00 9.353791219102922661e-01 2.410563840902680610e+00 -2.494366777043916183e+00 -6.963985976531757993e-01 -7.869046352455177917e-01 3.386057167433260240e+00 4.328465207810580750e+00 4.621117038793087772e+00 4.973427985508458882e+00 6.937704583161118599e+00 5.980081057628369834e+00 5.793044170764511946e+00 1.001088724401640384e+01
-1.149333347250241566e+01 -6.715468277158990418e+00 -9.545190517089537252e+00 -3.985890809840310300e+00 -6.762927527385124371e+00 -1.703297433609208156e+00 -5.349465950846141737e+00 -2.507359504083370716e+00 -1.175587272016926033e+00 3.851194847618709671e-01 1.214846625807362468e+00 -3.076989185721196729e-01 1.482582666768892388e+00 3.813485551384815153e+00 2.250412899006787093e+00 3.331805859578314877e+00 3.515091179145931832e+00 3.840778299564587162e+00 5.332487174023020415e+00 6.760352300009097704e+00 1.026444708342573264e+01 7.741300070163912750e+00
-8.423140254078138156e+00 -7.493530836511478554e+00 -1.080917226680688792e+01 -1.005547321725896381e+01 -5.032644578987510720e+00 -3.238774322219152957e+00 -2.260536442292193193e+00 -1.090042183361316086e+00 -6.037267793335172605e-01 2.457068892411566896e-01 1.358603893100540194e+00 1.443992393677651975e+00 -1.520499156338473323e+00 3.049104175213919188e-01 2.087408900008612456e+00 5.237664422090682947e+00 4.086457572624798473e+00 5.526767480336592264e+00 6.029429592739659505e+00 7.716014039141250613e+00 7.881251608659409769e+00 8.995822338582076583e+00
-7.985387778906803291e+00 -1.356319770943221137e+01 -5.343044256934241787e+00 -5.930316750087157196e+00 -3.342815220989151292e+00 -2.413075698094710564e+00 -1.983030250988063958e+00 -5.898743759064409176e+00 -2.504879616323365532e-01 -3.283168602629418675e+00 8.513695539455562455e-02 1.786297031729620510e+00 4.354159771848701288e-01 5.776838595365122453e-01 3.628890941889486133e+00 3.182210568379189475e+00 4.350988555353028531e+00 4.537362250583697687e+00 6.299799676774647139e+00 7.668147438123690485e+00 8.286643312498368275e+00 9.541180931847032198e+00
-1.115303581129252919e+01 -3.902836694961139052e+00 -2.826495348603542457e+00 -8.827616317392418921e+00 -7.239784970025057831e+00 -6.734274747758719926e+00 1.126543984210598204e+00 -4.792873323153962417e+00 -3.191170480609129001e+00 4.177528388705621154e+00 -1.910681139873098289e+00 -7.760547377124514812e-01 7.182506301362479029e-02 1.452147106596049841e+00 1.931516562146488036e+00 3.085598886103039895e+00 4.423908762341050682e+00 4.979035065170540619e+00 6.047826675066374058e+00 7.189988344193221081e+00 8.017985961794844130e+00 9.237408282576787144e+00
-1.178987574304747454e+01 -4.593710612529408266e+00 -3.593710612529421589e+00 -8.628500015636518583e+00 -1.774993929530674475e+00 -8.293355796728697493e-01 -5.087314703102120639e+00 -4.312513464238150185e+00 -3.374695887778865977e+00 -2.670627730853315285e+00 -1.941359469146743510e+00 -6.115061471266362014e-01 5.886332677691519244e+00 1.093381326880248361e+00 1.791725249319122248e+00 3.102036836751589366e+00 5.157576339248246100e+00 4.845125753548036762e+00 5.149291371694051378e+00 6.151127948345838092e+00 7.716484452772325753e+00 8.701551449477431532e+00
-1.048252139528360516e+01 -9.482449586587856416e+00 -8.482085513966982404e+00 -7.481902065771548038e+00 -6.482567715543218867e+00 -5.482552270489639668e+00 -4.481999865817732243e+00 -3.482701945203267258e+00 -2.482022675770231501e+00 -1.482541988688419465e+00 -4.827131285247396875e-01 5.174801134589106510e-01 1.517281521958391721e+00 2.517290015620268662e+00 3.517477688294928129e+00 4.517615673047583158e+00 5.517650985074322278e+00 6.517595638436359806e+00 7.517296929759062607e+00 8.517581940543930585e+00 9.517582223665987939e+00 1.051769493232396790e+01
-4.594947844416453542e+00 -3.594947844416449101e+00 -2.594947844416452654e+00 -4.280258232561978460e+00 -5.949478444164473245e-01 4.050521555835475684e-01 -6.074564427907541919e+00 -1.619413229575241919e+00 -5.816953195558012268e+00 -2.250083389496863262e+00 3.536087999445900909e+00 6.363171670146744452e-01 3.312799298778502877e+00 2.463530034315587258e+00 5.039871416838842322e+00 5.191219699456600445e+00 -1.583084268446234955e+00 4.634032021756976150e+00 6.561230109958730239e+00 -1.092623414796438874e+00 4.092269402639039377e-01 2.293894203131030096e+00
-1.048248056051399146e+01 -9.482480560514037649e+00 -8.482476641508648996e+00 -7.481710304590784233e+00 -6.482327443632190267e+00 -5.482229215177611081e+00 -4.481995460661956088e+00 -3.483327088030888419e+00 -2.481578004631106893e+00 -1.483104703101229660e+00 -4.810419502583318518e-01 5.189436254176307273e-01 1.517658191648406429e+00 2.517073529687801070e+00 3.517337198284547384e+00 4.517609278586789401e+00 5.517014215615672512e+00 6.516768398610032875e+00 7.517311836508202560e+00 8.517547490921892006e+00 9.516975971785466726e+00 1.051700170609084672e+01
-1.048258716105062405e+01 -9.481922032819554147e+00 -8.482587161050606284e+00 -7.481952013955897485e+00 -6.481944727288047048e+00 -5.481278913603588876e+00 -4.481338451193138894e+00 -3.481924864040191636e+00 -2.481915372000488063e+00 -1.481457489119343052e+00 -4.831852415068631501e-01 5.174041068689323453e-01 1.517303792251775363e+00 2.517288563265033474e+00 3.517016639424989322e+00 4.517209467901416531e+00 5.517410693182178250e+00 6.516969156874845126e+00 7.516962011768054452e+00 8.516889964653676870e+00 9.516975497318934885e+00 1.051715304465455603e+01
-4.533130927784057462e+00 -1.155239712144869024e+01 -4.005544780482767742e+00 -2.647576488328414523e+00 -1.818824768443062290e+00 -8.081662372998286159e-01 5.236636167487698224e-01 -2.715136658676759573e+00 3.143783956755141773e-01 2.334314894096864101e+00 1.365606011306253365e+00 5.398154647501804071e+00 5.482432297039818714e-01 -8.859070182335627708e-01 1.433077530350560291e+00 3.851944892736260062e+00 3.441147962577776553e+00 4.455120436831051300e+00 4.249772789209833590e+00 1.135130224606643701e+00 -4.586351288870567089e-01 7.612540087750723217e-01
-1.048224027031522354e+01 -9.482406459240740659e+00 -8.482213198630633499e+00 -7.482389028607459025e+00 -6.482257898388921191e+00 -5.482392698018381694e+00 -4.482201195745298961e+00 -3.482308584688752262e+00 -2.482231839983281674e+00 -1.482490077106787041e+00 -4.825320611284542593e-01 5.177091737701129404e-01 1.517487489195032069e+00 2.517293509603902635e+00 3.517589055509729334e+00 4.517386235804718098e+00 5.517299391837285683e+00 6.517584898085756251e+00 7.517593414099383864e+00 8.517323881895700666e+00 9.517652988941826209e+00 1.051723278364674741e+01
-1.048246591876850431e+01 -9.480785127390500833e+00 -8.482884112406853916e+00 -7.482825297523637786e+00 -6.482519995082492770e+00 -5.483526300300246348e+00 -4.479693997312663711e+00 -3.482319350947038927e+00 -2.483256045390247024e+00 -1.483604978431346311e+00 -4.826720390807519578e-01 5.189312439073230365e-01 1.517515231262557052e+00 2.519306060265410707e+00 3.517469551752913759e+00 4.519751880656588838e+00 5.516554978083480165e+00 6.516808484088290498e+00 7.516995516013013301e+00 8.516909588466994308e+00 9.516423989426007424e+00 1.051637614924799813e+01
-1.048256120221187615e+01 -9.482225754721605782e+00 -8.482225754721607558e+00 -7.481936240060793608e+00 -6.481932268901305250e+00 -5.482318372889000813e+00 -4.482081429524864546e+00 -3.482244850559686355e+00 -2.482263387604184857e+00 -1.481770397587265364e+00 -4.821052341298752708e-01 5.172195346517867165e-01 1.517272061244993253e+00 2.517606651918438132e+00 3.517354397611171635e+00 4.517395137385877391e+00 5.517205825583490153e+00 6.517081751064807804e+00 7.517329184846429868e+00 8.517192615704090031e+00 9.517180068926364811e+00 1.051731717451050940e+01
-4.132552457477834729e+00 -3.132552457477761010e+00 -1.037321684006437117e+01 -4.435399148227321398e+00 -2.672327073535957442e+00 -1.840136019753121133e+00 -3.511112748043510923e+00 -4.605446748350246366e+00 -6.277603408874176338e+00 -3.404930885557828635e+00 2.855739157260805516e+00 1.682793647392583303e+00 -1.449820621914120533e+00 -3.171686355680107816e-01 1.215084331748573110e+00 5.773933766169382586e+00 2.667909763393384370e+00 5.443690861262514780e+00 6.529818982270116479e+00 4.417747953140883865e+00 8.345652671149593971e+00 7.606385421592618101e+00
-1.048245340822776939e+01 -9.482094267891216788e+00 -8.482440846548843894e+00 -7.481462846086811780e+00 -6.482411372051995357e+00 -5.481344881044199369e+00 -4.480134564028551480e+00 -3.483190561221420012e+00 -2.483165169642722603e+00 -1.481386924670504257e+00 -4.820427471263926122e-01 5.165981179611129903e-01 1.517552671446029677e+00 2.517345515503112807e+00 3.516742644323533895e+00 4.517154914750285855e+00 5.516747345639888778e+00 6.517234457148736837e+00 7.517809269441791287e+00 8.516840515150255086e+00 9.517882463945571914e+00 1.051670918376607489e+01
-1.048147979175505640e+01 -9.482362201268015767e+00 -8.482618799263780929e+00 -7.483048511499726274e+00 -6.482535963708702553e+00 -5.481718068773099972e+00 -4.482723263854341056e+00 -3.482512613589127781e+00 -2.481276159936717463e+00 -1.482949754053903391e+00 -4.826493764465595859e-01 5.180958157235835415e-01 1.517315590923470126e+00 2.518413344567459689e+00 3.518180871551678024e+00 4.517118344252745388e+00 5.517223449593231521e+00 6.517329866235899161e+00 7.517331326549696158e+00 8.517292114144007442e+00 9.516963066702530227e+00 1.051710022444073722e+01
-9.108403359016760348e+00 -7.518448661200982208e+00 -8.073189337141576161e+00 -5.294726173891427301e+00 -5.986070188174122286e+00 -4.166390749695000117e+00 -2.647682394352206536e+00 -1.920164140258535657e+00 -6.450548567157003976e-01 -2.868579899663992183e-02 1.234799229992613379e+00 2.844445123394073072e+00 2.329211553382820821e+00 1.507854130852799290e+00 4.172456931568778948e+00 1.049118706804160084e+01 2.824443104314040998e+00 4.559625381971304847e+00 2.337148733093783903e+00 4.193450246572856699e+00 5.112329402302252745e+00 4.168354264492215577e+00
-5.257281519451161955e+00 -3.249553205107940990e+00 -8.085217334231701969e+00 -5.920201397160091084e+00 -3.934625528695634866e+00 -2.588319303847109065e+00 -1.972797153146297999e+00 -7.576314683567930253e+00 -1.636336442807999614e+00 -1.505384544047694728e+00 2.739906534844387842e+00 -3.459407761259734482e+00 -2.513239464088057318e-02 -9.992772626282842019e-01 8.068681224609444147e-01 3.662138910318228024e+00 4.246073883763029855e+00 5.760927957268922484e+00 5.054957615557610140e+00 5.343989299647335045e+00 6.848065583078019714e+00 1.213341013419017678e+01
-1.048234418542552504e+01 -9.481882007284600178e+00 -8.482130469246353499e+00 -7.481876963241553824e+00 -6.481961415572603968e+00 -5.482715488834813300e+00 -4.482632366432405036e+00 -3.482406930489988284e+00 -2.482729868455351152e+00 -1.482749403877701155e+00 -4.825303493575692215e-01 5.173374922437989909e-01 1.517984165386708995e+00 2.517576544122253068e+00 3.517982410774981972e+00 4.517685747282062181e+00 5.517398102716956743e+00 6.517522050575767167e+00 7.517259715632954808e+00 8.517212575809510966e+00 9.517155906693494316e+00 1.051733424751595081e+01
-9.480490376955799547e+00 -9.445480110162156606e+00 -8.082839671521082181e+00 -7.177961379445316759e+00 -5.010672385289614894e+00 -5.689165209978848559e+00 -4.109557603166819284e+00 -3.734135052777337815e+00 -2.287584347345553937e+00 -1.288724034353048609e+00 -7.921026118935862170e-01 -5.722541884762671893e-02 1.831710826506273371e+00 2.098350579156858853e+00 2.847448405393633308e+00 5.324041473374971467e+00 5.012650068060682251e+00 5.804135019549857333e+00 7.033537540089962903e+00 7.558453080875114694e+00 1.067398875626722266e+01 9.358111962998403754e+00
-1.008652260837370207e+01 -9.535430558634438114e+00 -8.535430558634443443e+00 -7.956878535859530643e+00 -6.171443705675287106e+00 -5.815343513207761106e+00 -2.624549576790270677e+00 -4.022210461350265831e+00 -2.833854270983690249e+00 -1.863377127310539283e-01 -8.755587033994141066e-01 1.666914500313406267e+00 2.372549061382623670e+00 1.893860222843095631e+00 3.483030294858353137e+00 4.025057898147319513e+00 4.877455288933338906e+00 6.090729117931355852e+00 7.212957722491222690e+00 8.335586911221414042e+00 8.923984135540043994e+00 1.014792456251387165e+01
-5.253428115759055217e+00 -4.253428115759010808e+00 -1.114281455612564287e+01 -2.741615017767536244e+00 -8.422411345074541700e+00 -4.637895073773513843e+00 -4.406024623938253448e+00 -1.458131548908927932e+00 2.721920272820415043e+00 1.758665253865486777e-01 -2.664083774763529089e+00 1.122728999488689983e+00 9.749202894297229749e-01 5.796948539528798960e+00 3.291081175341169729e+00 2.579161320257336687e+00 4.901641250885640844e+00 3.701265161587607988e+00 4.249726707825224992e+00 4.672219611584663923e+00 4.742870567302362339e+00 6.435971260968027963e+00
-5.780485028201737485e+00 -7.832573982359708253e+00 -3.691468650637399485e+00 -5.786421273390722320e+00 -4.492290464064836009e+00 -7.492222649413699642e+00 -1.550130688609319130e-01 -1.707216346286891229e+00 2.224064268521567911e+00 4.666337140369453129e-01 2.035334991970332741e+00 -3.941039263026775430e+00 3.474327654349274042e+00 3.828492677472338901e+00 1.250513008434992912e+00 4.403568441127806210e+00 7.735942384303931441e+00 3.411258612710305727e+00 2.239201158089456190e+00 5.384942994843490816e+00 -1.479214780919640315e+00 6.290155111838091173e+00
-6.403292201649336768e+00 -5.549082366717756898e+00 -4.732922863604069441e+00 -3.219451916718856666e+00 -2.219451916718828688e+00 -1.219451916718842011e+00 -2.194519167188296871e-01 -7.217585143100038181e+00 8.098049101012727569e-02 -7.276135256705666521e+00 1.214604954042370899e+00 -2.517265167974771067e+00 8.023539653175870701e-01 3.106396114116870333e+00 1.823427837726805389e-01 2.491917783945086118e+00 2.885511977605917266e+00 2.857514569647047864e+00 6.890379388423563789e+00 7.617172227820026009e+00 7.584563873299638992e+00 5.246842048162277727e+00
-1.048219559917392019e+01 -9.482514830475484047e+00 -8.482174841856400249e+00 -7.482675479894336235e+00 -6.482547177171147368e+00 -5.481832867657590924e+00 -4.481797391718071566e+00 -3.482591306960046040e+00 -2.482871128415501616e+00 -1.481746008788988433e+00 -4.827927781099621285e-01 5.177002342587186945e-01 1.517582455480644299e+00 2.517364663833925320e+00 3.517509268427440716e+00 4.517537602985449041e+00 5.517258705401964392e+00 6.517198858613321377e+00 7.517335431480960395e+00 8.517354549670761443e+00 9.517690652812072827e+00 1.051769649779254578e+01
-1.048143701492389113e+01 -9.481716895983973714e+00 -8.481791699813172158e+00 -7.481727565215404496e+00 -6.482719133184712490e+00 -5.482955331490796169e+00 -4.482413122938442740e+00 -3.482313873754318223e+00 -2.482226068661962159e+00 -1.482117930935185512e+00 -4.831299209459345434e-01 5.170223465697247889e-01 1.517878030850120297e+00 2.517692213370025911e+00 3.516934161497779598e+00 4.516897616399951687e+00 5.517639135433860531e+00 6.517326062037177792e+00 7.517503266646103910e+00 8.517013651742162850e+00 9.517838393761344662e+00 1.051729319007558416e+01
-7.432869309763126431e+00 -6.669662315420189280e+00 -7.746610466804258799e+00 -4.508840207614485784e+00 -5.608648126004098344e+00 -5.012349980731689136e+00 -7.488290963423324342e+00 -6.607639940017888680e-01 -1.202355918705780402e+00 8.052305086338938933e-01 1.755828642501337411e+00 -4.113740173741601502e+00 2.282206278313425596e+00 5.071934156076521205e+00 1.193205969419931289e+00 4.597542017848704532e+00 2.184571240553287552e+00 4.863043599783134496e+00 5.725050367248376126e+00 5.457748538242457315e+00 7.452035544644465048e+00 9.442224103480995723e+00
-7.703646425949637333e+00 -1.298154784934288308e+01 -6.920581107128231935e+00 -5.007678222212088137e+00 -4.903970810118997825e+00 -6.028183641055162134e+00 -1.795700825798717259e+00 -2.429366748322829395e+00 -3.388057937875796011e+00 3.340028984604633822e-01 5.474938798600319512e-01 1.442198879069201134e-01 -7.287118792317692773e-01 3.202270101935611901e+00 3.431065540923573742e+00 4.820577281276553272e+00 5.887088307967140111e+00 5.644534719396773426e+00 7.983038045831531981e+00 4.079246674795914629e+00 6.444381531695300147e+00 9.756016087522493052e+00
-1.048198057812725636e+01 -9.481980578127224391e+00 -8.481943787160250992e+00 -7.481991292062144083e+00 -6.482174770059906166e+00 -5.481778421523888056e+00 -4.481974200430226318e+00 -3.482942030849784487e+00 -2.481949695470648365e+00 -1.483154208484023684e+00 -4.817212904718832789e-01 5.170517702671553195e-01 1.516878462311893827e+00 2.518581076440479904e+00 3.517990528521204752e+00 4.516962363299986905e+00 5.517213090238238138e+00 6.517185180363323838e+00 7.517166740176350004e+00 8.517026840624479789e+00 9.516916274008423215e+00 1.051710803705181974e+01
-1.048289941928599234e+01 -9.482899419286020759e+00 -8.482899419286018983e+00 -7.480294003405363767e+00 -6.482938475229502728e+00 -5.482927463271396462e+00 -4.483004375614877191e+00 -3.480307317592878036e+00 -2.480375542559388080e+00 -1.483066275038490645e+00 -4.828056015751513996e-01 5.195144645192470989e-01 1.517131388864743968e+00 2.516865082762462791e+00 3.516732171855194267e+00 4.517031402073127921e+00 5.516846873543483909e+00 6.516992681405765708e+00 7.516718604347937926e+00 8.519468539140449437e+00 9.516772993586286589e+00 1.051683262058280377e+01
-1.048205361583017492e+01 -9.482274398884984024e+00 -8.481672339818690176e+00 -7.482233070514432427e+00 -6.482669145546168465e+00 -5.482636452398523375e+00 -4.481677070937365670e+00 -3.482264504513960190e+00 -2.482091159305781503e+00 -1.482557163319803806e+00 -4.819072342731782754e-01 5.171785198829343955e-01 1.517405591227786843e+00 2.516961320557371096e+00 3.517455688931722335e+00 4.516991316594856087e+00 5.517090409316795174e+00 6.517256683923973171e+00 7.517495758154174368e+00 8.517418041147962526e+00 9.517620786347166018e+00 1.051765154979445072e+01
-1.154189396018301217e+01 -1.758473294130499243e+00 -2.850071146978475412e+00 -4.078080976804661084e+00 -5.296740855834451978e+00 -4.907605216210184196e+00 -2.899432564484133223e+00 -6.809258353752429826e-01 5.680067110302309263e-01 -4.390925157530041201e-01 -4.241833043996701136e-02 6.476177665476744449e-01 5.723333096092092731e+00 2.654435084312000370e+00 8.083690558305516305e+00 -1.135426812457731582e+00 5.350601089981995351e+00 8.290244379560176569e-01 1.549984978867262164e+00 1.926098367400734368e+00 3.611907725903038102e+00 5.071951202790994984e+00
-1.048245967433528847e+01 -9.482624283737747461e+00 -8.481815176761958952e+00 -7.482693905688156732e+00 -6.482489688999258703e+00 -5.482551770962087900e+00 -4.482072206891386301e+00 -3.482073965228421386e+00 -2.482597398317643922e+00 -1.482593710280264432e+00 -4.819464485414943766e-01 5.180821169845142293e-01 1.517799933694984560e+00 2.517642674290321736e+00 3.517235816710380547e+00 4.517170381986288064e+00 5.517460854046733587e+00 6.517593984746127944e+00 7.517569911920221060e+00 8.517306660555984621e+00 9.517234874211935036e+00 1.051731053113260650e+01
-7.846845644866927039e+00 -1.048163016151152327e+01 -8.291429527283927570e+00 -6.068736518094542731e+00 -7.178133683984084357e+00 -5.637304651277627698e+00 -2.221861383201932494e+00 -3.509769246540731746e+00 -2.570035754750045864e+00 -2.231717159602748524e+00 -5.328036447647329643e-01 2.946243891225750478e-01 1.304113035302525869e+00 3.663839056381824388e+00 2.560343589491866467e+00 3.991976624256796669e+00 7.007164317456814118e+00 5.737287949090242201e+00 6.899315996595631439e+00 7.397389297729829671e+00 8.753606354221293628e+00 9.347096276765624268e+00
