-5.111165581716294037e-04 1.665343905847510922e-02 -3.162622892836374627e-02 -2.594717833377183092e-02 1.394626823698943280e-02 -3.160672286311054513e-03 9.639347157920075820e-03 -1.368094623693429969e-02 5.973186574086114531e-02 7.743068616498076200e-03 1.907800530192684321e-04 -3.984258349217824000e-03 -5.452501484386291716e-03 -1.189406577166320610e-02
-4.899331915325585984e-02 6.665549919091014186e-02 -1.670833644437642873e-02 2.510998969106323017e-02 1.059088250772464643e-02 -4.353691067943814275e-02 -1.108144582627915431e-01 6.280786160753233649e-02 5.138104103677082479e-02 4.870328850348129568e-02 -4.533888246173803371e-02 -3.595512600507461132e-02 5.389467701611434791e-02 -6.148405631978996061e-03
2.406506849440851956e-02 6.230099896183261508e-03 1.080631819076967454e-01 -8.956460300000240737e-02 5.945847592860910302e-02 -4.186942403136109658e-01 1.200890977924481129e-01 1.024994977387113232e-01 -4.086382463321150404e-01 -2.341908107820460730e-02 1.068269931871908274e-01 3.471154373584623976e-01 -1.855514378995897981e-02 9.617126312512491726e-02
-4.411730602954856695e-02 1.726142406895298798e-01 -1.255930699531455641e-01 -2.252289644804770716e-02 3.968482648763835968e-02 -5.993329053295522006e-03 -3.693313791683033517e-03 -1.506399410062604360e-01 6.210225483379135103e-02 1.403308807342396915e-02 2.284204992937261328e-02 2.347244532139892634e-02 3.562134832529059714e-02 -6.162596463521650969e-03
1.219642310102914823e-02 -4.423162900673744541e-02 -3.715082829820910704e-02 -6.178885439568650162e-02 -1.602628384635775838e-01 1.705776183590604900e-01 1.942732363888327041e-01 -5.828938039566174123e-02 2.942837455424942433e-02 -1.026929380469027674e-02 1.363704976648596676e-02 -2.765087161606637201e-02 -7.394829451698896328e-02 6.512708924290348811e-02
-2.412543854011092725e-02 3.689763901396924534e-02 -4.372823489409358166e-03 -3.262104143891208369e-02 -8.373745647792647795e-03 1.922643096031452503e-02 -9.386427660258346573e-02 -2.269749144830957716e-03 7.179163966245440121e-02 3.530313875923694888e-02 8.463905210048663225e-03 -5.847309724134115705e-02 9.378046698338508846e-02 -2.971524756948505652e-02
3.727886669115920704e-02 -1.320145369184641537e-02 -3.427831590907162718e-03 -8.911913140127769584e-02 -1.420746432499623083e-02 2.289708080245732302e-02 -1.551526621267962924e-01 4.470363829209886286e-02 3.714448978696252568e-02 7.679903776414959138e-02 1.156064526395597508e-01 -1.416534131539708141e-01 2.408088128997873389e-02 6.989930993837201179e-02
-3.727522366432943213e-01 5.093826350702501671e-02 2.380240771808481148e-01 -1.175666944496195354e-03 2.465606639065148764e-02 -5.121987658418775818e-02 4.708213481514966076e-02 -3.216551178295777302e-01 2.706864394970173726e-02 1.179170792168664772e-01 2.630372040513647702e-01 1.762179241671001373e-01 -5.931844125049965527e-02 -1.271722531117084332e-01
-2.979644270996831615e-02 -2.783881920758782616e-02 6.768084136057399280e-02 7.424913263189691914e-02 -7.844664546224956736e-02 -2.295089257334317553e-02 -3.667536542395721799e-02 -1.824449080306434282e-02 9.787057550469907552e-02 -1.002960735159028893e-01 1.066511464622256315e-02 7.708288025337499405e-02 7.387197582836031728e-02 -7.552398961411131706e-02
-1.221677136658467500e-01 -5.500977091704564725e-02 -5.281972324691168452e-02 8.515742240488352599e-02 1.333547216742205777e-01 -6.813300720680115496e-02 1.268596502599298181e-01 5.316259569670661600e-02 -1.481466072720846738e-02 -5.034203849832552535e-02 -2.954318807676452677e-02 2.851384653457025853e-02 -3.077038014419081202e-02 8.200046827726903409e-03
-2.603207585672580315e-02 1.729487049486690131e-02 -5.860932711229444383e-03 4.579537304972323281e-03 2.990929872119722777e-02 1.192785067775333115e-02 -5.266073107369468459e-02 -3.744628189374088478e-02 3.990133728544772301e-02 -7.710173318029910419e-03 1.932780923258146195e-03 -4.240031156704468507e-02 5.019585678651698052e-02 2.801677514139600325e-02
-7.288862224753356323e-02 3.891278006945718404e-02 2.819107904272410633e-02 2.129697927345754888e-02 5.671119569640084568e-02 -2.318025381863342282e-02 -1.000911758592560319e-01 -7.755666008640343945e-02 7.839875448235540667e-02 -4.046350831709509543e-02 2.813008954291825944e-02 6.861465651582425440e-02 -7.226051009297164429e-02 7.783299671369880990e-02
-1.921925099055148828e-02 2.758366875780974420e-02 1.125602223661217871e-03 -6.069575791636494869e-03 -3.547632263899038602e-02 -7.402724903594611744e-03 -4.895948515948743418e-02 2.754495279858456755e-02 8.592997822975986799e-02 2.145541714370163833e-02 -3.247265913841910351e-02 1.338742197579209300e-02 -3.739979001935989089e-02 2.162056842767348663e-02
4.559083039654372727e-02 -3.306542202341114511e-02 1.372525677779060094e-02 -9.252005689401404664e-02 -1.922473920435128353e-02 1.226112486899038484e-02 -6.955721336384187992e-02 9.513524696924829244e-03 6.223453171512349780e-02 -2.420285075887004811e-02 6.613840864203521241e-02 1.412271435408928716e-02 2.773193460405926070e-02 -1.100242896125181412e-03
-9.112927264403128391e-02 5.212852011344683290e-02 -7.654325637176790514e-03 6.137438049542216778e-02 -4.643500441010230823e-02 -1.382235347358402033e-01 1.013561375067305176e-01 3.248936687395169443e-02 -6.035494545015136769e-02 -2.717333070977876602e-02 9.768372758562136882e-02 7.441019888421286643e-02 -2.393887567845831219e-02 -1.288524127890321343e-02
-1.509683826252278538e-01 2.696738198956538657e-02 -6.518609373406521711e-03 -3.295231410491902824e-02 1.364642789141712886e-01 5.006978841057192764e-02 -4.915399467582301507e-02 -3.090986012828621926e-02 7.454530390115854561e-03 4.312553085700631533e-02 -4.811386966445427293e-02 1.661274093527190521e-01 1.162276409986672497e-02 -1.115668525269563893e-01
-8.716432071643510221e-03 -3.561611660257209266e-02 -2.390878899471129623e-02 1.020646321629338146e-02 2.587901403428176372e-02 1.958930262135828021e-02 -2.523981659931541846e-02 1.122799554880761844e-02 1.073019685282793623e-01 1.657872852014474763e-02 -3.339547945312337091e-02 6.434577818575866297e-03 -4.042889189694206381e-02 -1.826472375449003996e-02
-2.440495865178787457e-02 1.117774982639707995e-02 -7.612359312020469670e-02 -1.086203183390775998e-02 7.718677271085751246e-02 -1.073068005281020837e-01 1.064257880078277275e-03 3.381958928870387043e-02 3.333575322814933545e-02 3.472692676753969671e-02 6.766032526097891242e-02 5.030394041281597423e-02 4.813637713641393326e-03 -8.374376804021642362e-02
-6.384053408755763215e-02 -9.177426357133211532e-02 -2.902571256091718635e-02 1.932760423446336015e-02 2.406221568249181444e-02 5.801787066677369098e-02 1.044863409016472261e-01 9.229807329561412477e-02 4.044560294867631522e-02 -2.946195503934000148e-02 -2.025065593105693784e-01 -5.803947544757681598e-02 -3.827708593471162990e-02 1.859356791372812623e-01
3.785458415288252276e-02 -4.638768830740437610e-02 -6.956438226549815917e-02 4.455738770456296738e-03 -1.141845381738886001e-03 5.564687458856094893e-02 -6.848536792685822050e-03 -5.627383871927960080e-03 1.755223321293338662e-02 3.761235183294493745e-02 4.349262403838399099e-02 -3.062184329537702421e-02 1.682090503260812164e-02 -4.159583079919475235e-02
8.326861775911169328e-02 -4.594401258620858797e-02 -9.873956218543281094e-02 -1.086282723144968709e-01 -9.062570050134091670e-02 -6.740862403897618371e-02 -6.979719685686106012e-02 2.721863293548578699e-01 7.236744687665702669e-02 -8.563643331605835796e-03 2.611776546963550660e-01 -1.555523376003734859e-01 -1.131916526306639414e-02 -2.077373309367639212e-02
3.941922488212476483e-02 3.677447785034643549e-03 1.499015662995144271e-02 -2.857555098349648492e+00 -1.375865967873348972e-01 -1.044424471766084161e-01 5.289965702511721657e-02 -1.082596127250357310e-01 -7.473590961428971946e-02 2.808754568201949464e+00 8.881585078642195707e-02 2.297560148780301847e-02 1.197448158520370565e-01 1.429501429174209748e-01
1.165849419236551429e-02 4.012479349551831970e-02 2.715384627843422591e-02 2.469575030859852416e-02 -2.092027828545880985e-03 -7.888410600666427575e-02 -1.484325877517737258e+00 -2.371823973312820188e-01 -1.668560917708662716e-01 1.496373243738842396e+00 6.509504651887913773e-02 1.198964308020198793e-01 2.025191654226901061e-01 -6.528469387309297767e-03
-8.717424427274564347e-02 -1.480653174988896537e-01 4.343660011248266090e-02 6.688140049791739539e-02 5.251032511388253887e-02 -9.057129452364182098e-02 -7.753645684961674167e-04 2.634613899191829561e-02 9.832480927644204893e-02 2.103167508893913906e-01 -1.164287351401713799e-01 2.480749755332640472e-01 -1.126104256573137175e-01 -1.786178178390968319e-01
-1.062483868403544911e-02 -8.816579851751620012e-02 -1.288578866285558788e-01 1.630475847386977373e-01 2.048083669423675368e-01 -1.310195039281307761e-01 -1.108256488937707784e-01 -6.226391206156275948e-02 -8.088632298159731393e-02 7.697224692672045843e-02 -5.658689827666955885e-02 3.002868853509804703e-01 2.072743636657042310e-01 -2.715108367376884990e-01
-7.246649152409316563e-02 7.925857680563952457e-02 9.676068860744821420e-02 -5.628484974317576883e-02 -6.974118210772482784e-02 -9.544813799893656636e-01 8.901075677981706846e-02 4.278008119878558280e-02 9.713675441511684383e-01 1.838256005465208065e-03 -1.167787032245048845e-01 -8.072915457972007491e-03 2.875289959714443996e-02 -2.029548018368875634e-02
6.423979043714694859e-02 -3.173521773086290798e-02 -7.837082634877916287e-03 -1.149772325727476951e-01 1.507348933631469379e-04 1.734347484243000531e-02 -4.955719370497475851e-02 5.472826029474237713e-02 6.252239177255564107e-02 -2.661272823315373806e-02 7.254856110340664188e-02 -1.244889537570866983e-01 1.137029909242370518e-01 -1.837999471923487671e-02
-1.228562113927792743e-01 1.161664030006123310e-01 -1.147380615959835148e-02 -1.073144624076882298e-01 -9.707100900047908876e-02 4.570020608979105670e-02 -1.128237076762438895e-01 2.990412279642916671e-01 8.105564605820934215e-03 -1.176484270004011234e-01 1.939713557210638317e-01 5.935666280331708400e-02 -6.795362327611759179e-02 -7.355237235664617568e-02
-1.126381424584575394e-02 1.643644528303355237e-02 -2.907498355120491373e-02 -4.974923292716357942e-02 -1.568908453610941972e-02 -1.781338761377112764e-02 -1.798249165158571222e-02 4.006512625863983823e-02 8.305819128903367543e-02 -9.427556394350642549e-03 4.042206174808283398e-02 1.962344618521990984e-03 3.281391461098595586e-02 -5.210973197332346984e-02
-1.549489097818693151e-02 3.522985985687728666e-02 -5.487603488854266715e-03 2.993958152143483264e-04 -8.616819382513875997e-04 9.511120029504757656e-03 -1.164050402562150782e-01 -4.277810899613644635e-02 1.045194675780771604e-01 -2.528125758650037747e-02 4.186589620708813797e-02 -2.324109061541540511e-02 3.291716935914251740e-02 1.685456592859889413e-02
-1.026239861060560393e-01 -7.466708825967993679e-02 -2.296414889465730746e-01 -4.499477567135558992e-02 4.148598743982426923e-02 2.470335000278776616e-01 3.490158385336823710e-02 5.850745204983169578e-02 -8.323132465948451797e-02 2.070373835600585466e-01 1.637890427217248424e-01 7.470219183331550106e-02 -4.454030506418626967e-03 -2.761966464214899442e-01
-6.180135958540074886e-02 1.600859254233490125e-02 -2.504291075825435975e+00 9.071006984775135951e-03 4.942717125182492788e-02 3.408616153988265618e-02 -2.822153952766426332e-02 2.495708924174564469e+00 1.294919000248012826e-02 -6.631208089754515866e-03 -6.130172846871654452e-02 3.393566437785164314e-02 2.697621683272353674e-02 -4.268215294521923026e-03
-6.528433850185987042e-02 1.466561362764306695e-02 -2.269019128920886016e-02 1.217639363094962790e-01 -6.599099306366743023e-02 -4.975406001565860215e-02 -2.688876203634752576e-02 3.530691949652322442e-02 6.337572677652146547e-02 1.804027779564153569e-02 -1.802163791564368941e-02 -4.874748140804759794e-02 8.351990198538420188e-03 4.752080094101279739e-02
-3.647497388902843501e-02 -2.174979110793041903e-02 -2.623839816051678001e-02 -9.567491010240137747e-03 5.198388334932073362e-02 3.723454941739300778e-02 3.107707882891315443e-02 -6.051041357159468032e-02 1.128305553305075232e-01 -5.339873277478186797e-02 1.735854293159195053e-02 9.652346399056415532e-03 -1.288859904870342556e-02 -2.766075577904381425e-02
6.367873882896327165e-02 9.123640199155273744e-02 -5.730389433419033618e-02 -9.743320446145389835e-02 -2.203114828665164282e+00 -1.563900635796623417e-01 6.260126646013783325e-02 -1.172756970556717154e-01 1.199337803023291654e-01 2.118807379441140171e+00 5.337182346112992470e-02 9.881239597771737659e-02 5.335721726412694099e-02 -1.863351471601124021e-02
-3.038482519434247339e-02 -8.596702447399644578e-03 -1.375617556969674013e-02 5.056805189865105910e-02 2.893398803345796980e-02 -1.121008053570226107e-02 -3.860057618111920746e-02 -1.076656019098959360e-02 7.998845649024957649e-02 -4.237026995279757902e-02 -2.889925852195849437e-02 -3.475967117293080055e-02 3.612195717020780933e-02 3.537946708931360984e-02
-1.842328690834610372e-02 -3.360154270644826607e-02 6.867042775257342115e-03 2.811842243000092778e-02 -4.988304003897974653e-03 -7.688237009604414161e-03 2.394091117174866265e-02 -3.431329443083113578e-02 -2.261249260657493751e-02 1.026608961238234356e-02 7.769591541742533469e-02 2.760279382398709430e-02 -5.396691524600834289e-02 1.275069859585268965e-02
-3.029722637826592013e+00 2.214849043187441802e-02 -1.914945330585566055e-02 2.447652958482923052e-03 7.096764772533556420e-02 -1.645221519518970388e-02 2.970277362173405322e+00 -8.395621208961426968e-03 5.138212146669144352e-03 2.894256014093280621e-02 -1.183053208271920599e-02 6.680854658147465305e-03 -6.420872755756056038e-03 -2.983646944830940437e-03
-3.261413545636165923e-06 -3.590661119864882456e-02 2.666440267305190959e-02 -4.336074911169665591e-02 -3.021371336936963525e-02 3.150807484313088158e-03 3.530940397177952106e-02 -5.063357981837512956e-02 9.449005359254343539e-02 -6.010972246811807640e-02 -3.778098106653920984e-02 1.223491154733788305e-01 -2.658620789687031472e-02 1.427884406303992458e-02
-5.944330782176168726e-02 1.072694186307669439e-01 4.395580730919645962e-02 -2.871394430210949533e-02 -2.114366090169302048e-02 -3.994790622739580188e-03 -6.582356729274324580e-02 -3.840689394362487019e-02 5.040063807909655330e-02 -2.368189080878768671e-03 -3.029907088735885046e-02 -2.277152714716133147e-02 4.972550579237609153e-02 3.326138310357805439e-02
-2.154407132288707616e-02 -1.526966504197294593e-02 -1.112757311732135226e-02 -2.542324911233465740e-03 6.910914388026595523e-02 3.315311931673786683e-02 -3.194444282389818923e-02 -3.103369219731197393e-02 6.789271536626112491e-02 3.184601263917618413e-02 -7.209104872214945614e-02 3.124170205269802963e-02 -4.592143027551509604e-02 9.879356072093614660e-03
3.252640269415306429e-02 1.493941292967466451e-02 -1.352026364891758571e-02 -4.304228803338357862e-02 5.156488507821787096e-03 1.318121590051493999e-03 -1.368148119640283933e-01 8.693865442101632313e-02 9.990361511023898577e-02 2.148371407331033794e-02 9.251915683889850445e-03 -7.212936030615041405e-02 2.617646600340197555e-02 -2.054026614613527896e-02
5.650868880810420297e-02 -1.798878184002300762e-01 1.122695566702885395e-01 -1.459300265086352008e-02 -1.173790165604814140e-01 2.696847064068585639e-02 -6.371959622743475493e-02 -6.511404080644407621e-02 1.057536868870486702e-01 5.395418580116406737e-02 -1.496474851017806640e-01 1.362818855624098602e-01 1.533922106753323744e-01 -4.313992438285574327e-02
-1.073138936869997770e-02 -8.925068591661050599e-02 -2.809029906017414951e-03 -5.277599596646716934e-02 7.347161975613906992e-02 1.132798781104740748e-01 -2.321780698282329553e-02 -2.970730379503710647e-02 4.784223288877793162e-02 -1.623342713666895906e-02 1.590957361787725954e-02 -3.667607750158974333e-02 -5.518585953478275657e-02 7.773207265037181124e-02
7.061821510496951379e-03 -2.444612334495174788e-02 7.566461939480657872e-02 -9.952360261820190901e-02 4.262073846223340262e-02 3.770082665682252671e-02 -8.633334621426758115e-02 3.999170335874956128e-02 -7.968854969172892155e-03 1.050428094292505388e-01 -6.224477711309247402e-02 -6.578425982524052293e-03 -5.024346780156165038e-02 4.090388014635596564e-02
2.377177596803277740e-02 1.939104090645602310e-02 -2.005260859654934419e-02 -1.298203209296634221e-03 -3.963804400253442828e-03 -2.994697325994837012e-02 -2.110019870065784481e-02 -3.456529811611427222e-02 6.819760232666190192e-02 1.506331663242161875e-02 3.795605157959699300e-02 2.722614750049902679e-02 -5.551647731909194888e-02 -1.351457039681324725e-02
-7.618710571510017154e-04 -2.258384348815859269e-02 -7.421054843890217967e-02 -7.054140812277598892e-03 1.266309128314306864e-01 -2.630666616008567327e-04 -1.021728560358565463e-01 1.304632967111732378e-02 6.226840854283039600e-02 4.103920393365926428e-02 -2.932065821955980034e-04 3.162177131327971458e-02 1.643185837556941642e-02 -7.205115067680119278e-02
2.036195182941017909e-02 -8.174051770440348558e-03 -1.087260795714629774e-01 2.136654285018072252e-01 -1.600018164660395870e-01 8.876921206781608620e-02 -1.041382914244529112e-01 2.694582149689602954e-02 4.685283139229951682e-02 6.217587625263107029e-03 -4.310254744046202596e-02 -5.433661282052525132e-02 1.029063695466501949e-01 -1.559200205181600178e-02
-4.393494653765748353e-02 -1.958779486269122960e-03 6.300014797096780556e-03 -1.677208058747151620e-01 8.629772828440376853e-02 -9.377569572979738144e-02 2.954228487199193898e-02 -8.168731183239279214e-02 2.163942523549227531e-02 4.657704402564676049e-02 2.260267861006589607e-01 5.538447527835346773e-02 3.839166591519425215e-03 -7.488158480938814088e-02
-1.139914907802906108e-01 1.479600276667282499e-01 -1.773762018108823724e-02 2.228185184197063740e-02 -4.590967108919642020e-02 -5.099423826181125330e-01 4.900576173818841919e-01 -1.012189425618568839e+00 -2.226431209253641047e-02 9.878105743814279416e-01 8.007094881808807241e-02 -5.437807687130877254e-02 4.187696849634642282e-02 1.800279157959964321e-02
