2.962774387392691011e+01
2.962717368137875340e+01
2.962815179802137777e+01
2.280602989795549362e+01
2.962875663425198169e+01
2.150251733993190584e+01
2.339579791674054476e+01
2.707168197705993862e+01
2.962717252110032007e+01
2.962773541045994818e+01
1.651809063535987931e+01
2.332563088113815652e+01
2.962743668602796987e+01
2.962769182184682748e+01
2.962812733561690948e+01
1.867381743333768185e+01
2.962818502404315524e+01
2.962825429028930557e+01
2.962811354888036419e+01
2.096457907061919457e+01
2.962793056527276292e+01
2.962775507977147882e+01
2.962842676934861075e+01
2.962804842826319884e+01
2.225539502474176246e+01
1.988229229147349741e+01
2.962786198255010817e+01
2.962755316465680977e+01
2.962693051450295201e+01
2.817195393241016532e+01
2.962755660662710966e+01
2.962706321235425833e+01
2.059256138901283961e+01
2.285582972691703674e+01
2.121022101089691958e+01
2.891543313660061898e+01
2.255401871622623133e+01
2.962798280139735851e+01
2.962798355238282255e+01
2.962714501608492412e+01
2.280011591985493880e+01
2.391335819380231698e+01
2.962857680006630190e+01
2.377765499567783891e+01
2.458828039837358403e+01
2.456633629271460251e+01
2.962779809743913262e+01
2.962754151477001230e+01
2.962851225783822429e+01
2.962831623889753629e+01
