2.311009772806021800e+01
2.979176188082683296e+01
2.979277300210797463e+01
2.979088755077423301e+01
2.627766383671576023e+01
2.582611419732038982e+01
2.979181721973513319e+01
2.979178124182889675e+01
2.979202658594646280e+01
2.892702031713276867e+01
2.808277110710117341e+01
2.862662849840555879e+01
2.979177288224788001e+01
2.287993727791634058e+01
2.979162457495782235e+01
1.695317209095522415e+01
2.102369755949397856e+01
2.253317595481078683e+01
2.382668220195343167e+01
2.979160769752546756e+01
1.803084504588374415e+01
2.114123800002704456e+01
2.867796522901248224e+01
2.979140915667131750e+01
2.979131425783575082e+01
2.146191902111874583e+01
2.834793985257492110e+01
2.979093387140668980e+01
2.979158959357235759e+01
2.979189718246336227e+01
2.489575700715948514e+01
2.448681699370277443e+01
2.979120166196486252e+01
2.124911296202907351e+01
2.621173606613142582e+01
2.832500000398225737e+01
2.979113205256375707e+01
2.171128327190243468e+01
2.979090491754720205e+01
2.979122140966482846e+01
2.842644571792394714e+01
1.899890396040837004e+01
2.979177282579928843e+01
2.979135902070438036e+01
1.944221876841026031e+01
2.979134188499931923e+01
2.979080404796750514e+01
2.979083933315995480e+01
2.979133511364520004e+01
2.979147022827035940e+01
