2.970871445969955715e+01
2.471309347084893560e+01
2.810721629829707524e+01
2.970965088485880656e+01
2.347820234555479502e+01
2.312437804106861705e+01
2.247916025949302821e+01
1.972655752696718068e+01
2.771855288491087421e+01
2.971058903493122116e+01
2.970988868532611349e+01
2.970921750459754307e+01
2.970949003786545717e+01
2.406649426126898561e+01
2.971003359076896544e+01
1.547451141863533053e+01
2.971003451350082258e+01
2.643091896238271588e+01
2.970951787105964925e+01
2.970952581433699535e+01
2.238460545591248874e+01
2.970954213428966639e+01
2.286862366074868902e+01
2.377297427076965874e+01
2.219342649070219409e+01
2.805334468318177343e+01
2.970995570884362280e+01
2.250550430785313338e+01
2.135385141512152529e+01
2.970966769552101638e+01
2.970969308965499067e+01
2.811756416608614728e+01
2.258939569818101489e+01
1.866978785736792190e+01
2.970939930818035180e+01
2.273546677072720001e+01
2.970911524815782911e+01
2.970965209482270097e+01
2.362566262863889932e+01
2.970935826810156044e+01
2.808472781401022544e+01
2.527987945087517474e+01
2.391580157835153386e+01
2.458513332856663069e+01
2.970941743885879660e+01
1.522766598469420884e+01
2.261871498537227154e+01
2.970940485907508233e+01
2.970925386239022714e+01
2.571229672368463071e+01
