-1.857839048124693693e-01 -1.732533506227675602e-01 -2.258207088680643793e-01 -1.129256526980708525e-01 2.249740289304076046e-01 2.727384905383607450e-01 8.323519704129703212e-02 3.046060365185047081e-01 1.151792589125469890e-01 -1.364765869655053532e-01 5.334857277970313227e-02 -2.268825590978258144e-01 7.558798915645623812e-03 -8.879020905157934684e-02
-1.030779608005491399e+00 -1.074169895600419533e+00 4.936728591637321584e-01 7.001796957142388811e-01 3.005048106199766922e-01 5.575430178402748238e-01 6.054365781879910147e-01 -4.536030518541675494e-01 -2.500361757461834200e-01 -2.663782323574815369e-01 8.706687256243644812e-02 5.245342875789155146e-02 5.182187562266257763e-02 1.379952366147224330e-01
2.987311471639950700e-01 -7.461802515873319219e-01 -1.383477723029665318e+00 -2.122783958500809587e-02 4.010026732254337589e-02 5.644399932520319796e-01 1.870089336392735391e-01 1.490871831339223019e-01 4.713537262095566782e-01 3.476819733551788638e-01 2.943945338701763337e-01 -2.406226273396110810e-02 1.534052613796037245e-01 -4.195475308701321349e-01
-7.894854258928690749e-01 2.105145741071320353e-01 -7.793526855860244407e-01 6.034455437430514824e-01 2.497489390039739354e-02 -2.220671598718947648e-01 6.023361406245059113e-01 6.617928602949398054e-02 2.166036157713189525e-01 5.729572944767432480e-02 2.062548708662974017e-01 8.415301567573363339e-03 -2.237659335905667346e-02 -2.710306798274167983e-01
-1.205838049454940775e+00 -5.147999860851664167e-01 3.369843105223255253e-01 -2.932336112483191481e-01 9.478226137903619231e-01 6.287067795528527014e-01 5.461690261604082441e-02 -5.192271523646189296e-02 -2.955931866700034494e-01 -2.444133635113088926e-02 3.539885895083870193e-01 6.091158184987358754e-02 5.043294244971444074e-02 -1.359274237233505656e-01
-1.065121656350195289e+00 -6.512165635020553123e-02 9.348783436497909438e-01 -1.176370612196406373e+00 8.140114932612438903e-01 2.409519266262332149e-01 -3.946576228340095138e-01 2.373761379494295776e-01 2.882013194514143617e-01 -3.087194914348385111e-01 2.289554008132125840e-01 1.504281350539752593e-01 1.539119450979913317e-01 -1.270162512174527469e-01
-1.701224164848043063e-01 8.298775835151980251e-01 -9.538056864436628146e-01 4.190056923000804456e-01 1.427792795781612223e-01 -1.260301756631816650e+00 -6.889385436433790311e-01 -5.758755903846670687e-01 7.005674491697304607e-01 2.358319233259987824e-01 4.993929684825426651e-01 3.848755359629338901e-01 4.786301336677680207e-01 -1.302091608939003886e-01
2.477567227240489445e-01 -4.572433743130178141e-01 5.427566256869928996e-01 -2.310590006224325643e-01 -2.710660230381077840e-01 -3.627851438075765933e-01 1.384878748716800168e-02 1.718541050488764654e-01 -9.446135286850854129e-02 1.619308668476954205e-01 1.370226170935770205e-01 -5.656933256786650377e-03 -3.396756168326388325e-03 6.220627070658066304e-02
2.318951476910151299e-02 -4.568666541042779583e-01 5.139458064423420014e-01 -2.790032924283166738e-01 -7.400189736696323461e-02 -1.010102230006204305e-01 -2.527065453306261422e-01 2.015582184479991767e-01 2.071181516900881259e-01 5.401893579438890591e-02 1.816429263927736293e-01 -1.025615338278596383e-01 -2.734713760306282104e-01 2.698553800727820362e-01
-1.238157422123378648e+00 1.033074502943801959e-01 1.760460940094365351e-03 1.333040847375577931e+00 -5.286004469990149834e-01 4.165229083359101581e-01 -3.649760151849810730e-01 -4.544086676242980460e-01 2.841420711928502318e-01 -4.135461441492634116e-02 8.971402864530367283e-02 2.084987804415532331e-01 7.819759479195619034e-02 2.402043584915598828e-02
-4.913737107613940225e-01 5.086262892386210765e-01 -7.375575250260046900e-02 -1.395318046913474885e-01 -3.749923279088657191e-03 -1.143122019007716539e-01 1.039144591165815923e-01 1.383587668537754056e-01 1.319681196845159943e-01 1.071209107786872533e-01 -2.675034987611416004e-01 -3.226918804950518194e-02 -2.600889178808366009e-02 7.022383758193441461e-02
3.953971838986428122e-01 7.114256609820068800e-03 -6.541609346302982297e-01 -8.127139623889381159e-01 1.181209529937011921e-01 -1.534630621769688674e-01 1.238236008709636682e-02 5.337714943482558816e-01 -6.301282670513128070e-02 2.454844116112414321e-01 8.285726843895593885e-02 1.704400983366824440e-01 -8.620463343526842126e-02 1.156948045323919344e-01
-3.256032954100014365e-01 6.743967045900298718e-01 -1.626214482892628377e-01 -1.698816135270541372e-01 -9.238443944146937370e-02 -5.016415287955934277e-01 7.122165796652586700e-02 7.045967500927462213e-02 1.779987289357694569e-01 5.875270327277376525e-02 1.419363114632548051e-01 -1.542010306439445810e-01 5.570264833730934236e-03 1.177047215561495691e-01
-3.342779786879022663e-01 6.657220213121024521e-01 -1.509377346074882442e-01 -2.212841861098497481e-02 -4.717115491723918308e-01 -8.185264845225374009e-01 1.664136622455075765e-01 3.041364925142350240e-01 8.236182058452065635e-02 1.967164705244277001e-01 -4.627815875167545778e-02 3.757359904279850005e-01 2.615762674365655904e-01 -2.970949891721805791e-01
1.202676711137868060e-01 2.351654169698179919e-01 -1.794783778167312605e-01 -2.421152453047915876e-02 -2.114101287190423284e-01 7.825893010223211599e-02 -2.414029512862329307e-01 -1.392373953654093832e-01 -2.420138773188612313e-01 2.132344943710027807e-01 6.996391016611963609e-02 5.552515268194371106e-02 6.507392330599343078e-02 1.119721678460428860e-01
-5.099877679418785004e-01 2.373941755155687117e-01 -5.844426523393765338e-01 9.561365887819824882e-01 -3.419727565069551889e-01 1.395135683440836862e-02 -3.335076738121546813e-01 2.315294671203890486e-01 2.309083131730368943e-02 -1.238573582221430824e-01 1.589032911233259071e-01 1.064752686053198616e-01 2.580969533345909075e-02 5.218494571093389156e-02
-3.528660321296352986e-01 -9.950841503476463012e-01 -1.110548437669053978e+00 1.446803976667194291e+00 3.967440136088246638e-01 -4.345352418211745338e-02 -2.108381106505461677e-01 4.928365172222207713e-01 7.676939903706335444e-02 -1.357864393907444456e-01 -9.595963665493009720e-02 6.246067122252403347e-01 -2.320959258689265781e-01 5.057904965323983121e-02
-3.401105093170833094e-01 6.598894906829260165e-01 -1.543654658346639841e-01 -5.896504844028600534e-01 -2.301651888190208439e-01 1.550183968880514684e-01 -1.174642146381048025e-01 2.904856699033309120e-02 2.993386640861903647e-01 1.661340043588349635e-01 1.143177415845511996e-01 2.294408484563058293e-02 2.373209857432695691e-01 -3.405486606478712042e-01
-1.329833707011674138e+00 3.708658143388118833e-01 -5.738546695929270802e-01 -3.618881633648317053e-01 2.744820829341565460e-01 1.120599716007964153e+00 -6.266379229615445801e-02 1.479963019893908993e-01 1.556321477409916276e-01 1.285595427982697339e-02 3.080574321482415501e-01 -2.049148616396267164e-01 1.532741575274961798e-01 -9.890100154148240286e-02
-1.043331352807559620e+00 -4.333135280753983715e-02 9.566686471924611412e-01 3.965745565609768430e-01 1.989199274053160896e-02 -5.006528954369431350e-01 -9.194436787562998425e-02 1.130794894265273465e-01 -4.034836391616125062e-01 6.947808925781104317e-02 8.086912837822311795e-02 4.755579811052165068e-02 3.545929383138762270e-01 -4.425962037146059791e-02
-1.970609020211065709e-01 4.615287436090202977e-01 -3.273071285804686203e-01 6.139411318588464117e-02 -3.189690401047683421e-01 -4.021203600544076551e-01 5.825529921929533117e-01 -2.633851057742426227e-01 1.353338935172476720e-03 -1.658362205532135647e-01 -8.198430992509708748e-02 3.305715350864698032e-01 1.474475554344207850e-01 8.352220008956580399e-02
-5.012950042514806581e-01 4.987049957485192864e-01 -3.088649142523969826e-01 3.611247230883555259e-01 1.510664382469688316e-01 -2.250917479771582519e-01 -3.582542400586200548e-01 -1.743175331525578242e-01 2.686329098642289623e-02 2.287019671372672314e-01 5.469733447831739981e-02 1.757757923696732019e-02 8.799817287800816568e-02 5.279634941157022865e-02
-9.645534322830635610e-01 1.445526777589084266e-01 1.035446567716936217e+00 -2.916913465586940535e-01 -4.673266828997253708e-02 -2.614908069829548487e-01 -6.312660382972755391e-02 2.086691005044383207e-01 1.034799932902564640e-01 4.862891521985407417e-02 9.196949023944031576e-02 -1.057124252247752666e-01 -1.480205111233407478e-01 1.602884610828777812e-01
-5.780589839867422697e-01 -2.174453712742632494e-01 -1.168609706364628215e-01 5.638691265537524311e-01 2.072976334041609914e-01 2.964178878195107211e-02 1.814109163603772890e-01 -1.025688051157443020e-01 1.024468354031951925e-02 -5.457125106543499193e-02 7.146058786396698725e-02 8.142756604646808616e-02 5.432751979136448556e-03 -1.695722609313021489e-01
-4.371060605440969526e-01 5.628939394558982734e-01 -4.198426549238734595e-01 5.801573450761364770e-01 -5.678676753229637830e-01 -8.047607075659913844e-01 -9.994365830920418081e-02 3.672969229746695374e-01 4.583083605648001768e-01 3.852716596260601090e-02 1.322410254572966848e-01 1.920349932305238094e-01 -9.555708171369033110e-02 5.325497178072176145e-03
-7.118106581661569621e-01 1.353485454328909321e-02 -4.024164317651902079e-01 4.863942086680909938e-02 8.661392943447789872e-01 -3.787463394314484200e-01 3.516279422105771379e-01 3.142570286162266746e-01 3.182218124934202419e-02 9.392299324788033754e-02 -1.061993918608390985e-01 5.373340275530716359e-02 -1.363594068256972491e-01 -1.264374782646955908e-01
-1.046992163663522879e+00 -4.699216366351724461e-02 9.530078363364797855e-01 -7.322107317670448201e-02 5.757120769873594682e-03 1.131695013101157304e-01 4.889872066710564125e-02 -2.346883573794098302e-02 5.629312633162601026e-02 3.670499480100657824e-02 -2.822939239501059960e-02 1.133770449406718561e-01 -8.315409885818296487e-02 -1.134432061418168547e-01
-1.878879767417990232e+00 -2.119760889351007371e+00 -1.948579268533967568e-01 -2.093515682912368892e+00 2.097085439198775880e+00 1.289353593997879244e-01 2.434226751451866733e-01 2.023328372239134421e+00 1.847534538527595638e+00 -2.101976998242562900e-01 -1.355845634029685942e-01 3.142022851273124084e-01 -1.408496388778900932e-01 3.084491052226692731e-02
-5.251333602069498951e-01 4.748666397930533245e-01 -4.472722153509149645e-02 3.507473104415922971e-02 -4.926911183878878719e-01 5.287026519883126774e-01 -1.334623977810713846e-01 7.600743971981688274e-02 2.719074425651318849e-02 4.235000149477227693e-02 1.893298859688458124e-02 -7.872377710916227123e-02 -3.298401114585328142e-02 1.630410079268714008e-02
1.231259811205587251e-01 -2.872311297353287718e-01 -9.331663686143855385e-02 -7.036496264665941247e-01 6.905458601978325950e-01 9.131099459815762709e-02 -4.650238116865264004e-01 3.131076473520252867e-01 9.122022641196110559e-02 -2.397716152836285378e-02 1.104986919355370051e-01 3.273282951364965554e-02 -6.641991603088947572e-03 3.900553827180080341e-02
-1.588187954235741328e+00 -4.606871604383336871e-01 5.393128395616623161e-01 1.411812045764266221e+00 -5.502648079447955975e-01 -5.113350128196296751e-01 7.382094250529060986e-01 4.039926949049969518e-01 -4.022594621007571924e-02 -4.039517452341803150e-01 1.621250135242537360e-01 2.356205467140359833e-01 1.439662417883799117e-01 -1.686787689075618379e-01
-8.683201947476607563e-01 -1.114937976960696631e+00 8.034711711674972223e-01 -1.192819788866282149e+00 1.092116715594893650e+00 9.619705963084457245e-01 -1.150244814997425646e-01 -3.559084904561456986e-01 4.705610696929206083e-01 3.862094123984830540e-01 5.864725800706357961e-02 -1.244575371196611629e-01 -1.916333754206292483e-02 -7.063700445686893481e-02
-5.415187537291661357e-01 -5.973381807362581064e-01 -6.400961090869330405e-01 -5.743633270898554355e-02 7.890009355957153803e-01 7.374920632129677855e-01 7.990732739959787168e-01 -2.341830604979887875e-01 1.486030512966103612e-01 -3.387942781264796088e-01 -4.224545411067934242e-02 5.057667682945885673e-02 -1.015334405566933051e-01 -5.989297985736422719e-02
-9.623835458857872283e-01 3.761645411422589319e-02 -1.402096451691396073e+00 9.978317979866051235e-02 3.160428570946290927e-01 8.789626455357778534e-01 7.326260293297622850e-01 3.205861884729161448e-01 3.720210863007937796e-01 -2.225038186450235544e-01 -3.613560383274375676e-01 1.340048055117059600e-01 -2.382729184077545526e-01 2.066769383191103815e-01
-4.901426573025388089e-01 -2.797999584178167964e-02 2.127239296102415300e-01 3.078563528431142726e-02 9.534098151842364255e-02 -7.059270205092024186e-01 3.145498546073316470e-01 2.133858219485428032e-01 3.241152642212830060e-01 -4.089758326167548114e-02 -1.366600689498291832e-01 1.837440019346410491e-01 4.693523815644110031e-02 -1.082659898960057210e-01
-5.145995509263121548e-01 4.854004490736928412e-01 -1.638117446291342261e-01 -9.831289101663601149e-02 2.125848606473426383e-01 -1.812392440896559709e-02 2.092503564015593398e-01 -1.337933901491254463e-01 -1.457602879922817452e-01 -8.813923757177491436e-02 -2.789260860062451886e-01 4.607184375070383364e-02 2.985590462126114786e-01 1.013079681347483357e-01
7.555217419902575671e-01 -3.721110266097688579e-01 -2.601744916114601125e-01 -8.351982551507732833e-01 -1.435765375723753845e+00 4.651484986110461795e-01 1.799800160877836619e-01 5.266028790919593527e-01 2.984304020349789477e-01 2.008943783960573937e-01 -3.225707276232007981e-02 1.786063249946899245e-01 3.689481402196004289e-01 -1.269187480481147878e-01
-1.343430698729390693e+00 -7.027316752702941205e-01 2.972683247297027709e-01 1.656569301270623740e+00 -3.931542574141030366e-01 3.280500269708798711e-01 -1.357975628848559491e-02 1.350640942471645345e-02 -1.630864118595048984e-01 2.296212151918601840e-01 -1.686385072191403656e-01 8.207421851760880738e-02 -1.596131424261086063e-01 2.488523646218186447e-01
-2.349273233010292561e+00 -5.864181228110288968e-01 -4.656563511516536025e-01 3.919179024045594262e-01 1.074967569171752180e+00 1.816531543011869587e+00 -1.370648985758548544e-01 -7.462814620332178239e-02 -1.471352610838628505e-01 -7.709996696207281272e-03 -2.090200133011791139e-01 9.220268599820653777e-02 1.095023181000020773e-01 4.034914156671940977e-01
-1.038060693658486994e-01 -1.974543691570982140e-01 1.877565900796301090e-01 1.413079103641712297e-01 1.158519958264226102e-01 -1.733000594498499691e-01 -1.390346894191883953e-01 6.168550354404485347e-02 5.015514161126677362e-02 -1.304816321193331442e-02 -8.423388963225539317e-02 4.776424281652472126e-02 8.157855487851034537e-02 -6.351528736421352406e-02
2.704196548978940462e-01 1.536426566996959009e-01 -6.448789851537174433e-01 4.604501305588432764e-02 -6.644508386885021878e-01 -3.502561864541738901e-01 3.628763690427336819e-01 3.494971611353798191e-01 3.691729779141370016e-02 3.420946747147770584e-01 1.596019471205155360e-03 6.838053630697694951e-02 1.198533253144558677e-02 -7.216129383082971194e-02
-8.110826900568718356e-01 -7.622416369657798729e-02 -4.621762090644573884e-01 -1.628184762247083750e+00 1.451667312170109581e-01 1.575629000339103580e+00 5.917136015880465338e-01 6.952842116083106649e-01 -2.453531533138891274e-01 -1.580719983356152214e-01 -9.524362417889005450e-02 8.768890318985696208e-02 4.323405215936474560e-02 2.493275123118748049e-01
-4.488652387746246419e-01 -3.324706814126284216e-01 6.675293185873952817e-01 -5.985683828687993202e-01 1.086585134745685632e+00 -5.884182773644226483e-01 -5.753606308629274357e-01 -4.671273248630171404e-02 -2.931900738336279955e-01 2.964568085444417855e-01 2.878683678202615531e-03 3.975969556615184808e-01 -2.321679314056092000e-02 3.674633210468324918e-01
-1.838732904504823962e-01 1.173543454992853063e-01 -7.161792027912192715e-01 5.579424099974139573e-02 3.269710278133045600e-01 -7.448425334684842802e-01 5.692974707544431467e-01 7.458751869565336534e-01 -7.932003609010293554e-02 -5.629503364225207918e-02 -7.757854081088730314e-02 4.648031777738592663e-03 6.813381015710273658e-03 -5.695763604314531270e-02
-1.378101234197105507e-01 2.055331816979963366e-01 7.371072934502845286e-02 -5.363559206147066050e-01 8.576772779918108436e-02 -2.378160178994067064e-01 -8.653019207634371490e-02 2.298457059943483927e-01 1.710361985947284613e-01 1.282120922595990087e-01 1.841306388708710551e-01 -1.906364178989802260e-01 7.592388199633917645e-02 -5.330407312876074555e-02
-3.509564462676958430e-01 6.490435537323150372e-01 7.540553329367716273e-02 -1.429493487739259105e+00 -9.576534914470525850e-01 8.730371607461997474e-01 -5.170742795185161444e-01 7.541951009023437624e-01 -1.586510729749058823e-01 2.573498440960720335e-01 5.675895855910728649e-02 1.764937865584637056e-01 1.816209773856462817e-01 3.016312741937874353e-01
-9.990018739318962115e-01 9.981260681132773926e-04 -2.436088496631404199e-01 1.079693844440748063e-01 3.120493628282129395e-01 9.633124595878861385e-01 -4.970085275873831893e-02 1.593291771604364859e-01 -7.205161411043740916e-02 4.043840445260460381e-03 -9.947196043925042586e-02 -3.007181051925345364e-02 6.076711793526386185e-02 -2.028550955263486166e-01
-5.951959931115075042e-01 4.566757764161477051e-01 -2.493961504030748344e-01 5.603777666264480040e-01 -1.737866648173184703e-01 -7.394305430134059387e-01 -1.522334761055253449e-01 1.240487884709109284e-02 1.025733032625540386e-01 3.135278389596729554e-01 -3.163977027360475591e-01 4.300711722590466746e-01 3.439443119235111035e-02 2.281227741437510947e-01
-7.756624391421290676e-01 -1.355089556738062750e-01 -6.091639196784619931e-02 -3.304430634832390967e-01 1.918476108995980645e-01 -9.983651167090046297e-01 1.241051932858640461e+00 -1.388223335360380672e-02 2.943137820590281395e-01 5.514732423475681156e-01 -7.439813753479945779e-02 -5.623583199159992718e-02 2.379570768510694267e-01 -1.595240636396924594e-01
-4.618653863353611722e-01 -1.108699359343942481e+00 8.695270218180926047e-01 -5.963072162357854755e-02 2.837839967159700993e-01 -1.683628639688545814e-01 1.775281753552196418e-01 5.040917646923254170e-01 -7.960789471171368648e-03 -3.742267024508923179e-02 -5.013861682545080883e-02 6.262599187717485250e-02 -9.387079373263546023e-02 2.101662607484016017e-03
