3.495887520390789094e-01
4.043735102011800087e-01
3.254851363927981356e-01
2.206110252979112951e-01
3.322911149384934482e-01
3.711009005981185660e-01
3.176298470586036982e-01
2.151735161928862439e-01
2.515843767349045801e-01
5.520252066218805931e-01
2.151435021266472070e-01
2.777145964522150234e-01
2.410643826749164220e-01
3.138975857646761347e-01
4.553805733567875547e-01
2.542662087955497308e-01
2.237469252184522972e-01
2.787831452827255196e-01
6.358606330395223383e-01
2.347407671988890054e-01
2.191240271371216186e-01
2.932644013806889327e-01
2.702452536647005910e-01
3.191225307422411728e-01
2.365803118316349152e-01
2.745518423933074881e-01
1.930269213688686480e-01
3.890363189765266849e-01
3.729636497246245908e-01
3.502601781263478542e-01
2.103974566433558790e-01
3.008950041754046567e-01
2.810319887295925079e-01
2.610391031561088426e-01
3.595738706241543015e-01
5.556140570109477927e-01
5.486654626595948159e-01
2.164322649546321364e-01
2.568023563012591937e-01
2.242335744882832105e-01
2.318142743218414292e-01
2.145930513190127953e-01
3.568143699167407590e-01
2.508782190118349908e-01
2.437598026088329539e-01
3.280031175145532440e-01
2.717968632823511976e-01
2.016115858577900433e-01
2.725602092132887733e-01
2.799623544528411223e-01
