1.502229090089851893e-01
3.195109217095644105e-01
2.964795215830718367e-01
3.849858454899003357e-01
2.060092621365742227e-01
2.445322705459613832e-01
1.447800544051792981e-01
1.205887729140007331e-01
2.781206671391140417e-01
9.846508080518322215e-02
1.615715931189178334e-01
2.087724765309217356e-01
2.893772644551471651e-01
4.080957344427710853e-01
3.296581622620559648e-01
1.798358186291702798e-01
1.918367123962931020e-01
9.914743741063274107e-02
9.918116701883039621e-02
1.378459093357503606e-01
1.455788032888129246e-01
2.145712667459644674e-01
2.755876429973108110e-01
1.813538819395993651e-01
1.427333763363551888e-01
1.424516560485066807e-01
1.968916377167965193e-01
1.811073551750212174e-01
2.818843812238545077e-01
1.457100886846567911e-01
3.764643407669813202e-01
1.514782325690703924e-01
1.530068647582097929e-01
2.454463548490329605e-01
4.305090292655976980e-01
2.344716962665137627e-01
1.744579295635790284e-01
1.115406872324124360e-01
3.215747290943226089e-01
1.837849322977077871e-01
2.222581746450006945e-01
2.447895909892276733e-01
2.048776162329083717e-01
4.652624127940951371e-01
2.398526021356208182e-01
1.549887630678504491e-01
3.741380043238669018e-01
1.421902855917111241e-01
1.185731870524148746e-01
4.074581800049846270e-01
