2.655933009624627772e+01
2.980822459706483940e+01
2.980985733882218014e+01
2.825804612054743359e+01
2.980911715173144216e+01
2.980998591047470825e+01
2.003103736688357372e+01
2.669073803270421763e+01
2.689188545471020220e+01
2.981134739566961045e+01
1.302938810048004115e+01
2.980873805398078602e+01
2.980814460802899646e+01
2.980973950937550754e+01
1.414353646327394642e+01
2.981081198653794218e+01
2.980914247191824273e+01
2.980807176366974076e+01
2.980964734221735313e+01
1.741372772482031905e+01
1.796340855071747811e+01
2.731226083311308628e+01
2.981157526864653562e+01
2.614544092136497255e+01
2.981030238989432135e+01
2.981064889984068955e+01
2.809299176207410298e+01
2.980892225450417854e+01
2.690451515177933928e+01
1.742769067674723615e+01
2.689644143504521523e+01
2.981025798740474997e+01
2.726078180592446287e+01
2.981005442978526787e+01
2.822715243697889775e+01
2.744131170607557024e+01
2.980970965146075358e+01
2.719654871684996778e+01
2.980800251118828115e+01
2.980925062458459607e+01
1.902337825291338547e+01
2.754603279028783547e+01
2.980910250117169724e+01
2.981122607169381311e+01
2.618742664390023833e+01
1.911339668470425934e+01
2.980898539309397322e+01
2.980789750773405089e+01
2.981022245703144335e+01
2.981022295379641918e+01
