2.980761649708237471e+01
2.980655072647822834e+01
1.378155433729681434e+01
2.739013346613927880e+01
2.747016424603905804e+01
2.636089971308877722e+01
2.150220703032622183e+01
2.980761317809638911e+01
2.980741388392082314e+01
1.909473563189561673e+01
2.980660314034364333e+01
2.152385452514264230e+01
2.769743963746968518e+01
2.796267403199517076e+01
2.980883794848042712e+01
2.980805612530413740e+01
2.980565763381423494e+01
2.560387331576610492e+01
2.680607296793591132e+01
1.518528233865336041e+01
2.831771203925171676e+01
2.737316624279877786e+01
1.379052291989017931e+01
2.980812908116876159e+01
2.980692758703382594e+01
2.187463249994785741e+01
2.791427882011567263e+01
2.781297094686483362e+01
1.377182057685021732e+01
2.980585822920772188e+01
2.701390149209414204e+01
2.980618325294640414e+01
2.980751371472371147e+01
2.980850826236737561e+01
1.456313405645187764e+01
1.435753272470605069e+01
2.980720556277474742e+01
2.980710998524386568e+01
2.980512971913307751e+01
2.980765526909448226e+01
2.165894214304921306e+01
1.610292957369006572e+01
2.703906063519646352e+01
1.396332460370442163e+01
2.980549615290662757e+01
2.840487396855179014e+01
2.980633373820341703e+01
2.735636129669662253e+01
1.583332093747271152e+01
2.980750754937596980e+01
