-6.422422897024702149e-01 -6.517049626353086378e-01 3.860201948814630940e-02 -7.408192348679989991e-02 -7.924835213889552810e-02 -7.499423609583333317e-03 -1.403217098679590658e+00 -4.032170986795833301e-01 5.967829013204082322e-01 -3.604755052420750144e-02 2.596782901320414894e+00 1.963952449475786732e+00 -1.275590278069930639e+00 -6.213756754534012217e-01
3.132264246353384796e-02 -4.955426083937867696e-03 4.554019477941358661e-03 1.384763804402519734e-02 1.022020127173248714e-02 -3.399445484618083407e-02 -1.015395709001301938e+00 -1.539570900129173109e-02 9.846042909986938430e-01 -2.004506590796358012e-02 -9.887761650347334230e-01 1.122383496528266827e-02 1.011223834965278456e+00 1.346168631390680034e-02
-5.371734700234422066e-02 4.064370844808099653e-02 -9.542114739268656165e-02 -1.338856718083216157e-01 5.378136784731760156e-02 1.072954070498995660e-01 -2.761605998804383066e+00 -2.141784010536877503e+00 -1.141784010536850635e+00 2.383940011956168503e-01 8.582159894631404828e-01 2.496684715371309427e+00 2.599925141152905184e+00 -6.484652582182082181e-02
-8.135910529704787342e-02 -1.789571897110584647e-02 -2.470176202767988133e-02 2.577296316646741081e-01 -1.223292204751857126e-01 -1.491880315705287618e-01 -1.992283347684634442e+00 -9.922833476846389944e-01 7.716652315368957571e-03 -4.527490268697718645e-01 5.472509731302307445e-01 3.007716652315365113e+00 -4.195954240198029872e-02 5.623081218192022002e-02
-3.632346254039885980e-01 -1.413279096661810841e-01 1.487881399750762279e-02 -1.357154340641053003e-01 -7.040452739096074442e-02 -5.911515983503025373e-02 -2.758157655614641879e+00 -1.309344815898986492e-01 8.690655184101255815e-01 2.418423443853702226e-01 1.241842344385370112e+00 2.241842344385366115e+00 -6.381928451732904461e-01 -3.104931082006578413e-01
3.413625748428100737e-03 3.145912633509828638e-04 -2.703666874793875241e-02 2.854824883408609015e-04 -2.586256624855579750e-02 3.224225456726074329e-03 -2.838610493777903088e+00 -2.369981143501706633e+00 -8.386104937778943169e-01 1.613895062220926380e-01 1.161389506222094692e+00 2.382164688517830253e+00 2.409243714412829807e+00 -1.942835565270967235e-02
-1.998088799503049851e+00 -1.895952371855857743e+00 -1.017281858408251305e-01 -1.985907906599633233e-01 -1.748875459769188012e-01 -5.599692570952370663e-02 -6.098498735158985884e-01 3.901501264840958605e-01 1.390150126484102966e+00 -1.009457569620491268e+00 -9.457569620483169057e-03 1.153289415175720700e+00 5.227403929333349630e+00 -2.105088346549269573e+00
-5.353576892097205997e-01 -1.647318658436501271e-01 -2.166551435903751877e-01 -5.480022257402059060e-02 -8.573939693183291189e-02 3.776726101379027090e-02 -1.376774328823223481e+00 -1.805100474659413701e+00 6.232256711767752977e-01 1.623225671176788953e+00 1.194899525340572310e+00 2.194899525340574087e+00 -8.896852080981096922e-01 -5.432777056931700210e-01
-4.902544453605421904e-01 -3.588921862518477668e-01 -1.086938539407961424e-01 -3.518504392678601517e-02 -3.920180856969546906e-02 -4.605613024230819502e-02 -1.826369438704698478e+00 -1.351822949672082164e+00 -3.518229496720812755e-01 1.173630561295306851e+00 2.173630561295302854e+00 2.648177050327910731e+00 -9.167224273216795227e-01 -4.685213206310181455e-01
-1.782788250283300568e+00 -5.944603543034259197e-01 -6.245505874022720949e-01 -1.292747127345094948e-01 -1.406366791701306462e-01 3.494749582526726628e-02 -8.988034174124154285e-01 -2.307804122415596293e+00 1.101196582587586015e+00 -3.078041224156003453e-01 6.921958775844008205e-01 2.003829282516007559e+00 4.789563000602782061e+00 -1.833714374353808907e+00
-4.773774687855857346e-01 -2.414358729745001431e-01 -2.350000913695124150e-01 -1.277354697530699336e-02 -1.522275302434759198e-02 5.560369432952153024e-02 -2.246095992325893853e+00 -1.246095992325889412e+00 8.913195588643357814e-02 1.089131955886427416e+00 1.753904007674111920e+00 2.753904007674106147e+00 -8.665671589212280423e-01 -3.992111261233505237e-01
3.635702815940437815e-03 -6.759234724048686360e-02 5.414245141445223064e-02 4.691624131940057979e-03 9.613089200007163618e-04 1.763914662771274428e-02 -2.647616759899075856e+00 -1.883529221493854600e+00 -8.835292214938408328e-01 1.164707785061462469e-01 2.641590768065893879e+00 8.272617175508651943e-01 1.827261717550870079e+00 -9.492046831578108967e-03
-1.856271093379472520e-02 -2.605929852316363204e-04 -4.659447673332848400e-03 2.410921306157031915e-04 1.730617093722314898e-03 1.824371393650270345e-04 6.048305345902523986e-03 2.398392356149263091e-02 -2.001275503403845857e+00 -1.001275503403870726e+00 -1.275503403846116150e-03 9.987244965961493692e-01 1.998724496596140376e+00 -4.304880344812196669e-04
-2.091838883118108061e+00 -1.615318926902903796e+00 -7.642388122180296950e-01 -3.220814863979094556e-01 -2.558336575279337444e-01 4.625352804315175509e-02 -1.877792324426975412e+00 -8.777923244269718595e-01 -9.031022560101872876e-02 9.096897743989678098e-01 2.122207675573029473e+00 1.326924282363485030e+00 5.704973983244177482e+00 -2.212946984377973880e+00
-3.816384629852206389e-01 -4.620301150710917626e-01 -7.992944522741050883e-02 -1.937385587246082952e-01 -1.610504326484156756e-01 -7.164243904726307066e-02 -2.423276973335101836e+00 -6.001285070100237373e-01 3.998714929899802595e-01 1.399871492989983146e+00 1.576723026664896610e+00 2.576723026664891947e+00 -1.007078571427652003e+00 -5.707799152079797711e-01
-2.396779733805177504e+00 -1.533949899336956690e+00 -2.876939552879251849e-01 -5.911081745767953199e-01 -3.455775531525459021e-01 -2.789211595500398211e-01 -1.957145757847967182e+00 -8.476137364041443911e-01 1.523862635958566081e-01 1.042854242152033706e+00 2.152386263595853499e+00 1.486587150131491120e+00 5.708652839228626874e+00 -2.302181170117325149e+00
-7.557816114531504259e-03 -7.430719488209190648e-04 -2.315487984059005043e-03 5.835476304375396446e-04 3.843231093824761233e-03 -3.964515171972353078e-03 -1.996770522019878591e+00 -9.967705220198797011e-01 3.229477980113606289e-03 1.003229477980123185e+00 2.003229477980115636e+00 3.663501476667738697e-05 -5.487136159465683810e-03 1.352842364211261778e-03
-4.719599021611162737e-01 -3.412229282891402482e-01 -5.679077700757520497e-02 -7.910523975429539778e-02 -6.072632030185556862e-02 8.053552750554193729e-03 -2.160719103021711440e+00 -1.009521016551403916e+00 -1.607191030217114958e-01 8.392808969782846740e-01 1.990478983448583206e+00 2.839280896978283675e+00 -8.841426387356571270e-01 -4.502916826862549127e-01
-1.882401610291869254e+00 -1.173919974286916634e+00 -4.259431910752528583e-01 -4.655375481549030581e-01 1.413378348029090403e-01 -7.301657934303371067e-02 -3.285151781032072393e-01 6.714848218967911508e-01 -1.572782002607102658e+00 -5.727820026071130943e-01 4.272179973928967867e-01 1.848765069589632715e+00 5.249937126291744249e+00 -1.841949144879589939e+00
-3.156490590067182467e-01 -1.163746202210153707e-01 -1.222943606559336038e-01 1.785698983581882893e-01 4.695461892732695486e-02 -1.147973875371543356e-01 -2.503998038181295627e+00 -1.143532093944050532e+00 -1.435320939440431209e-01 4.960019618186963242e-01 1.856467906055951023e+00 2.496001961818693715e+00 -4.647232106946046493e-01 -1.471998641690557275e-01
-4.752074306024113293e-01 -3.202282398206223180e-01 -8.422934192458023106e-02 -1.630248046311708332e-01 -1.104766503686405166e-03 -1.125632445230520529e-02 -2.204049682239608732e+00 -9.834302864114112808e-01 1.656971358859144622e-02 7.959503177603932667e-01 2.016569713588587387e+00 2.795950317760388604e+00 -9.156326256181032130e-01 -4.649809418690765694e-01
-1.315341845844395952e+00 -1.351413377245564706e-01 -1.351713159230699124e-01 -1.432561761922094834e-01 4.774518461207147291e-03 -7.778083957888953792e-03 1.416198170670810885e+00 5.436612463889872217e-03 -1.670611454724185707e+00 -6.706114547242039148e-01 3.293885452758007482e-01 1.329388545275807187e+00 2.329388545275810962e+00 -1.334767649707831128e+00
-2.102355089704281088e+00 -7.811372799039713044e-01 -7.795370362659809205e-01 -1.798333618690656777e-01 -1.475681621298802482e-01 -1.180237223947339792e-01 -2.302153657435452416e+00 -9.613204243657401671e-01 3.867957563426808326e-02 6.978463425645634599e-01 2.038679575634263941e+00 1.653074076255441449e+00 5.083452668886117465e+00 -2.137907886280562941e+00
-2.194434554080202826e+00 -2.188958393577125960e+00 -4.850183399500207493e-02 -2.488159666954880000e-01 -8.861833315964651181e-02 7.157960900551940675e-02 -1.580666805633293315e+00 -1.309105520807360090e+00 4.193331943667165662e-01 6.908944791926436846e-01 1.690894479192637023e+00 1.308336915873862027e+00 5.801890425216211788e+00 -2.321932076274488388e+00
-5.239483554253869801e-01 -2.173474134002502112e-01 -2.519939456293722735e-01 1.644570862105687592e-02 -1.344932112320673667e-03 4.353915186617013378e-02 -1.785306030388142506e+00 -7.853060303881393978e-01 2.146939696118516372e-01 2.468562207267334108e-01 1.246856220726733522e+00 3.214693969611848612e+00 -9.089682607704105965e-01 -5.069746544253861398e-01
-4.577654992776719611e-01 -4.545172099743015337e-02 -4.977006027105257413e-02 -8.181987423209735599e-02 9.517914314654159214e-04 2.944384114159817253e-02 -1.606283599735329304e+00 -6.062835997353220874e-01 3.937164002646788563e-01 -4.305037313596279391e-01 2.393716400264668476e+00 1.569496268640369729e+00 -6.679342085469848200e-01 -4.396167889622792924e-01
9.533915689704384328e-03 -7.260641641549625026e-03 -1.332587748734060870e-02 -2.006992520323498674e-03 3.870144421398461106e-03 1.728279839111310570e-02 -2.500983130989205439e+00 -1.500983130989197667e+00 -5.009831309891927820e-01 4.990168690108044980e-01 1.499016869010799446e+00 2.499016869010795450e+00 2.396470629707313357e-04 -5.385893557902695500e-04
-5.833284410891086402e-01 -3.571063400764081797e-01 -1.007455923554991251e-01 -1.129083228338627204e-01 -1.326493251520837469e-01 -6.846877343899342161e-02 -9.617380859845083840e-01 -1.536642280629070489e+00 -5.366422806290637171e-01 2.038261914015495613e+00 1.463357719370926624e+00 2.463357719370936838e+00 -1.011121173629949910e+00 -5.617311183138256059e-01
-1.175914559947354832e+00 -1.749846072531919816e-01 -2.241754580719783618e-01 -2.837338392709230078e-02 -1.090575662009642954e-01 -1.687724844405233057e-02 -2.226793349573254588e+00 -1.226793349573245262e+00 -1.382180937274316568e+00 7.732066504267592899e-01 1.773206650426752740e+00 1.474042617351969398e+00 3.916982743077385809e+00 -1.370392582392431002e+00
-2.214634440095841761e+00 -1.656097312062461580e+00 -1.467466312056297517e-01 -1.136172148909296575e-01 -2.440591559274083167e-01 -2.241626840476839966e-01 -2.043258089571517999e+00 -1.013147957223900830e+00 -1.314795722388626548e-02 9.567419104284770048e-01 1.956741910428481557e+00 1.371889434147063103e+00 5.571704632409281821e+00 -2.186310826539059615e+00
-2.024893372119480173e+00 -1.268661294609671142e+00 -7.482082750910621360e-01 -2.463895348183170464e-01 -1.014531392429851575e-02 -2.207035884028778899e-02 -1.657206907650564442e+00 -1.673576963730301959e+00 3.427930923494397208e-01 3.264230362696915466e-01 2.342793092349432005e+00 1.521678388350204969e+00 5.147538205781714282e+00 -2.028178175691515150e+00
-4.671017379235777728e-02 -4.165209442716313881e-02 -1.494600326799478546e-02 -4.974995198361647705e-04 -4.539751526836900350e-03 -3.318792010760665025e-03 1.167677876878355364e-01 -1.966994528665987341e+00 -9.669945286659840100e-01 3.300547133400984906e-02 1.033005471334014436e+00 2.033005471334009329e+00 -1.111928338489532875e-01 -5.704237733901004748e-02
-2.593654345003812978e+00 -7.646159621287470509e-01 -7.829852717859036026e-01 -6.131098775281246249e-02 -1.543452253542118291e-01 5.880474726032428046e-02 -6.176953502184884259e-01 -2.170494675905983328e+00 1.382304649781527228e+00 2.206026186383526877e+00 1.005784370427275531e+00 2.005784370427274421e+00 3.005784370427280638e+00 -2.517491257932264581e+00
-1.854493149756478998e-01 -3.294884587545445220e-01 -9.101285235088096837e-02 -3.333860886458050454e-01 -1.556593058959758469e-01 -1.158813146750797135e-01 -1.334807038332582296e+00 -1.493646368472244745e+00 -4.936463684722363077e-01 5.063536315277640254e-01 2.665192961667427252e+00 2.506353631527762804e+00 -6.956768109827077273e-01 -4.473506845402638876e-01
8.035602428981619694e-02 9.816986780639067045e-03 1.297112963130203633e-04 2.803110622345555275e-02 -2.663860622008822759e-02 5.304551964377263173e-03 -2.615539919644064515e+00 -1.615539919644069400e+00 -2.499647654497572646e-01 3.844600803559342639e-01 1.384460080355937706e+00 2.384460080355935041e+00 1.431510546838022369e-01 8.940915327675413860e-02
-3.019746444960220155e-01 -2.811389226961748533e-01 -9.332936210708221714e-02 -1.320226858312787965e-01 -1.345438276063730954e-01 7.577876009957523751e-02 -9.891535776455983031e-01 -1.778120182644781666e+00 -7.781201826447826653e-01 2.010846422354399810e+00 1.221879817355208786e+00 2.221879817355202125e+00 -6.733484383493644199e-01 -3.667373745179424160e-01
-2.121138931789674054e+00 -5.612589244126376942e-01 -6.135454963771694858e-01 -1.926579015878512324e-01 -5.919292284625827377e-02 -2.393080091923997441e-02 -2.252877304549647963e+00 -1.092388613332190284e+00 -2.528773045496408578e-01 7.471226954503481510e-01 1.907611386667795061e+00 1.742570577740469862e+00 4.912164323116598119e+00 -2.137705163985916368e+00
-1.243904003808374292e-02 6.511331315788761870e-03 -7.172879881852819994e-03 -9.561180968939734723e-03 -1.552438592010896984e-02 -1.049782525856327031e-02 -1.634472287735625473e+00 -6.344722877355996049e-01 3.655277122643973420e-01 -1.940582719167231129e+00 1.946236994640068607e+00 4.787074711780797132e-01 1.478707471178090760e+00 -9.072755245435437654e-03
2.047161549846478884e-02 -2.118885893072138676e-02 3.150091015052472465e-02 -9.827792349459549270e-02 3.699049822824416328e-02 1.125329067916264886e-02 -2.298844975409998437e+00 -1.637195246515917635e+00 -6.371952465159013146e-01 2.291025421817934671e+00 -2.270662201377873224e-01 7.729337798622063493e-01 1.772933779862209791e+00 -1.544520646884017800e-02
1.393178162549082305e-02 -3.893909105938007237e-02 3.463349002262358645e-02 1.050341999843956015e-02 -2.902390375306248410e-02 9.331892235128291455e-03 -2.466839938775280405e+00 -1.466839938775272412e+00 -1.708152764349547992e+00 -7.081527643495481028e-01 1.533160061224715820e+00 2.406801657876456169e+00 2.418205668961806776e+00 -6.723952257585798231e-03
2.270989489964272273e-02 5.935391838978333612e-02 -6.696933688591491518e-02 1.274086146005167647e-02 -2.264257707137048298e-02 2.539033104951340936e-02 -2.829922454696575329e+00 -2.237501733343652877e+00 -8.299224546965586757e-01 -2.375017333436783562e-01 1.170077545303422673e+00 2.475301415157022067e+00 2.457273853060025104e+00 3.508089343275878902e-03
6.059816579978283269e-03 -6.440187676580916287e-03 -1.390818798793214128e-03 8.995508768556703671e-04 -3.951795159073817620e-04 1.835858578888665410e-03 -2.847996487577287184e+00 -2.379180849754059413e+00 -8.479964875772821875e-01 1.520035124227158696e-01 1.152003512422719478e+00 2.385164367683755948e+00 2.387658531192830225e+00 -3.295202328491009247e-04
-1.801980199972170515e+00 1.516708306941702555e-02 5.412789198467077290e-03 3.804073014193648516e-02 5.568198820950873151e-02 4.374959323545524192e-02 -2.060763300275777254e+00 -1.060763300275773924e+00 -6.076330027577400705e-02 -1.618580495576771860e-01 1.939236699724226076e+00 2.939236699724224966e+00 1.931604008834644670e+00 -1.820105823155722335e+00
-2.182401790260276808e+00 -1.704883257257027385e+00 -2.038548051014946738e-01 -2.966390149807529020e-01 -2.462907514652036556e-01 -1.959424818251596645e-01 -1.969836336290077705e+00 -1.016200092657905563e+00 -1.620009265790351566e-02 1.030163663709934507e+00 2.030163663709931843e+00 1.383577898853201482e+00 5.630385518531285882e+00 -2.240146503683567492e+00
-6.566921184940344158e-02 -5.956522874515193799e-02 -3.047133352781532939e-02 1.695752079711685123e-01 -1.300318301410302579e-02 -6.792400863293165947e-02 -2.990440430607328004e+00 -4.658808142836690647e-01 5.341191857163516410e-01 9.559569392668616772e-03 1.009559569392666223e+00 2.009559569392674216e+00 -4.719229168191760998e-02 9.669019101776409400e-03
-3.580053235324743288e-01 -1.907253058612642660e-01 1.653006338065753089e-02 -1.164051237390763271e-01 -7.892452173106338786e-02 -6.765885636525670321e-02 -1.120561891227720430e+00 -1.735281091676099008e+00 -7.352810916761135518e-01 1.879438108772294225e+00 1.264718908323886559e+00 2.264718908323896773e+00 -6.800207391792407741e-01 -3.406464251874409266e-01
-4.320387626076865883e-02 -2.074328236836808781e-02 -6.401754917565086189e-02 -6.594137380063255782e-02 1.481917138481359808e-01 -1.018028518889629030e-01 -2.216665317109673516e+00 -1.216665317109660416e+00 -2.166653171096686037e-01 -1.853968567216069285e+00 1.783334682890321821e+00 1.936662511041581602e+00 1.992703759850054324e+00 -5.932359696565372986e-02
-7.273409275484857273e-02 -1.448187632890197453e-02 -2.980205045247059231e-02 1.541369740249889098e-01 -1.782708829792384875e-01 -1.678664799803876451e-01 -2.218932182135465503e+00 -2.272128888048173589e+00 -2.189321821354674458e-01 -2.721288880481650407e-01 2.589552705091933582e+00 9.193863192748497060e-01 1.919386319274859920e+00 -1.352891761785283142e-01
-1.928977872254603376e+00 -1.441028145474466449e+00 -6.317849670837399900e-01 -3.917240590199515538e-01 -1.116948876156765996e-01 -1.112077708647357666e-01 -8.070469789837155794e-01 -1.986516819419633650e+00 1.192953021016289528e+00 1.348318058036280381e-02 1.013483180580359244e+00 1.625157971642281929e+00 5.581278825537226318e+00 -2.014479060015011758e+00
-5.135907304333042767e-01 -2.494576729999665732e-01 -1.490427664797750462e-01 -7.609625944272145615e-02 -9.000929117256084577e-02 9.121045898169011235e-02 -2.375959300189818268e+00 -8.515281550607690653e-01 1.484718449392281314e-01 6.240406998101799552e-01 2.148471844939220166e+00 2.624040699810175958e+00 -8.593963791532825969e-01 -4.692593749233103795e-01
