-3.890406840191471538e-01 1.073813197945425180e-02 1.989059798923246275e-02 1.487326025895828741e-01 8.600054285463544501e-02 1.367893771974654782e-01 -2.216208704767822280e+00 -1.770628504489559107e+00 -2.162087047678120100e-01 7.837912952321761662e-01 1.783791295232175500e+00 2.229371495510429568e+00 2.029198265332988194e-01 -4.259971970115804529e-01
-1.902691561148203370e+00 -6.641620500712324127e-01 -6.687890279378696512e-01 -1.107326820734654688e-01 -1.464895130364095577e-01 4.245070116098326879e-02 -2.409663800547872103e+00 -1.409663800547873658e+00 4.082217805007906097e-01 5.903361994521335587e-01 1.590336199452127008e+00 1.887412547253993544e+00 5.111145814138256860e+00 -1.933769436532829289e+00
-3.143798223237324607e-01 -8.157114684121029302e-02 -1.056206897713564824e-01 -1.242012140532457350e-02 -3.334561171603572099e-02 1.014893883158116128e-01 -2.055448445414914005e+00 -1.315692233871907924e+00 -3.156922338719110877e-01 6.843077661280887458e-01 1.684307766128090300e+00 2.944551554585092656e+00 -4.374232646828679072e-01 -3.591215351952927737e-01
-1.302899033309572907e+00 -3.762811305387986360e-01 -3.670868401776232193e-01 -3.335121591408252151e-01 -1.517851480766989059e-01 2.409300182337191509e-01 -2.001257625063792123e+00 -1.001257625063794787e+00 -9.356308235637615933e-01 6.436917643623296659e-02 1.998742374936208099e+00 1.524387207408834932e+00 4.538723865766187693e+00 -1.513500887783784776e+00
-5.473954073469591286e-01 -2.483021794999686893e-01 -2.268771659077646330e-01 -5.947750413547554793e-02 -4.801624750429951682e-03 3.579666568295117313e-02 -1.519017209727976825e+00 -5.190172097279760477e-01 -1.044317592901553793e+00 1.480982790272025174e+00 2.480982790272023397e+00 1.955682407098456199e+00 -8.614238913770136952e-01 -5.388734978878075843e-01
9.246977759710728328e-03 -1.133423163976443604e-02 1.743145360145718567e-02 -2.138391025675217411e-02 5.782657640314638192e-03 5.868613003895679914e-02 -2.317852512844521762e+00 -1.554597670877991389e+00 -5.545976708779909448e-01 2.308234555257107523e+00 -1.806845493031583871e-01 8.193154506968279849e-01 1.819315450696834979e+00 -1.362075982850075723e-02
2.324029798231025401e-02 2.973875808468631060e-02 -1.101335059243350317e-02 -1.039903497943853172e-02 -1.536577283830546647e-02 8.512279933127921139e-02 -1.710255493450936859e+00 -7.102554934509232032e-01 -1.817862024901990559e+00 -8.178620249020116528e-01 2.619316883331689993e+00 8.525646952568400883e-01 1.852564695256850413e+00 1.440643593491344743e-02
-9.943984114478437997e-01 -6.184696008432705172e-02 1.178402195172068012e-02 -9.117933723200914720e-02 -1.133427215206738586e-01 7.196417263610299653e-02 -1.778922525747573813e+00 -7.789225257475707043e-01 -1.790653201821541307e+00 1.221077474252432626e+00 1.835459443897260012e+00 1.594963516837009987e+00 2.594963516837018869e+00 -1.337005092747474144e+00
2.330073872032327464e-02 1.623422816490058956e-03 6.837538210633813118e-02 -7.020227823206792207e-04 -8.298308721090136286e-02 7.281398944409685214e-02 -3.730453186348534067e-01 6.269546813651425410e-01 2.351750428291506101e-04 -1.487893263213021955e+00 -4.878932632130214553e-01 5.121067367869751585e-01 1.512106736786976047e+00 -1.058537952522236453e-03
-2.370957413721777929e+00 -2.344083921428924633e+00 -1.323131669635805308e-01 -1.213282657286268162e-01 -1.488534662017725330e-01 2.400334754311605479e-01 -1.660276089757302564e+00 -6.602760897572995669e-01 3.397239102427008217e-01 1.339723910242705207e+00 1.462561776570875383e+00 9.717794749440954449e-01 5.830506090846468759e+00 -2.362298854656191605e+00
-6.043849077637799549e-01 -4.224806010300076742e-01 -5.774946149974366505e-02 -1.934652464495619784e-01 -7.001809306825185208e-02 1.607749457806703641e-01 -1.236209410560499489e+00 -2.362094105604892191e-01 7.637905894395108364e-01 -4.484763982781592162e-01 2.763790589439496515e+00 1.551523601721843226e+00 -1.009643921494806751e+00 -5.773009056136915174e-01
-6.809983586456748172e-01 -4.921188254817070451e-01 -1.773627778464435534e-01 2.736333861246076013e-02 -2.001246521005445311e-01 -6.237679158629896858e-02 -1.698058839557521793e+00 -6.980588395575193505e-01 3.019411604424734330e-01 1.301941160442481538e+00 1.299166596776148763e+00 3.301941160442478207e+00 -1.157828731229527675e+00 -6.814842306482745693e-01
-4.423246473215225461e-01 -2.963232330856716557e-01 -1.994010524244554938e-04 -1.173862312815216469e-01 -1.282703950739997600e-01 1.945990036154841840e-02 -1.893229845431866121e+00 -1.246358489809778591e+00 -2.463584898097690712e-01 1.106770154568130105e+00 2.106770154568135656e+00 2.753641510190214525e+00 -8.036032521659400851e-01 -4.286463645930055355e-01
-5.968736163085912594e-01 -4.079221470189828835e-01 -7.950422111309976558e-02 -1.075713357334778242e-01 -8.478683850232576757e-02 9.752291152225478488e-03 -1.220224397677946993e+00 -2.202243976779507117e-01 7.797756023220563382e-01 -4.372344865709391626e-01 2.779775602322053896e+00 1.562765513429060782e+00 -9.976764697157929351e-01 -5.961097288437592345e-01
-3.914731508866144960e-01 -1.156886989549783112e-01 -2.187981644999975606e-02 -2.857589154077513904e-02 -2.187174349034920126e-02 1.412183753478008508e-01 -2.057795063173589512e+00 -1.057795063173587957e+00 -5.779506317358494571e-02 9.422049368264100444e-01 9.786478007606533858e-01 2.942204936826411377e+00 -4.640598143028386025e-01 -4.034003745524280538e-01
8.113596263242608964e-04 4.183703451433028186e-02 -6.318249374030546206e-02 -3.845486719480971718e-03 -1.768845607529825198e-02 1.191918411741986344e-01 -2.479707115054682109e+00 -1.479707115054690547e+00 -2.134128184805851536e+00 5.202928849453133386e-01 1.520292884945305678e+00 2.132271831619141800e+00 2.253892615931219368e+00 -2.639023124299492290e-02
-3.084372188195683151e-03 -2.926647826931436103e-02 1.018881941182098183e-01 4.153294631271675641e-03 -9.782684590286892801e-02 4.572019327488434370e-02 -2.324039626835607830e+00 -2.174027826159888654e+00 -3.240396268355994480e-01 -1.740278261599005616e-01 2.641676387717081465e+00 8.602567835685708264e-01 1.860256783568567940e+00 -3.697664464679895069e-03
-9.743962058001732762e-01 7.776862391160052623e-02 6.239014840623787611e-02 -6.449675128117209055e-02 -5.814414447170372646e-02 3.133328060650758529e-02 -1.191116680275710715e+00 -1.911166802756964489e-01 8.088833197242966122e-01 1.808883319724297944e+00 2.297165857044956572e-01 1.229716585704488496e+00 -3.739345970314341128e-01 -1.011545434583504433e+00
-3.240702123688294911e-01 -2.121523878825128107e-01 2.596419042204875516e-02 -9.634608754722451263e-02 -7.392438254514574481e-02 8.602806838995866179e-02 -6.042374419219287418e-02 9.395762558078011306e-01 -1.265051561055607898e+00 -2.650515610556130608e-01 7.349484389443865506e-01 1.734948438944385440e+00 -5.198781377206632692e-01 -3.206259480782615023e-01
-2.753067676053688739e+00 -1.644417322774653023e+00 -3.923987599273041083e-01 -5.042203830145548515e-01 -3.961603239813138444e-01 -2.166311713691065899e-01 -2.583125064177180352e+00 1.854461778435111674e-01 1.185446177843512805e+00 4.168749358228169832e-01 2.445097807040319093e+00 3.157223630452795859e+00 4.157223630452798524e+00 -2.673350288095422300e+00
-2.148413311745626331e+00 -2.185742841794030777e+00 9.368723841558733098e-03 -4.798932521384434435e-03 -4.972982889474595464e-03 1.068051454347670598e-01 -1.456951189571276561e+00 -1.259047428584899819e+00 -2.590474285848876068e-01 7.409525714150996256e-01 1.740952571415098848e+00 1.411136941330480843e+00 5.872863697327180610e+00 -2.179164165010077259e+00
2.512020155818555506e-02 -2.444377529893583187e-03 6.051564409749597695e-03 1.843665138620830934e-03 -1.786062811040096954e-02 9.267409828098380209e-02 -2.339448558293607316e+00 -1.550074945630939949e+00 -5.500749456309349528e-01 2.304811983048140611e+00 -1.943346395748924149e-01 8.056653604251203804e-01 1.805665360425126487e+00 -3.652768452727696291e-03
-5.974453893375298863e-01 -1.843174680905579066e-01 -2.096762691492624897e-01 -2.311662562184266245e-02 -5.122376368581149642e-02 9.153157756848862014e-02 -1.455527076804304709e+00 -4.555270768042964380e-01 5.444729231956949578e-01 -1.201124001786987028e-01 2.544472923195693070e+00 1.879887599821290056e+00 -9.468839331184718544e-01 -6.325936509278603515e-01
-1.380469264372937266e+00 3.714645454531567692e-03 7.334508920929702636e-02 -1.627548316789895200e-02 -7.849463248505425539e-02 8.908439670989440340e-02 -3.142703645487342490e-01 -2.457436921095123683e+00 1.685729635451264530e+00 -4.574369210951336751e-01 5.425630789048778713e-01 1.542563078904867213e+00 2.542563078904871432e+00 -1.391238046712191867e+00
1.588784895950248743e-02 -1.129377313087478324e-02 7.458901458142899038e-03 -2.016528573683451508e-03 -1.120008349272399312e-02 1.088853491827263126e-01 -2.499004803814806941e+00 -2.255239276967071049e+00 -4.990048038147915088e-01 5.009951961851936142e-01 2.455095238952945902e+00 7.906601975075562283e-01 1.790660197507557339e+00 -7.942289897143003929e-03
-2.683026029733845408e-03 -6.828412744043678081e-03 7.703844265121240209e-02 2.421347383533462277e-03 -1.028492005026225009e-01 4.086404497807487324e-02 -2.501254296793687271e+00 -2.204015781315741496e+00 -5.012542967936814975e-01 4.987457032063141171e-01 2.508229696285806831e+00 7.864998726943251972e-01 1.786499872694329971e+00 2.527404348443864496e-03
3.608063930139034092e-02 -1.000368263913293046e-02 1.072926032478450573e-02 4.082217224101205438e-03 -1.265831432119069073e-02 1.003944206928042149e-01 -1.770511437178712288e+00 -1.537253102556435325e+00 1.735535385976268552e+00 -1.043299413356951977e+00 -4.329941335695891569e-02 9.567005866430379202e-01 1.956700586643038919e+00 7.436366664863094944e-04
-1.910644714605766570e+00 2.910980902044595781e-02 2.858517135075824833e-02 -7.506118141045825531e-02 3.336069625453757376e-02 8.096411886870598373e-02 -2.252485771019647753e+00 -1.612647088265822370e+00 -2.524857710196362626e-01 7.475142289803549112e-01 1.387352911734172078e+00 2.387352911734179628e+00 3.747514228980354911e+00 -1.954488180539649012e+00
-2.084975557307176874e+00 -1.777524355835792935e+00 -2.254371004731096917e-02 -1.686191870642254065e-01 -2.678186429302454874e-01 1.597699386300978630e-01 -1.088696104645015872e+00 -8.869610464501177793e-02 9.113038953549832399e-01 1.911303895354988791e+00 -4.668537910577186256e-01 6.699151925935018514e-01 4.774535984277481049e+00 -2.077160082616025250e+00
-2.060296640831700721e+00 -1.395909524547141345e+00 -2.333813064479464683e-01 -2.392429556766501875e-01 -3.399454987664867200e-01 4.378460989748346466e-03 -1.339329060043590314e+00 -3.393290600435862614e-01 -9.704663550530049365e-01 2.953364494698358655e-02 2.660670939956415904e+00 1.306616653510282999e+00 5.383587901324871083e+00 -2.082945829255664183e+00
-1.044814314625334584e+00 -7.955969579439176043e-02 -3.756094971107565295e-02 -1.310116060604482047e-01 -1.965690476304798318e-01 -2.099886094580063686e-02 -1.922494233775434491e+00 -9.224942337754380439e-01 7.750576622456617493e-02 -1.103217916206600924e+00 2.077505766224561068e+00 1.296002447264386959e+00 3.678285980290529888e+00 -1.286637731416510277e+00
-2.241802666347780804e+00 -6.502835662365226421e-02 -8.030517660942604330e-02 7.905269259893180078e-02 -3.846185217943299817e-01 -3.375614314235748648e-01 -1.561904588810447470e+00 -2.055853900812167456e+00 4.380954111895570269e-01 1.438095411189561190e+00 2.356170115614093952e+00 2.026071320058835390e+00 3.026071320058830505e+00 -2.252540258225900427e+00
-2.377902560538343923e+00 -1.500637239106033860e+00 -4.841189936395902116e-01 -1.529828522232688781e-01 -3.498512556930601924e-01 2.808806790560510955e-02 -1.085039642166048202e+00 -8.503964216605487680e-02 -5.444894223400293942e-01 4.555105776599746581e-01 1.455510577659974381e+00 1.578425584312797447e+00 5.792045193697554772e+00 -2.345577023300945640e+00
-2.746400757652548985e-01 -5.395198625089801803e-02 -7.842186502825899963e-03 -1.529641714217841175e-01 -1.023586662967465588e-01 1.165752325324526106e-02 -2.171827889656581245e+00 -1.235047583339653920e+00 -1.718278896565776925e-01 7.649524166603343112e-01 1.764952416660334977e+00 2.828172110343427637e+00 -5.235852242939621481e-01 -2.917474236705281943e-01
-1.214759435372612106e-01 -5.734961351525216799e-02 3.993745303259293999e-02 2.257913789450899378e-02 -9.738469263060345327e-02 3.326412348426455168e-02 -2.916441542106035456e+00 -2.273697081380527951e-01 7.726302918619434301e-01 8.355845789396972034e-02 1.083558457893971427e+00 2.083558457893968985e+00 -1.992075227081216982e-01 -1.159159872573637395e-01
-1.932885646514568068e+00 -1.952962349561164990e+00 1.441734729423882755e-01 -3.253454316121971723e-02 -5.016458530296980661e-02 3.613535004675617890e-02 -8.267577506720780178e-01 -2.111038051590746534e+00 1.173242249327926867e+00 -1.110380515907290477e-01 8.889619484092704527e-01 1.543449010550272504e+00 5.518756647707129481e+00 -1.903396330527737934e+00
-5.198081011126884921e-01 -2.454286954000703125e-01 -2.197981379359789100e-01 1.269079965165008372e-02 -1.001576979875465068e-01 1.221995670164845588e-01 -1.547403967110805523e+00 -5.474039671107959748e-01 4.525960328892010276e-01 -7.232061494052588468e-02 9.276793850594839963e-01 3.452596032889199140e+00 -8.203274693280292462e-01 -5.111717965170475830e-01
-1.990358175157874276e+00 -1.280556838647842977e+00 -7.536451616038850609e-01 -2.355955147522849902e-01 -1.257182731612930746e-02 7.369619344385418269e-02 -2.012641294865707309e+00 -1.109698615408398314e+00 -1.096986154083988002e-01 9.873587051342943566e-01 1.987358705134289361e+00 1.560528478433647281e+00 5.317131473472739067e+00 -2.037366142395772517e+00
4.194321845018125772e-02 1.247901724013902522e-02 -6.651257918136477265e-03 -5.882794856163379126e-03 -5.267009572742318430e-03 7.578429918746937277e-02 -2.862491484506853201e+00 -2.210316088547715108e+00 -8.624914845068537561e-01 1.375085154931440512e-01 1.137508515493150574e+00 2.410283223910426820e+00 2.516909321931108057e+00 4.625378265374763265e-03
5.634720069748596835e-03 -4.440156962953537012e-04 8.445060322482449491e-04 2.175270920783275996e-03 5.569568247605349853e-04 7.073898495068760284e-02 -9.349185471522970525e-01 6.508145284770018579e-02 1.065081452847706833e+00 -1.706759281181448318e-03 -9.628572186978212599e-01 3.714278130218463814e-02 1.037142781302179406e+00 -5.309962078742444525e-04
-3.737686030399118842e-01 1.711237476177129846e-03 -7.640529960372002827e-02 -5.944505102045252731e-02 -1.777504950192934086e-01 1.029849068425379155e-01 -1.712819328667702035e+00 -7.128193286676937079e-01 -1.151607265758452181e+00 1.287180671332304183e+00 2.287180671332303739e+00 1.848392734241541380e+00 -5.710685085819341422e-01 -3.078249708031717269e-01
-1.308247873274063000e+00 -3.563189147675467350e-01 -3.496955046206366990e-01 -2.308139515775109729e-01 -2.668144919814331023e-02 1.371430322563224335e-01 -1.180182224330097673e+00 -1.801822243300736925e-01 -1.363002280736749228e+00 -3.630022807367514481e-01 6.369977192632526597e-01 1.786073412837468011e+00 4.670742150754060518e+00 -1.488888241477000829e+00
-5.771748588509744149e-01 -1.346524514976034370e-01 -1.105611080353655074e-01 -1.141241223720849685e-01 -1.486560676071732867e-01 -3.234455549880541070e-02 -5.970729724850518672e-01 4.029270275149486880e-01 1.402927027514943692e+00 -3.887347371353739867e-01 6.112652628646272346e-01 1.611265262864613357e+00 -9.497597972156165413e-01 -5.913625399985535935e-01
1.598395296388065503e-02 -6.648186875917609651e-03 -1.608655103661874725e-03 8.647733733821620986e-03 3.055138935366875745e-03 1.310751800852396898e-01 -2.866518163756058168e+00 -2.216953191968722869e+00 -8.665181637560520622e-01 1.334818362439399997e-01 1.133481836243947827e+00 2.405954159074816356e+00 2.510574076198770044e+00 -6.618195683973787657e-05
-1.206524648339419720e-01 -1.501402250989576359e-01 4.878185180207550431e-02 1.445949697295683123e-01 8.059546314844510950e-02 4.223379700143378365e-03 -2.053125532259039154e+00 -1.053125532259030273e+00 -2.125648954223248399e+00 9.468744677409681731e-01 -1.256489542232586687e-01 2.284163068424200915e+00 2.537062945994070784e+00 -3.401311357946627117e-02
-7.153972571473050657e-01 -3.637944874522457406e-01 -2.758248744433264843e-01 -5.234196081765413178e-02 -7.511193897695056521e-02 1.724327610985314785e-01 -1.127172642214352427e+00 -1.271726422143376611e-01 8.728273577856586751e-01 1.872827357785661118e+00 6.046660544644568702e-01 1.604666054464457758e+00 -1.257847452439173397e+00 -7.488149598308909694e-01
-5.419247208990538578e-01 -3.689156426845128234e-01 -1.089005318592337346e-01 -7.476677771014519913e-02 -1.813216799737037421e-01 1.842255283181482017e-01 -1.004486023119583793e+00 -1.527397581155056194e+00 -5.273975811550541959e-01 1.995513976880411766e+00 1.472602418844932259e+00 2.472602418844942029e+00 -8.791950123036180731e-01 -5.266974219659429357e-01
-2.279032322703377078e-01 -1.917223150929858455e-01 -2.413133039035834058e-03 -5.592877947688702778e-02 -9.681069511750069190e-02 2.321343574547803101e-02 4.806798844566618212e-01 -1.782429965709999564e+00 -7.824299657100004524e-01 2.175700342899957451e-01 1.217570034290001102e+00 2.217570034289995107e+00 -3.738692198997809468e-01 -2.591547466930735899e-01
-4.233767034988119571e-01 -2.785018065123375242e-01 -1.045067944697509882e-01 -9.210349761652730782e-02 -1.000590367913159751e-01 1.198079026528646729e-01 -1.914144507853704713e+00 -1.252078268650147042e+00 8.585549214629534243e-02 7.479217313498572883e-01 1.747921731349856511e+00 3.085855492146293066e+00 -7.805990392206588746e-01 -4.580513249693818900e-01
1.767409089205419087e-02 4.680344191781392327e-02 -5.814294275554454661e-02 1.167043699978558523e-02 2.026618443136512723e-03 1.157406196625227202e-01 -1.390197765664809904e+00 -3.901977656648123460e-01 -1.976069043188805718e+00 1.950412993061687805e+00 -3.166806824004306797e-01 6.833193175995763147e-01 1.683319317599586196e+00 4.262733560769525754e-03
