-1.560965018833188056e-02 -9.455364003346112406e-03 7.457734819722235120e-03 -7.929960756773840602e-02 4.778982936016160088e-02 4.372961051744055083e-02 -1.740726870374423640e+00 -1.647665016464246124e+00 1.683180300484430125e+00 -1.071572755120385745e+00 -7.157275512037458709e-02 9.284272448796072608e-01 1.928427244879616920e+00 -1.076108166039509845e-02
-5.675139602453502241e-02 5.526004118271958532e-02 -8.403321780366695970e-02 5.873715725515477742e-02 -1.419679620613781279e-02 -7.077761787352222604e-03 -1.501920297302139939e+00 -5.019202973021361647e-01 4.980797026978717179e-01 1.498079702697866278e+00 1.270293996751637421e-03 -4.628310475076306552e-01 5.371689524923705106e-01 -2.751617194739797503e-02
-2.145769387261616534e-01 -5.553665663205092917e-02 -1.400294322871259434e-02 1.054517992180585562e-01 -8.601399381140101275e-02 -6.783176814698838042e-02 -2.147896641508920901e+00 -1.147896641508922233e+00 -7.914432358699561298e-01 8.521033584910797654e-01 1.208556764130040984e+00 2.852103358491079987e+00 -3.615747135189739114e-01 -1.390928829364331543e-01
-6.607501113705078755e-01 -2.304096204937157444e-01 -1.728785800953784590e-01 -2.340894587051811360e-01 2.685262212745978538e-02 -2.124081254637621638e-02 -1.811675557857766350e+00 -8.116755578577681263e-01 1.883244421422351489e-01 1.188324442142232096e+00 1.015618308625911848e+00 3.188324442142224768e+00 -1.032270562995183827e+00 -6.401051308164483755e-01
-1.148992646206002666e-02 -9.806456937928429221e-03 4.257062462676602932e-02 -2.905962768047590586e-03 -9.888440123020392561e-03 -5.943819313263050408e-03 -3.186580115736530050e-02 -1.996298042177736543e+00 -9.962980421777490880e-01 3.701957822255062293e-03 1.003701957822256574e+00 2.003701957822253910e+00 -1.459827757372315210e-02 1.776713503909955333e-02
2.070617970585165654e-02 -6.915241374095115051e-04 9.098677392108785872e-03 -3.687016953780052758e-03 4.457048060209025178e-03 2.139812243670163525e-03 -2.322225426145289262e+00 -2.297127675260225654e+00 -3.222254261452874857e-01 -2.971276752602226567e-01 2.589923251213333888e+00 7.907243392422186323e-01 1.790724339242226515e+00 2.765996124433388326e-02
-1.112206507653712872e+00 -9.958368859891153502e-02 -9.701533222019906311e-02 -2.046975133494224885e-01 7.812084753347992017e-03 2.702812112586039373e-02 -1.667274734524949009e+00 -6.672747345249414597e-01 3.327252654750579297e-01 1.332725265475054099e+00 -9.409283159464355561e-01 9.900786306537209258e-01 3.401719018281021967e+00 -1.310758694503753485e+00
-3.287649044399673093e-01 -1.034865501918144359e-01 -8.224212009175296823e-02 -1.614677926970300437e-01 -4.489322031130371649e-02 -5.830841726578772644e-03 -1.967759625579562854e+00 -1.465233035470173473e+00 -4.652330354701718074e-01 1.032240374420444029e+00 2.032240374420426932e+00 2.534766964529814093e+00 -6.805360646784510692e-01 -3.014516582721408211e-01
6.644047020744040313e-03 8.704459862718146382e-03 -4.009174995878150155e-02 -1.817225237815167649e-02 -1.222065420993115048e-01 1.076298306643597991e-01 -2.112448054007860065e+00 -1.112448054007855180e+00 -2.153781325301956873e+00 8.875519459921271670e-01 -1.537813253019615911e-01 2.337135670581720781e+00 2.396635451932715988e+00 -3.902323855677047176e-02
-2.323839739498539725e+00 -3.990098350904269231e-01 -3.965858834209438077e-01 -4.097208299213604965e-01 -2.733184527476448245e-02 -8.881476656818873550e-02 -2.775764918456053110e+00 -3.612863606296373153e-01 6.387136393703687354e-01 2.242350815439477785e-01 2.484110040892365756e+00 2.378837973509574155e+00 3.378837973509572823e+00 -2.330031665524177065e+00
2.036918848559694795e-02 2.361394144959255703e-03 3.584801935069964474e-04 -1.398559063660331087e-02 2.658237514921928113e-02 -1.050648622882380256e-02 -2.551935588707224145e+00 -1.551935588707225921e+00 -2.148435343626990068e+00 4.480644112927746336e-01 1.448064411292774745e+00 2.150208127592318608e+00 2.149422584983610385e+00 2.371648921384514330e-02
1.299645952707739749e-02 3.777863415561050209e-03 4.754922124693830576e-02 -4.444597013124607088e-03 -7.721176155194964252e-03 1.912549943581448586e-03 -3.038042050314102127e+00 -1.020769445703213929e+00 -2.076944570321189940e-02 9.792305542967916221e-01 9.619579496859017587e-01 1.961957949685888103e+00 5.648348490501033103e-02 5.822954662383472701e-02
2.536943813162192973e-02 8.096843006277748556e-03 6.471434785011026536e-04 1.855674760067572288e-02 -1.698881402408154717e-03 2.016025574630099862e-02 -2.696367193324617162e+00 -1.879942802316491246e+00 -8.799428023164886925e-01 1.200571976835027310e-01 2.625497764305523951e+00 7.981913511905227576e-01 1.798191351190515652e+00 3.553245146830037726e-02
-4.478233462838142054e-01 -3.389531764569653771e-01 5.097067300914638610e-02 -1.275427023191711973e-01 -1.270378247260338100e-01 3.429507259685876663e-02 -2.048610639230540098e+00 -1.166873507098839635e+00 -1.668735070988299762e-01 8.331264929011553688e-01 1.833126492901168136e+00 2.951389360769462122e+00 -8.651184009622959747e-01 -4.217261235595636260e-01
-3.646031604265461690e-01 -1.430762556544531161e-01 -1.296789766737794225e-01 -1.369915665443249830e-02 -5.942176240936267173e-02 6.356938990460003769e-02 -1.336610303142195644e+00 -2.142326234103629989e+00 6.633896968578105735e-01 1.663389696857804356e+00 8.576737658963604627e-01 1.857673765896368456e+00 -5.818264086076874175e-01 -3.421051932991190925e-01
-4.808334810397782433e-01 -3.810695977006086643e-01 -7.740818265346566251e-02 -2.277737983351864060e-01 -5.826941175047418986e-02 -1.782950254492006795e-02 -9.431194434026917151e-01 5.688055659730981151e-02 -1.112430205619549417e+00 2.056880556597310505e+00 8.875697943804617962e-01 1.887569794380464128e+00 -1.049487861944588873e+00 -5.483303525225459163e-01
2.470328413126772135e-02 -7.912963849883866696e-03 1.255936700070696757e-02 1.122367195756228050e-02 -2.437238848182170584e-02 2.158896123339671194e-02 -1.731223308424425733e+00 -1.679788266062668400e+00 1.672932100632774644e+00 -1.083944211760307530e+00 -8.394421176032833276e-02 9.160557882396596074e-01 1.916055788239660718e+00 2.841525334614458317e-02
1.911949565870316170e-02 1.958118847077883889e-02 2.201818901923373317e-02 4.755788760205060736e-05 -1.524883706063507628e-02 1.173520487871188532e-02 -1.507594099208291905e+00 -5.075940992082847991e-01 4.924059007917139796e-01 1.492405900791709872e+00 -2.205229081369991170e-02 -5.241440846324844083e-01 4.758559153675210318e-01 3.581292249915908610e-02
-4.013647874190567899e-02 -1.738465768402614256e-02 5.657483441440968458e-02 -8.361572833204494390e-03 -1.387504685461062905e-02 5.599132109655768560e-03 -2.599149146896633233e+00 -1.599149146896624796e+00 4.478303119713288039e-02 4.008508531033715960e-01 1.400850853103378091e+00 2.400850853103375204e+00 -4.364046822524675351e-02 4.535825542665912480e-03
-1.971451901608574642e-01 -9.136417390033951813e-02 -5.367180308226034147e-02 -6.812364702871928634e-03 6.880985596344613153e-02 -2.679084422718303049e-03 -2.917022492711417669e+00 -2.784579178402028510e-01 7.215420821597899881e-01 8.297750728856420621e-02 1.082977507288565233e+00 2.082977507288574337e+00 -3.554359700950151524e-01 -1.443465986315196348e-01
1.936660801375533064e-02 2.382687753764390834e-03 7.803305449620606335e-03 -8.559883177100010773e-03 1.517799871974066751e-03 2.054636991636525373e-03 -4.939483751164949060e-02 -2.399552413899639497e-03 -2.001074125993033359e+00 -1.001074125993037578e+00 -1.074125993034315794e-03 9.989258740069579812e-01 1.998925874006960868e+00 2.494872942882167544e-02
-9.520894118222648916e-03 -1.267301068972234018e-02 5.103411667401333562e-02 3.138564030151182183e-02 -1.413507321594923913e-02 -4.125407476087120107e-02 -1.659595189548182637e+00 -6.595951895481787508e-01 3.404048104518193618e-01 -1.934167795584927019e+00 1.937646695093055094e+00 4.685897880491147749e-01 1.468589788049127653e+00 2.563925328914912899e-02
-4.402503868745633042e-01 -6.235157884752665081e-02 -5.822384436940386543e-03 -5.777754349105154730e-02 -1.503677139339030799e-01 -1.222521457703538428e-01 -1.739022756905023170e+00 -7.390227569050267231e-01 -1.073408891553705669e+00 1.260977243094979938e+00 2.260977243094981937e+00 1.926591108446293221e+00 -7.409986152722082275e-01 -3.249219562042140463e-01
2.779894734250420996e-02 -3.067017706477676020e-02 1.897435307694696205e-02 -1.139115086434412949e-01 3.171852403023409095e-02 -4.539859469559391625e-03 -2.266824534708922201e+00 -1.266824534708918426e+00 -2.668245347089210351e-01 -1.817710424323508489e+00 1.733175465291082018e+00 1.828390552720115636e+00 2.087073952649456832e+00 3.252264295944579109e-02
-3.826375962823982957e-01 -3.294423814107443338e-01 8.922419337447584642e-03 -9.814516027598994830e-02 -9.263806166590679569e-02 -5.907634800997837998e-02 -2.681012623402711181e+00 -5.599105103122192784e-02 9.440089489687929492e-01 3.189873765972860431e-01 1.318987376597282601e+00 2.318987376597287042e+00 -8.019492037556971153e-01 -4.166522078217110292e-01
-1.960825664147525460e+00 -7.151327575354313182e-02 -6.839039906337680830e-02 -1.246190983704033028e-01 -1.099237742026908105e-02 -8.202073526223757627e-02 -1.250600352734721366e+00 -2.285606448037875715e+00 7.493996472652775243e-01 -2.856064480378842640e-01 2.572373357133332483e+00 1.891420397520406471e+00 2.891420397520402918e+00 -1.972090136169844632e+00
-2.067995560776949127e+00 -1.567722639708001076e+00 -1.381024021168890392e-01 -2.284404453651798228e-01 -2.013494546676668218e-01 -1.570002836309091210e-01 -6.810973935756590159e-01 3.189026064243489778e-01 1.318902606424347868e+00 -9.505443001481302945e-01 4.945569985187352191e-02 1.189578320015676649e+00 5.178780574902845935e+00 -2.071018463187969338e+00
-4.016573507448142344e-01 -6.407987734347855846e-02 -4.717952936348790427e-02 -8.707558663242809249e-02 -1.551004570014496986e-01 -5.878645145992913990e-02 -1.736692588059931541e+00 -7.366925880599417553e-01 2.633074119400717894e-01 -8.363905962727280485e-02 9.163609403727193126e-01 3.263307411940065350e+00 -7.430020289909498032e-01 -3.367213825274346650e-01
-3.010112036463602481e-02 -4.091229697187243053e-02 1.357013650116309367e-02 8.409696980328471017e-02 -1.266780084070953660e-02 -8.492665711212463164e-02 -2.596017798935679632e+00 -2.150266351174280999e+00 -1.150266351174277002e+00 -1.502663511742756697e-01 8.497336488257218878e-01 2.568114015929895633e+00 2.685601904651753635e+00 6.656916477774665886e-03
-1.484049314720114587e+00 -5.390714519193234855e-01 -5.020795049393003140e-01 -1.237240850107446805e-02 -1.280669872009830845e-01 -2.030542126395693259e-01 -2.170566558959113213e+00 -1.492528567879978452e+00 -4.925285678799831146e-01 8.294334410408836789e-01 1.507471432120029542e+00 1.623063755660252294e+00 4.713841494393210318e+00 -1.657143684133198791e+00
-1.763946088643447707e-02 -5.899350623269971478e-03 5.255107066838099472e-02 -2.951352643185413752e-03 -7.754456913891958486e-03 -6.454672621618584571e-04 -2.009153123229424409e+00 -1.009153123229433291e+00 -9.153123229424752622e-03 9.908468767705773672e-01 1.990846876770572260e+00 5.086057788142249979e-04 9.756373209606688385e-03 1.018851926101214250e-02
-2.038250714164944633e+00 -2.183400320479388923e-01 -2.493989124881436092e-01 -2.042652495622831466e-01 -8.879641154155359928e-02 2.192431797492000456e-02 -1.762229005111849656e+00 -7.622290051118504328e-01 2.377709948881554514e-01 -4.840971454646497696e-02 9.515902854535430722e-01 1.451346896141779252e+00 4.738013885896177335e+00 -2.036378471337807916e+00
5.626231569880763006e-03 5.784971309601458916e-02 -7.791580877717954601e-02 -2.358109169248619186e-04 -1.674722910650635645e-03 1.602095379213306844e-02 -1.481278301564580513e+00 -4.812783015645766271e-01 -1.939313786789963245e+00 1.926503276543212406e+00 -3.470956390045827900e-01 6.529043609954121585e-01 1.652904360995406829e+00 9.332338978135942820e-03
-3.031719156634263279e-03 3.168584854820417906e-02 1.139574050492837831e-02 -4.443836966702646718e-02 -4.292402022043874388e-02 2.481296295370931729e-02 -2.538756176782013263e+00 -1.538756176781997498e+00 -2.141994948402563992e+00 4.612438232179850162e-01 1.461243823217993398e+00 2.151794910380431691e+00 2.167454066527449985e+00 -7.380899898290520754e-03
-5.427551264068124492e-01 -8.695584300064984618e-02 -2.181903195501622150e-02 2.151372044153498919e-02 1.289756721526762462e-01 5.560503420933965435e-02 -2.379785968003160335e+00 -1.121703232302957431e+00 -3.797859680031560603e-01 6.202140319968387772e-01 1.878296767697043457e+00 2.620214031996828563e+00 -2.771482844460330663e-01 -5.225169399347394661e-01
-2.626117080064207521e-01 -2.821078322021996487e-01 -7.400854832467598787e-02 -3.176736738487118822e-02 -6.258137975571277656e-02 -6.961749672579632675e-02 -1.031307076869625527e+00 -1.802507542668980722e+00 -8.025075426689814995e-01 1.968692923130380468e+00 1.197492457331023497e+00 2.197492457331014393e+00 -6.410278436122657242e-01 -3.112846351311499005e-01
-6.044013361919314820e-03 -1.115078121483274731e-02 6.243447524141802762e-02 -2.308936986976651770e-02 -1.437250484688245948e-02 6.571002773108442115e-03 -2.324241080684950944e+00 -1.637256205754645366e+00 -6.372562057546561354e-01 2.275415910195570213e+00 -2.369122974946656912e-01 7.630877025053286467e-01 1.763087702505325538e+00 1.207453020330594151e-02
-5.653666520178749488e-01 -2.625136779109196183e-01 -1.475410806431861621e-01 -9.829611793161438515e-02 -7.534312327926454000e-02 -4.939063180109473650e-02 -2.001986773843336564e+00 -1.106007245502773184e+00 -1.060072455027750299e-01 9.980132261566603269e-01 1.998013226156658995e+00 2.893992754497225928e+00 -9.935280544198060726e-01 -4.916897395161617945e-01
-4.896867615120853445e-02 -8.266553745956672916e-02 1.127123653822717092e-01 5.760069847963910500e-02 -6.575953962963634880e-02 -4.210645143352662045e-02 -2.658524617908986976e+00 -1.857288760850930753e+00 -8.572887608509263124e-01 1.427112391490654719e-01 2.613348104593225418e+00 8.708378804175402887e-01 1.870837880417559385e+00 -6.309695971278184157e-02
1.857102630320209280e-01 8.761799121720920125e-02 6.758778389292208200e-02 5.881111235745770105e-02 1.125680202563989624e-02 2.240879553328109508e-02 -7.304833543470534707e-01 -2.074242033883817893e+00 -1.074242033883810121e+00 -7.424203388380923307e-02 9.257579661161865481e-01 1.925757966116185660e+00 4.384167956586584314e-01 2.222328444906662703e-01
-1.994124677745593432e+00 -7.501143252724484789e-01 -7.370919558877859767e-01 -1.710287616326978954e-01 -1.281835747642753320e-01 -1.145058141831877541e-01 -1.326714614378859514e+00 -3.267146143788486334e-01 -1.262997309480688779e+00 -2.629973094806824507e-01 2.673285385621142485e+00 1.567581796692267382e+00 4.842706969003528705e+00 -2.016752329670133292e+00
-2.253020028722056090e+00 -2.243853424410021891e+00 2.416113049688146941e-02 -5.236626376341398104e-02 -1.326904917855748767e-01 -1.714855140890161889e-02 -1.647787161204382622e+00 -6.477871612043843985e-01 -9.303415562695833696e-01 1.352212838795613825e+00 2.352212838795619376e+00 9.663637804125920772e-01 5.455507996858870889e+00 -2.233115082149520259e+00
-2.579479879862484615e-01 -1.198126903942532545e-01 -1.595035299579081745e-01 -6.613846221701913386e-02 1.753132040503641020e-02 -1.397585100455489560e-02 -1.032519017691011509e+00 -3.251901769100752626e-02 -1.501835376260726829e+00 1.967480982308986270e+00 4.981646237392490240e-01 1.498164623739251189e+00 -5.469967396973558493e-01 -2.577440128507000328e-01
-1.213300173294049822e+00 -3.614037428800773721e-01 -3.188571567536343521e-01 -4.256393825306404866e-01 -1.354586773605065131e-01 -9.324347969021617999e-02 -2.614961919685704128e+00 -1.272934164193935347e+00 -2.729341641939384000e-01 7.270658358060685389e-01 1.385038080314284104e+00 1.680240873747385955e+00 4.431864202024987875e+00 -1.523127266868286256e+00
-8.276882819723079265e-01 -4.403041464936194305e-02 -3.904138698927702572e-02 -6.880050695587866527e-02 -5.414330496489829642e-02 3.118487084940617729e-02 -1.980052668801869364e+00 -2.271260794613144451e+00 1.994733119814063108e-02 -2.712607946131537773e-01 7.287392053868714248e-01 1.955153548224137117e+00 3.793533479444251455e+00 -9.799314171011778152e-01
1.234665860884588250e-03 1.359087267136429005e-03 1.891685051417832039e-02 -3.065899846315110842e-03 -7.391290522945381455e-03 -1.664252012474567348e-03 -3.004457574679523457e+00 -2.004457574679539000e+00 -1.004457574679566756e+00 -4.457574679580113275e-03 9.955424253204352425e-01 1.995542425320469881e+00 2.995542425320468993e+00 1.416272593810880172e-02
-9.842892557775902995e-01 -1.143021294012386974e-01 -6.532980884333833282e-02 -1.083773725100247304e-01 -4.985265156367370276e-02 -2.022238933277654624e-02 -1.994190256456107591e+00 -1.909125787849988987e+00 -9.091257878499909850e-01 9.087421215000611452e-02 1.090874212150010791e+00 2.016137675950698149e+00 4.080546092289362825e+00 -1.131267888513610931e+00
-5.073887237146060825e-01 -3.759770543013020161e-01 2.444515557754477209e-02 -1.182513923195139538e-01 6.086693001444015705e-03 -6.696393423834259839e-02 -2.369101871964266248e+00 -8.350790630884389332e-01 1.649209369115580415e-01 6.308981280357291999e-01 2.164920936911555849e+00 2.630898128035737749e+00 -9.092176915329738263e-01 -4.478413828723882828e-01
-5.552120560105304747e-01 -4.042826102152243251e-01 2.130597673116264856e-02 -1.247264173025519618e-01 -7.477080092100915620e-02 -4.184432178527192070e-02 -1.588882740927466397e+00 -5.888827409274626223e-01 -9.679990723708951084e-01 1.411117259072537156e+00 2.411117259072534491e+00 2.032000927629096676e+00 -1.013822244402224237e+00 -5.227695532009574153e-01
-4.996140830172137726e-01 -4.000298529610959997e-01 4.003122322963278967e-03 -1.449337133762158558e-01 -1.232198292744882823e-01 4.489673301541702299e-02 -1.370750459673924837e+00 -3.707504596739301661e-01 6.292495403260764952e-01 -4.404250723309936499e-01 2.629249540326072498e+00 1.559574927669003630e+00 -1.019322144831165788e+00 -5.055793840787659033e-01
