-3.979968895511951654e-01 -1.879872124036390812e-01 -1.063714538614209809e-01 -1.602414357656916158e-02 -1.559010370353381206e-02 -1.074961852038108789e-01 -1.310572625113691547e+00 -2.048333329643123868e+00 6.894273748863188889e-01 1.689427374886312672e+00 9.516666703568887886e-01 1.951666670356882793e+00 -7.370324984825792347e-01 -3.681585605680521844e-01
-3.527042424235546370e-01 -3.471310713370425183e-01 -1.572265405148140782e-01 -1.242331031052827800e-01 1.037708526504630691e-01 -1.259175697783017633e-01 -1.839525228380489486e+00 -1.272214100906857270e+00 -2.722141009068506645e-01 7.277858990931491689e-01 1.727785899093145838e+00 3.160474771619517842e+00 -7.464153059363813902e-01 -4.956110707879134991e-01
-3.569949712553340676e-02 -5.851593724758484549e-03 8.458444956768042255e-03 2.218641266763569930e-02 6.776113222897589550e-04 1.277186738140208971e-02 -2.069029532662427950e+00 -2.111107130245597485e+00 -6.902953266243208597e-02 2.113039448975177592e+00 -2.931755699390209968e-01 7.068244300609786146e-01 1.706824430060987163e+00 -2.647006866808021552e-04
-2.772735072451031763e-02 -1.152646337309388546e-03 2.751228484085897416e-02 4.100153463337152110e-03 -6.946679319610514144e-03 9.278751141680030567e-03 -5.063373828647786956e-01 4.936626171352203052e-01 3.573038087420947820e-04 -1.501034204799695626e+00 -5.010342047997043968e-01 4.989657952002960473e-01 1.498965795200307038e+00 -1.985143566045635688e-03
-2.003477049917893549e+00 1.071306282242313022e-02 2.359531993936829844e-02 -4.121947327816796042e-02 -1.324366287317256530e-02 5.119990683815913574e-02 -3.003698262649109996e+00 -1.005925318738717822e+00 -5.925318738709991345e-03 9.940746812612892835e-01 1.994074681261276183e+00 1.996301737350879124e+00 2.996301737350886452e+00 -2.006146952249721949e+00
-6.596545663852098063e-01 -3.150992583992032747e-01 -1.654286770337244639e-01 -8.826397984935561991e-02 -1.160503851668437114e-01 1.024135187062831243e-01 -1.312861592436282310e+00 -1.728522089923606897e+00 6.871384075637221311e-01 1.687138407563726794e+00 1.271477910076378226e+00 2.271477910076376006e+00 -1.062103284421262561e+00 -5.850372319922104714e-01
-1.372329414902594691e-01 -3.880495016362879579e-02 -1.903046543547423641e-02 -9.623995060574369598e-02 7.115665853712653532e-02 7.806465445469640274e-02 -9.210840007997270762e-01 7.891599920027997372e-02 1.078915999200267484e+00 -9.406491131054622867e-01 5.935088689453402178e-02 1.059350886894527388e+00 -2.002275484966752339e-01 -8.586102670567394290e-02
-1.968674862626401234e+00 2.125485825125876353e-03 1.632299988160855822e-02 1.171931175008390086e-02 -2.395292179800515009e-02 3.104587409057184191e-03 -2.677774179513756181e+00 -1.262319468046241733e+00 -2.623194680462371808e-01 7.376805319537618200e-01 1.322225820486237824e+00 2.737680531953760266e+00 3.322225820486240710e+00 -1.971419101336446822e+00
-2.995524080984241500e-01 -5.209689749503787493e-02 -6.252929637616616576e-02 -2.397579853977649389e-03 -8.132078331044956254e-03 -2.380003613386638683e-03 -1.676573072151955834e+00 -1.652764728313065756e+00 -6.527647283130605382e-01 3.472352716869308575e-01 2.323426927848043722e+00 2.347235271686930247e+00 -3.510211474504905116e-01 -2.710604428465078763e-01
-6.029679344662178808e-01 -5.528389577724287518e-01 -4.103965975497525509e-02 -2.510980898732489419e-01 1.098715391151472293e-01 1.618157118349742574e-01 -1.959370875509322651e+00 -9.593708755093206531e-01 4.062912449069173981e-02 1.040629124490690227e+00 1.643376914023598312e+00 3.040629124490680457e+00 -1.102038079689966921e+00 -5.816019774915144325e-01
-1.085825980324883061e-01 -5.664162582061833123e-02 -5.972519152876908793e-02 1.052268669480073138e-01 4.434712001167202128e-03 3.194922636988696552e-02 -9.399889252907538406e-01 -2.225117422711478277e+00 1.060011074709256151e+00 -2.251174227114809689e-01 7.748825772885393759e-01 1.774882577288538155e+00 -1.150539489400691368e-01 -3.453481119095025420e-02
-5.014234875645601219e-01 -4.823551176179836086e-01 5.673806694525543315e-02 -5.381336381637419342e-02 -5.253882880442425907e-02 -1.335074029608540602e-02 -1.001245746896545885e+00 -1.245746896544630902e-03 -1.155491528110986321e+00 1.998754253103463219e+00 8.445084718890190079e-01 1.844508471889013901e+00 -9.887685255009512897e-01 -5.076510899435088264e-01
-1.787613122612881703e-02 -8.497386587590397347e-03 1.565475523797632204e-02 -9.279258718555141033e-03 2.820454170389147253e-03 2.730699609609384820e-02 -2.046672485179582696e-02 -2.502657588337217298e+00 -1.502657588337214856e+00 -5.026575883372222942e-01 4.973424116627763736e-01 1.497342411662777373e+00 2.497342411662782258e+00 1.290791428171549939e-02
-1.515067946883037753e-02 7.100380125157594244e-03 2.279387333817058797e-02 4.307617554545520311e-03 -7.378689342591866762e-02 2.568076345958072992e-02 -1.468845128645741349e+00 -4.688451286457414047e-01 -1.942322265932374892e+00 1.936992215040690191e+00 -3.481591880366220471e-01 6.518408119633689601e-01 1.651840811963376510e+00 3.177899089125801879e-03
-1.946835676606805121e+00 -1.023761139852836233e-01 -7.277442142454899898e-02 -5.342509547696255856e-02 -1.286902129139550766e-01 -6.858215418470600677e-02 -7.326761549102391857e-01 -1.869378573868589966e+00 -8.693785738685808617e-01 2.726621857905690227e+00 6.713227812999926769e-01 1.671322781299979576e+00 2.671322781299985571e+00 -1.909848136187189738e+00
-1.688510922155745941e-01 -1.508926103810224184e-01 1.331941246032736920e-02 -6.112078461451946748e-02 -5.565781685637897352e-02 -1.003377161211242707e-02 -2.679693985078908547e+00 3.935326183313212489e-01 -6.796939850788963344e-01 3.203060149210985585e-01 1.320306014921096560e+00 2.320306014921099891e+00 -3.570732771931277583e-01 -2.181276641456163234e-01
-2.162642081883985767e+00 -1.683145345015445660e+00 -1.759925279707743317e-01 -2.930672973766620948e-01 -2.529856357822204971e-01 -1.762125060124907494e-01 -2.501878873101460510e+00 -6.383671705516233974e-01 3.616328294483787120e-01 1.361632829448373938e+00 1.498121126898545485e+00 1.332154578281539381e+00 5.527599225981568054e+00 -2.210224063984955301e+00
-7.084191931142542753e-01 -4.583686245164435569e-01 -4.488741559649608859e-01 5.229716868764801990e-03 -1.738346572774766841e-04 3.785615856923666561e-03 -1.666449411314034457e+00 -6.664494113140296827e-01 3.335505886859662650e-01 1.333550588685963545e+00 2.333550588685963323e+00 2.010657935166516808e+00 -1.401483673358759896e+00 -6.834816413315508710e-01
9.982990246974488002e-02 6.990054454539706974e-03 3.238811487625983809e-02 5.702785365016560526e-03 -3.270881751497312084e-03 2.142556517922494796e-02 -2.581632590730189136e+00 -1.633785141810600416e+00 -5.816325907301846954e-01 4.183674092698047575e-01 1.366214858189398695e+00 2.418367409269821522e+00 2.717261508821964822e-01 1.459340434452507385e-01
-4.742855508743162307e-01 -1.942458471132208486e-01 -4.999174233681838442e-02 -1.595073291891004885e-01 -1.828814908371828238e-02 7.613739109882652900e-02 -1.717138552179299449e+00 -7.171385521792966733e-01 2.828614478207019944e-01 -5.707607902196196181e-02 9.429239209780445607e-01 3.282861447820698775e+00 -8.156985764548330131e-01 -3.947887409069192888e-01
-1.756707592923786976e+00 -1.692626685387075280e-01 -2.194268779759518950e-01 -3.300083666451253395e-01 -4.639656215230313074e-02 -5.035858422227042913e-02 -1.518773815428503315e+00 -2.039668989987657444e+00 -1.039668989987653891e+00 1.481226184571494464e+00 9.603310100123421122e-01 2.021800610283316146e+00 4.419757072338350135e+00 -1.726217340964756097e+00
-2.138625689136053776e+00 3.111058724543447340e-02 3.948180628133329817e-02 -1.136784851695077370e-01 -2.654109119381009574e-02 7.102225999528544165e-02 -9.703512237491631609e-01 2.964877625085074464e-02 1.029648776250856379e+00 2.029648776250847497e+00 -2.907536595290992620e-01 7.092463404708982955e-01 1.709246340470911951e+00 -2.122478426059995815e+00
-4.263945584227202268e-02 5.550918020766672234e-02 -7.146285678002596564e-02 -5.825323287457351631e-03 4.507990872788925248e-03 1.587772712564661237e-02 9.577776030778828789e-03 6.876127134107350332e-03 -1.994566840987266998e+00 -9.945668409872695515e-01 5.433159012732234443e-03 1.005433159012732114e+00 2.005433159012730560e+00 -1.296187214610449584e-02
-3.192484505750596835e-01 -2.979239626011856434e-01 -7.577096024410145958e-02 -1.186142698183810934e-01 3.587602143808594213e-01 -1.587775032792180796e-01 -1.059601663214606138e+00 -5.960166321459114958e-02 -1.447168593358815425e+00 1.940398336785398969e+00 5.528314066411827987e-01 1.552831406641192569e+00 -5.744830613841667155e-01 -3.070061483797212332e-01
1.461750193625983851e-01 4.075008623095474625e-02 8.763798570936132126e-02 6.178242340102879648e-02 -5.345853455797799914e-02 -4.796552375110763045e-02 -3.720990492072820954e-01 -2.045494624279593943e+00 -1.045494624279587503e+00 -4.549462427958762822e-02 9.545053757204092770e-01 1.954505375720406057e+00 2.141277311206305489e-01 1.371480714685342495e-01
-3.160296025842880052e+00 -3.141514592199301070e+00 2.730054287301376253e-02 -1.064653889950186068e-03 -6.666447411080955558e-03 2.467347343730719872e-02 -7.240990989676832079e-01 2.759009010323263955e-01 1.275900901032322787e+00 2.275900901032327894e+00 3.635803546391159916e-04 2.640628693839555119e+00 3.640628693839562224e+00 -3.141031780751373237e+00
-3.745026684455367016e-01 -2.174535249225957867e-01 -4.601810265047837079e-02 -4.875342225844922495e-02 -4.554597678980416842e-02 3.770291910068032486e-03 -2.188928105299257965e+00 -1.188928105299253524e+00 -1.889281052992556886e-01 7.248964384902462088e-01 1.811071894700745144e+00 2.811071894700746476e+00 -6.964833005004743560e-01 -3.686441199579128525e-01
-5.008030299803734042e-01 -3.143981475989425789e-01 2.329045388703470873e-02 -1.066894281573784742e-01 -7.380021370212262732e-02 3.209746182595547837e-02 -1.548096695434609149e+00 -5.480966954345909414e-01 -7.233110047109704288e-01 2.766889952890357329e-01 1.276688995289044115e+00 3.451903304565392627e+00 -8.324205281750887142e-01 -4.264283792835993347e-01
-6.948834336681465607e-02 -9.607719660075064727e-03 -6.332311445242794212e-04 -4.377049072172416871e-02 -8.671224974029778654e-03 1.408528565922273490e-02 -1.906615188766390467e+00 -1.710784090732586193e+00 -7.107840907325796431e-01 2.892159092674150278e-01 2.093384811233606868e+00 2.289215909267413362e+00 -1.550394233484157780e-01 -8.388302360173165162e-02
-6.010308222852516619e-03 -3.040969061287998251e-04 7.222971770431990679e-03 4.489577478705814376e-03 -1.018409866161143484e-02 -3.209222633005354153e-03 5.006055770830348910e-03 1.039430684763183697e-03 -1.999086760053002232e+00 -9.990867600529935721e-01 9.132399469979676082e-04 1.000913239947021305e+00 2.000913239946995326e+00 -1.599142063736511132e-02
-2.289199272751207381e+00 -3.177997808242861710e-01 -3.876721217176610779e-01 -5.396617051474590365e-01 -3.718149835748490450e-01 -3.783733725180664642e-01 -1.750966595135178938e+00 -1.317245689120199126e+00 2.490334048648262244e-01 6.827543108798012073e-01 1.682754310879803317e+00 1.832163583477845803e+00 5.099624198455946278e+00 -2.206971199390529659e+00
-3.701251565588201814e-02 2.375090026349109540e-02 -1.387796789752189681e-02 6.537467898969524793e-02 -8.003551064622453637e-02 -2.784401377785618303e-02 -3.167718040897820497e+00 -1.750388879114189500e+00 -7.503888791141857251e-01 -1.677180408978257709e-01 8.322819591021618502e-01 2.528485135137505058e+00 2.553408235078110877e+00 -2.169197219067209997e-02
-2.089883313213399596e+00 -1.250062404347710432e+00 -3.209480831530393541e-01 -3.555713536157288357e-01 -1.245173614716922894e-01 -2.277874891811992875e-01 -1.421973819761867874e+00 -1.961653181284687797e+00 5.780261802381352343e-01 1.578026180238130793e+00 1.038346818715290443e+00 1.330244796758888182e+00 5.286127870170627574e+00 -2.071749751712957277e+00
-1.779169132578367618e-01 -2.078262594715981626e-01 -1.519635415133900047e-01 -9.161029982627096058e-02 8.267607665676536544e-02 -9.164894104407088349e-02 -2.857782849696965499e+00 -9.115036616368268896e-02 9.088496338363241112e-01 1.422171503030424944e-01 1.142217150303034279e+00 2.142217150303034945e+00 -4.297176253005211555e-01 -3.319352767490784117e-01
-5.267352668135233396e-01 -3.846053718823473355e-01 5.315425057627826827e-02 -6.976025815795093565e-02 -7.890904895192674129e-02 1.279667599032540022e-02 -2.205663890381856618e+00 -1.015308819115510630e+00 -1.530881911551094411e-02 7.943361096181544845e-01 1.984691180884484485e+00 2.794336109618148711e+00 -9.019461335762076759e-01 -4.544516303137701163e-01
-1.951799477563181950e+00 -1.144828773304872593e-01 -7.787175616520028432e-02 -9.491047752749398603e-02 -7.342368990426208220e-02 -4.664288849789306052e-02 -7.315268472019902379e-01 -1.871868694254144483e+00 -8.718686942541404861e-01 2.727209696021130725e+00 6.693948877374524820e-01 1.669394887737451372e+00 2.669394887737448485e+00 -1.914373868155901270e+00
-3.229651607740685049e-01 2.298703371656455469e-02 2.273460583491384440e-02 -1.396640413493259458e-01 -7.463823811610116599e-02 -1.717833603626133659e-03 -2.409692149142317774e+00 -1.191408198387426287e+00 -1.914081983874195425e-01 5.903078508576860006e-01 1.808591801612571048e+00 2.590307850857696881e+00 -4.039377689210579270e-01 -3.128724658193025032e-01
-1.001666109934539958e-02 6.529269887078407997e-03 2.760614637921448428e-02 1.596422278190545371e-03 -1.561863005134524196e-02 2.339359089918862517e-02 -1.510347846971994867e+00 -5.103478469719902044e-01 4.896521530280013579e-01 1.489652153028007575e+00 2.244940666396147205e-04 -5.083286769540364958e-01 4.916713230459713868e-01 1.095919781520712788e-02
-2.589405695604964919e-01 -6.225728805930758059e-02 -4.395415228139527841e-02 -2.796317913156905893e-02 -1.482752277492227488e-01 5.319862002775817972e-02 -7.085202216075043857e-01 -2.125204956609590301e+00 1.291479778392502276e+00 -1.252049566095918554e-01 8.747950433904065903e-01 1.874795043390415694e+00 -4.276962307667401264e-01 -1.796266144468780801e-01
-3.361817462538472245e-01 -1.170355932787759401e-01 -7.107449612293703645e-02 -1.775628069434323220e-01 -4.190684381106499212e-02 1.340809089107559970e-02 5.170153386770763859e-01 -1.783374517149608485e+00 -7.833745171495968274e-01 2.166254828504007579e-01 1.216625482850390849e+00 2.216625482850394846e+00 -5.411574515340565883e-01 -3.420068174972318853e-01
-2.016204090121988604e-02 -3.273948359482983794e-04 2.105228350657894348e-02 -4.265238151471162191e-03 -4.196590206019378683e-04 -2.938348061133175260e-03 -1.648378676792984665e+00 -6.483786767929934358e-01 3.516213232070058980e-01 -1.939794329366496539e+00 1.940442488729282156e+00 4.713825076196200281e-01 1.471382507619629854e+00 -4.591658380480527490e-03
-4.825879439446706942e-01 -2.258519232439209212e-01 -2.281367975555082805e-01 -1.326374331495716596e-02 -2.985901950684130557e-02 7.181505031552359863e-02 -2.070908813531100012e+00 -1.201971506421811720e+00 -7.090881353109243501e-02 7.980284935781879474e-01 1.798028493578184950e+00 2.929091186468907537e+00 -7.771821999462235064e-01 -5.096673745658903965e-01
-3.123876107869776320e-01 -1.336490488508658148e-01 -1.061334182479282962e-01 6.557341385884447871e-02 -9.292392081415587479e-02 8.762963223213453279e-02 -1.795376874442423443e+00 -7.953768744424184467e-01 -7.746784384469347362e-01 2.253215615530508587e-01 1.225321561553058158e+00 3.204623125557563235e+00 -5.573110354542084588e-01 -2.540069848899516591e-01
-5.991197240994600159e-01 -3.344701144675722992e-01 -3.202599258296458529e-01 -2.133372755161166978e-02 1.909782419031225142e-03 -1.231845806857041412e-02 -1.404812401309430303e+00 -4.048124013094251405e-01 5.951875986905754701e-01 -1.705255668324920093e-01 2.595187598690583020e+00 1.829474433167497471e+00 -1.187083747237650089e+00 -5.803982578830428896e-01
-2.161965918856452618e+00 -1.215274687890975702e+00 -6.005757756544803927e-01 -2.354087052248015899e-01 -1.306939501624854449e-01 1.047644929393713176e-01 -1.531191815171008219e+00 -1.515958644636116848e+00 -5.159586446361227319e-01 4.840413553638770461e-01 2.468808184828990004e+00 1.584472458978767317e+00 5.368377450486521596e+00 -2.116810711986296667e+00
5.393784563989163956e-03 3.993551554909598872e-03 1.771824789301821440e-02 -3.008135503126651428e-02 1.376805437208652831e-02 2.210730022305838066e-02 -2.303420130906323582e+00 -2.311865686365638606e+00 -3.034201309063151997e-01 -3.118656863656563138e-01 2.593807471754756122e+00 7.909069034648590346e-01 1.790906903464856148e+00 8.675860662454177100e-03
2.782798256624560151e-01 2.644516398004248536e-02 7.228035040475680462e-02 3.708287404746109239e-02 9.944119633896039701e-02 4.199256721077954113e-02 -9.069364748260109188e-01 -2.099734495756055086e+00 -1.099734495756052199e+00 -9.973449575606463391e-02 9.002655042439425825e-01 1.900265504243932702e+00 5.650684082192924951e-01 2.716436561213457224e-01
6.576289134081720472e-03 6.833720458837479889e-03 2.131888892462820845e-02 -8.415413687739008164e-03 -1.860558703515502454e-02 3.717821052163050588e-02 -2.307746901136445317e+00 -2.313140558277691827e+00 -3.077469011364453721e-01 -3.131405582776862762e-01 2.593594202218162614e+00 7.855196405158654249e-01 1.785519640515847550e+00 1.888041564089569524e-02
-6.116201058518933031e-01 -3.369350405483541033e-01 -3.326613888106531025e-01 3.136943940322586138e-02 1.569995539333302048e-02 3.278022675811863990e-02 -6.456300512734713948e-01 3.543699487265317138e-01 1.354369948726535711e+00 -3.766694184984285543e-01 6.233305815015716123e-01 1.623330581501571279e+00 -1.118393756004636863e+00 -6.267158326446636840e-01
-2.213436323024673413e+00 -1.501228049767621586e+00 -2.345027246434024104e-01 -3.722139747234015639e-01 -3.577583036027228158e-01 2.880803662926534336e-03 -1.537788640642320903e+00 -1.378229273796976795e+00 4.622113593576876456e-01 6.217707262030414128e-01 1.621770726203029866e+00 1.434471927384724177e+00 5.649509211888473104e+00 -2.210832376119976406e+00
