5.221717963392216721e-02 -2.419585876310804268e-02 -9.902013177653809506e-02 -3.284258831736226736e-02 8.038622919900397651e-03 1.202425205331779517e-01 9.416145212425090782e-02 6.004719186541163101e-01 1.603407162411113474e-01 -2.641493775569658808e-03 1.078032473507086475e-01 1.183774011765208467e-01 -2.664859878535617843e-02 8.991400067855803702e-02
1.366517506335361842e-01 1.480399417282729224e-01 -8.961455887648326485e-03 1.866701457214686721e-02 -1.659834883875061298e-02 1.747392118429928198e-01 1.435094436931338285e-02 4.127455708567374093e-01 -2.197223905201512173e-01 -2.461733265385611727e-02 3.668324915340205328e-01 1.330611391223067708e-01 -4.595025909790541319e-02 7.698011023331691183e-02
-4.367289711627207055e-02 1.463476630222352963e-02 3.202460497256746051e-03 -1.984921290316260176e-02 -1.190458701597745493e-02 1.346288265309944499e-01 8.350568944058792131e-02 4.538741577847982267e-01 1.335705508674918385e-01 3.846193692354526322e-02 3.846842600648697763e-01 1.542507234625992152e-01 -1.266806421233783730e-01 -3.248764482124430475e-02
1.471107930216507820e-01 5.945612551128339612e-02 1.951131935426171637e-01 8.290760446015889296e-02 3.041589548777741056e-03 6.313114318779905476e-02 1.252240611808168869e-01 4.904855300789731087e-01 7.172977571465083413e-02 -4.386189872509965726e-02 2.604495012694412748e-01 -4.492744662459281085e-02 -4.963473974482322804e-02 -1.940068445273206987e-01
1.874696463405121916e-02 5.161345005584246082e-02 -3.363873341318445592e-02 -2.115422083276954357e-01 6.302381253732443345e-02 3.282518038243394942e-01 1.288339400615801100e-02 5.264942918527997229e-01 -1.642200998744937357e-01 1.642107065637158358e-01 4.100694067047691016e-01 3.807978576768300538e-02 -4.345808560130634546e-02 5.703899164329076510e-03
1.187720999287633222e-01 1.055931141874305451e-01 4.276999516486708341e-02 7.605310465711445644e-02 -3.212401285387723321e-02 -6.579656114926604737e-02 -2.816298520065360633e-03 5.140558152622365373e-01 -6.315472830283271055e-02 1.209962738627965058e-02 5.103358397668185109e-01 3.250572507814103451e-02 -1.799606483563444548e-01 9.788531564506702809e-02
8.790360904637464778e-02 -1.675253448354113717e-01 8.004620953498275959e-02 -1.358149650296597566e-01 3.587194677841046286e-02 2.927153841024944247e-01 1.422143144256052955e-02 3.938056052884044145e-01 -1.120845803847292377e-01 4.732494958379573902e-02 3.926224091789025095e-01 2.127985274070179345e-01 1.491064307112330983e-02 9.422562710066324093e-03
7.158958781902458046e-02 -1.284041319412396742e-01 -5.977789922133398826e-02 5.076068367784873636e-02 1.083283000307919963e-01 1.715259859636512063e-01 8.416685899204930099e-02 3.068066591928682585e-01 1.164147305971060115e-01 2.981074023999741307e-01 2.725769733830492592e-01 -1.783486722573625338e-02 -2.155333882415465252e-02 -8.648855694956664175e-02
1.095882504529181733e-01 2.197094609908744056e-01 -6.992192622624299192e-02 -3.065024081813314330e-02 -1.754698576563772372e-01 -1.028314276248921549e-01 1.890687893493887828e-01 6.300827254223820839e-01 8.498884108620496924e-02 4.925476436259346169e-03 3.866153572610913081e-01 1.955990573611438021e-02 -9.395629611646101609e-02 -5.490670398793973117e-03
1.099387533228853298e-01 1.074968484085007669e-01 1.145332584677650062e-01 1.068809069881442864e-01 1.730735519009722612e-02 6.454906757537759443e-02 6.002505544727059460e-03 5.120082984549357841e-01 -3.057592655655896885e-02 -2.339936066510328594e-02 2.287521335804409972e-01 5.337047739087700388e-02 -9.214901531688635128e-03 -9.143102827606788829e-02
5.247032624752609453e-02 -4.087816628807262875e-02 -1.212864100017792546e-01 1.677362495878298998e-01 -1.171528573520232985e-01 2.251295095071098595e-02 1.481828236747285144e-01 6.170778928455569190e-01 1.738163966534983784e-01 -2.580017457123598423e-02 3.725247366702035268e-01 7.175928131635730955e-02 3.701744664739674284e-02 -1.917621084863647130e-01
3.661264726341587061e-02 3.919401184394310372e-02 4.019505851795419915e-02 8.673693247716696142e-02 -5.128724878841731116e-02 6.482774949232224249e-02 7.259453939452256699e-02 7.443622379309646764e-01 1.818410633968955414e-01 -2.040111899260906581e-01 2.457991748204851334e-01 8.888397350084661919e-03 2.195810122636117356e-02 -1.214930871052759126e-01
1.160345555961073416e-01 2.323746048826298705e-01 1.761448716501151646e-02 1.739460987975986750e-02 -6.162306893142505126e-02 -2.215129403452288925e-01 1.275119805257974581e-01 7.095880196700294906e-01 6.934225384500636302e-02 -5.844983480016344157e-02 1.144090745917926144e-01 1.317321655525450219e-01 -1.059969274875742912e-01 7.779940775004466624e-02
1.170252088220724990e-01 -1.319628144612566834e-01 1.127145925664009424e-01 7.192878106987120324e-02 -3.759692199197240542e-02 -2.348259119950401458e-02 1.231698220750166023e-01 5.228021057020932894e-01 8.883953099543925175e-03 -1.199947592378684119e-02 3.827469624768515266e-01 1.007729411222146598e-01 -1.447145125585535264e-01 7.593033709534106890e-02
1.222293349554419845e-01 9.240039553730633459e-02 1.758493493437784660e-01 -1.666670743773000229e-01 -8.250015236922352002e-02 1.398437981576346190e-01 -3.509460255567267706e-03 4.361944469762794041e-01 -6.151122232348675556e-02 3.515961878888716058e-02 3.520403078791138340e-01 1.277544849447227737e-01 -1.587059371500590399e-01 1.576404977868043622e-01
1.597155575435657560e-01 5.485408963017647521e-02 -2.657281388266892214e-03 1.422689274276681126e-02 -5.895217376159644571e-03 1.525394055907400570e-01 1.016073787866965672e-01 5.775165945171604198e-01 -1.020071296365802072e-01 -1.550195353922571295e-01 3.908337132914088130e-01 -2.127384528361234151e-02 2.502965545934376576e-02 -2.325189059064975555e-02
5.269647491102152220e-02 -3.305230824892312763e-02 -6.777464785436520915e-03 -4.832531288463569330e-02 8.277594872078178345e-02 5.830128191401807991e-02 2.130131392831084436e-01 6.568224541520526483e-01 -2.203629472051873289e-02 1.636516668527750185e-02 1.250653337880300031e-01 1.118309192106663741e-01 -1.735522069389486971e-02 -2.310572943721507858e-02
1.741956965265623603e-01 1.507170860952485869e-01 8.063503691705944942e-02 -2.083553619396097956e-01 -9.956329023395577016e-03 7.480308550130521095e-02 1.208344207023766825e-01 4.549254928880258619e-01 6.629557789215155539e-02 -9.524120858315919536e-02 2.906148397967162067e-01 8.734390020743595939e-02 -5.705211968298179448e-02 3.645827059659727948e-02
1.037088843062386329e-01 -1.817007765921941839e-02 1.599642159885242623e-02 2.555736151017479196e-02 2.788968548039427384e-02 1.226765057733987530e-01 -3.055579740594309424e-02 4.758405691728782583e-01 1.959454355553393590e-01 1.038109465569646284e-02 4.499796434315757598e-01 -8.959584013733275232e-02 -1.103959311408701377e-01 -1.303956724685064426e-02
-3.360356702111896854e-02 1.501809180425688894e-01 1.576261827435791185e-01 5.231739325172654609e-02 -9.478196989770457104e-02 3.038220848990916267e-02 2.123201590323431087e-01 4.112361051892121644e-01 -8.024065336903360435e-02 6.055009683314557800e-02 2.773639166348019769e-01 -1.167069616518809361e-01 -3.634432135504338246e-02 1.759188809718274238e-01
1.103371288186814347e-01 1.740687633091370645e-01 5.717437232253116952e-02 -1.118357002767499664e-01 -5.283699289714761244e-02 3.562043770777754276e-02 1.717235912737185011e-01 6.809471114717935425e-01 5.725358019562339085e-02 -2.408472562157292635e-02 2.591310377338871263e-01 -1.686232610737278814e-02 -1.548806554429233984e-01 -1.953723459305069937e-02
1.671141711047077760e-01 -1.361409250448558650e-01 -1.521157666557333421e-01 4.430886113312106425e-03 6.656935401421774923e-02 1.920082021866087452e-01 8.006798802024020500e-02 5.559601506774146662e-01 -2.577101869021896086e-01 1.829484086876583815e-01 3.121988367029584488e-01 1.100117583535357851e-01 1.380307537671237039e-01 -9.715524313066616069e-02
1.292933717620442235e-01 1.994151126109549033e-01 -9.077890175844494092e-02 -1.372758935141179248e-01 2.997256772808249911e-03 1.526825756392349853e-01 3.315896409673763090e-02 4.933039923101063540e-01 -3.400587937878415956e-02 -1.143428601746379614e-02 4.310464699679046885e-01 -4.454626222909638389e-02 -3.049701839024876460e-02 7.285888602269710579e-02
2.138757598344775968e-01 -3.415245781176458936e-03 -3.892049461450674402e-02 -7.862334847562481299e-02 -1.550663612354309662e-01 -9.047031393139026711e-02 3.274575638896388974e-02 5.891587879011321860e-01 6.819644721956368005e-02 1.601419719467659097e-01 4.554393052618448401e-01 1.477581546994040929e-01 -2.547047967395607571e-02 -1.091315516457344176e-01
1.755610801352950889e-01 1.093598277993320100e-01 1.148550202437991496e-01 6.158991910300078837e-02 -1.472756358189039605e-02 -7.309886950026614483e-03 -2.039722340055692001e-02 3.704198745462975451e-01 -2.650996186981266489e-01 7.061916346677270251e-02 2.440829762421196925e-01 1.536111837310661088e-01 -3.172866389914335422e-02 2.053822991563932221e-01
-1.875338734223672144e-02 1.899309673530381187e-02 5.685270447943700789e-02 1.226503505492200635e-01 4.782791145800434005e-03 4.635210644474105357e-02 -3.715102083563505408e-02 5.495530500194517609e-01 1.349369574597903687e-01 -5.778982054905817262e-02 4.136849187502579794e-01 -8.701866483612145931e-02 1.983940370586516691e-02 -7.140978324839362956e-04
2.148385161082921324e-01 4.540071953975845231e-02 -2.199636402109485939e-02 -2.771479489576993485e-02 -2.069485628063472138e-02 1.407008336670199922e-01 7.854186334108245737e-02 5.157281357881307038e-01 -7.047749763505382903e-02 2.660182022095572418e-02 2.845931154630401139e-01 -5.628576672480224696e-02 1.924877513192357892e-02 3.773388819148512652e-02
2.271188580388683598e-01 -6.061200565476207447e-02 -1.054485673350832459e-01 4.141965277398289291e-02 1.581850928517219979e-01 -5.061495345311917138e-02 -3.236662505724922922e-02 4.030581114335723969e-01 1.094237729530985262e-02 -4.231805471934661084e-02 5.230300638341387476e-01 2.468976309194290952e-01 -8.743651362880777711e-02 -6.563667940432295345e-02
3.198177554406610168e-02 -8.196511353703579694e-02 1.815144331110298825e-01 -9.943860386691927289e-02 3.063247031557149447e-02 2.845309917768771291e-01 4.123681462105658474e-02 5.179022302143548862e-01 -1.007126798796384726e-01 1.492147188359635168e-01 2.579892460907537988e-01 -1.072911286127075370e-01 9.902343891497940309e-02 -3.840020563401919107e-02
3.297183531371830623e-02 1.113128632450490346e-01 6.841877319893850673e-03 -1.132601630389035025e-01 1.732944660464676156e-02 -5.268961298639913970e-03 1.496963936875484735e-01 5.304545141680570008e-01 -2.236006988811707619e-02 -5.579331982572330317e-02 2.131270112525971427e-01 7.630268676869202127e-02 2.462078198989574584e-01 -2.134354631344383482e-02
3.352146492357277463e-02 1.802722110006946266e-01 2.166743248747541317e-01 -1.109032155690724275e-02 9.673384844064637778e-02 -1.672961961481968518e-01 6.507583055868830513e-02 6.630746859841086804e-01 1.089256285176714995e-01 -2.028996226191587260e-01 3.245752905844404568e-01 -1.194487270451808081e-01 -2.311747485230444474e-02 1.217445231503858343e-03
2.297636774167468587e-01 5.226842765774002142e-02 -1.949281978020617756e-01 1.326303488493540406e-01 -3.988746479797744549e-04 7.689938110202290678e-02 -3.610468540195228837e-02 5.238167459609104348e-01 -9.615065430284966408e-02 2.074295863787965211e-01 2.246734525794527593e-01 -5.749354565363817837e-02 5.291437727332844870e-02 5.089834848446216087e-02
-6.766302796712038436e-03 -1.473140474886566187e-01 9.571331070301805632e-02 2.232331539677849530e-01 -5.307242401510865737e-02 1.244699751793139908e-01 5.319325165660755694e-03 5.779434618234476906e-01 -3.059206296940860520e-02 1.508356893958198164e-01 2.755221416742977825e-01 -1.476604833318449772e-02 6.097171965173970448e-02 -9.527950406367999281e-02
5.138107119062058914e-02 -8.151932559728358729e-02 6.372387301014724448e-02 4.330057935683895819e-03 8.413532743990603802e-02 1.550921643644521120e-01 -7.583860234021866549e-03 4.177810983889158059e-01 1.963778049326784028e-02 6.411250943622168186e-02 3.131258498056505579e-01 9.778877761926252354e-02 7.677825837369516015e-02 -9.256519433218569903e-02
-9.690650925281797667e-03 1.139497451266244382e-01 9.827476240873057878e-02 -8.711478287115062558e-02 8.427899624500513609e-02 5.853778638493274677e-02 -4.727298207725565832e-02 5.073859488069213386e-01 -1.191857645395705961e-01 1.168057223802326239e-01 1.608081458413779530e-01 1.368954805543573516e-01 -3.683036956339113405e-02 1.893763501228002966e-01
1.496212936727201459e-01 1.705935864661196205e-02 -2.848477948825218348e-02 8.919439577899884730e-02 -3.922713695757875513e-02 1.297981361354069163e-01 4.735921710635108278e-02 6.375567148733727318e-01 -9.393171679169447230e-02 -1.266730034046812878e-02 1.723242545443092744e-01 3.857614470468201384e-02 1.303427547258299291e-01 -7.130294871595684036e-02
9.209291744125677748e-02 6.494455329702294999e-02 2.176042822374838481e-01 3.612355814630183182e-02 -9.208545751005141333e-02 -4.741690858341567061e-02 1.713698795181840470e-02 5.171224045539992709e-01 9.471532340287368290e-02 1.652879118252885970e-01 3.330465158233958389e-01 -6.281639560203988726e-02 -4.687851818528888936e-02 -1.226587869043130469e-01
-6.690030977536756684e-02 1.642941710553710855e-02 9.785050431215480682e-02 7.569353853363273987e-02 -3.699901468479029759e-02 1.672330104605982415e-01 6.926623221001229624e-02 5.908671881418129379e-01 6.435153246815501771e-02 -1.622790428188093659e-01 3.462903890738388557e-01 -1.221261690800742594e-01 2.768516221804391553e-02 9.885594972958813842e-02
4.063042176565241637e-02 7.449083809322615268e-02 -1.517660946134311295e-01 -5.002982653266394020e-02 4.452685505409467726e-02 2.433636206330444252e-01 1.225215379583352443e-01 5.070932778096177707e-01 4.532712377970257722e-02 3.925650405447814184e-02 3.174645512722983343e-01 -4.399401908578993992e-02 1.073106309900464031e-02 -3.339746539323704133e-02
2.303107251076571549e-01 7.201889051438394029e-02 -2.469106919133947156e-02 -3.976115393445209256e-03 -1.070698209651035626e-01 -2.267813861603829029e-02 -1.042826506337140857e-01 5.180238434843559281e-01 -2.887118464131342016e-02 8.878063569245041309e-02 3.631763718492260207e-01 2.034900048660024385e-01 -1.161890594505255933e-02 -6.394198233736528639e-03
-7.561791920137860001e-02 6.773000821765048918e-02 1.186608770889238523e-01 7.096739014210529106e-02 2.067258578935610505e-02 9.637946570620176123e-02 2.196243210725575823e-01 6.133371055749394785e-01 1.520094625105478103e-02 5.877726098184497816e-02 2.577491336533115907e-01 -7.581035400705643523e-02 -9.336319556428052113e-02 -1.280892378108981766e-01
3.614567755461610410e-02 9.801405496420036167e-02 -1.350677231414911805e-01 8.675470954036945681e-02 5.491478205074292601e-02 -4.160154605142456219e-03 -9.527595278345334096e-02 5.615802998844471317e-01 1.024152928219044557e-03 1.881215818335145451e-01 2.587151832524597350e-01 2.033468764845345611e-01 -1.331534127992363425e-01 4.525831273055205134e-02
1.040419822338550099e-01 3.831620622177289021e-02 -3.532444095831813874e-02 6.085906282703709702e-02 4.846586498847157976e-02 1.588536111120648631e-01 -6.084124095498201143e-03 4.443427068700188665e-01 -7.244932485900706931e-02 -6.634019603549165534e-02 4.506446948430185562e-01 3.078862110214453801e-02 5.951257617686064871e-02 -4.940885253259658105e-02
7.180572729575354640e-02 1.028160511352936568e-01 2.567094703305878179e-03 -5.852992245551288941e-03 6.265348142757605487e-02 4.428717281400955386e-02 9.266630283377728927e-02 5.821348790718431365e-01 6.442210129259123841e-02 -9.900322226839679274e-02 1.969761832246542110e-01 1.253759082284196802e-01 6.201824892186134919e-02 -1.366485485408052980e-01
3.979775909685495661e-02 5.369431200918126784e-02 9.822774332000286379e-02 -5.534905364086552260e-02 -8.450120440474398475e-02 -5.229313999192938822e-02 1.830089036324561436e-01 4.926544332883168176e-01 -1.026923051790899072e-01 1.617760221719556635e-01 3.486080315676060026e-01 1.857224478016075708e-03 9.134594425844344556e-02 -9.916282711871823863e-03
7.956616552253258090e-02 1.426718266622394593e-01 6.027443821332746643e-02 3.686240168138772352e-05 1.590373280383194574e-02 1.936212343049863449e-01 2.812833913669231245e-02 5.827716134553492244e-01 4.213590499599048633e-02 -5.730645089959191668e-02 2.754956192082144706e-01 -1.003148075680935364e-01 -6.312980322107664133e-02 -3.363628712175110308e-02
1.755582590742478244e-01 4.519589132749336768e-02 -2.299816088121089952e-02 -3.703766525044997066e-02 8.909783393382633698e-02 -8.097659968243096917e-03 1.113123766456792368e-01 4.336860733477756469e-01 1.643040738574365611e-01 -3.690710479322938109e-02 4.158097512339473667e-01 -6.483667987900004759e-02 -9.911516213569823708e-02 2.465613817576668872e-04
3.047852978739407637e-01 -3.781426859534344626e-02 -1.254956603358467829e-02 -1.763933228679585574e-01 8.160235481764659127e-02 6.896089853111067591e-02 2.550636293150371214e-01 4.674421375312203253e-01 -1.270688902375662066e-01 2.104428676397059050e-01 2.616580771595931054e-01 -3.630696480236819679e-02 -4.202052620133894106e-02 -5.158333623576222271e-02
2.956139403469603133e-01 4.093509864088816508e-03 1.251463727546897053e-01 -1.012101055165384317e-01 -1.311161591646952396e-01 2.934788404944401602e-02 8.313397007326930876e-02 3.700303132327261713e-01 -8.764307311827598812e-02 1.956496919803706741e-02 3.064072769354274084e-01 7.839075409838357211e-02 1.435641121307933143e-01 3.089462301002235053e-02
6.153675503505668526e-02 6.992501363896912181e-02 -4.182765893119495815e-02 -5.283018905946632038e-02 -3.483470134344235358e-02 3.237243630892239210e-02 6.959008356561743880e-02 4.531377967372989257e-01 1.424105158108525115e-01 -3.507079054229222947e-02 4.087415679251701350e-01 3.074843605388234702e-02 1.017944012577239044e-01 -3.947527856276504543e-02
