1.002276838380154189e-01 -2.108923135929339360e-02 6.424543082311207076e-02 9.419635948638707679e-02 -5.681105057204040298e-02 -2.144810129907505081e-01 8.473510363643455695e-03 1.501937983633759577e-03 -9.086355694416764495e-02 -4.974786642825126254e-02 3.855157475970650421e-02 9.191903135065558617e-02 9.566027010475872117e-02 -1.495027398465235448e-02
1.005744851942082241e-01 -8.127734793346817754e-02 6.122045991625742201e-02 -1.489333166435299338e-01 -3.553843024743813528e-02 4.999733396844179001e-02 4.264516494580503081e-02 -9.223402892362841943e-03 4.397497092514825873e-02 1.948533787748365359e-02 7.342410103461814719e-02 -1.487830534704612795e-01 3.356810020663601041e-03 7.590969373539131759e-02
1.590128010672606576e-02 1.043759278812391930e-02 -5.077117177754216643e-02 -3.523490631064621348e-02 5.901563491158562380e-02 7.001444795401268184e-02 7.352019554024080694e-02 2.899072628211455532e-02 -3.396863471871198331e-02 -1.034843762225428482e-01 -8.744733660422353283e-02 8.498203719842417625e-02 -1.520859135679435668e-02 3.008590863999036427e-02
3.723866086473409664e-02 2.100268672238148060e-02 9.221764463701780101e-02 -1.765456509411933786e-02 -1.013667213127797256e-01 2.665882168883148412e-02 3.538102203950922037e-02 -5.228374190229316543e-02 -1.255581822694060712e-01 -2.448981596323853566e-02 -2.027025513924088362e-02 1.329334993270659682e-01 7.243824573884245083e-03 3.577992825841049690e-02
-2.572577461575559221e-02 -9.149974216504819235e-03 -3.511243222869007974e-02 -4.660338155282675587e-02 1.268235453959662418e-02 4.321277246393413762e-02 1.315277540432956416e-01 6.594081902590570587e-02 5.745143115223352859e-03 -2.845739305026909194e-02 2.758051214000145634e-02 1.196291272840414865e-02 -3.461136937566214322e-02 -7.215913658589542812e-02
2.366099965036122521e-02 -7.553464023000045630e-03 -1.109142301896244034e-04 -3.265238204795670868e-02 2.933822832124774460e-02 6.703440637367460986e-02 -3.619029085938792276e-03 -5.514435765780527354e-02 1.764226763585457353e-02 -1.027505607225843998e-03 4.839216241923410822e-02 4.148592427413735906e-02 -2.646961405025846648e-02 -5.414391554137783225e-02
4.083826701547207255e-02 -2.550052162188974972e-02 -3.038521459268901659e-02 -1.684746540391104247e-02 3.132109025720929835e-02 -4.837116826278311382e-02 1.082835229429064960e-01 -8.796414642408886819e-02 5.005115794674434848e-02 1.077358349446207730e-01 -1.788120804269242303e-01 4.438575829719759031e-02 5.417453172055083227e-02 -2.076759961658382336e-03
-1.172856576314856569e-01 -1.192994579972021241e-01 1.682773490776398040e-01 9.269208247361832020e-02 -1.039020566960084518e-01 1.823670881093100715e-02 2.684956995427686399e-01 -1.221880634795637632e-01 -1.326071120500024736e-01 4.669931499236160133e-02 -4.850275483772646667e-02 -4.891631815031723118e-03 5.931753876291153554e-02 4.179084727754676237e-02
-4.189653520151735006e-02 8.649293028361229596e-02 5.172139825996846518e-03 -9.136191602522890365e-02 1.132645082003537890e-01 -5.820940472906160207e-02 -7.909278075336295677e-02 3.764374974982170885e-02 2.011413391235339354e-02 -1.813958002532495561e-01 1.886096175170944023e-01 8.709426588697224969e-02 5.044354747149128182e-02 -9.004564945451853930e-02
2.100322408598766927e-02 -2.424538465916195595e-02 -4.793674357508821531e-03 2.853561039744675898e-02 -1.194847773579252037e-01 1.154504403144372415e-01 1.243822066177721619e-01 -6.341131900794153009e-02 -3.919152401489757465e-02 -9.825656009159772220e-02 6.788612233674715113e-02 2.645837999923573991e-02 2.666340577665040484e-02 -1.416334360848726763e-02
-5.859888171558448600e-02 1.477855807686010228e-02 6.469062994852461945e-02 -1.514499868288272412e-02 -4.208493721643939700e-03 5.212002582278066343e-04 1.288583415266116583e-01 -2.090884705505253321e-02 -8.816818974296698752e-02 6.548588428321611837e-03 -4.374541131926569515e-02 1.256578420570650390e-02 1.917843168174968027e-02 3.046609454215139928e-02
1.180814824785794692e-02 -9.087990440699150740e-02 5.131282148422292022e-02 -9.894006260977591949e-02 7.417246987536295355e-02 2.523261008613193745e-02 1.840742207819028309e-01 -5.854400878645895506e-02 -2.562519600735040093e-02 -1.117382053182150448e-02 1.971131124272899188e-02 6.007800142478803007e-02 -2.501742902964959603e-02 -6.937635534019070960e-02
-2.716103917275032933e-02 -5.486771447661626180e-04 3.701585608084892627e-03 5.137319999762553560e-04 -3.658268546393592113e-02 1.740248050695462900e-02 8.607749019640710542e-02 3.478287871052029856e-02 8.813138083720386401e-03 2.388497209656618991e-02 2.324076657585311817e-02 6.716745091278895560e-03 -8.003658549457198790e-02 -1.397199516258032341e-02
-4.898152015085283778e-02 6.332240462909478895e-02 -7.014753101293114135e-02 -5.306607261303122880e-02 -4.531089331728074127e-02 3.683355412941431706e-02 1.376656044899679521e-01 5.153166829297995549e-02 -8.362796527080648690e-03 8.652326898264868504e-02 -1.055370003114674965e-01 -8.214936599253624960e-02 5.267293620697841711e-02 3.183854962485327400e-02
1.019602294378407249e-02 3.319990131669323108e-02 5.807362704189929399e-03 -2.698946985802730056e-02 -3.030554411943622850e-02 2.601792069261054871e-02 9.071836996312421242e-02 -8.566150873347787298e-02 5.477917688795633233e-02 -8.030544680615392394e-02 -1.644668026590538276e-02 3.809531438629547295e-02 5.529125064159726155e-02 -2.756386332249330037e-02
1.087142129984250936e-04 -1.250387647758920487e-02 5.919750052153373299e-02 -2.291949790741202794e-02 -4.585126283556971438e-02 -3.003211218259252760e-02 1.441343210097660310e-01 2.186920393723723946e-03 -2.099472560575169414e-02 -1.185508489778101370e-03 -2.848015997601350061e-02 -2.368534308247833772e-02 3.347042638483044980e-02 -6.612589534910191108e-03
-1.461831922549195195e-01 -1.268756411359062697e-01 1.527020063980278619e-01 1.034697985911880863e-01 6.383718935467030259e-03 7.283942674190690969e-02 1.007950055318649341e-01 -1.148833289020474990e-01 -6.667978886567264840e-02 6.458465038104486966e-02 -3.999345834271160471e-02 8.681539380706508602e-02 -9.500741931982378818e-02 4.886563486527367023e-02
-1.337233413386914628e-02 2.438472661114935575e-02 3.676378502547757859e-02 -1.533848959113185556e-02 3.863973684178350493e-02 -4.060160886339793385e-02 6.388571333037680600e-02 1.472060341885118515e-02 -3.863012996639414963e-03 -4.716575266701719671e-02 1.368877831396581903e-02 -5.887261039580347910e-02 1.209505285660243852e-02 2.186821868040938338e-02
-4.170142528003968618e-02 5.219395484955044462e-02 4.268485821808745001e-02 -1.597069613853104725e-02 -1.975574727249428814e-02 -6.086820720700600318e-02 9.161072603743310172e-02 -6.408998668831464990e-03 4.426943798702248634e-02 -6.921115500479055327e-02 3.026196283708514068e-02 -4.125359516471385768e-02 3.845909386061401730e-02 2.522597377371302296e-03
4.441663048207078295e-03 -3.401747293529689548e-02 2.019540946326714437e-02 6.618014100208756412e-02 -7.523283789633755658e-02 1.944777278593168637e-02 1.228708701411754256e-01 -3.292426951647009666e-03 -1.278242095362041100e-02 -1.200237418162599518e-02 -6.276812143026851143e-02 -5.964430657991261903e-02 4.054204048269926391e-02 3.289487043609788663e-02
2.293753281342644779e-02 4.933136099432706284e-02 -1.368228452049079780e-01 1.170730812613682698e-01 -6.499221066677336733e-02 -8.566159362964148594e-03 1.115381989918425576e-01 -7.970675135538379807e-02 -3.035276571829795614e-02 1.348401458212177863e-02 6.029949017673202211e-02 3.680095964202659276e-02 2.662672232924450863e-02 -7.081782205200494451e-02
9.394814066507646208e-03 1.575855648656845909e-02 -3.565098824092403917e-02 8.512065268773402055e-03 -6.332832982209349315e-02 7.521650580656673302e-02 8.607775294271372002e-02 -2.070206494491325794e-02 2.995855291494209025e-02 -4.042355191056472286e-02 1.154615404337282214e-02 -2.152398814485508363e-02 2.642411797504262694e-02 -3.442679001037987629e-02
-3.200425157353334327e-02 6.304759017620065187e-03 -2.476218503899828283e-02 6.456884183478775463e-02 -6.704148024090879343e-02 -6.924821511146777089e-03 9.556678267782099667e-02 4.219382988678414131e-02 1.383716383555708834e-02 3.959733013664534784e-03 4.679164574258903864e-02 -2.336196244491586804e-02 -1.071003657614919002e-01 3.480511699292837546e-02
9.583339869973061653e-04 -4.693500801890744534e-04 1.011060415837036763e-02 5.855891414658777154e-03 2.838473083853237239e-02 -6.914713598425856894e-03 7.576741402093699340e-02 1.972254627498537180e-03 -2.813043196345304392e-02 -5.272487051047970719e-02 -1.000107956378688129e-03 2.551916480253739114e-02 -3.238447244884618687e-02 1.988835913899784230e-02
2.092894139891639527e-01 -9.239916590191032952e-02 -1.847914488347003059e-01 -7.683879560446850443e-02 2.802362384406292817e-02 -2.913646389090812638e-02 1.480687166209376515e-01 -5.433436650656496558e-02 6.446845213283843370e-03 -1.531659873668788849e-02 -5.201230119922278794e-02 1.779656664614453210e-01 1.322010709224767377e-01 -1.503333899461505863e-01
1.139670046676203030e-01 -2.183473755525249527e-01 -1.825417837121309783e-02 5.756297616161091396e-02 -1.197140447560312848e-01 4.128970237891409906e-02 1.457651201131477392e-01 1.004925322046813924e-01 2.914772813894229986e-02 -1.341235346895855440e-01 -2.211118209090436049e-02 8.000191377023824213e-02 7.094164610781084068e-02 -7.978550165194947530e-02
1.870442231518744391e-02 -1.026935371724241181e-01 1.392880023269523759e-01 -7.124939962395992164e-03 2.851094273368618304e-03 -3.970414785398033997e-02 1.335295539136005516e-01 -1.206812277741099448e-01 3.483978865454365192e-02 -1.260061603125037788e-01 8.585911281646244064e-02 -1.415070319696708212e-01 -1.247976074198353311e-02 1.819576379177104686e-01
3.203234196700995712e-02 5.629077690222966668e-02 1.118933488862755218e-02 3.484730095083906493e-02 8.157514488073613901e-03 -1.024406315860422328e-01 4.604294148298725131e-02 -1.689848714801717167e-01 2.538747246125617335e-03 5.425293148383594083e-02 -6.879746487682386613e-02 4.672886709769089042e-02 4.397858176029919436e-02 5.099643610607613314e-02
9.438620287351644211e-02 -3.467650077253622148e-02 -1.327975226183709112e-01 2.193966547044036430e-02 -1.709092805778853752e-01 8.076728379241970845e-02 1.305013828611530091e-01 5.968191874323203194e-02 2.787861033027458357e-03 -2.736723492095952115e-02 2.756860307725086945e-02 1.392348954355939611e-02 -2.000536677904499183e-02 1.032304704954911667e-03
8.932563413678769326e-03 1.357046186869399762e-01 -5.910551012833261536e-02 -1.324186195586418979e-01 -5.344639221428366949e-02 -1.438439507647720772e-02 1.164791534459913014e-01 7.314118262669866422e-03 -1.090168340418921564e-02 4.470897462937532818e-02 -1.150199408948265611e-01 -2.972318507701457099e-03 3.357426595925711021e-02 8.836797181729730277e-02
3.613023312229484557e-02 1.123574640030229957e-02 -1.148823274551960885e-02 -5.066232644110022637e-03 -2.982015131655782816e-02 1.090783183209238089e-02 8.962942562312438410e-02 -1.828963221213584373e-02 5.317910354031570898e-03 -8.458070778183736371e-02 -7.399288474660626301e-03 2.147592319701303876e-03 -3.048506527762116433e-02 7.859337723165271683e-02
1.218089120528719621e-01 1.715522471369340662e-02 -2.072910009200534115e-02 -6.844623041295604116e-02 1.442182889502519137e-03 -6.339329884187339115e-02 -3.760833955468575237e-03 4.836769041777949640e-02 -6.217474205196827503e-02 -2.018477421107626318e-02 5.182670922372401706e-02 -1.999592607942943939e-02 6.480683302463756401e-02 1.101597533253904850e-04
7.610506226473466584e-02 -1.132560355354925996e-01 1.818088551416093164e-05 5.114730324172054275e-03 -1.238422201951955293e-01 6.525400716137122470e-02 1.029060595891836544e-01 4.658390761259224161e-02 1.130750919067451121e-02 -5.953615496157919212e-02 1.810449324879583304e-03 7.074256570381151632e-02 1.877294672242143386e-02 -5.514820165633068511e-02
-6.605684764876765258e-02 6.393741303312626412e-03 7.341017978213908168e-02 6.779211298091461502e-03 -1.178050638001672257e-02 1.283482098103812807e-01 4.940735036041647710e-02 -7.217595237459903390e-02 -8.574427719436047979e-02 -1.604613029669354693e-02 -2.595692552976516798e-02 -6.147897688338172656e-02 5.412560476372502150e-02 6.760812542027543059e-02
8.430319618730340581e-02 -4.553599232395452029e-02 -8.484560473281282933e-02 6.854101824513782193e-02 -5.088146162410182860e-02 -6.301335441417288061e-04 5.734884646444943224e-02 1.304141303635008610e-03 -1.471618788743662282e-02 -1.097853152628174012e-02 3.175619789993480019e-02 -2.685068281150454830e-02 3.444002558096977834e-02 3.577975199560615160e-03
-2.948208840933301544e-02 -5.164614882197153534e-02 4.438342375397055090e-02 4.802715046082393219e-02 3.788288892109699380e-02 2.444328720991317816e-03 1.089897268668776620e-01 -6.699832510394346241e-02 5.385803762178461435e-02 -7.743502940369481613e-02 3.979938978360540724e-02 -2.784601189671320753e-02 -3.297340274849230868e-02 -2.171133314245093926e-03
7.664036108436193817e-02 5.975240881479178257e-02 -2.355102631873436103e-02 -1.382850559770517906e-01 -8.387225210116303065e-02 -3.017519033373042281e-02 5.180215485950708659e-02 1.258302244344206879e-02 -3.609885758138378208e-04 9.383239885749722342e-02 6.212570720255568280e-02 3.652495371161157411e-02 2.026412658761804833e-02 -9.044781382413494275e-02
-3.160869790225065423e-02 -4.998018986887070580e-02 3.980830694981506157e-02 5.615449648142110256e-02 -7.351875713509742338e-02 2.836364541581920529e-02 1.137698796711531790e-01 -3.175717970353424992e-03 -9.576971622549945717e-03 3.907304247301490729e-02 -3.417568918182996990e-02 -2.889374000847628673e-02 1.192050843831677504e-02 -1.132730930935476471e-02
7.104439065523308894e-02 8.565261310965672711e-03 -4.566347954933472342e-02 -1.044526420092895119e-01 1.339083110597869830e-01 -2.182356860378815641e-02 2.237102493304209128e-02 -2.384794682433301338e-02 -7.048485941932727816e-02 7.173945849173379331e-03 -8.106366134389766942e-03 1.018844701237020395e-01 2.633591184126082146e-02 -5.007164680194458456e-02
2.872092610267049789e-02 2.292683231414369138e-02 4.885080801198166123e-02 -5.782454968859059019e-02 -2.018739578664762932e-02 -6.902197439729086670e-02 2.239385562218995651e-02 1.250057899833587061e-02 6.257654195255582530e-02 1.645294110995666748e-02 8.032467646373790682e-02 5.458639677888101061e-03 -4.150428467742273836e-02 -6.483478927275132531e-02
-6.845611188008124404e-03 -7.616511532580946819e-02 -8.918073588283401132e-02 9.942882974275714381e-02 1.440481845468975786e-02 8.711409270758896373e-02 1.034820485971249537e-01 -9.801109005949781849e-02 6.718712168879303892e-02 -1.377525576122551332e-02 -1.524043951720648049e-02 7.334882644492803777e-03 -2.440799134732141856e-02 -8.492748322786805582e-03
-2.429493591409012665e-02 2.455629354612295923e-02 -1.035996538567184461e-01 5.270417175744676608e-02 -1.469030279169224532e-02 -8.261702668686116136e-03 5.101672779463187202e-02 8.508450856600047185e-02 8.044747368547904010e-02 1.668900034582969372e-02 -3.614587944854595614e-02 -7.557055980421881203e-02 -7.957509799364419212e-02 7.847276321284216150e-02
3.475557279318323978e-02 -3.190482300362315615e-02 -1.721437309726918385e-02 -4.463078732226483103e-03 -6.090940117339517512e-02 6.667864716814501935e-02 3.030546802451240113e-02 5.326879401652816898e-02 5.005678405178335538e-02 -1.946838858589678561e-02 -4.839649120060342258e-02 6.606572172185907685e-03 -1.980801681760330224e-02 7.325540815036463843e-03
-1.179388862557883000e-01 -1.331672126480460405e-01 2.508714621143226520e-02 1.043077198032763275e-01 1.715098199046822536e-01 7.673362590239488079e-02 4.684430591973576946e-02 1.448175096211167245e-01 -1.889700219194588859e-01 -7.263245080893333816e-02 -5.115547439299411581e-02 -1.172276673030196448e-01 3.068690385427946810e-02 1.279374885420795915e-01
-1.205196843078293611e-01 1.778780968742697532e-01 -2.191168589015173862e-01 3.043112756179724987e-01 -1.941438685658451735e-01 -3.994129279260526522e-01 1.337561704297610121e-01 7.422887975185195331e-02 1.916903461073321546e-01 -3.088744514865470261e-02 -7.436120486400718543e-02 1.240585704580504101e-01 2.223244443936557846e-01 -1.429729874882298968e-01
1.033248301003115155e-01 2.210746941565587542e-02 5.195974462983536657e-02 5.311926073742392895e-02 -1.300289889856803549e-01 -2.907767613872971196e-02 -7.595256432004748870e-02 -1.004518545418165570e-01 -2.792510193474994837e-02 -1.241977225523273332e-01 1.098237581774660909e-01 7.265076980814139107e-02 5.435439114084546219e-02 6.712649089442881967e-02
-5.694843958045007343e-02 -8.401656168838922412e-02 -4.823366664349665323e-02 -1.434276995214936457e-01 4.347491257569070788e-02 2.082949959196044865e-01 2.015719986574989742e-01 1.096820517621384661e-01 -2.951665639750611358e-02 2.754342993398618822e-02 -2.446212771731686164e-01 8.461806920359049577e-02 1.615067596102198744e-02 -3.773902657827001017e-02
3.256685064224350973e-02 5.948398296101242710e-02 2.005928043329506527e-02 -5.776474023879565878e-02 9.469753413141993037e-02 1.642374651762060558e-02 9.814944773510320825e-03 -1.095932586755180016e-01 3.626771842392326889e-03 -1.596764074690985302e-01 -4.313158073973159812e-02 5.505531256279862923e-02 1.110472216395666234e-01 1.422314805004136311e-02
2.290195122138203102e-02 3.581100410801089234e-02 -1.326787330421203004e-01 8.786391604962176527e-02 2.193950850834116076e-02 3.156788342803267672e-02 2.806222526056165179e-02 4.678243432542577435e-02 -4.120317468223866873e-04 -1.289920237486747723e-01 -3.719137176047142279e-02 2.227897652234789565e-03 -1.171370192432247444e-02 8.066384809955765012e-02
3.117854688378910930e-02 -4.133070001988642383e-02 -2.587512878878268224e-02 2.401154231581350412e-02 -1.014616157919172035e-01 5.644844235691805212e-02 1.124058087810001771e-01 9.153838345268863752e-02 -3.506910566561480952e-02 -3.439725842321637861e-02 -2.133495920600275708e-04 -2.846868762608932915e-02 -4.298784796590599672e-02 4.105377651402043054e-02
