-1.048291098732838122e+01 -9.484837647866111610e+00 -8.484705727886069582e+00 -7.483358558606031607e+00 -6.485386785458420178e+00 -5.484219920228827760e+00 -4.486022618006568763e+00 -3.483007666062228225e+00 -2.484772827814905938e+00 -1.484589185904365394e+00 -4.854879792441018083e-01 5.143744234334342025e-01 1.514809462834488585e+00 2.514846715737467875e+00 3.515129092742096617e+00 4.514583591033115795e+00 5.515759590674530699e+00 6.514496210623869743e+00 7.515201959420336308e+00 8.514607477594504203e+00 9.516500506211418298e+00 1.051502517204392895e+01
-1.048491966588928648e+01 -9.484417191283252890e+00 -8.484818770126850040e+00 -7.483197367326788196e+00 -6.484914912418865640e+00 -5.485056890682727726e+00 -4.484433284537345799e+00 -3.484312667088081739e+00 -2.484165637330564280e+00 -1.484975828365840300e+00 -4.851507083936166254e-01 5.157703547315151127e-01 1.515811876817185322e+00 2.515241564674804309e+00 3.514864282174540833e+00 4.515453503890471509e+00 5.514693216844040791e+00 6.514748559756709412e+00 7.515268379314381519e+00 8.515127824111416999e+00 9.514631652696566633e+00 1.051478600637479310e+01
-9.380239968863552491e+00 -1.249882481623317254e+01 -7.779401647287787824e+00 -6.607648008238426129e+00 -5.403231014303448099e+00 -4.566599030910602153e+00 -3.489544472632601924e+00 -2.723030866384682280e+00 -1.591560727891635496e+00 -6.280346408289166904e-01 3.833470711758146243e-01 1.009172089042003950e+00 2.483066884426787801e+00 3.553044126158141580e+00 5.128659331985481185e-01 4.635843981835219729e+00 5.512889893649910000e+00 3.914216437242136859e+00 7.451338938537089618e+00 8.456044952037386153e+00 9.744331193071351649e+00 7.347987991143535957e+00
-1.126250213985518123e+01 -7.094240663475359199e+00 -9.803659388738843461e+00 -5.342337000856300477e+00 -3.713638815277391370e+00 -3.016653909590588434e+00 -2.335718069151754506e+00 -1.291445898923959001e+00 -2.694268795335250655e+00 -2.858338389099037702e+00 1.893040566267407243e+00 1.858909652549789016e+00 2.551885804612110675e+00 1.759536626822227223e+00 4.209752547687448221e+00 4.054629230047903654e-01 4.272921712018471929e+00 3.184065819510689010e+00 6.428151492104641207e+00 4.795930462241992487e+00 9.650158004507900955e+00 8.739021756919317596e+00
-1.048354084180159873e+01 -9.485039630396785881e+00 -8.484009677036235431e+00 -7.485004754229034774e+00 -6.484882065518322136e+00 -5.485010148449365630e+00 -4.484693059189748254e+00 -3.485166446729152767e+00 -2.484072813256210210e+00 -1.484289878471322766e+00 -4.846632047133052623e-01 5.147443400187885487e-01 1.514760671691455229e+00 2.515153540806329246e+00 3.515431670980017742e+00 4.515775336460633227e+00 5.514579384164372655e+00 6.514630778269332012e+00 7.515184147791430291e+00 8.515434271232646068e+00 9.515336437658829638e+00 1.051537623866037485e+01
-1.048493583940653906e+01 -9.484657008878217610e+00 -8.484449718824851772e+00 -7.484290544620995078e+00 -6.484565962783321424e+00 -5.484555971554746279e+00 -4.483939145437714657e+00 -3.485187102786538205e+00 -2.484745536676866706e+00 -1.484459270469178804e+00 -4.844495623626645653e-01 5.148595452985826881e-01 1.515587921508318558e+00 2.515019919045929697e+00 3.514678116210466996e+00 4.515047158368592051e+00 5.515101592310436729e+00 6.515257272192005900e+00 7.514991286464702824e+00 8.514680485495096818e+00 9.515677246519093302e+00 1.051536941833115080e+01
-1.048377410085368666e+01 -9.484203589572144821e+00 -8.484091048552246050e+00 -7.484819447113729041e+00 -6.484841113402081803e+00 -5.484997739507399217e+00 -4.484750097109518663e+00 -3.483909068121169739e+00 -2.484780137850476578e+00 -1.485335280610762254e+00 -4.849618277089273732e-01 5.148755261166382269e-01 1.514769042418745215e+00 2.515814627097396894e+00 3.515285606072694691e+00 4.514970297501834651e+00 5.515149960802348872e+00 6.515733907507211597e+00 7.514757613228113087e+00 8.514998177574426563e+00 9.514971526847636696e+00 1.051517146317795159e+01
-1.048337923566054997e+01 -9.485195731913506734e+00 -8.484761169349619436e+00 -7.485225295817340196e+00 -6.484945794736793445e+00 -5.483591271733704531e+00 -4.484339928423825228e+00 -3.484825542365982187e+00 -2.484391411935732208e+00 -1.484574010765015828e+00 -4.852176589722105859e-01 5.160299631004896526e-01 1.514636667275958359e+00 2.515576237643292856e+00 3.514754662120868289e+00 4.514778198504977524e+00 5.514946589077048600e+00 6.515537032688190067e+00 7.514455260539586234e+00 8.515852788293885922e+00 9.515410372818044138e+00 1.051450357755475373e+01
-1.263679374338677341e+01 -6.110834196495352089e+00 -7.664640014667041257e+00 -4.022628844126703740e+00 -2.172303159269544537e+00 -5.211991676619463831e+00 -4.098872469570745913e+00 -1.266907189864290295e-01 -2.702716260867943809e+00 -1.593437479754606922e+00 -6.033007183768577253e-01 3.321963279258877133e-01 -1.323857886187384536e-01 1.339467187995791786e+00 6.379975001943228863e-01 1.472474101994652562e+00 3.081845875578790306e+00 9.496738177289707039e+00 4.517668692295445432e+00 8.608146035406404550e+00 7.705812885490964881e+00 1.022028258451136296e+01
-1.048297547481270442e+01 -9.485612473704584602e+00 -8.484917729415665022e+00 -7.484675697304982833e+00 -6.485322631218194189e+00 -5.485009893097643641e+00 -4.485113195397619990e+00 -3.485064498402852706e+00 -2.484919137575387182e+00 -1.482735133983858589e+00 -4.848981269381162917e-01 5.147269300439223372e-01 1.514379420063722392e+00 2.515120574019180211e+00 3.514549546621074327e+00 4.516951315782296916e+00 5.514427424154510149e+00 6.516632609746682903e+00 7.514534295282587095e+00 8.516856440088973912e+00 9.514278844676242741e+00 1.051482088931582837e+01
-1.048416512967509107e+01 -9.484354851259414687e+00 -8.484890548004342392e+00 -7.485120934857572905e+00 -6.484817949547000637e+00 -5.484387581659984079e+00 -4.485289616002273050e+00 -3.484646541489798466e+00 -2.485300955785930910e+00 -1.485349764539421358e+00 -4.847426539794970068e-01 5.146037959917002524e-01 1.515493991361422488e+00 2.516201252625743123e+00 3.515218558297918960e+00 4.515530551360411593e+00 5.515214624391362008e+00 6.515962588177481862e+00 7.515467646108440647e+00 8.515326398001477060e+00 9.515493581579493210e+00 1.051458783684806342e+01
-4.203022214993635153e+00 -3.698993379076119581e+00 -3.102672935425166756e+00 -8.532215370387751463e+00 -7.687161864471057982e+00 -5.154774573739603127e+00 -4.328911021616283605e+00 2.609994771295079730e+00 -2.796786209231750142e+00 -3.108304949506675463e+00 -2.547163277393056369e+00 -1.615866089681340378e+00 -6.501618418534262922e-01 9.904528627871214130e-01 7.924123219642890348e+00 2.299186622628285548e+00 3.080536984136661438e+00 3.632637175201117508e+00 4.720475470475612667e+00 7.290595662230383134e+00 7.176144000073042761e+00 8.037921256848768792e+00
-1.048437276177783417e+01 -9.484741669825519139e+00 -8.484821651808232446e+00 -7.484892834655271443e+00 -6.485369813374484593e+00 -5.484499213031748255e+00 -4.484965693882914550e+00 -3.484484282068230243e+00 -2.484525006941760594e+00 -1.484879453412505157e+00 -4.840108796276805236e-01 5.153984532437547728e-01 1.515610235997222333e+00 2.515007230707187347e+00 3.515611398287793676e+00 4.514989170499822180e+00 5.515072698958897846e+00 6.515529009767552893e+00 7.514720629223370807e+00 8.515327724882144622e+00 9.514925542541526227e+00 1.051540546424009825e+01
-1.048478486795322340e+01 -9.483884003352031300e+00 -8.484936897050252114e+00 -7.484576065431969738e+00 -6.484945569526059828e+00 -5.484699774872179745e+00 -4.484840516339648531e+00 -3.484543983231905173e+00 -2.484153766523709450e+00 -1.485320080410350130e+00 -4.844933565367455230e-01 5.152241025458597079e-01 1.515007469464427103e+00 2.515525351871128024e+00 3.514717232097266830e+00 4.514948609877706076e+00 5.515503395010110665e+00 6.515022139657615341e+00 7.515598546374922861e+00 8.515299576927304770e+00 9.515116002071978940e+00 1.051525075327265668e+01
-9.913512469186358089e+00 -8.916604939011584463e+00 -5.439018011767727145e+00 -6.100805142038326245e+00 -9.877264887849284136e-01 -4.544816103744021341e+00 -4.323550804541001824e+00 -4.208050900067545008e+00 -3.449502415793124221e+00 2.688333371192795918e-01 -1.584537501874039522e+00 1.322714885281849106e+00 -6.573804466920514233e-01 8.510781504122764574e+00 2.625478741621041667e+00 3.213424845311657396e+00 4.319307405237884367e+00 4.602753204089953698e+00 5.762003568002655562e+00 5.636941052091394511e+00 6.705502360474639545e+00 7.493798618090710129e+00
-1.177917946892541146e+01 -8.491170921744558342e+00 -2.201399455546593664e+00 -4.128359245736396232e+00 -3.022937685319104784e+00 -8.833045389109543954e-01 7.482998859399168090e-01 -2.095756996405634620e+00 -1.284821350646252913e+00 1.409527132416635187e+00 3.981711036922614966e-01 -4.985128325546645200e+00 4.123151815324494152e+00 1.323574184273972998e+00 3.137381515167132928e+00 1.515340078198676999e-01 1.699874625522951543e+00 2.523334627637127348e+00 4.373344235433034299e+00 7.538658475991240060e+00 5.383074478288732756e+00 6.398166199217310002e+00
-1.230775438340508288e+01 -3.904201374593813334e+00 -3.320857517250811686e+00 -8.358136938944149108e+00 -1.367973675052819527e+00 -6.394096172356875663e+00 1.096260929008537222e+00 -3.522123255359440819e+00 -3.413460475017296769e+00 -2.361628950461705401e+00 -1.365569578466263145e+00 -5.266296142037396599e-01 1.316936587927133306e-01 2.146850742736448048e-01 8.169555222807705519e+00 2.236962933183773039e+00 2.805525429949035310e+00 4.428292167107255040e+00 4.731965323344164531e+00 6.685335852024862469e+00 7.664364978866525568e+00 9.013824663696887285e+00
-1.048409008539540110e+01 -9.485016051002524762e+00 -8.485159973867915539e+00 -7.484706769951385397e+00 -6.484671789475457970e+00 -5.484097394414929383e+00 -4.485347445376907771e+00 -3.484635788270031398e+00 -2.484953443773767034e+00 -1.484511289068239037e+00 -4.848592013798054268e-01 5.150074779309896655e-01 1.515209135345427782e+00 2.515235301784478850e+00 3.515791711143460674e+00 4.514731158248393328e+00 5.515232507816762109e+00 6.515324142507520122e+00 7.515548553995101244e+00 8.515020188621488018e+00 9.515375305644475645e+00 1.051560804688116413e+01
-1.326562587895945278e+01 -7.672914518381107385e+00 -5.069235815862444205e+00 -4.068172194494593441e+00 -2.651988134352703419e+00 -3.189792900862090441e+00 -2.665570291511193624e+00 -3.318393908949748727e+00 -1.208778773956318942e+00 1.084960630307535645e+00 1.099950425127091957e+00 6.858186370070613602e-01 3.072810383420954583e+00 2.200689667954131679e+00 4.849589579635276149e-01 2.389737563743736359e+00 2.566096001993348530e+00 3.782047350195806068e+00 2.472091235066653514e+00 7.530645992804418931e+00 8.135632180788453738e+00 7.941067688900043109e+00
-1.048439555344256746e+01 -9.484649782153683262e+00 -8.484251712533552592e+00 -7.484524388882269008e+00 -6.484478016468601780e+00 -5.484753151508888536e+00 -4.484987114640793138e+00 -3.485140455040072638e+00 -2.484726985069828586e+00 -1.484851290556518322e+00 -4.847326773134188471e-01 5.151457366618217293e-01 1.515400889244947535e+00 2.515107299116518647e+00 3.515484589067369825e+00 4.515249292281536597e+00 5.515223543074995405e+00 6.515538657930759925e+00 7.514980296519674141e+00 8.515068973329928070e+00 9.514966170218853492e+00 1.051535997810689160e+01
-1.048397166552867787e+01 -9.484574655917546337e+00 -8.483888785270117694e+00 -7.484891156581330307e+00 -6.484003531661885589e+00 -5.484229470518489080e+00 -4.484863544729623897e+00 -3.485288525846875984e+00 -2.484406496313473767e+00 -1.485200698402785235e+00 -4.853854280981142466e-01 5.152961286631470017e-01 1.514942620965568310e+00 2.516616595062338035e+00 3.515423928472126036e+00 4.514807415279472380e+00 5.514801082285966771e+00 6.514835191043937712e+00 7.515184138986198192e+00 8.515600306066597014e+00 9.514750850471580534e+00 1.051447999951514056e+01
-8.600643801013040601e+00 -8.408695220409327931e+00 -1.021205791154925535e+01 -2.748993950282911491e+00 -2.611993260284317664e+00 -4.885833926233227764e+00 -2.978447300096563666e+00 -4.025477222943457001e+00 -5.315854807577931052e-01 -9.958497705870006378e-01 1.506950051386167777e-01 1.522249286964310722e+00 2.101303345447910420e+00 -8.729706624599000708e-01 5.883590812744007081e+00 3.394823491139187244e+00 1.164721805552838774e+00 3.952051896627668981e+00 3.813952843142883520e+00 6.896743629386202556e+00 9.103046894861279270e+00 9.225403793555001286e+00
-8.093477378903481068e+00 -8.285362116424296985e+00 -1.130782633385701885e+01 -7.285183682452769816e+00 -5.107262749863305196e+00 -3.470208678782036760e+00 -2.594027455471981991e+00 -7.492478371172326401e-01 -1.370998087003919785e+00 -3.473208368029200521e+00 8.898820319169565840e-01 2.277987838509663021e+00 1.562546038617711242e+00 4.425977294443086407e+00 4.490727238395989751e+00 2.004254967082704564e+00 2.440409679657015829e+00 7.282468074970159577e+00 6.746265282970513866e+00 4.688175807665372119e+00 7.707907760055281443e+00 7.556234971563906555e+00
-1.048392806032844504e+01 -9.485224565660415053e+00 -8.485283350741321229e+00 -7.484931973909814573e+00 -6.484304508363658570e+00 -5.484921267425489688e+00 -4.484539067542007373e+00 -3.485138794576592147e+00 -2.483864246105596862e+00 -1.484877532517378640e+00 -4.849932102317247029e-01 5.156670900230952981e-01 1.514557504857121373e+00 2.515929857099584055e+00 3.515571245754300023e+00 4.516281211579377342e+00 5.514742458069857634e+00 6.514770695770318198e+00 7.514839628542002714e+00 8.515223594213065184e+00 9.515813449228337717e+00 1.051464414020830240e+01
-1.048454995182429883e+01 -9.484667797657577282e+00 -8.484507125887001067e+00 -7.484776401045662553e+00 -6.484952476891601592e+00 -5.484751475128268439e+00 -4.484619424763058859e+00 -3.484928635033707423e+00 -2.484620885076843422e+00 -1.484859240326015239e+00 -4.843699085441564023e-01 5.153491263362433017e-01 1.515529955652620941e+00 2.515156890180968219e+00 3.515443975952532440e+00 4.515268358317282349e+00 5.515249247578053016e+00 6.515043097463513178e+00 7.515138029036188883e+00 8.515117349949743897e+00 9.515107790854830938e+00 1.051523379879917997e+01
-1.048574085973884706e+01 -9.483870994976980384e+00 -8.483199876479140755e+00 -7.484719936481958769e+00 -6.484783832661127789e+00 -5.484960485927096840e+00 -4.485677768222316786e+00 -3.483998958698748538e+00 -2.484226372770280022e+00 -1.485562626949768372e+00 -4.843363507904854259e-01 5.154100761494770921e-01 1.514700423248783068e+00 2.514494548805721763e+00 3.516409020193586699e+00 4.515469040044315818e+00 5.514741118320001689e+00 6.515738646753801433e+00 7.516663815148843852e+00 8.514183799990185264e+00 9.514073829420576445e+00 1.051522804356432594e+01
-8.954852868970691659e+00 -7.828712404592726770e+00 -4.613425412203402409e+00 -4.591465232327996304e+00 -2.147307309453093449e+00 1.979809216029183361e+00 -1.864014043088101813e+00 -2.679079337693141660e+00 -2.265859631412137976e+00 -2.499606519084852430e+00 -1.210853410001358377e+00 4.508074019509953345e+00 -8.699411635675639021e-01 4.577698212393173094e+00 -1.306506892352213622e+00 3.355782213982889672e+00 1.250113543088155144e+00 1.359593743608563887e+00 6.245979480428415442e+00 2.501318940210745190e+00 6.005011510834540545e+00 9.384277642604754277e+00
-3.013187993015477240e+00 -5.551692676227568235e+00 -3.344706780588706962e+00 -2.669779658518956378e+00 -3.051404680786575341e+00 -6.233990185114554272e+00 -5.640649487635332804e+00 -1.407893414810964305e+00 2.043074485046592059e+00 -8.341236132559148864e-01 -3.182120247782020073e+00 2.322569029554268916e+00 -3.086997272448631424e+00 -3.765362890465011159e+00 2.125982161788194436e+00 3.503108449033065952e+00 1.700217516806922458e+00 3.090691325912468645e+00 6.362785224474816204e-01 1.127693424696558111e+01 7.929941081614403586e+00 7.489146379423850419e+00
-1.048497185212639948e+01 -9.484350093725039343e+00 -8.484122582795933454e+00 -7.484282673421231991e+00 -6.485154935243430785e+00 -5.484942236068560462e+00 -4.483723484995691067e+00 -3.484726511957971340e+00 -2.484789037230319408e+00 -1.484102972867797021e+00 -4.850531305101686286e-01 5.158961628648466302e-01 1.516496471044701977e+00 2.514794847843326409e+00 3.515088162300267882e+00 4.514659411189240856e+00 5.514636008915584142e+00 6.514497226950803466e+00 7.514774954793137951e+00 8.515560275790370781e+00 9.514960533854642577e+00 1.051488975333897358e+01
-1.048431331393400257e+01 -9.485102039846504240e+00 -8.484546681019391912e+00 -7.484350171956176467e+00 -6.484367628666484862e+00 -5.485131328078839630e+00 -4.484334548088636296e+00 -3.484147575768570704e+00 -2.484648858281703454e+00 -1.485314239832494110e+00 -4.849760803309486334e-01 5.152715099128659659e-01 1.515517498281861108e+00 2.515725160864255017e+00 3.515244717625041204e+00 4.515781286087889868e+00 5.514861884442231243e+00 6.514971698549647527e+00 7.515268440273670691e+00 8.514965693381681078e+00 9.514908741143599968e+00 1.051475013318385976e+01
-1.048421205512508436e+01 -9.484874128618029587e+00 -8.483931674876005857e+00 -7.484201564707573695e+00 -6.483224458315161698e+00 -5.485116324641508001e+00 -4.484817325391565745e+00 -3.485258966007037884e+00 -2.484071440317414670e+00 -1.484379007735045164e+00 -4.846151911399676493e-01 5.147376439787993974e-01 1.515245453200545711e+00 2.515482426367009694e+00 3.514857315204345412e+00 4.514587827704154677e+00 5.515163839540688784e+00 6.514567658982478804e+00 7.514677748761382503e+00 8.514569700441560585e+00 9.515461877665723378e+00 1.051538494297047954e+01
-8.525687129522399488e+00 -6.567549632264197967e+00 -3.683498086233479185e+00 -9.314899418949190490e+00 -4.932753549555195960e+00 -6.353864935032960126e-01 -2.694551518201275364e+00 -1.475857618663210857e+00 -7.040504471653958873e-01 -1.586738807488087932e+00 3.020228914964646627e+00 5.841824580464607841e+00 4.234617623881955062e+00 3.050800920170048336e+00 7.908026493671882484e-01 -1.733480760109297414e+00 1.063697279925993389e+00 1.801873808953421641e+00 6.458758735161029385e+00 2.218315286287963595e+00 7.812337386403102713e+00 5.897230574018180960e+00
-1.078533034052281714e+01 -9.528328781791749691e+00 -8.676489852246522361e+00 -5.857748018983537364e+00 -6.526339523305320078e+00 -5.580854194284103009e+00 -4.770507036058620365e+00 -3.713862307066358781e+00 -2.634620052517226085e+00 -7.457729917579225543e-02 1.193190319667889909e+00 1.378919693727107265e-01 1.146853073406551182e+00 2.061064428201542231e+00 5.044360949188763321e+00 4.048137731343846468e+00 4.948256286043482000e+00 5.911669548521880202e+00 7.067550761849410002e+00 8.068353331501299408e+00 9.019010553851261491e+00 9.838352750946521397e+00
-1.061395475215936202e+01 -7.810351703784697008e+00 -6.380605741543187825e+00 -5.353830085683135565e+00 -4.508309657983872398e+00 -3.422374756212662739e+00 -2.308486931922371088e+00 -1.708865277885627032e+00 -6.726044721559405470e-01 -3.667041657352225315e+00 7.606520489246608729e-01 4.643452324976400925e-01 2.756245291401149267e+00 2.825577948908729820e+00 3.214171609181160072e+00 1.387329078679986560e+00 5.597450835532870705e+00 3.297823192559701688e+00 5.056724830690677130e+00 3.324562565627363853e+00 8.346219663236329467e+00 9.751357037385925963e+00
-1.048293128000066332e+01 -9.485008598728610352e+00 -8.484839634461842195e+00 -7.485508234663464933e+00 -6.484988258643586079e+00 -5.485229806466550784e+00 -4.485418879850358920e+00 -3.485093647106138448e+00 -2.485110612078136327e+00 -1.485320509834727076e+00 -4.849686487154585279e-01 5.146936909718871078e-01 1.516835151748219701e+00 2.515104903416196080e+00 3.514765246347945293e+00 4.516575901345769140e+00 5.517063653604546758e+00 6.514541177587064524e+00 7.514651699499649951e+00 8.514544753865751048e+00 9.515018640594041344e+00 1.051665758951143026e+01
-1.048515592583206768e+01 -9.484920547089803478e+00 -8.482572019777521177e+00 -7.483324528417826471e+00 -6.482512564144357725e+00 -5.485015094957597981e+00 -4.486099318347209319e+00 -3.484318897805451343e+00 -2.485110000453202517e+00 -1.484571740708565457e+00 -4.859018332579019273e-01 5.146078013560888564e-01 1.514333068647157887e+00 2.514644517817263392e+00 3.514411642470134822e+00 4.514941229738964168e+00 5.515013023533592573e+00 6.515274151482357112e+00 7.517125829376954727e+00 8.513901262798079017e+00 9.514794900336035255e+00 1.051648934117771361e+01
-1.048410258442164888e+01 -9.484619379043573772e+00 -8.484556742012493658e+00 -7.484697908163086666e+00 -6.484663605689998889e+00 -5.484094873070725740e+00 -4.485097408294672405e+00 -3.484450168907653023e+00 -2.484622582793225121e+00 -1.484291240572931159e+00 -4.852938279509633190e-01 5.148915052413851612e-01 1.514974817633619963e+00 2.514722242951382469e+00 3.514767140150066638e+00 4.514845415949816143e+00 5.515220813453190374e+00 6.515343531966200530e+00 7.515072017908089208e+00 8.514938049018379473e+00 9.515407539904105150e+00 1.051634154468774085e+01
-1.047431513938041547e+01 -9.486602398482233411e+00 -8.487403544512666542e+00 -7.486478450623446079e+00 -6.487231853333396359e+00 -5.487125071612284799e+00 -4.487688633528636117e+00 -3.486163887110647508e+00 -2.475342067805195612e+00 -1.486574026671329207e+00 -4.872496453198635891e-01 5.131258937445455359e-01 1.513177362355310862e+00 2.524423507126883237e+00 3.513321903618892961e+00 4.512945589694099979e+00 5.513643291863518314e+00 6.512305048379023020e+00 7.514419165524564903e+00 8.512783912095143179e+00 9.524971035393788199e+00 1.051309230652721283e+01
-9.818142870772179620e+00 -8.778826853628400428e+00 -7.902001843747477494e+00 -7.323249740719941947e+00 -8.414104314186030109e+00 -4.863303477447008305e+00 -3.826590936032172152e+00 -2.860766621927465003e+00 -1.653049943909916442e+00 -7.161155851323675048e-01 9.819001084326850481e-02 1.248284241579256326e+00 -8.424601766858462737e-01 3.078302697053169279e+00 4.045125168961961393e+00 4.908423975137934825e+00 5.874006200336830297e+00 4.208335961131263403e+00 4.719160445097029921e+00 8.771717669884992574e+00 9.567892518277925973e+00 1.081520777382829124e+01
-1.094805267863526410e+01 -4.281399432896504820e+00 -2.388261233217179313e+00 -7.839552951269055825e+00 -2.036865636783343092e+00 -5.621111733251982656e+00 1.907074065807465857e-01 -4.075485506046199191e+00 -2.889804729213409917e+00 -2.978827144960239259e+00 -9.963917044822417912e-01 -1.432671913832967325e+00 -1.342769311109307750e+00 6.524971659012229752e-01 8.058737929354389706e+00 2.129225459412565691e+00 3.726891053744063598e+00 4.526984225656489613e+00 5.361806829684200082e+00 5.960132877687013497e+00 8.159186471227855009e+00 8.401058854392262631e+00
-1.048450897904965728e+01 -9.484812053767122109e+00 -8.484955917027871664e+00 -7.483903418210445579e+00 -6.484046305445110292e+00 -5.483988906172207578e+00 -4.484928364780820687e+00 -3.484999756244119951e+00 -2.484734552827751131e+00 -1.485113087025560219e+00 -4.849058565768498141e-01 5.148019540038824005e-01 1.515489277514532773e+00 2.515816186639378671e+00 3.514709976586415152e+00 4.515353244813994138e+00 5.514694240960192673e+00 6.514735383066248886e+00 7.515433010729863028e+00 8.515892547639921872e+00 9.515376803549841611e+00 1.051462886956603526e+01
-1.048436277833846475e+01 -9.484299537810393588e+00 -8.484480750831680851e+00 -7.484820348295302850e+00 -6.484766897830086307e+00 -5.484844920310104399e+00 -4.484986838969307499e+00 -3.484620061787689238e+00 -2.484664646061963467e+00 -1.484892373057911996e+00 -4.845843511548864058e-01 5.152914998206252761e-01 1.514963048425592262e+00 2.515351775017654390e+00 3.514897125688472457e+00 4.515218886462132986e+00 5.515295582738792390e+00 6.515387955037034828e+00 7.515246259895242531e+00 8.515740054574882478e+00 9.514890464869418807e+00 1.051507514986125535e+01
-1.185195452560946627e+01 -7.505591470068626592e+00 -7.599777836323750257e+00 -5.155788924848227595e+00 -4.074133065013675115e+00 -2.566583104726775755e+00 -1.632035165739946558e+00 -2.295664428069707164e+00 -1.466423493960658408e+00 -2.060912429373142452e+00 6.000139085558450214e-01 2.307924536596643428e+00 1.961846655270031103e+00 2.186191759432718484e+00 5.804871009306533658e-01 2.340628695990576880e+00 1.191525238047400848e+00 4.683197700483257009e+00 3.596650301576097331e+00 9.623871877276762632e+00 7.835319762175585900e+00 9.637241205341521066e+00
-6.414191463111830416e+00 -3.919482904103109622e+00 -8.552828843698632610e+00 -6.939118139522357787e+00 -1.125930696568699929e-01 -5.952084257568612813e+00 -4.171437795567309870e+00 -3.752620340248275177e+00 -4.286786812920027501e+00 -2.127801130912750693e+00 3.993491839947364230e+00 -2.368802293179111951e-01 3.563651988893040690e-01 5.763975678015831328e-01 7.759276215310712210e+00 1.404142845011464136e+00 2.197095831654354736e+00 3.583199524997341623e+00 4.226021741863903003e+00 6.837559229747017575e+00 7.267272777815989571e+00 8.601036511531773954e+00
-1.113717749522742295e+01 -1.161173515250387922e+01 -5.893675783737244878e+00 -5.544849309870823362e+00 -4.080559479846692206e+00 -3.418432337753642525e+00 -2.580592422172648170e+00 -1.948182814183163192e+00 -5.490627445153681840e-01 5.905017495948960971e-03 9.247582570566821314e-01 2.240457066285289844e+00 9.480110924557916263e-02 -6.767994728420743122e-01 2.639472795136758698e+00 4.048836879106572084e+00 8.138409703514528637e-01 4.781472761559709461e+00 5.042025921660199472e+00 9.328230875877366657e+00 8.517929853805874529e+00 9.339369803014637483e+00
-1.048494816740809910e+01 -9.484590044075794424e+00 -8.484680970961406388e+00 -7.484669392759171203e+00 -6.484182076359331859e+00 -5.484484730119069340e+00 -4.484695570374084284e+00 -3.484295634383522966e+00 -2.484397867525162340e+00 -1.484795434231115152e+00 -4.849289113825125952e-01 5.150798803025917749e-01 1.515252808278246377e+00 2.515411505644960855e+00 3.515076467936680160e+00 4.515226723795580099e+00 5.514890210872334109e+00 6.515376294201058016e+00 7.515008559619831274e+00 8.515055304562492822e+00 9.515295526182100616e+00 1.051502981612626719e+01
-1.048449484394350151e+01 -9.484353476627287449e+00 -8.483189800246181633e+00 -7.485640594227753297e+00 -6.485548475249226286e+00 -5.485098877413705054e+00 -4.485402190549805823e+00 -3.485133313997227589e+00 -2.485406303270281114e+00 -1.482545980675645581e+00 -4.846598221497036008e-01 5.147914202375911685e-01 1.515042951838545093e+00 2.516395202414557275e+00 3.517155966298153302e+00 4.514747372405100379e+00 5.514550170437862775e+00 6.514391055838633093e+00 7.514333611862236140e+00 8.515284104780725727e+00 9.514591938392689130e+00 1.051622418178753726e+01
-1.048433601212776978e+01 -9.484913447025153488e+00 -8.484581277790402609e+00 -7.484314710917830737e+00 -6.484886200251908761e+00 -5.483983584764340335e+00 -4.484709681096406442e+00 -3.485134200277666849e+00 -2.484352530064898090e+00 -1.484929942610596854e+00 -4.843276004222367703e-01 5.149863501163949309e-01 1.515190123495724350e+00 2.515035680410527164e+00 3.515026121315621310e+00 4.515574849126004153e+00 5.515038325366640848e+00 6.514968051490448886e+00 7.515058129009871024e+00 8.514998256144190591e+00 9.514995626089236325e+00 1.051563197272744432e+01
-1.159130403951000154e+01 -6.713494462499753901e+00 -7.117526048827577334e+00 -4.310154722037034425e+00 -4.787266957576637338e+00 -4.441837870760576124e+00 -4.204567481763672454e+00 -1.973152661157513421e+00 -2.674720203935603280e+00 -6.006248487315546392e-01 6.653290338184353336e-02 2.486780542737264454e+00 -1.617275625797283567e+00 3.157341503310881592e+00 4.554470997808752308e+00 6.451450333947843507e-01 2.161412773832608991e+00 7.676934254957703097e+00 6.487816691245139822e+00 8.134573837116638728e+00 8.656422454152490786e+00 6.340528228602231309e+00
-1.048508832129571999e+01 -9.484032000330365975e+00 -8.485298993912614662e+00 -7.484206977215706047e+00 -6.485597955909643275e+00 -5.483954186466618808e+00 -4.484713929620660622e+00 -3.485154802826340159e+00 -2.484929027882497365e+00 -1.484881321814942368e+00 -4.847383079203790857e-01 5.146639319983261629e-01 1.515581128272131650e+00 2.516627115282130234e+00 3.515005079182692782e+00 4.515454155477597098e+00 5.515656185421063284e+00 6.514682491394593100e+00 7.515124780210571842e+00 8.514908415350031845e+00 9.515122574838708047e+00 1.051580426571042359e+01
