-3.717261246426273313e-02 7.671890292714391713e-01 -1.185727829035096437e-01 -5.393696030518934509e-02 2.552419818426565970e-02 -1.265788061179644874e-01 -6.447270386902977102e-02 2.058302252434566493e-01 8.583844457338357659e-02 3.376086256340256053e-01 4.723623079023113180e-01
3.603050752303380011e-02 2.842016819434813324e-01 -1.768624288165694669e-02 -1.425742021268543713e-01 1.429773695096637764e-01 -1.671885941531802422e-01 1.258434297109005118e-01 7.371682296768358178e-01 2.281335466835779091e-01 -2.395556058225999929e-01 5.062688450857235622e-01
1.196713696560356283e-01 4.854507765206388936e-01 9.843913673011302212e-02 -8.974567956946824521e-02 -1.175222433184679172e-01 -1.802101191792703783e-01 2.778233499978295662e-02 4.279307673348133889e-01 3.197249994411475726e-01 -1.648907388609573699e-01 5.669883613945576606e-01
2.015133370731441234e-02 4.113872973164610092e-01 -5.523124165081520764e-02 -1.209109906455332617e-01 9.276791343317709881e-02 -9.780977967081812274e-02 -9.776532637138335424e-02 7.183230108485099130e-01 2.355477901233700710e-01 1.275525846014683405e-02 3.744036995984981187e-01
-1.200658011028950117e-01 5.797173184955793923e-01 -4.330805583987389074e-02 5.513355930703323082e-02 -5.582327924692812027e-02 -1.666694901135121198e-01 4.771061342603113986e-02 7.351566434138023798e-01 2.644370334468829076e-01 -3.114206204269338585e-01 5.087510437897404536e-01
4.155463451721172485e-02 6.294866570019678198e-01 -1.656573722631212997e-01 -1.343978504541174235e-01 -5.559028656397686091e-02 -1.533710957167679634e-01 2.339933452611475950e-01 4.990032220034291699e-01 3.769772365983989904e-01 -1.760936137161782933e-01 3.977140884809325372e-01
2.231055685208738551e-02 4.752143071739149960e-01 -1.555621102070294526e-01 3.597096170395785997e-02 1.814076035852182911e-01 -1.440207943561915838e-01 1.274211408659408629e-01 5.615023576413533668e-01 2.458955382468182294e-01 -2.926790773086659359e-01 4.361584809515218208e-01
4.612221159994593644e-02 4.890391021509446490e-01 -6.844013682619595751e-02 -6.106835070330510207e-02 2.233887217215286061e-04 -1.759230382542550930e-01 -4.087020400804933923e-02 7.826143733965310600e-01 2.655530680919549469e-01 1.013452289571399254e-02 2.462340280839181161e-01
3.447141524563585718e-02 5.340587248687460598e-01 -1.238952246689478537e-01 -1.134502671385870937e-01 -6.206511414314757474e-02 -2.135629383298997264e-01 3.183802685574834701e-01 6.301169058074113094e-01 1.842880027581972335e-01 -1.188133703716178075e-01 4.240905625636526843e-01
5.459075077659955588e-02 5.558573300093044844e-01 -1.804915170548258840e-01 -4.281263889849966364e-02 6.100625690459566403e-03 -5.983419864280893619e-02 2.347141733096049510e-01 7.281103642267265919e-01 1.844849874564224446e-01 -1.934562974895351339e-01 2.063553857654799872e-01
-2.982055714144974529e-02 4.175434500791789794e-01 -1.279124890814392623e-01 2.510037395850035422e-02 1.653117782291572690e-01 -3.407193323338430502e-01 2.449879350975857004e-02 6.155533382790709940e-01 4.032782691414907861e-01 -2.073649969527685544e-01 5.481503374612692880e-01
-3.258110319733641125e-02 5.263583674996417106e-01 -1.174626941466861002e-01 4.224152667277065315e-03 -2.112333017675889144e-02 -2.105660076178182682e-01 2.305740606546571592e-01 6.144382607042924160e-01 3.510313729109451053e-01 -2.052939562622999314e-01 3.540198421130115736e-01
3.447173812253492148e-02 5.669976614098606316e-01 -6.619835981567143146e-02 -1.966462332549588111e-03 4.388626254187780878e-02 -3.881570794355361231e-01 7.127631788574859129e-02 7.475396503305096196e-01 4.610602184194627085e-01 -2.610928213146354038e-01 2.858018393373250032e-01
2.138310274904993077e-02 4.206249893139544227e-01 -7.383052614461503571e-03 -6.469982851715375127e-02 1.125925598875586880e-01 -1.210425088252707476e-01 1.187666932131725556e-01 6.972515247335067112e-01 3.109419633215144141e-01 -3.111489538163726976e-01 3.163324757034278734e-01
2.767445426000851930e-02 4.748935216002352355e-01 -4.978976434868663536e-02 -1.106696384038851483e-01 -8.348026941726936767e-02 -1.704644550174613526e-01 2.616875076048049142e-01 5.820236732782914091e-01 2.671185744495516712e-01 -8.630674575330901654e-02 3.809321068966449175e-01
2.775997228392489136e-02 2.461275085082401948e-01 -1.980750165097723559e-01 1.416203534863069990e-01 7.120713835991412943e-02 -2.259436517270016764e-01 2.602876880540710425e-01 5.826431403227113615e-01 3.018028413420427714e-01 1.171659776949809106e-01 1.690230133335079987e-01
-1.233251360107623928e-01 4.040057263516099728e-01 -2.053265304299027039e-01 -1.252426052318292571e-01 -1.209294266940196400e-01 -3.746632090912125485e-02 2.708731213865054888e-01 6.521253426205096959e-01 3.842113497002588307e-01 -5.696532597879109400e-02 4.516587703444686075e-01
1.539014017851109140e-02 5.314002785046647581e-01 -1.170631841868279843e-01 4.055964794759211317e-02 5.796203728774102643e-02 -1.414113811793034081e-01 1.221783968577223739e-01 5.956592524379615838e-01 2.684110620412912818e-01 -1.100670668183877099e-01 2.305997820779611129e-01
7.135084492058579864e-02 5.933245000676838909e-01 -1.412255625771886014e-01 -9.731560889376644763e-02 7.847047090561028171e-02 -8.254014495512414229e-02 -2.559149425801049080e-03 6.651019854926929487e-01 2.507185439637981683e-01 -1.871908416530261299e-01 3.454839273034610025e-01
2.027010237343880306e-01 5.302033313186759189e-01 -3.847303525572804556e-02 -2.791171768143165810e-01 9.200942561608436987e-03 -2.461439301515540579e-01 1.822736546044760597e-02 9.642833108618176219e-01 2.273727690217133279e-01 -8.822205563733241662e-02 1.935864200492070641e-01
-3.968676112946305234e-02 6.188989062579987044e-01 -1.414581088239068585e-01 1.126801961994358323e-02 7.442581737532992514e-02 -1.750234444324291483e-01 -2.584185603066162518e-01 7.393182673064698784e-01 2.570641777230787128e-01 -7.911982782692873750e-02 4.863504793854485642e-01
-1.099006853060471856e-02 4.370448451774749388e-01 -8.797529993546629457e-02 -1.334033194567478819e-01 1.542211655673696724e-01 -1.318108497074122476e-01 -5.131513197719517194e-02 7.406871552646334678e-01 3.196532417862791853e-01 -1.318779448627493411e-01 3.893851718233439785e-01
1.402012260709096791e-01 4.693279693892322690e-01 -5.334724462382758187e-02 -2.538606424146561125e-02 -9.548997368968957511e-02 -2.680819566861661896e-01 4.900241123153839529e-02 6.181902758638039286e-01 2.539654712277630844e-01 -1.549224818361234594e-02 4.207290987904391821e-01
5.342907384397316533e-04 6.935230480151622912e-01 -1.172572213060608937e-01 -1.030134671855439596e-02 -6.122970914408136164e-03 -2.927259348637462066e-01 2.271281151122063191e-01 6.528582315480203624e-01 2.975758209072865701e-01 -1.285006292269716688e-01 1.769075618575513820e-01
7.414499242041523719e-02 6.360512732047670648e-01 -5.382253994260324803e-02 3.528778936749318862e-02 5.521126274347715190e-02 -2.088312175909357860e-01 7.353325097008309337e-03 6.411548520328645973e-01 2.856814836541630154e-01 -2.835485372904048007e-01 3.049362814526816456e-01
-1.140236047968927469e-02 4.849202073927383894e-01 4.900601809180754609e-02 -1.674645651852127715e-01 2.183649016135453258e-01 -4.158884752141211311e-02 1.499289845018737972e-02 5.876450929659794431e-01 1.419947012905346528e-01 -7.377453858779392526e-02 2.909254571182428584e-01
2.708681205771570205e-02 6.158596645714115025e-01 -1.109039971966633426e-01 5.276554431912069271e-02 -2.982619140490555890e-02 -3.577853848176166807e-01 2.445726669687445232e-02 7.681916013895948581e-01 4.088628266863585936e-01 -1.061893072904203233e-01 2.011001301374564509e-01
1.605879372831121032e-01 5.298042860570926216e-01 -1.517919199733309410e-01 -3.403988805553678776e-02 7.606520602503498429e-02 -3.513532791829708790e-01 6.326791983911610184e-02 7.345626489482119936e-01 5.114909619541385677e-01 -4.569368447982994907e-01 4.119619370523566748e-01
3.832135693258976322e-02 5.872719763355367384e-01 -1.035923777222474453e-02 1.288967712763114046e-02 3.041578719455478516e-02 -1.795715708944609912e-01 1.578372178081368163e-02 2.881060956789357475e-01 2.197079631618997497e-01 6.463578699760916257e-02 4.264174086060418256e-01
4.827113612580397062e-02 6.037165798670169892e-01 -1.986630844824793102e-02 -3.313126746777376053e-03 -6.650557859474669209e-02 -3.195585291564020936e-01 2.133280660968231435e-01 6.808150976279185862e-01 1.748611070812339796e-01 -1.568676904247494897e-01 3.387382117210535060e-01
-3.016100944338836153e-03 5.205627288522738372e-01 -1.561242904831896261e-01 1.284066027235662884e-02 -6.052978805191757544e-02 -1.969908549369004114e-01 2.213899982753113893e-01 4.992693518956606846e-01 3.791655939221598715e-01 -1.285587162423477703e-01 4.056103825898572657e-01
-8.266384341044892559e-02 4.373772215589884493e-01 -3.888276904234150982e-02 6.261209685687472298e-03 -4.486720056390294809e-02 -1.471656593119882450e-01 6.846982873287263405e-02 5.159736431058061790e-01 3.863665588119444272e-01 -1.458496495774129764e-01 5.385996251597218176e-01
1.233116248384075880e-01 4.765251646553455567e-01 -2.101515546900908082e-01 -1.460130708802364619e-01 2.314657115296769180e-02 -1.537909428996043770e-01 1.427060989355492249e-01 6.905427066848044415e-01 2.588724820660134873e-01 -1.127360767104767514e-01 4.012059619962475288e-01
3.450334392636019570e-02 4.839544142346038913e-01 -6.867672759305225305e-02 -9.547724224787526581e-02 -3.742834386483528258e-02 -2.176333034913841002e-01 2.123496971758708496e-01 6.400193402224678696e-01 2.980987472967983609e-01 -1.878467617244667098e-01 4.317558012144387947e-01
-6.893046104550560813e-03 5.539635300997998169e-01 -2.814838001677494317e-01 -8.858567409206095922e-02 1.905789365382552780e-01 -1.097952800944424490e-01 1.782398403249673691e-01 6.392182405028796754e-01 1.068124281149192834e-01 1.252945892081867331e-02 2.990343311060881804e-01
1.618742050128922361e-01 5.461825257739104655e-01 -3.430470174548103657e-01 -4.494557201729708351e-02 1.112687039695431541e-02 -8.394504371685621025e-02 6.992140525247816929e-02 4.510964973412306955e-01 5.402506318584305856e-01 -7.085763882436346695e-02 2.559621015263574551e-01
1.952633999941058018e-01 4.823432498722053929e-01 1.695341451261624111e-01 -1.393202242937715551e-01 -3.954788795195032097e-02 -2.535049168475523307e-01 2.393228825501821089e-01 6.813769258833772824e-01 2.691215507807679930e-01 -2.859642423074876816e-01 1.749940823428857151e-01
-1.372603733169786011e-01 6.495838525677114506e-01 2.116415234165321124e-02 -3.064068175856213272e-02 -5.031713937335031972e-02 -7.015416775453028331e-01 9.870228055594723604e-02 1.298458322454697944e+00 2.567620577875676657e-01 -3.848070344139118970e-01 4.735152058494531691e-01
2.647038996712265668e-02 4.724194423189004843e-01 -9.037042648758912555e-02 2.376254800853349475e-02 7.890582645325119882e-02 -3.415058416152816356e-01 1.512759803086438093e-01 5.883334553748417184e-01 3.161337743627029018e-01 -1.289325037593513079e-01 3.971263202171517182e-01
1.172582510312787513e-01 4.060928471757837555e-01 -1.520209485559484153e-01 -1.494584562227253555e-01 8.253662818012086344e-02 -1.276075813211594578e-01 2.098314177073316578e-01 7.035102996563359357e-01 2.732409277201479081e-01 -1.565776817190860926e-01 2.868132614968460503e-01
1.816701896854957810e-01 6.050945244205905293e-01 -1.016312349111061532e-02 3.402530537918239256e-02 -9.894358499790702199e-02 -2.496045840741221988e-01 1.644714411372652230e-01 5.785066563017154939e-01 2.332364358436114504e-01 -2.839898582996068788e-01 3.393155632438115132e-01
2.217907522758109234e-02 5.302705122618109890e-01 -1.537007569305338765e-02 2.887424116956676876e-02 -1.990703443970129327e-02 -1.552173411681811444e-01 7.202429254944929526e-02 5.729102925927076484e-01 2.124291569873785201e-01 -8.234488562113236043e-02 3.277707312824993391e-01
4.375730493124630610e-02 4.565798959634607135e-01 -8.705955882217558672e-02 -3.026800647134344352e-02 8.589105075107654474e-02 -1.082580597525998195e-01 1.228011848094217873e-01 6.969682783731480091e-01 3.036536542786994475e-01 -2.483226256046174307e-01 2.578758466926104331e-01
-1.558494960994018198e-03 6.903562373312683853e-01 -1.154564578020962212e-01 -6.285794180242799956e-02 4.109516988188760545e-02 -1.294263493800786313e-01 3.876442322002849467e-02 5.785518728374290376e-01 2.132319157073654103e-01 6.963198384259111640e-02 1.712866062739516471e-01
3.379434927867420307e-02 4.698492273625087257e-01 -1.105073238210629027e-01 -1.091706032569644963e-01 1.212488999372521650e-02 -9.935267583532852997e-02 2.823723352430706490e-01 5.632957311859898564e-01 2.363050783584175751e-01 -1.212725713076998890e-01 3.361805279475964525e-01
-8.825124114919012663e-02 2.794080479473526890e-01 -1.762512092848751433e-01 -1.859012844269925802e-01 5.032438686954336660e-02 -6.343699848175044474e-03 9.848137578939122894e-02 7.375039317539068273e-01 5.273403942181763560e-01 -2.043346371521227445e-01 4.616429004319096974e-01
1.865392998785953688e-03 4.571096789080630884e-01 -1.622886775443786456e-01 -4.473336572034426056e-02 7.141813168293895120e-02 -2.680358706674997871e-01 1.705286710902809422e-01 7.408541289341410430e-01 2.889758163638621036e-01 -1.485526656335887374e-01 3.864777247366653068e-01
-2.089441025047508727e-02 5.687615601023763290e-01 1.765992260116375917e-02 -1.961480594246652054e-02 -2.111437019420558947e-02 -2.992614754504808183e-01 1.383138567148667064e-01 7.212430883453235797e-01 3.602793168170502769e-01 -2.109404054013321317e-01 2.591866878071051317e-01
9.298346337475880963e-02 7.861713935165296485e-01 -5.759104321237589613e-03 -4.578537679213182110e-02 -1.051446980276008192e-01 -2.299753539853399975e-01 1.847438329484581976e-01 5.080231128242105321e-01 2.453929214691801530e-01 -7.834897974716608163e-03 7.080367211681415363e-02
-2.214611399829336524e-01 1.188196169119148271e+00 -1.015314215342349169e-01 -1.198984681933839419e-01 -1.929479020925792959e-02 -1.829863801932812839e-01 -1.427722181824720160e-01 1.393216937357269813e+00 -9.450057270446240998e-02 -4.437074817739516397e-01 2.383583314464867153e-01
