1.022942379486799051e-02 1.602322652602920505e-01 -2.228733100498112712e-02 1.172696927126503155e-02 2.631968785221472928e-01 1.916473258557337481e-02 -2.577218582497651719e-02 2.895077262340829960e-01 3.692470795416952223e-01 -1.547421259634908230e-01 2.948395660881631408e-01
3.239712769277984517e-02 2.733060016408335180e-01 2.540045775383548143e-02 1.131706651112533539e-02 1.312909467520098905e-01 6.530074680152926636e-02 -1.914183528796918610e-02 1.807052496320064039e-01 2.553843944739107585e-01 -1.357077747554357172e-01 3.950906172900132685e-01
-3.973337872624806144e-02 1.622657369235757652e-01 6.100506818932906195e-02 -5.093207462787496809e-02 9.994838426688143485e-02 1.874451360610156908e-02 4.571169467737862258e-02 3.037382412462155679e-01 3.348473693859916889e-01 -4.738518381768201670e-02 3.271326273809707641e-01
-4.113304055569711598e-02 1.631688294168472386e-01 1.889467818492978068e-01 -9.722520056501023078e-02 1.237962314449463641e-01 7.469987007122332219e-03 5.730803308910750737e-04 2.371210296933444761e-01 3.118746785553621614e-01 1.248781410975699849e-02 3.082628072177786005e-01
-5.990194750699436022e-02 1.840311482594169379e-01 1.043939840786900844e-02 -2.906952156478952165e-02 2.420748824448362979e-01 2.774667224441564745e-02 -2.157915392881611799e-02 3.102269798890853747e-01 3.648401183929588232e-01 -8.982632829142174480e-02 2.763607501580769843e-01
-5.014373878591805306e-02 8.368996368347063342e-02 1.044002227004187516e-01 1.384740620203134542e-01 1.814016435465481414e-01 -6.273543714353098377e-02 -4.541338078094040581e-03 2.989795794535661244e-01 3.212610057723617740e-01 -1.075959154194154749e-01 3.121529507549183347e-01
8.598760144703631453e-03 -1.472006424578628861e-02 1.522434890993337731e-01 5.536465131323173652e-03 1.519185816963185554e-01 1.781572445109431274e-02 -8.669598747877498013e-02 2.907231278854793821e-01 3.471944242733950858e-01 1.176683479283469015e-03 3.415517940682680775e-01
-2.232055514283365627e-01 1.833767326824750077e-01 3.543505847755101107e-02 1.148785434805058292e-01 1.310620766329398668e-01 3.824296348870916129e-02 -1.592661180608691274e-01 3.185611114152980816e-01 3.556011560320083142e-01 3.706217784783698288e-02 3.835948479365198227e-01
-7.767659037924753984e-02 1.154642546366236866e-01 3.894726878165456763e-02 -5.807995901318187271e-02 1.507942119388447078e-01 -7.392350774973852241e-03 1.556578886910882087e-01 -5.351676433826063617e-02 6.234253410512325955e-01 -1.345174679274797336e-01 4.622371658383372384e-01
9.901543392409681635e-03 -2.806657882973139895e+00 1.037446456383801785e-01 5.148042925683411070e-02 2.556382055153858315e-02 -1.704818300035447209e-01 9.895774054095524477e-03 3.193342117026857885e+00 4.282809349275996103e-01 -4.513478181320629279e-02 4.154082284468126329e-01
-4.508717056308076537e-02 8.593363726295774607e-02 1.062749952785519147e-01 -5.450643699758664362e-02 3.170738224577601128e-01 -1.414970587948357825e-02 6.464582244329300509e-02 2.627676660222861282e-01 2.781195701847087309e-01 -7.181609037977348953e-02 2.860868886750071449e-01
-1.239452568272135166e-02 1.981252309719423177e-01 8.592745888983013836e-02 -6.556699596051694667e-02 1.538415952511212048e-01 1.782301642520122131e-01 -6.524728173139664189e-02 2.521784875957365224e-01 3.319184746408910258e-01 -1.932416145151291953e-01 3.515720047928693748e-01
-8.795963079133292672e-02 1.921898759634020903e-01 9.590613493698985775e-03 1.216815423968655718e-01 2.368701696178424076e-01 -1.013059113681110956e-01 3.003443122710729857e-02 1.993766532709270456e-01 2.898914068228036212e-01 5.040234916064888215e-03 3.199336129553702057e-01
-1.533971714570419101e-02 9.732573558957388626e-02 4.454796448012251359e-02 -3.633671414343074557e-02 -9.129520812964526666e-01 -2.040847236770182427e+00 1.087047918703554661e+00 3.505951653888088049e-01 3.773243183855153893e-01 1.959152763229816907e+00 3.048248820830170569e-01
6.448523249662442558e-02 9.725481095291323153e-02 7.944066391693246909e-02 -8.229969887486425495e-02 2.118989026525804342e-01 -3.959336525508024701e-02 -2.709213392623564809e-02 3.073920161217416069e-01 4.018782382423789490e-01 -1.262968273352028936e-01 3.282751595128500233e-01
-2.051625531133552394e-02 1.355256209453800653e-01 -1.003588094511596515e-02 -9.328449791810575209e-02 1.038294961678463690e-01 6.107228242637488362e-03 5.632077802107294390e-02 3.675051323977676088e-01 2.995081499984961759e-01 -4.679563995419459832e-03 3.750627909014145889e-01
2.895699533062143574e-02 1.545785361681621672e-01 5.732551817985008513e-02 4.803627896574275830e-02 2.534835824213596545e-01 -4.471339238590609638e-02 -7.694623635007243230e-03 3.060759250561023159e-01 1.866276949898370840e-01 -1.021435025305916511e-01 3.348099859444669812e-01
-2.528115939267770382e-02 6.285833991045501612e-02 6.817041554396655045e-02 -1.711658783689537777e-01 2.142408970374750365e-01 -2.077201402212697917e-02 5.806282640200943063e-02 3.112938030502845899e-01 4.832969304967625335e-01 -5.804309761602551715e-02 2.926819354634698223e-01
-1.980175654346843714e-02 1.405759286472800518e-01 8.716818272738463547e-02 -1.464903553468593217e-02 9.376350171255272425e-02 9.464539799427199029e-03 7.866586100427108708e-02 3.170291844492841848e-01 4.143406019616225899e-01 -1.408933354253524006e-01 2.496793257063234239e-01
-2.421825461627854364e-02 1.630689387318027816e-01 5.244612391942031493e-02 -2.321063029492908755e-02 1.721234776800331934e-01 -1.009669065984279412e-01 1.436441767316707363e-01 1.882122114650996991e-01 2.904569870056892822e-01 8.151215788583360267e-02 2.722747165947257963e-01
-6.609046214738522468e-03 1.999889228308534550e-01 4.192277051071952726e-02 -6.322217483026731921e-02 1.960640780334220179e-01 3.286506046814079152e-02 4.047568976643628469e-02 2.411898991205695952e-01 3.223622319000645220e-01 -1.632662699244105953e-01 3.735718368438489256e-01
-1.544630495402093788e-02 2.287018272088892357e-01 6.607687753750700332e-02 -8.312422510767827205e-03 1.837230624775796073e-01 3.577228415305580729e-03 4.448353575453204561e-02 1.901957795211500768e-01 3.086105973025398130e-01 -7.221206783621919589e-02 2.859448855881424612e-01
3.483202208533832389e-02 1.259668262111077186e-01 1.951085788965527604e-02 -2.005198575885866127e-02 1.607499672926093470e-01 4.631519051297546680e-02 4.950792987660219968e-02 3.237681761489249466e-01 2.918278160037209301e-01 -2.113770172080480514e-01 3.942932154506128550e-01
2.239885008803997948e-02 1.989156608836500639e-01 1.077378465122646178e-01 1.456749055300596112e-02 8.492268017189959217e-02 4.117810805041257488e-02 -9.169471180631260168e-03 1.825092885356081329e-01 3.258084449631385993e-01 -1.057220962150644400e-01 3.521961961423144549e-01
-7.411909310078894364e-02 2.273928220100209785e-01 6.532064626755623715e-02 -1.749773195330194334e-02 3.344487742807614183e-03 9.069840397965203693e-02 5.403547505979378746e-02 3.215121459611943178e-01 3.393797781173195638e-01 -9.471798998309131912e-02 2.999940544034756518e-01
9.718401450442101797e-03 1.871914993653034098e-01 1.232773387045885127e-01 4.016932371028229115e-02 1.190499350311613885e-01 3.619387332715467281e-02 -6.757715646850895840e-03 2.104614175022695433e-01 3.372083684156099714e-01 -9.097191961450498687e-02 2.498024762591822545e-01
-2.466780549649969304e-02 8.371730562835569267e-02 6.625272504924573092e-02 -1.428308732665891333e-02 2.619642409272723294e-01 -2.969332799020334146e-02 1.019302381391220258e-01 2.765535586877178598e-01 3.725207051189917684e-01 -1.064746023655240292e-01 2.275230481328188725e-01
-3.217480757707095324e-02 1.737465178825992884e-01 1.368344428161993517e-02 2.399908382920324865e-02 1.243411761374799140e-02 -1.262230127789605106e-03 -9.125599531808085974e-02 3.657297832474906141e-01 3.809163988537264678e-01 7.841249135589126174e-02 2.911141944633016676e-01
3.520349010108100168e-02 1.672533443444152446e-01 7.978211381556912785e-02 -3.665802107314723203e-03 1.982391281643868797e-01 -7.369970170513699508e-03 -9.797379133663929041e-02 2.284811489098803605e-01 3.434157645877102816e-01 -7.906321477199176884e-02 3.510407869680556847e-01
7.250377130844643837e-03 1.685012854266191296e-01 4.428415070371755080e-02 1.924370854512626183e-02 1.888811982723826444e-01 -3.574989693809500768e-02 3.110743597427751903e-02 2.973272819118982224e-01 2.916821679760837616e-01 -8.916231348531813983e-02 2.919776029871016809e-01
8.257635029212193056e-02 1.632471687221662415e-01 9.596577223444254651e-03 8.106156683925119441e-03 8.851530299666564294e-02 9.188973945166042934e-02 1.341941197094941862e-01 1.785653615650529824e-01 3.247911504555163198e-01 -1.646342811956363339e-01 2.984953526002280810e-01
-6.447397690176238927e-02 1.162828166970250737e-01 5.662091463351578979e-02 -4.752981078106720617e-03 3.646222554965206641e-01 3.766406804693069044e-02 5.982120129257578051e-02 2.584693883919950141e-01 2.541449363785951987e-01 -1.638214397355441665e-01 3.007658152828939779e-01
-1.710203679212889127e-02 1.409977416148151530e-01 -7.550703010629454537e-03 -1.458718588708477260e+00 7.108359806996064623e-02 -4.343582208455216281e-02 1.541281411291522963e+00 3.237817887631986857e-01 4.351250526027979348e-01 -8.625659932101772953e-02 3.161371560791495505e-01
-1.375086717662772628e-02 1.269250210974309789e-01 6.078786259007781800e-02 -4.376360015520022739e-02 1.611695704103744409e-01 -2.297509085467986864e-02 -4.066087130490084189e-02 2.580460015661734108e-01 3.684626431895243193e-01 9.754789138735528442e-02 2.635544377551111705e-01
7.473136478169715990e-02 1.186575660048598269e-01 4.993237970474789789e-02 -1.285973439960554354e-01 2.144576096315020108e-01 1.009059800446057142e-01 -2.369875378530454657e-02 2.283347613301793810e-01 3.241782559896919658e-01 -7.838922640454719371e-02 3.348304052032616829e-01
-2.133519174659751980e-02 1.694606605637782593e-01 1.159685290392232504e-01 -9.708303343051756518e-02 1.491334573159858456e-01 -1.900220700253949652e-03 -4.162434412455790628e-02 2.622013953895404037e-01 3.294121970555064505e-01 7.175218222547390112e-02 2.793573669170583140e-01
-1.507945079312545678e-01 1.373794067504474081e-01 1.046398239624991150e-01 -9.378590875591397147e-04 2.177944280809180344e-01 -2.402648808693673421e-02 2.469691346669948551e-02 2.229397664618593400e-01 2.215238482188389146e-01 3.829991508781619737e-03 4.582976751603461407e-01
-5.080561727267778049e-02 8.912088791426868439e-02 -1.799061132311538871e-02 -6.612885628652903636e-02 2.588853857004080883e-01 1.134264040038903028e-03 -1.410113290217110751e-02 3.029178757118793364e-01 3.806836283730161141e-01 -4.642672122569629911e-02 3.780538957752191398e-01
2.319776290922179879e-02 1.532989198331768943e-01 -4.446589181778439447e-03 -6.465322729636380217e-02 2.285857895361314840e-01 -3.997417973509902536e-03 9.105655072226177121e-03 2.487740930709568810e-01 3.417141143733897768e-01 -3.383850655842982058e-02 3.176024047196180367e-01
-1.095772584283687470e-02 1.670779326864294256e-01 2.022332009845520875e-02 -5.744049671659175529e-03 1.249322661486464148e-01 2.975449291660353310e-02 4.198154591689821913e-02 2.109896864430368391e-01 2.940726337261720391e-01 5.479782150724824864e-03 3.375331139321661178e-01
-3.830792472657619518e-02 1.739627518124771399e-01 3.972937468277239204e-02 -1.089931623067245947e-02 1.489158773432546212e-01 -1.228067263111916590e-03 2.904999991449220761e-02 2.869591104959993699e-01 3.044960213200481602e-01 -1.154137558812941625e-04 2.827805849118381065e-01
-6.719389079349147309e-02 1.892602311480508226e-01 1.976034955472897314e-01 3.601973958579816285e-04 2.043366725686436569e-01 -2.410686643453540182e-02 1.062720552619480022e-02 1.910596103110829280e-01 3.207316900836620355e-01 -1.646847292878838576e-01 3.573493824397679930e-01
1.762711065864605575e-02 6.087443370938220438e-02 7.991507409528542105e-02 -1.079239749143441063e-01 4.448880747082320161e-03 4.886195551234954332e-02 3.862919671856394899e-02 3.745645270117490822e-01 2.679720058798363835e-01 1.400376542246854067e-02 4.163700236636186935e-01
2.515631853936756753e-03 1.896481551764320206e-01 1.291646874234591846e-01 -1.197430113054960554e-01 1.293325107144208397e-01 -7.495513923828908687e-02 1.037373685366599699e-04 3.096352926138327133e-01 2.999138408631671360e-01 4.329302014746436167e-02 3.064342728871747301e-01
-2.974939583295826306e+00 1.002752652147176488e-01 4.142204946048411163e-02 3.876560571506869855e-03 1.345292012583608199e-01 7.040904926964937360e-02 3.025060416704175026e+00 2.290365092287076354e-01 3.022937860313249514e-01 1.963601619741586757e-02 2.637437278641222571e-01
-2.996277595940836924e-02 1.289713358765704476e-01 1.864286351425561983e-02 -1.595260025047606431e-02 1.645651938262262803e-01 -6.588363801897473282e-02 5.282622941209929451e-02 2.902669363025437432e-01 3.287582557551332330e-01 4.802341950663208819e-02 2.950877785400359277e-01
3.615137142891206717e-03 1.532731631000773809e-01 1.737120316502370476e-02 -4.435563668460074799e-02 1.622099368127141450e-01 -4.806332218708123105e-02 2.707458593176837597e-02 2.835837871198186311e-01 3.232158759083614830e-01 7.309757111385405126e-02 2.643206970818128276e-01
-4.169353388717970954e-02 1.099372072807656142e-01 1.086641548202536556e-01 -4.692837609538669935e-02 1.683422265306239729e-01 -2.611565063738147813e-02 1.871950223551938075e-02 2.387121396232859127e-01 4.194981844299109364e-01 -1.096485291626022457e-02 2.771719971204867350e-01
-5.103765819200726389e-02 2.159104274749344965e-01 8.615647640955273467e-02 6.529707154125814761e-02 -4.511791187663259303e-03 -5.163436245120280824e-04 -1.315076324453058054e-01 2.863918155186965242e-01 3.130408687591781369e-01 1.055570343206940348e-01 3.305627299298120603e-01
1.475774068702223607e-02 1.426673094534485764e-01 -5.614036447042351774e-02 -4.160346004201417869e-02 1.409349715713838491e-01 -3.771467613922926260e-02 2.958609911792040026e-02 3.766037269547242716e-01 3.518912513903580952e-01 -1.231804671830441927e-01 4.175408671644939562e-01
