-4.539481826434404316e-02 1.735414783922784865e-01 -1.394075129975033966e-01 8.078309997113225505e-02 -2.330376243651477164e-01 -7.332207240899830947e-02 3.848697433699084514e-02 1.135335063076984841e-01 4.899324864353313269e-02 3.900545099222284540e-01 1.087795215888400363e-01
-3.450185799443226953e-02 2.413830674538992305e-01 -2.993052440120188562e-01 1.807046233642449484e-02 -2.385947054167738834e-01 -3.103156419385158168e-02 5.212419432207366504e-02 7.747178100133471357e-02 9.907255319720122133e-02 3.379003149136727280e-01 2.404213095191804206e-01
1.933509720416702049e-01 1.068016336472571021e-01 -2.037058971044949651e-01 -1.942390566635082694e-02 -1.211275127792422329e-01 -4.574498538401184505e-02 1.296526957395737478e-01 2.767992196178014619e-01 -1.721453976083251458e-01 1.784916564544676565e-01 1.400618321683639311e-01
1.141751038043140459e-01 2.825156360519017751e-01 -2.642693553861057976e-01 1.669008938600650277e-02 -3.579800985034637395e-01 -8.861391255666055400e-02 2.264919768806358258e-01 -3.801996953136695806e-02 1.174231522367924357e-01 4.213781816410087089e-01 3.321950710364639237e-02
1.234236447403538051e-01 2.020809377575460419e-01 -1.334533797431014523e-01 -1.585468467683211480e-01 -4.285818406994059693e-01 8.375719424726879581e-02 2.580131728765549526e-01 -6.895622183579733222e-02 -1.132842713005531056e-02 5.400476747364789665e-01 5.655440294518830624e-02
-2.947781335962570415e-01 7.484688088340284151e-02 -2.748958535128714908e-01 5.375273821861932533e-02 -1.166597026459587905e-01 6.710326300744741401e-02 -2.600941616866759426e-02 2.823554348122071511e-01 1.251990634775202171e-01 3.031004160343400700e-01 2.689956206169279440e-01
-8.254428755383523553e-02 1.399130848018995676e-01 -3.265283637950652240e-01 7.138801147449858053e-02 -3.090972232916531781e-01 -5.872427166328306886e-02 9.252735272027866331e-02 -9.346512823960227700e-02 -2.284597747502216392e-02 8.298506821969147129e-01 2.225364319515782396e-01
-6.450815333807602414e-02 1.417452373373754848e-01 -8.001798725747255592e-02 -1.820852346527384452e-02 -4.227405466554742808e-01 -8.592399768472401556e-02 2.878268560449819824e-01 1.312835684479958243e-01 3.378415180601199164e-02 4.360506933852327793e-01 1.037190125061321633e-01
1.398838238972468229e-01 9.573297765545332738e-02 -2.604655873726322013e-01 -2.505926735558200794e-02 -1.042339808311779914e-01 -1.330174554036244183e-01 -3.513682757182635952e-02 1.656245761478370992e-01 -9.951228432027047280e-03 3.759721601538835722e-01 2.536611202391588771e-01
1.812621549542632882e-01 6.818775653183352381e-02 -1.568680738584707912e-01 5.330853922106074116e-02 -3.107226930265614695e-01 -1.665277394285930024e-01 5.162996037658136583e-02 2.133599975240434987e-01 1.035924838862240516e-01 5.731283962643515112e-02 3.684750853198920373e-01
1.623242936582520168e-01 -1.578731833264678808e-01 -2.050064067311038463e-01 -2.035603956292770800e-01 -3.540120693338615898e-01 4.956757480158403145e-02 2.579541453887981839e-01 9.127173269248670118e-02 1.058633594318165033e-01 4.276075820342445932e-01 2.888736781402369558e-01
-2.667127076619632553e-02 1.326870202638010532e-01 -2.713394880302615331e-01 3.102557661332331490e-02 -2.510164332493902140e-01 -3.788445433049094646e-01 1.109238610706790029e-01 4.675162599366576299e-01 8.976033493120236240e-02 4.046107344692730923e-01 1.543582591925306280e-01
4.742955837600969227e-02 9.433716873305585116e-02 -2.082631778188381855e-01 1.106018236883639233e-01 -3.147151325140413181e-01 4.848863101474789467e-02 2.452857040711837466e-01 1.038398726294254698e-01 -1.289974170129659092e-01 3.430678044106524327e-01 1.219354755491148246e-01
-4.693194109782305307e-02 1.925348688016171317e-01 -2.487632728998205867e-01 8.024485108957488469e-03 -4.335930671254804580e-01 -1.429451550039760044e-01 3.233443235802894722e-01 8.670468694047409053e-02 1.300813488398575857e-01 5.737928614620905199e-01 2.076117252052353535e-02
1.013411279984893915e-01 3.928084371486426640e-01 -2.466476174009769318e-01 -1.696044024742672171e-02 -3.284687878890507617e-01 6.677964641062612838e-02 8.269082627607496350e-02 3.362490861144064314e-02 4.486406877255307707e-02 3.349476608076905060e-01 -1.969519361354739838e-03
2.333648704210928432e-02 8.086459062325682123e-02 -2.146723777284689216e-01 7.494113610795702374e-02 -3.129755728909214829e-01 -7.520412107637108878e-02 2.403824981286371287e-01 2.902050690577286929e-01 -6.448127407121746757e-02 3.561393454973310613e-01 6.447453043666676042e-02
-1.644375342471766366e-01 1.745005083430870296e-01 -2.818994702749689774e-01 2.300929637161520380e-01 -1.773950665146789563e-01 9.443614063699178052e-02 1.129781101329181692e-01 -5.812052377079753723e-02 2.666463926297686290e-02 4.618372181314626679e-01 4.435332571074260960e-02
3.714613045129461916e-02 1.238269965566918956e-01 -2.321371601650616401e-01 1.650651991982251265e-01 -3.431440648851711295e-01 -4.615852965351861792e-02 2.999768100435583618e-01 1.300843433534256029e-02 8.829163392312303071e-02 3.251882536634307930e-01 3.194660765879475672e-02
-4.505729348073209128e-03 1.759813782188993925e-01 -1.124645794727347214e-01 -2.092248490426158042e-02 -1.559946940961405570e-01 8.285716294594867859e-02 2.255701196634092021e-01 1.508696034954276066e-01 -1.911753149031262394e-02 1.705449563712669037e-01 -2.980789025672037421e-02
2.399348589949428651e-02 2.361490792526045601e-01 -3.942421295212229504e-01 -1.380231972192357826e-01 -1.743983070668298774e-01 -1.624711805929493491e-01 1.339440457006802199e-01 2.460972186053852762e-01 4.520906085688587706e-02 6.841359284641768124e-01 -3.738369325228022011e-02
7.575349365216461905e-02 8.185562117518198344e-02 -2.201566054604727485e-01 1.543949711512206391e-01 -3.613886731214259185e-01 8.317458046219664003e-02 3.996559663394582546e-02 3.252493268838972940e-01 -1.210364131789338354e-01 2.247817048390632066e-01 1.804167080898725073e-01
-3.111775120780904125e-01 2.051538705193172440e-01 -4.434485713742918889e-01 -1.024845021878570683e-01 -3.273096724617535758e-01 -1.553175957176779753e-01 2.377870376922672779e-01 3.083174182931330831e-01 1.910832180093101906e-01 8.083831276019990408e-01 5.202349283035267308e-02
-4.106670362996150958e-02 2.231144329055642361e-01 -2.048251841295548881e-01 2.009916829794552162e-01 -1.585338515474718490e-01 9.406751568715386938e-03 3.438067657153427714e-02 1.822410649210234324e-01 3.773719467489622392e-02 1.957720839044758965e-01 -1.620783709196894906e-02
-1.724927224446156093e-01 2.561146290853136831e-01 -2.088042631523008008e-01 -3.619885482757228407e-02 -2.696618071022618968e-01 -6.237599544860782108e-02 1.236313460855523877e-01 2.433219364979327670e-01 1.185987129790651989e-01 3.907669860972525222e-01 8.011034335695171871e-02
-2.979797808853375252e-02 2.713976276219466910e-01 -2.406643495174717318e-01 6.312816564562809263e-02 -2.610099723093189383e-01 -8.004342008043427437e-02 5.443420180258664448e-02 5.739677771255314448e-02 2.277992930268840088e-01 4.177056881450220138e-01 -1.733572283215313592e-02
1.913311808513606660e-01 2.529624613958205148e-01 -2.136122825661164182e-01 4.455940441393167750e-02 -3.841762127744834387e-01 7.762619656558711334e-02 -1.504465831354184491e-01 -6.369463822466003844e-02 -7.989858767967591979e-02 5.221798426830976947e-01 2.661795295972651521e-01
-4.709524194106456257e-03 1.298603522737056815e-01 -2.833935560691338562e-01 1.885568888333609416e-01 -3.740788341728722433e-01 -1.854492612276037455e-02 -4.183728841477933613e-03 3.747869978148923309e-01 -8.846136785467303282e-03 3.088798255935704673e-01 1.546829527969984519e-01
-5.381177485192713966e-02 1.739455466112646564e-01 -1.539077864003091101e-01 6.347750490490131070e-02 -2.309723078227715332e-01 1.045919026878813773e-01 2.109409177133349800e-01 8.078911961324274082e-02 -3.214094644142430346e-02 2.558400850100971957e-01 4.425805010241778970e-02
2.079898376914866565e-01 3.107055495127764022e-02 -2.161874022685998376e-01 2.440158678308421841e-02 -1.465327658997999938e-01 4.923403569870180019e-02 2.689954695616844083e-01 1.291938999449828152e-01 -5.076276215649258572e-02 5.141333108033219884e-02 1.141945257400525521e-01
1.399784330055648951e-01 2.307636303029487190e-01 -1.391714543514716851e-01 5.412819284268505921e-02 -2.159716469199201849e-01 -9.846009465434242547e-02 6.351599809898662852e-02 4.573184639948840551e-03 4.220008075444918461e-02 3.547800777977406228e-01 2.667390961011855202e-02
-7.432455535748333508e-02 2.956569494140618426e-01 -3.071789609967828100e-02 7.157476492466480211e-02 -3.743201493010366865e-01 -5.528408351929839717e-04 -4.243256411133280309e-02 4.823240503042099808e-02 1.234546939425014145e-01 2.497823976269123447e-01 1.966571058928714422e-01
8.987407243034488402e-02 1.142662364832837119e-01 -3.628248760685178209e-01 -2.036781187053222572e-02 -4.397345978917781562e-01 -1.794598955475700808e-01 2.776421266871486604e-01 3.350231599013245298e-01 1.093336251114760682e-01 5.093902960955060122e-01 2.986797579602216979e-02
2.489172158257521861e-01 -1.821646008383858914e-02 -3.589601969958721162e-01 7.978908886456693994e-02 -2.888561969645080385e-01 -2.339958169566726809e-01 1.455636570483346270e-01 1.223387924111438985e-01 3.075212152697396339e-01 4.475040290955579758e-01 1.140498361250480083e-02
-1.869787493985377025e-01 -5.355361775275628566e-02 -2.042742460848565034e-01 2.180061266172307610e-01 -7.441399614797684914e-02 -2.982850929662333311e-02 -8.886680056375118042e-02 9.646408651854351812e-02 -3.047365208950808882e-02 5.222999095770672895e-01 2.946297597478773622e-01
-7.090149984728341681e-02 2.844591804744860952e-01 -3.520058469213219188e-02 8.360582722468189176e-02 -2.077000785940425198e-01 -6.455442720383789551e-03 8.876688529970946928e-02 1.050603903678798412e-01 -4.626445783402562129e-02 2.845915371934702454e-01 -1.695144574565020379e-02
7.034826668395152693e-02 1.452444252451049606e-02 -1.549220831202375581e-01 -1.110940092315514799e-02 -4.267546389960836239e-01 7.286906064537437833e-02 3.100903955292007019e-01 7.849793924649862975e-02 2.021293949547654095e-02 3.887624156228148276e-01 1.004909744183579423e-01
-8.334939409915979175e-03 2.363501620799592917e-01 -2.777582926487229265e-01 -7.425544798574267025e-02 -3.150781905964826768e-01 5.553330990474492773e-02 9.689124592046464979e-02 1.703696383355909061e-01 1.942366405362801196e-01 2.980334366307780813e-01 8.702274835975448708e-02
-5.585031978247611412e-02 3.255913972121183275e-01 -2.114509095456288956e-01 7.858126234760667850e-02 -4.244298340850329865e-01 -9.300559659404523949e-03 3.420723605545607920e-02 1.294881951177754287e-01 1.305689458858176333e-01 3.959518948080398282e-01 6.965300277243664795e-02
3.154675310053194071e-02 8.155645323043243800e-02 -1.550484436438258895e-01 2.495275186481501484e-01 -5.440676457799326071e-01 -4.250723323123922204e-01 5.749276676876073910e-01 4.034036828899123517e-02 -8.663304430226605179e-02 5.717326625699070686e-01 1.242003536395051427e-01
3.006842607804610656e-02 2.545725290679384245e-01 -8.925988817409530318e-02 1.191021644916342298e-02 -3.372316528041096606e-01 3.058827659073188807e-02 7.306382199171833347e-02 4.241330312534064700e-02 1.195369265622199667e-01 3.251670729608245880e-01 2.181279278930274221e-03
2.004731535617924540e-02 2.305586554729951998e-01 -1.786275497465873718e-01 3.433749923740050253e-02 -1.327429246126245466e-01 -2.624998805895252876e-02 1.758556421408467574e-01 1.420832556805151081e-01 -1.506793352640422266e-03 1.780287367004822763e-01 2.122646230909419965e-02
1.341519144356055626e-01 9.652199732886805605e-02 -1.293247728754294557e-01 4.881686847471916613e-02 -4.266262446630290639e-01 -2.122966911893234970e-03 1.542162237233676847e-01 9.785676544115563813e-02 4.785403069697477529e-02 3.857740737306074585e-01 5.589242174576254663e-02
-6.567761005769506832e-02 3.551539652268384528e-02 -1.737088957328874472e-01 2.403384745663426220e-02 -3.936545606401969377e-01 1.318340453776307708e-01 6.558101163668643430e-02 1.537615039830448338e-01 2.066557647841017475e-01 3.036188325893973694e-01 1.750509752073084457e-01
-6.358621572926934085e-02 2.968133814034761842e-01 -7.519613938515896934e-02 -1.556818573202901727e-02 -2.288105665895563690e-01 -1.058353086313756431e-03 2.098934600946581255e-02 3.870003068697341342e-01 1.882797714643753492e-02 7.366686814232206726e-02 4.993189207759939768e-02
-2.609264651187427342e-01 2.416351930645429039e-02 -4.435406588018825369e-02 3.571951791674475574e-02 -3.569597776663538946e-01 1.251749704473362756e-01 9.196838789835642958e-02 1.022689986025563658e-01 2.288833250543093750e-02 5.296928255368575922e-01 1.933740675782572305e-01
-1.533696932287691161e-01 -5.851795902612713651e-02 1.529699326467723886e-01 1.211643563687662128e-01 -4.105345662522882355e-01 9.972228833585129737e-02 2.058871276227490499e-02 -3.078806363771537102e-02 3.873109033935851486e-01 3.102151478293838083e-01 2.424925193497581843e-02
1.455016807966102131e-02 2.198333707735070086e-01 -3.694076256319608342e-01 4.581470502462158673e-02 -1.690549626005385109e-01 -9.987289720408397409e-02 2.053919669067149623e-01 9.041217505663738663e-02 1.899366395913421601e-01 2.483362459919518372e-01 8.707052513885656098e-02
-4.664055943729390752e-02 1.165553204130064802e-01 -1.050607672587402508e-01 1.315369787138430946e-01 -3.762148755272568534e-01 3.558429484753733441e-02 1.924206886181402398e-01 3.100088775356053539e-01 -1.584747110569763862e-01 1.962169611696264748e-01 1.670781031092185009e-01
-1.241825732099747226e-01 9.436709175581334264e-02 -2.067268494472681573e-01 1.468642059620905993e-01 -4.200719410663084630e-01 -8.313386680157326680e-02 1.924303894134531123e-01 2.688934105718416845e-01 3.223010728260802815e-02 4.252777777051933716e-01 1.370625589608337747e-01
-1.654516904930015617e-02 5.958212217922522619e-02 -2.872943192865163864e-01 -9.897820387088064609e-02 -3.954853382854552346e-01 -1.342443574658216433e-03 4.434149906075322001e-01 4.898721798097676605e-01 4.669877508877161298e-02 2.605850408925944883e-01 -3.749732338437122836e-02
