9.056825031796474079e-02 4.842576054313329492e-01 -5.682352618803281769e-02 1.118489366934521667e-01 1.301068535983593288e-01 7.522494714924658765e-02 1.122991381412725559e-01 -5.860807462612457885e-02 4.239645281458562232e-02 1.397944846345027803e-01 5.675208596410592082e-02
-1.148461295203665189e-01 4.716573737495901586e-01 -3.612811094471472112e-02 1.815422990105861889e-01 6.394750175196381448e-02 -6.653128883547036743e-02 2.072144571874327545e-01 1.509438714840049267e-01 1.493477406592993162e-01 7.334602178391344540e-02 4.732341760442480144e-02
-3.176000076387524435e-02 5.381092799327679144e-01 -1.659136365853485645e-02 8.459116915902231693e-02 7.836371599030464430e-02 -2.590134345102895405e-02 1.475800029346561737e-01 1.337794423035544855e-01 3.588758011082671812e-02 9.973315431263483910e-02 8.402551706033480061e-02
2.219681933398461038e-02 5.648452531253528308e-01 -7.241838397080274659e-02 1.212594140777943225e-01 2.926986318584398616e-02 -2.460960185960445884e-02 1.759318220631968799e-01 1.387460793513388413e-01 1.095749740217173418e-01 4.062130542340457173e-02 2.239960917843757462e-02
-1.367868274325233779e-01 4.725904753600276842e-01 -6.828736199654567018e-02 1.665865141079763134e-01 9.041084307315454260e-02 2.984950837191925263e-02 1.655756081246898270e-01 9.133745024217897190e-02 6.899618572657914561e-02 1.191985567251204331e-01 1.283462016280877138e-01
8.948514163979673017e-03 5.246917319988088080e-01 -1.117065692649283210e-01 1.225279082942952458e-01 4.877407604356706616e-02 -1.000056224527290094e-01 1.931847864674145487e-01 1.556507128765095282e-01 1.150814141481265040e-01 1.296380705178487927e-02 1.577063946038362308e-01
-9.604617242710714042e-02 5.241493427785846038e-01 -2.615823481911395271e-02 1.551775182074209558e-01 -5.353717647764199075e-03 -9.672360766520655961e-02 1.593505145562323089e-01 2.244390037130347682e-02 7.790961213920907791e-02 2.242072812702037288e-01 1.888607171669021145e-01
-5.080068931437307228e-02 4.902082475468536593e-01 -2.854168998599057247e-02 2.916467122296478864e-01 6.759833754855971988e-02 -3.323264072475737990e-02 7.084384445795668950e-02 5.191489068699010889e-02 1.251635645059026303e-01 1.319077527309273773e-02 1.298258017067803749e-01
7.694976233585245837e-04 5.000254457867052693e-01 -1.197281520478074290e-01 1.018583976605156594e-01 7.632848555801281798e-02 -4.302708397238169669e-02 2.597925894474399922e-01 9.192406583753436056e-02 5.404583137595764253e-02 5.568527136205551897e-02 1.501428052992729578e-01
-2.492658255756696403e-02 4.805105729234818712e-01 -5.365701546256299026e-02 3.928178394129337725e-02 7.463141278766390052e-02 7.492751350295471201e-03 1.976067265409377216e-01 5.443028821963132730e-02 9.363090259229291112e-02 6.137135404460877797e-02 1.974449595505884947e-01
-4.820323995925623883e-02 5.343112117214827705e-01 -2.532780072509328503e-02 1.477451115099760182e-01 1.174594374847582057e-01 -4.741384068197582874e-02 1.414074599260412846e-01 1.016779954188561097e-01 7.921193061681373881e-02 5.939838880614433519e-02 6.755049981291642858e-02
-4.084338235650578075e-02 4.339211723616524519e-01 -1.538656064873934574e-02 9.683439821515936463e-02 9.497187723383269942e-02 -8.607332954303449635e-02 1.983229748089267719e-01 1.235723368717106807e-01 9.140102189390904297e-02 8.759410064448797106e-02 1.435025444492663282e-01
-7.887646756033386830e-03 4.610659338232719340e-01 -6.307629869351866203e-02 1.692668177438998722e-01 3.139523362744429946e-02 -5.519427172840274398e-02 2.216928023758820698e-01 8.491028704785413828e-02 1.204606487190173492e-01 7.134240132601094193e-03 1.580494076386474156e-01
-6.259093340334402622e-02 4.797455317359868299e-01 -4.627609770743924128e-02 1.636102819502603944e-01 1.457048358611125194e-01 -6.726413982171017270e-02 1.238772551942100147e-01 6.117730553412931843e-02 1.105681880823688873e-01 7.234890064337477777e-02 1.469160258617158432e-01
-5.943351790125799700e-02 4.566581997678652582e-01 -6.858985376914178422e-02 1.004120884904896038e-01 4.231383950853635084e-02 -4.064040271106707930e-02 1.336843157482236477e-01 1.212336482868795473e-01 1.721759226953420152e-01 1.480108122027657680e-01 1.219921016120283502e-01
-1.714394793942792400e-02 4.831575913989894500e-01 2.124597985622219895e-02 1.421850194018152991e-01 -1.920176645013139949e-02 4.788522126635860569e-04 1.371356267567762077e-01 1.053310702134530319e-01 1.935461364583652144e-01 -4.763642073315359216e-02 1.287190127550912611e-01
-1.473927414988901799e-02 5.199507807699602635e-01 -9.245915389457605438e-02 1.166265247384890846e-01 2.780541733792344858e-02 -2.538964082044200751e-02 1.800227620965461073e-01 4.851664332493259291e-02 1.288193323066110230e-01 1.040676932751295747e-01 1.345960689459788362e-01
6.525411343378680062e-02 5.093709598296533025e-01 -4.719859621454496751e-02 -1.044431190392459269e-02 8.666791587477702674e-02 1.887375615561689632e-02 2.112703095874016446e-01 1.083225356037391673e-01 1.211171536846250146e-01 3.771268611123407277e-02 2.687063176829969716e-02
5.103111340657548456e-02 4.827257015264576623e-01 -2.265642102695196534e-03 1.196801993776543532e-01 -5.826237047247000145e-02 1.063644838932708420e-02 1.003333807276910877e-01 8.401774087196196839e-02 4.295673292142906941e-02 7.736270682896369266e-02 2.196011424557683944e-01
-1.169044465848107367e-01 5.420859313810926228e-01 -4.824366506501686150e-03 -4.801796099804824663e-03 -1.974724588159067554e-02 1.818553437334299167e-02 2.649479934991079699e-01 6.153181653288494757e-02 1.607235433997852292e-01 1.856447251728236825e-01 4.097546464433446389e-02
5.882150418907090145e-02 5.065539531517029292e-01 -7.237771186761554620e-02 1.819958865000836923e-01 9.169909524498945363e-02 -9.914975544742621327e-02 9.974369510087198465e-02 -3.170213518149320869e-02 8.844407907259152490e-02 1.895582952349283978e-01 1.142302479329614789e-01
8.492975625318241462e-03 5.097671143535746907e-01 -1.216758610000491236e-01 2.796144915028829225e-01 9.508269779635608598e-02 -1.478414908241242887e-01 1.946678079965219743e-01 8.653560082121072861e-02 6.128081009924916250e-02 3.419803506558314471e-02 1.276949724941396080e-01
-1.106772471412123537e-01 4.803157017191021505e-01 -7.483607869431777027e-02 1.671463228573307758e-01 5.072181419276262926e-02 4.192091334730438379e-02 1.257546495951223642e-01 -3.418929603198471445e-02 1.750820920138082271e-01 2.243997555931182275e-01 8.217852647963119761e-02
-9.965761515025402251e-02 4.867933413696866607e-01 -1.128643718019632231e-01 1.366306204535538138e-01 1.008740377612272893e-01 -8.611151264251548643e-03 1.590731221534212037e-01 7.181139888719841047e-02 1.285921018455121190e-01 1.166942367050609053e-01 1.484814329714722325e-01
-6.897344310986273930e-02 5.237925710558023473e-01 9.926625104031066432e-03 8.048503821601807329e-02 -4.174022021484158351e-02 1.092394215403007102e-01 9.461556571517953929e-02 8.351397843025151757e-02 1.266323087342794973e-01 1.157309488591715119e-01 9.459435960033461821e-02
1.403747903490155102e-01 6.079970677483167441e-01 -1.209592914610468223e-01 -2.326794894015125209e-02 -3.945621527572099052e-02 -1.121595677088175202e-01 1.478476269794657960e-01 5.033076432113059440e-02 1.174708587170166935e-01 2.055501031810475498e-01 1.540889660204083911e-01
-4.549316521053031748e-02 4.994239375775788026e-01 -5.925672736655493433e-02 1.180452126088198939e-01 5.545662300673123712e-02 -5.404958228112075047e-02 2.151089996695744466e-01 1.274375061051468139e-01 8.272310277040494098e-02 1.159404217567240603e-01 7.248082529389032747e-02
-7.758073809803134324e-02 5.145951371347325942e-01 -1.619223799078456649e-01 1.598479841876183083e-01 8.611725677906286423e-04 -5.871081930613940986e-02 1.588258335267482280e-01 1.609018399250410625e-01 8.494137463594160498e-02 2.030638020160075441e-01 1.429939472487999630e-01
-6.205029207327093788e-02 5.572728600352714334e-01 -6.309641254080736172e-02 8.343729874181055051e-02 5.208127192771994096e-02 8.907931287062065967e-03 2.011616677093958083e-01 1.506504428697076348e-01 1.250809329283365107e-02 7.197823445584526636e-02 1.149660582250961599e-01
-3.726619952082695086e-02 4.620584814884547975e-01 -8.165101214442513355e-02 1.286907307912682485e-01 7.998893674568710588e-02 -3.663813554800779415e-02 1.545975374708572769e-01 9.273801856690781775e-02 1.262507334924899971e-01 2.170475415540166000e-02 2.173433084328564580e-01
-7.416110672574169338e-02 5.392220390473311253e-01 6.762473470226437397e-05 -1.351565260641387177e-02 1.167978703505086757e-01 -1.396405479878026490e-01 2.187988355585881728e-01 4.307085859726803023e-02 2.184277261498048517e-01 7.687986069686589263e-02 1.418696461155536104e-01
-6.296709564996130770e-02 4.376544033470379791e-01 -8.362127824283487054e-02 1.576296563975299603e-01 7.777843896280618730e-02 -2.239072048923004474e-02 1.150438304348175705e-01 1.279114989197011332e-01 1.254584869466717212e-01 1.594069663574360085e-01 9.591296694669167178e-02
-6.793770046099817383e-02 5.429638833085229654e-01 -8.163424360117403633e-02 1.676999171976280567e-01 -1.766878586346784866e-02 -3.766826264690420478e-02 1.632858809021492663e-01 9.215975959159680708e-02 1.801382378573782028e-01 4.606275236039893139e-02 1.404157152855326496e-01
-1.895073912476531452e-01 5.301064549304669304e-01 -2.996011859338879729e-02 2.985994257042940414e-01 4.441747611884459129e-02 -4.750076025470786195e-02 1.227939268924254507e-01 -3.038848399786287218e-03 1.417261141435156302e-01 1.075174757387414443e-01 1.526633988979126944e-01
-1.092727945490753333e-01 4.690944614358095732e-01 -8.353954878188887823e-02 1.140713535077447771e-01 8.761751866717512605e-02 1.388949329223400538e-02 2.273948362599145234e-01 5.589336190509873459e-02 2.050546116499854798e-01 4.481241633115182199e-02 1.028014442125135819e-01
-5.655346534923707397e-02 4.867441273477774999e-01 -8.780995496426952096e-02 1.433514428048488221e-01 5.597505826309007171e-02 -4.722356346347351269e-02 9.952480991160801704e-02 7.996086390494862306e-02 1.724659285817521648e-01 1.167590941265691379e-01 1.646228127670513186e-01
-4.234305965126835408e-02 3.144254260804795198e-01 5.542894034534103648e-02 1.976427958599736856e-01 -1.436865554177476079e-01 7.113596176350348022e-02 9.845350522908025148e-02 1.205778912357324123e-01 -9.819265621539538524e-02 1.338555929558095658e-01 4.205193117451547224e-01
-1.220620057450351112e-02 5.062659559366264883e-01 -3.661549779045290137e-02 1.678052131877534048e-01 -3.070492177776187534e-02 -1.826566918046068980e-02 1.441869402525904620e-01 8.826535607984531406e-02 4.891427611216849630e-02 6.864707758233727641e-02 2.015246241025234197e-01
5.504235649386197277e-02 5.659548955955548966e-01 -5.770588901272592774e-02 1.275251182829510721e-01 3.618836045644464872e-02 -3.416971078933225825e-02 8.168824131563756641e-02 1.392345650352046493e-01 1.194979365687475203e-01 1.065055856294349745e-03 9.349622412802557903e-02
-2.098296923667624173e-02 4.777882705801651531e-01 -6.614991097431316414e-02 1.426809219025828579e-01 7.246839210544336884e-02 -2.907365725665424921e-02 1.767903846237260101e-01 1.504810824409837933e-01 8.096603040044580979e-02 2.228119012701428731e-02 1.205674192179463644e-01
1.516731342841831642e-01 4.848553864560302684e-01 -1.080746447056589732e-01 6.166090267384601031e-02 1.066874467189423970e-01 -6.505847188882005194e-02 1.082251584384555654e-01 7.328043665347201696e-02 2.364225037081743586e-01 5.128179474075289512e-02 2.686350685128603005e-02
-6.853656011648229240e-02 4.710590675528846250e-01 -2.939025662816512063e-02 2.001736612465759291e-01 1.011113042025651027e-01 5.762207839299252066e-02 1.118977030861743882e-01 1.038435874008446641e-01 5.804673291917014644e-02 7.227262753752738966e-02 4.971720833657739674e-02
-1.774209686851692114e-01 6.587208892275588923e-01 -1.316338708451584849e-01 1.685730910811214511e-01 3.646579146206681971e-02 3.755732186635072495e-02 1.920751579482455618e-01 1.438648649739258933e-01 1.699546932156971793e-02 7.972630073804905237e-02 1.028931068421027328e-01
-1.085215470922077513e-01 4.756873724637981637e-01 -9.623587502543126670e-02 1.431580408366279200e-01 2.215665799536294805e-02 -9.291948942998104477e-02 2.370208125946002553e-01 2.244634284669880520e-01 1.023832762877063263e-01 1.160996783742357097e-01 1.045247984589643686e-01
-9.929902246054753134e-02 5.257502322895237779e-01 -7.378192953065557114e-02 1.717154846835594884e-01 7.175917568101926325e-02 -1.375008293851803232e-01 1.541976501651549925e-01 1.080038676676276233e-01 1.580967236013359756e-01 1.039987389753493779e-01 1.448770622434763511e-01
-1.454163748206195247e-02 4.818687962462561702e-01 -1.030151338507564879e-01 6.380785238701686124e-02 6.672757721319960700e-02 -3.741125735079534748e-02 2.565423145081212608e-01 1.067315217866961208e-01 1.186542168520104551e-01 4.258922379261606550e-02 1.458636798283612090e-01
-3.683753380430006968e-02 5.128556332090019598e-01 -6.769450988838661420e-02 1.262460735401663148e-01 8.371709743284856675e-02 5.582091262015349137e-02 1.241503910873536926e-01 1.052368913340653439e-01 6.999043770894074201e-02 1.361713250517096463e-01 1.816043563910949357e-02
-4.991233518976091743e-02 4.751567425769008257e-01 3.314041504069581423e-02 1.727800596138683031e-01 5.156436978481444833e-02 -8.015011170855615430e-02 1.477182210942851182e-01 2.164140377580268393e-01 7.905298083957565392e-02 4.342622701282565501e-02 3.862654710798927443e-02
-3.713352732912949400e-02 4.552530427982693917e-01 -1.033248134929646983e-01 1.517858269430215623e-01 3.160946451470793978e-02 3.874176477255062562e-02 1.726899123670591618e-01 1.368376615052716849e-01 1.422220347795258300e-01 5.660184849429653747e-02 8.253393857805570166e-02
-7.553735349335007065e-02 5.013938760509929482e-01 -5.142506445309635160e-02 1.497253107375667303e-01 3.059456223803217259e-02 -5.622892264091478715e-02 1.827434334871269606e-01 1.039541066321161000e-01 6.196779866479663543e-05 1.324432316426729372e-01 2.100920059308523657e-01
