1.554314873449883228e-01 -6.503941556163450599e-02 -2.591902317452981531e-03 3.881733262984626755e-03 4.628825469184991714e-01 8.677604857378043782e-03 -2.510374548734405908e-01 8.093210751678520110e-02 -1.469498038002138296e-01 -5.272791175021430271e-02 -5.707506709800040934e-01
-1.029862063309638920e-01 4.590919957316313971e-02 -1.127713045525281232e-01 -2.115954099892546625e-01 3.732749180040504933e-01 -1.295643188871242191e-01 -7.813884766922075953e-02 -8.179786852109088846e-02 1.862624447019031459e-01 1.813253017230545897e-02 -2.840168158835630896e-01
-8.439537202087950968e-05 6.781881551935579899e-02 -1.765922736658777914e-01 2.424945731371858440e-03 2.965836140537638776e-01 4.876843237121192276e-02 -1.324707324281266252e-01 2.825897653971558982e-02 -2.200320309003079011e-01 1.147049975682078587e-01 -4.066720287996191119e-01
8.826106660585304742e-02 -7.035913398338315694e-02 2.296244676429421566e-02 3.061422579174784275e-02 1.902494534533205328e-01 -3.904338475600165753e-02 -1.749888358234254759e-01 5.664664626055165852e-02 2.282039481183578342e-02 -9.081852473065225861e-02 -4.136360337764657391e-01
3.650820181252151242e-02 9.037671325786984788e-02 -2.119754570504198687e-01 -8.094245347916938227e-02 2.891702714118959960e-01 -9.869777520103160950e-02 -1.501701288256896416e-01 2.415405544485265676e-01 -6.928469374612170051e-02 -5.582888821758109910e-02 -3.679880237931238418e-01
3.221182868280355986e-03 1.044882426192233066e-01 2.434560259242375072e-03 1.840318798332218619e-01 2.858093011445746456e-01 2.853102678958865934e-02 -3.721631101135075559e-01 -3.410695783961559778e-03 -5.516793784733804717e-02 1.683740475609118992e-02 -5.719035339077396252e-01
8.895836222759496981e-02 5.093078804787948971e-02 -1.488085254477039543e-01 3.406389510290835920e-02 3.010771902422286761e-01 -1.908390864647004359e-01 -1.798780436599013433e-01 8.323625687104725668e-02 8.173417273509215805e-03 -1.677247931460690844e-01 -2.564811404291187369e-01
9.897817184225032872e-02 1.708806372834314746e-01 5.151391994448640405e-02 1.026423467946146195e-01 7.201894538312118843e-02 -2.421927235511560639e-01 -3.824066462573785796e-01 1.190404253665205692e-01 1.247995196545218476e-02 -9.035254416198887362e-03 -3.712114537374680001e-01
4.606887083146520012e-02 3.972951434900823253e-02 -1.096897691951193854e-01 -6.409215509139136457e-02 2.531422302693071558e-01 -7.528220396064311259e-02 -6.535338360673462188e-02 6.526045621900410099e-02 -2.432176122022438464e-02 -1.225398911994596829e-01 -3.202135867775360301e-01
6.502255550657809469e-02 4.184097718321056619e-02 -1.873549230635172536e-01 4.197981384321373965e-02 2.486199879900835852e-01 4.838402434596906360e-02 -2.291955100069922036e-01 -3.263762548281208542e-02 -1.309033406353922735e-01 3.921886654346558310e-02 -2.822665056061295363e-01
3.578271792164885307e-02 6.344324996724694243e-02 -1.410760205497815500e-01 -1.120860792563452835e-01 4.109113729867102105e-01 -9.092266089383035932e-02 -1.587522700656747998e-01 6.260715881766670821e-02 1.493748860803510020e-02 -1.322883403097520616e-01 -3.298482966082461609e-01
6.495610033916740522e-02 -4.359159317392927863e-02 -7.848358585376886964e-02 6.483189899419786358e-03 1.330100287830109640e-01 -2.671343658741326954e-01 -3.990985008619281071e-01 3.083870275593332891e-02 5.197269211419296847e-02 1.906499784602061209e-01 -6.689432597049628504e-02
2.254888019148956410e-02 3.080317976232582744e-02 -1.807446890937499662e-01 1.092495295294017427e-01 2.709943880899232105e-01 -1.418148862596437243e-01 -3.732340690990237908e-01 1.282765145279316996e-02 9.877523052339534648e-02 2.066470636585333864e-01 -4.333439581377707128e-01
-5.090008555481900093e-02 3.242776288536022844e-02 -1.401748972279390215e-01 -8.149208232135984886e-02 3.446130282452628535e-01 -5.895356108813125384e-02 -1.250929429271712134e-01 -6.034706525169990753e-03 -5.824386412616473080e-03 1.387028770093352292e-01 -4.245626854650749737e-01
-2.516423321814538136e-02 -2.437142478380950605e-02 -1.245476726917052607e-01 -1.338007176754255761e-02 1.556941010949961512e-01 8.484028023874294264e-03 -2.067511727764780316e-01 2.259815116032820315e-01 3.341029628939739399e-02 -9.176221175159700316e-02 -3.148848294045958895e-01
-1.893636995400967485e-02 6.185327605397759193e-02 -1.837178882207028963e-01 5.675922939465923023e-02 2.064926503519401435e-01 -1.379902936124885182e-01 -1.278330636069340553e-01 4.139923400786339053e-02 -6.167616443033958201e-02 5.430071074558563693e-02 -2.679430001118765503e-01
-6.076749308558691137e-02 6.706469574103832154e-02 -2.266558494982576777e-01 -1.773546722708657375e-01 3.508964651877795604e-01 -5.987369272801287279e-01 4.012630727198778779e-01 1.794002399406594700e-02 1.278089514254039660e-01 1.149703680757853397e-01 -3.937203143914358994e-01
-5.023592487514819648e-03 1.446043101744365171e-02 -9.131991609302840540e-02 -2.246832831691749147e-02 1.666079744181964417e-01 1.042443315799085057e-01 -2.169247869485484981e-01 3.863974968326278764e-02 -1.450330922523002941e-01 1.908374671949389020e-02 -2.395581967023201198e-01
1.385261314669145906e-02 -4.298899369841371887e-02 -4.370554431298651066e-02 -6.690094246940622193e-03 3.498900505077784384e-01 -1.923177155072369748e-01 -2.982817618378388880e-01 1.704608008500475003e-01 -7.876658441264416943e-02 5.384066069981791741e-02 -3.025851105705998911e-01
8.645908843589072967e-02 -4.681764040658305953e-02 1.658013734049756938e-02 1.136808352193662275e-01 2.128624167952658519e-01 -8.505226181310011901e-02 -4.022903226397520071e-01 -2.966876423979343258e-01 4.868067206906576301e-03 2.243903338892012100e-01 -2.052846910120822710e-01
8.304713104210393812e-03 3.252904363309556957e-02 3.387829018089198035e-02 -1.050269352630026631e-01 1.094242223181466078e-01 7.747288812221088741e-03 -4.735761161093269417e-02 -9.320071654260256300e-02 3.893894424339000571e-02 -1.031070300269654183e-01 -2.594218882307772756e-01
1.214708645739529490e-02 2.099954346885825607e-01 -7.547041260053991008e-02 2.216558782329929866e-01 2.594228899240274000e-01 -3.777104451403610064e-01 -2.484584708874868209e-01 2.023912864203074036e-01 -7.013672699676135047e-02 -1.679147716989098094e-01 -3.432134277815707124e-01
-8.147565800277743742e-02 -6.901339863278407871e-02 -1.075536214677567382e-01 5.624277556222723705e-03 2.607310517803383965e-01 -2.372895509197232855e-01 -2.111576943928613059e-01 1.338314521615548980e-01 1.402573780725717423e-01 6.285421502865183585e-02 -2.741001305657602694e-01
5.237092076907246679e-05 -5.555785608136296766e-02 -1.388862040211261417e-01 1.526518285519404827e-01 2.814983410200355696e-01 -1.904451861321959094e-01 -5.024666618522544148e-01 -5.057891807855230404e-02 5.301189453416621511e-02 3.735563262751813718e-01 -3.001276145189243350e-01
-1.647400168128713635e-02 -2.621544409076250262e-02 9.599073193482186850e-02 -4.979061191028934241e-02 1.234825895792976552e-01 3.173317761842489593e-02 -9.350777352909796225e-02 -9.894736952464924795e-02 -1.547973110655762319e-01 -1.502898141791850772e-01 -3.847585253402031197e-02
1.362991558897180301e-02 8.178952340463402360e-02 -1.454473013407731607e-01 -3.141804867828344987e-03 8.002609576804591007e-02 -6.517356592948088112e-01 3.482643407051931317e-01 2.082162837186825322e-01 5.170708160543111345e-03 9.163487270999680356e-02 -4.056986539349820564e-01
1.525256968157870929e-01 -1.014558595295667227e-02 -1.609673724664855976e-01 4.471057353690069402e-02 2.670294325861543028e-01 -1.024124337409969415e-01 -1.903985880950016807e-01 4.421409551699808510e-02 -4.596385658275142089e-02 8.671379243365275741e-03 -3.845550202433367648e-01
1.396055578412307499e-02 1.011811801676449317e-02 -3.919071670175430094e-02 1.090190391134905901e-01 3.077050235844177098e-02 -1.148045974487065662e-01 -2.502392707346673961e-01 6.042437582767654775e-02 -2.234905395355125599e-02 -1.167172416899751874e-02 -1.633289074751429482e-01
-4.285706904667166937e-03 5.003151576284693702e-02 -1.373592522784277126e-01 1.424771223660913598e-02 2.947675147273537410e-01 -2.619597255495595065e-02 -2.954351050418882463e-01 5.797667425404707392e-02 -7.052860533611951532e-02 -6.391277685491639909e-03 -2.541191765616312437e-01
-1.274679009890658521e-01 4.196447123337217200e-02 -3.306266661902869386e-02 -7.983664399634386732e-02 2.685547236011939787e-01 -1.590231038641444494e-01 -2.807680071558831814e-01 9.420449395086538669e-02 4.265965363974072444e-02 1.423778890266867159e-01 -2.868945882097160283e-01
9.206445833414982072e-02 4.296328597869036175e-02 -1.269796054225765802e-01 1.335280582543122430e-01 2.594676524139427620e-01 -2.382117390663838763e-01 -3.570731309451334878e-01 1.807632871940411945e-01 1.190807200942032434e-03 -6.182219095488351857e-02 -3.031825623694249239e-01
-9.424537671464626454e-02 2.041086960828036589e-01 -1.144277984324837683e-01 -1.511983771050912084e-01 2.098672073600384991e-01 7.676270688084715910e-02 -8.041673020151836326e-02 4.444151258807645805e-02 2.754507852237326072e-03 -9.616753995971963342e-02 -3.787704877328661457e-01
-6.614738247606968130e-03 -1.383204619351422957e-02 -1.998344980205463417e-01 -1.177481595579012441e-01 1.680596457263875687e-01 9.308208940100573883e-03 -2.209441221657226229e-01 5.448162072837154507e-02 1.048261789341522338e-01 1.265824065113683727e-01 -2.815761760374130285e-01
-2.171634051164005041e-02 -9.472947429195920088e-02 3.393992462048512487e-02 -1.970712070590391329e-02 2.499379900193630655e-01 -2.782888148570740114e-02 -3.171873474822329841e-01 1.228932115984233270e-01 8.091284772552791160e-02 -2.843056406110043913e-02 -3.553759248075782917e-01
-6.286512137797288513e-02 -4.308483763378567061e-02 -2.067681896948993514e-01 1.803330510532126507e-01 3.976562733308427466e-01 2.540876624039982521e-03 -1.658818097759890697e-01 3.025375249586558790e-01 -6.091779097244719512e-03 -2.921725868675751903e-01 -4.834950809016095308e-01
1.758204705869685289e-02 -8.241185077801005399e-02 6.296366732945928024e-02 -1.035890707593395271e-01 2.446449630610205705e-01 -1.303128374878935181e-01 -1.903140453482836669e-01 6.647854159718716294e-02 3.981838358252305990e-03 -2.757469000818942029e-02 -2.387402424052247896e-01
-4.712759021901873069e-02 8.005573737265188339e-02 -1.328106614832885723e-01 -3.055333902026629092e-02 1.817591743586325359e-01 5.349813287478166757e-02 -2.234011430752942118e-01 -3.748792878670471809e-03 7.540347648567384022e-03 1.825041625519222693e-02 -2.807539612156116915e-01
1.283970239729991837e-02 1.136133876663504017e-01 -1.745745789588161456e-01 1.209031714807104127e-02 1.398966129970366234e-01 -1.340641676487819567e-01 -1.778735473930389555e-01 2.912874051345367907e-02 4.051968356339055895e-03 5.892512542614634224e-02 -2.613252398863837866e-01
1.018114496044536521e-01 2.624733194832807627e-03 -2.462587267737030572e-01 5.095955327078467711e-02 2.030659936642513208e-01 -6.589238977392763985e-02 -2.628378350755297688e-01 -6.909136533014699488e-02 -9.224478008770639614e-02 6.006328429382808837e-02 -5.949159636946092095e-02
-3.038294187528007423e-03 4.158397062502112995e-02 -1.359506117552477522e-01 9.615194587761023703e-02 2.569945036782023129e-01 7.572681438024189346e-03 -4.525588662886364522e-01 -2.292488389853984398e-01 -1.257995300353628070e-03 2.285865904503827095e-01 -1.861267649344005293e-01
4.266499474128688379e-02 -1.640640945806875334e-02 -1.493095665172083641e-01 6.903708874970992948e-02 4.995397165911265314e-02 -9.907202718797564200e-02 -2.184192008145478536e-01 3.514060831903156185e-02 -2.864667373958880436e-02 6.175904477586562774e-02 -1.239935099099416793e-01
3.049585560978257739e-02 9.848383912683245089e-02 -2.798619088731981730e-01 -2.877163310238789462e-02 7.327308067635293631e-02 -2.899902194906785365e-03 -2.853786065094518487e-01 6.529468952222189371e-02 5.137930040978542362e-02 1.188455320485945765e-01 -2.181519260959489392e-01
1.307414135119834286e-01 -7.897274364559460358e-02 -2.089151049878480992e-01 6.912932372998595310e-02 2.834287032896054548e-01 -5.004391630021526316e-02 -3.420426245399765808e-01 7.263366803002964389e-02 -2.452753450297379678e-01 1.870085012735909213e-01 -1.949835547141474668e-01
3.045627782378774323e-02 6.310226732418029727e-02 -5.906041893213750948e-02 -8.079958959952235342e-02 1.178000147785054907e-01 -1.313627372459789111e-01 -2.259333064963218729e-01 -4.452476660219532867e-02 1.897439620216230874e-02 4.513963833208367582e-02 -1.110834549668879845e-01
1.893152943900247576e-02 2.378274589509803139e-02 -1.328959553221178980e-01 -4.282825130569458544e-02 2.567169563954985745e-01 -1.800558732367080889e-02 -3.505193480613243429e-01 -7.688829939041511019e-02 1.046346457251402240e-01 5.151596172791427647e-02 -2.117360771617542159e-01
-4.541681301376421231e-02 -2.138783153786312161e-02 -8.178977715202145893e-02 8.423370810730759772e-02 3.044180211319999496e-01 -3.744225558977135049e-01 -3.465566708646480171e-02 5.432537385659603757e-01 -3.063051918056143852e-01 -7.494344339754877016e-02 -3.702758672966006137e-01
7.339678038261747417e-02 4.835290859107276712e-02 7.530660489146134839e-03 -1.322638583555448347e-02 2.353487773837797670e-01 -9.096883596378271819e-02 -1.690189529895985143e-01 1.601829360562348203e-01 -2.165099428482032684e-02 -3.717724736465535806e-01 -2.354660995648661381e-01
7.174833193398872690e-03 5.095621286871596795e-02 -1.803332893390065805e-01 -2.699498863214917083e-02 3.066999039888805845e-01 -2.922955598510849212e-02 -2.256904035444995127e-01 1.354919563064684723e-02 -1.710696269119986110e-02 -5.613703887569754247e-02 -2.201795859963042168e-01
-1.123969940449243664e-02 3.356692300704297929e-03 -1.772274907222747276e-01 -3.637568066230063846e-02 3.011554871327243865e-01 -9.220737583106512758e-02 -2.078251781554508737e-01 2.091527788908883190e-01 2.518201176311548814e-02 -7.893080358497966964e-02 -3.123324211091928482e-01
-4.582188514351703823e-02 1.652643149884703566e-01 -3.026294711530859716e-01 -7.991351660958047332e-02 3.234554922987705750e-01 -8.669069164380736187e-03 -1.663450918370393272e-01 1.326032241320901084e-01 -8.143252112316901048e-02 -9.696646373321154977e-02 -2.168366920376720297e-01
