1.422526196912526020e+00
4.616647794003271299e-01
2.178638921291134345e+00
1.806550952811625532e-01
2.040063222742297955e-01
1.347007858990278695e-01
2.486939156893007985e-01
2.090168676880956311e-01
2.040554666091116132e-01
1.935400463290500028e-01
1.949644734749607533e+00
2.178187590059315504e+00
1.858959689435459306e-01
1.975224517554489689e-01
3.739156880053307042e-01
8.727097525478688667e-01
3.572087064950598134e-01
7.486059523298261853e-01
2.897776623544391361e-01
3.319647447409270757e-01
2.688359089715097183e-01
2.973277938919471897e-01
2.049956946173348837e-01
2.140623148596954017e-01
1.606495010122386546e-01
2.189316078024856060e-01
2.088353042529803305e-01
2.806052600085575666e-01
1.719047848603575956e-01
2.811312879462691594e+00
4.970922868913349113e+00
3.511047036007266531e-01
2.890485433176068764e+00
1.573888522613992924e+00
2.000885729885409081e-01
4.251252265185593293e-01
2.801540813826631116e+00
3.370257248940094486e-01
2.856019990594608204e-01
2.844378552446651387e-01
2.297439260737914879e-01
1.351792143387465561e+00
4.715141375090778908e-01
2.017030196146491761e-01
1.950555396174456779e-01
1.648403083463736429e-01
3.355325282002705745e-01
3.033476654305414799e-01
1.411351148274265221e-01
3.470536518648165147e-01
