3.422259845625280072e-01
1.606239198154250092e-01
3.351418306136190739e-01
2.172955707202273434e-01
3.407163323677552813e-01
1.939398329541622001e-01
1.618333047006507153e-01
2.980026994824474529e-01
1.736050295942038191e-01
2.532539629422025373e-01
2.164330094199966581e-01
2.045738291556269128e-01
1.642568773599365761e-01
1.605617752992495040e-01
3.334354546576343559e-01
8.969398950471548781e-01
1.579746904568454235e-01
3.285618775570315342e-01
2.794733004360393736e+00
2.444086125548469990e-01
1.983558109321831853e-01
3.273283674145843203e-01
1.847001276283914417e-01
1.900464598925183379e-01
1.359977095501366584e+00
9.011276384577145970e-01
3.851165159811617555e-01
2.377422633766866078e-01
3.926685451132460591e-01
3.499877427645217143e-01
2.573347453416481301e-01
1.400305783203236620e+00
2.210541515923039935e+00
2.154456581398508652e-01
2.927366341658785842e+00
2.416232126810871350e-01
2.276299625413765737e-01
1.902028289874325151e-01
5.189427644440719467e-01
1.948737163696367403e-01
3.235707517603630401e-01
2.780973898092293228e-01
2.071759754642094054e-01
1.730771217936652173e-01
1.428216365979027846e-01
2.628725290996364872e-01
2.296178405989061089e-01
2.170094173217228251e-01
2.017931949628253563e-01
2.598324029084937981e-01
