-1.268825647096894826e+00 1.492288518059992908e-01 1.210344992743475512e+00 3.157015963060172403e+00 2.397480128626582330e-01 3.880597289155146568e-01 1.046430547433710861e-01 -1.397024884830354030e-01 2.965028924474781835e-01 -1.144689701628140099e+00 -1.147290993584548113e+00 -3.053359917310988214e-01 2.143223846564352164e-01 5.584435188606341471e-01 5.159827629694826445e-01 8.879034532969966032e-01
-1.976619507750781990e-01 1.001302601240733336e-02 -8.514610641200692775e-02 3.054555122364427167e+00 3.225133160860358950e-01 -2.733738126610738561e-01 -7.919627779750035845e-01 -3.539229284705704970e-01 1.208037222024999746e+00 7.108819390305139985e-01 -2.200581306961168215e-01 6.271256178148766347e-01 -9.588577470324580743e-01 1.636264549046444472e-01 2.205508136506114658e-01 2.800307359722902234e-01
-4.921598484100244697e+00 -1.222770989632210314e-01 2.955430931123173566e-02 3.642502387313086398e+00 1.862427617966352922e-01 -9.394379977867739484e-02 -3.629856110235195610e-01 -6.989701455362627713e-02 2.559739676989525314e-02 1.203216617356991647e-01 5.078401515899723329e+00 -5.325660807830612242e-02 5.387311580896536611e-02 -5.054015748941947939e-02 -1.356542663060969212e-01 3.900106854963770742e-01
-3.042563574901813173e-01 3.282875945708991772e-01 5.763067128771218739e-01 3.062039377116523298e+00 2.210800915743565964e-02 -9.719690504118361218e-03 -2.731279449140793236e-01 -1.665432745795798475e-01 3.523883698112106333e-01 1.820920402969672947e-01 -2.127460519699795327e-01 1.735999912354706520e-01 2.728270682075641940e-01 -1.176687885380549164e-01 -3.045312975160047175e-02 -1.387831316870968834e-01
1.193890318369084970e-02 -4.853474757322844696e-02 4.759744208219863215e-01 3.016618263043288728e+00 9.543044867092759231e-03 1.307860078700097128e-01 -7.794606936455591994e-02 1.509657729630938805e-01 -5.401277581751015577e-02 -4.608733333281527789e-01 5.013281653354746403e-01 -2.266071899115899291e-01 1.471098641912635951e-01 2.281226599003349231e-01 1.222313480590044021e-02 -1.002853271485967535e-01
1.036435262509197014e-01 -2.658917370600297203e-03 1.459653250359553567e-01 3.083849706232761001e+00 1.844098872822168833e-01 4.836418413141529982e-01 1.576672202791219446e-01 -4.566679299167454298e-01 -6.744989284120771478e-01 1.289182155585393841e-01 -4.158222970236672977e-01 1.306664756552717577e-01 3.138170655544728627e-01 4.241818900021029348e-01 9.108613068076164276e-02 1.815158271531585113e-02
-2.579756771653129444e-01 -1.691599249990686227e-01 3.154587826861655619e-01 3.455618555754025323e+00 1.015206404055487149e-01 -5.871356834858888762e-02 1.624837078123771150e-01 5.674680009267005221e-02 -8.535015642944238090e-02 -6.579257501164237354e-02 4.667641486148504382e-01 -8.290987470422885031e-02 -3.670120001171338076e-01 2.123751094589435701e-02 -2.555008247372572705e-02 2.489845067761150554e-01
-2.512561703508351396e-01 3.822077798366990686e-01 3.690435861967267250e-01 3.286384594957322047e+00 3.155194250065023742e-01 -2.623608842539155717e-01 -1.081538681117034884e+00 -1.182999194923328445e-01 4.386568034215247991e-01 -7.658042689590317531e-01 1.342306386803838736e+00 -6.062000715735653689e-01 -4.539568887675329845e-02 -4.010972168392560322e-01 9.973116892443240067e-01 1.168734298342878342e-01
-9.798752441029745519e-01 -3.211800347697280067e-01 5.682811813990551464e-01 3.262941438545754025e+00 7.810905190185024605e-01 -2.186991749520957873e-01 7.450975914101203301e-01 -9.896131236012357668e-01 -2.205693323042142162e-01 2.970681346290847680e-01 4.534512517314095992e-02 3.496453773821073252e-03 1.219503628982505861e+00 -7.418979598169478384e-01 4.710693257857271332e-01 -2.057077353320139190e-01
-8.537055761463159254e-01 -3.846365935809544778e-01 -1.207474655728025814e-01 3.784349484806889929e+00 8.132237918607410077e-01 3.053655831892090888e-01 -2.297109229138167286e-01 3.358980998543977248e-01 -6.607428534354881089e-01 3.049992957406372218e-01 2.666606835860985125e-02 -4.207191488360019216e-01 -5.453614492399078140e-01 8.065314905959497516e-01 1.686117184164780680e-01 3.863292707408758631e-01
-3.510065375189141967e-01 -4.092997884577774803e-01 -1.905212857497405876e-01 4.081677485146382622e+00 1.152351487563519905e-01 5.767658061561703464e-01 -4.398015731585839250e-01 -1.945386015666628055e-01 -5.614959226623094102e-01 1.156254239328468880e-01 -1.096430347740899869e-01 -2.679786446062190075e-01 -1.319523910074615614e-01 1.215401934500553116e+00 4.776118338689415155e-01 -2.097290590209878736e-01
-4.917233044691840527e-02 -5.283393047988182989e-01 5.285615117512798555e-01 1.867795941382593750e+00 -3.418206448127267816e-01 4.923091996145038118e-01 -4.235946752488597977e-02 1.286760279362785531e-01 8.557960753271992571e-01 1.925411682271879643e+00 -7.754155269684680496e-01 -7.426682954703562878e-01 2.025942981760871509e-01 -6.971497934467507651e-02 1.888950769912942640e-01 7.580152975423387618e-02
-4.994749517517754756e-02 -3.286304987848917558e-04 1.202350222689823056e-01 3.443094294150509160e+00 2.658789327189828300e-01 -1.594663546584668135e-01 -2.674365617990173694e-02 -1.031654933306842825e-02 1.898837758130264564e-02 -4.636094304723670234e-01 3.780438187311497833e-01 3.930305443668243859e-01 -8.131357009827006044e-02 3.807541749978476248e-02 2.030676981136865233e-01 -3.523376251766855427e-01
-2.766289863884627831e+00 -2.563699471340511682e+00 6.373565640325646875e-01 3.722880115546700175e+00 -8.428072901703700381e-01 8.870898420957297192e-01 9.665250419677025029e-01 -2.329476550853682770e+00 -2.970534128091746329e-01 -9.378948119899954694e-02 4.639983171750531321e-01 3.627383389507284672e+00 7.844009271458457500e-02 8.771033002017972757e-01 9.082554041468434702e-01 4.404347967076071013e-01
1.785325659597108150e-01 -1.293831847467651341e-01 5.838977167344933106e-01 2.590435211850301123e+00 -1.420996457381359379e-01 -2.161400694213061469e-01 1.367486630729786157e-01 7.063020207735474232e-01 -4.313772172930325777e-01 2.130359379365587280e-02 -2.059669890970196038e-01 3.912165565523884059e-02 4.844820268402263430e-01 -4.622168256256825591e-01 7.397934808754403901e-01 -1.770822097951483542e-01
-3.123802573398409166e+00 4.287503587590954512e-01 -3.213132401399015903e-01 3.539086035762913696e+00 5.443795153670061282e-02 -2.959105942860923655e+00 2.876197426601609930e+00 9.995930830129512445e-02 -2.899842393037148636e-01 -2.772361014332664908e-01 2.427662504181009151e+00 -9.061072233299716228e-02 1.300145433611769041e-01 9.909431563600499260e-01 -2.534427864505289785e-01 4.847951148943910327e-01
1.325305593840604423e-01 4.104894501669664741e-01 5.588412495060872676e-01 1.825934215563958629e+00 9.661434797670820362e-01 -5.148219508774620756e-02 -1.226167508155223906e+00 -7.046957099898421006e-01 1.391139836307848932e-01 7.739189315279654258e-02 -2.241059693523880514e-01 6.451834736861447595e-02 2.214465692844064248e-02 -3.774728692403219732e-01 -3.178798986561176543e-02 2.134955200060844493e+00
7.695931695926829796e-01 4.290705231687304971e-02 5.784191831116998195e-01 3.227240128546856823e+00 -3.333704084133980228e+00 -5.490074956793148386e-01 -3.426461366870785508e+00 1.650637668087401755e+00 2.008996546610089529e-01 2.880765115749495675e-01 1.756154228539459905e-01 -3.027427555491608580e-01 -2.898133204885722236e-02 2.409904342052881177e+00 9.495347801008178212e-01 1.064419915221482604e+00
-3.646535945219122055e-01 -4.301705079367020623e+00 5.998138705389903791e-01 3.569299401049018439e+00 -5.015685703880927715e-01 -2.321102831792267174e-01 4.812050625862893116e-02 5.167119285984607124e-01 5.207588737485499553e-02 3.698294920632986482e+00 -4.668587026611657753e-02 4.174773310279875638e-01 -6.198070148471557239e-02 3.995879003058863121e-01 -7.855303375310708214e-01 7.092034847898420757e-01
4.724279580933653522e-01 -2.830581788155768774e-01 -3.024621730134139375e-01 2.626822608670721593e+00 3.786719607281229250e-01 2.450119285581919826e-03 -3.064065487411689603e-01 -4.083739358463956970e-01 1.998892015640109099e-01 1.305763588641001949e+00 -1.620276303014679398e-01 -4.350562083092220367e-01 -8.960915744251123360e-01 -8.506965137177610048e-01 1.288233168357943104e+00 1.086264951667872403e+00
4.307754141539620329e-01 -5.860464426003002547e-01 -3.909837081116068203e-01 3.394073936056678953e+00 7.482044982651350762e-02 5.508610545415986159e-01 -1.681167156098753335e+00 -9.708164399991804361e-01 -9.178719794716649893e-02 -4.875950452746993236e-01 2.029183560000808573e+00 1.972158283665773615e-01 -1.437985712927773996e+00 1.508882194925496689e+00 1.485438083685134414e-01 1.028376250557833549e+00
-1.375600740502435082e-01 -5.938756575576431551e-02 2.943925687332778485e-01 3.475964851834638214e+00 -8.689784064459750434e-02 -2.024091911859460691e+00 1.174873599338594615e-01 2.739480248516314442e-01 -9.476414061213109252e-02 1.975908088140552632e+00 5.955821435498462324e-02 -1.261955168580207731e-01 -1.277424807662786155e-01 1.397475002212896500e-01 -7.611837035102714255e-02 1.121020866657891635e-01
1.306927268290626998e+00 -2.413492322245421651e+00 -6.629314353385579173e-02 3.560344893460504423e+00 -7.476214618980437931e-01 6.246388985741305189e-02 6.504890850251270340e-01 -7.749258619899300760e-01 -6.513600128110217380e-01 4.748976332137261891e-01 -6.721837778392583673e-02 -3.294082356034861575e-02 -1.454544925426697333e+00 5.605537131661865458e-02 2.279435501960792809e+00 1.534134079962935937e+00
1.302946109392705276e-01 -2.951184744416806005e-01 7.633396371301852668e-01 2.967965161277111630e+00 3.810428238834120962e-01 8.967773699730563486e-02 -5.406475169384739043e-01 -1.759699087874895818e-01 4.304995343780724792e-01 -7.670285440547315314e-01 -5.789858160826664157e-01 -4.381222322005265402e-01 1.055685391101992554e+00 2.360989578384985466e-01 -6.319093685152854523e-02 5.208103696497482504e-01
4.772518601512129033e-01 -3.416600777048298676e-01 2.547165767792020641e-01 5.158638701553903694e-01 2.976766304181925338e-01 3.850835669896449653e-01 9.843968529178415139e-02 -7.815877315394900715e-02 -8.384459093577663058e-01 -8.998353406323744696e-01 -1.732848480599252783e-02 1.200592828306421112e+00 -2.165824667717666241e-01 2.852077519860356070e+00 -6.001213268259160127e-01 6.267806351388924835e-01
-5.498349382597078616e-03 7.353273867403309350e-02 -6.469460661640114019e-02 3.500002347223194032e+00 4.650809911734728463e-01 -6.783115912919275292e-01 -1.195829218702118224e+00 2.567656358266787731e-01 2.279143950457113710e-01 1.091574155817507386e+00 1.215137609316898071e-01 -4.993366324496994468e-01 -1.227466308488538993e-01 3.165154731291046630e-01 3.278510106079446373e-02 1.970832242479115815e-01
3.516507893117535866e-01 -9.329471763050498634e-01 3.139209339859326264e-01 1.100443860284356701e+00 3.695818500508291082e-01 -1.867764735315247393e-01 -3.670239379524545820e-01 -1.145160969305764054e+00 1.015987963350030832e+00 8.030709296406954856e-01 2.422945515978887965e+00 8.260120488620154022e-02 -5.389124332365856640e-01 -1.186467729547061589e-01 -2.522923218491675001e-01 7.979078314850659437e-01
7.958234776333115157e-01 -1.265636270573709865e+00 4.785301619947800456e-01 3.358003996684472359e+00 -1.834396762518696877e-01 2.662232238976740550e-01 1.659949217368533181e-01 -9.385371009848425539e-01 -1.361842991390884272e+00 1.061462899015159334e+00 -1.966119391302503239e-01 -1.560620199606507219e-01 7.581134831911777727e-01 -7.254984736212050089e-02 5.443869766894677831e-01 4.624914986499324976e-01
-8.079922676520817637e-01 -1.093176369279290766e-01 3.889358072083473061e-01 3.488533827098340367e+00 1.706510190817409622e-01 2.047826574060440941e-01 2.549397532481048612e-01 -2.143908281207796418e-01 2.233835885260500864e-01 3.019817241905758953e-02 2.482338986868480313e-01 -8.361648595043291721e-02 2.575860126818304563e-01 1.041312763729776325e+00 -7.420470062301735004e-01 -6.348424813662402189e-01
-1.718352921237152886e-01 -1.566201578900207059e-01 4.495320490325592777e-01 3.554233687629785532e+00 6.878062424701972266e-02 2.575755014843220669e-01 -3.774497361959323616e-01 -3.689791217910324828e-01 9.132975420506311837e-02 1.598222710346428044e-01 -1.231169911031866626e-01 -8.221957218639343312e-02 1.862636697719418921e-01 -1.831772434683131556e-01 1.289351216067382289e-01 2.832762295850222989e-01
8.443604779776028857e-02 3.212688388872498302e-01 -2.886669917769575822e+00 3.245546652559121892e+00 8.032056372833134006e-01 3.684886262608829677e-01 -2.186444213122248625e-01 -6.227000929164567822e-01 -8.448236941977819159e-01 -1.477321318706152908e-01 5.258029208729195769e-01 -2.256763640434685525e-01 -9.594268320306286180e-01 3.098458158044422373e+00 1.178956405408132513e-03 1.173638409868174914e+00
1.545004361578744545e-02 4.370192732541972602e-01 3.884614032755122626e-01 9.668715399944539657e-01 -1.937918280002259575e-01 6.691363150548663707e-01 -1.239689521003740080e-01 -1.067526589383593905e+00 5.416669906107797194e-01 1.138386336632425389e+00 -2.220324903138929606e+00 -6.499745291409388948e-01 1.698955891535693485e+00 6.476465379174705106e-01 1.021844930431234477e+00 4.464983332801437110e-01
-1.162863068789270343e-01 -8.856760130898946315e-01 2.663298295599083598e-01 3.594868632411548415e+00 -8.619801971050823353e-01 3.685213602680116329e-01 1.138019802894942867e+00 3.499675524583383268e-01 -2.043288109275657183e-01 3.250238876032794377e-01 1.048887417250812804e-01 -3.350459716379091679e-01 -9.903023764430176623e-01 9.629401131194166574e-02 -3.066549416335669909e-01 1.172711593321411838e+00
2.892259091639142188e-01 -1.224467951220092887e-01 -7.664522086383923627e-01 2.228314034251468012e+00 1.889553746971261161e-01 -2.692708153336565768e+00 2.797891828584965879e+00 -1.358002032193178277e+00 7.429455590340510174e-01 1.344804075868092808e+00 -8.859009102749576536e-02 -2.478120072128081885e-01 -7.201881704789675487e-01 1.151762325390215613e+00 3.493369833676288061e-01 6.193141614904547065e-01
2.754278445798499231e-01 6.119868406011735873e-02 8.139351285179285966e-03 3.514519021839944024e+00 -1.232610315084799180e-01 -1.889562340351432557e+00 -7.224038939112660263e-01 4.263835615210084806e-02 4.095584328314130773e-01 1.104471707910628098e-01 3.191276308510231363e-01 1.944423717502527182e+00 8.843467478023429862e-02 4.311926338297331074e-02 -1.578648729638617021e-01 -2.075912154828845613e-01
-3.710625757155054383e-01 5.425277104536524453e-01 -9.145747623275003457e-01 3.113240013274302331e+00 2.522153709730111659e-01 2.155384280452224133e-01 3.302467426373019710e-01 -1.319906914074114646e+00 1.986263409189668594e-01 5.154777483929631199e-01 1.438759954457913826e-01 1.831815699764208771e-01 5.181549005380505779e-01 -2.624954354522673894e-01 1.101962726159897016e-01 4.611093881362150482e-01
4.118426935298777347e-01 -1.174740464351855973e+00 2.926790394590961797e-01 3.297808094789066224e+00 1.335223480050254929e-01 -3.150923551112675969e-01 -1.643355017540795826e+00 -5.335435197466213003e-02 4.527782164050651592e-01 9.558813933280519981e-01 1.638885364693237090e+00 -8.475108495839173139e-02 2.856931015363000093e-01 -8.701848819455635375e-01 1.061802593437311953e-01 2.825584386315847518e-01
-2.566744656295280244e-02 -1.637968251338711712e+00 7.746278410616584675e-02 4.598913333206781751e+00 -1.789615680084060689e-01 -2.916488915081523747e-01 2.782966223687841079e-01 1.112676635255474252e-03 -3.957518380503001199e-01 8.863941121790529509e-01 -9.204000866477647369e-01 -1.059614639602055375e+00 -2.852921230157989263e-01 9.115039930809795132e-01 6.943583815746530163e-01 1.063613735420969375e+00
-1.213254937021355229e+00 2.135652303110529421e-02 4.588810427139322634e-01 3.770505102046951329e+00 2.950385150195547479e-02 -5.358879404837717519e-01 3.138209603849677065e-01 6.794542444256405078e-01 1.755126774976775439e-01 -2.756815699146223375e-01 2.647291908363719193e-01 -1.341420998925068719e+00 3.754243056744470675e-01 5.009374440249888538e-01 -2.082265756709820170e-01 7.006974737162638966e-01
-1.753763815215089034e-02 -1.559432626272264644e+00 5.182913413047893769e-01 3.739543239677234343e+00 7.861744061058407729e-01 7.942077370359686972e-01 -2.014374865254679126e+00 -4.639212330176085280e-02 -1.354528442122992227e-01 5.233519259103636134e-02 1.590972822848653323e-02 2.769062246251089432e-01 -6.855635981413793489e-02 2.890277267988814458e-01 1.100652841598371845e+00 -1.495118711992560884e-02
5.905080713942736925e-02 -1.624473202385157133e-01 -2.636334181865019222e+00 3.302266795356818996e+00 -3.106945996844780455e-01 -1.538288227920585616e-01 -1.460930874836216531e-01 8.864171281310201378e-02 3.363665818134980334e+00 9.353592748963324155e-02 2.636919214069763928e-01 1.721152104770477254e-01 -1.529732779009927435e-01 -4.204101173748388542e-01 5.772689980554748246e-01 -2.211049896954346283e-01
-3.867297372564817426e-01 -4.753642854096850612e-01 2.873162054887350436e-01 3.760472502121196214e+00 2.370497947704130470e-01 -1.099006817687325110e+00 -4.876062687275296015e-01 3.642032036266095174e-01 -2.148768001624979718e+00 -5.152622805365494330e-01 1.560669174263628944e+00 8.338597907752386407e-01 8.104374309412797350e-01 1.271930213464909087e+00 -1.043073405557785494e+00 7.462232751868261849e-01
-2.085581998389614000e-01 3.002847829622483089e-01 2.456531659850272331e-01 3.342568654486901547e+00 -1.332216641740742724e-01 -6.322479596146735048e-03 5.173012111745653452e-02 -6.994375360243770823e-02 -1.328515482696882577e-01 -1.192214628201137272e-01 1.506754350598445424e-01 2.768416556844925935e-01 -2.548634779427426111e-01 -1.369663519440295074e-02 1.427268332182827226e-01 1.445493667628134915e-01
6.297807171811486970e-02 -2.357202235006810587e-01 8.065324942629677196e-02 2.936084068253896451e+00 1.660188416010456303e-01 1.248764638815736544e-01 4.967806502261423729e-02 -7.204671323557201301e-01 -2.547230143552269288e-01 -1.499311510450986651e+00 9.325465916390160981e-01 -6.078294658408550655e-01 -1.599556043470432010e-01 2.075111682689712467e+00 -3.663832682628868076e-01 1.132793978719631500e+00
2.063486187173431963e-01 -1.911403546280521226e-01 -4.270863448735765511e-01 3.401654788518698513e+00 3.781761637978593993e-01 4.555611935360915909e-01 -1.334874565938646285e+00 -7.552252129850243190e-01 4.870512277806632317e-02 4.827136568190869559e-01 2.973882235092593085e-01 2.084858025316164432e-01 1.455413655580742316e-02 9.244659124860231392e-02 -6.752092518616916728e-01 1.513852226113060251e+00
2.676193869793325186e-02 1.480631762496800730e-01 -3.471149969305151739e-01 3.456838617499009558e+00 8.502322790210922743e-02 -1.701982726564089943e-01 -1.059042840926704698e-01 6.260203247002499305e-02 8.759778653929872760e-02 2.116060297965142167e-01 4.983540941038059890e-01 -1.686900071905279158e-02 8.661355730744080272e-02 -4.958410380440225196e-01 2.887894159795811877e-01 -9.997149026422608165e-02
-9.215485236833369509e-01 2.112634496686315311e-01 8.514382188167679555e-01 3.061990231956069231e+00 1.174791258225742208e-01 -2.404701199551750601e-01 1.841355568908259466e-02 3.642151335477284424e-01 -8.348798818272438194e-01 5.569900079453267150e-01 3.064787055265298377e-01 1.062346541311436944e-02 -2.332657219280792060e-01 3.586389916038897896e-01 -3.708818112366768505e-01 4.598659664792986157e-01
-4.472144904716760294e+00 2.409159182163689850e-01 8.784065417460505953e-01 3.546031573040804297e+00 -5.697908157967184195e-01 -5.703262973972893501e-01 7.245866770959307201e-01 -2.527478352478301216e-01 3.527855095283238818e+00 -2.151341281982736831e-01 -5.827341090364130949e-01 -5.606464930419666204e-02 2.979316256424098253e-01 4.281669969232638207e-01 7.958096885882404159e-02 7.118181367290901118e-01
-3.671597657260544101e-01 1.069691948341753712e-01 3.707716320435817253e-02 3.384087801799190220e+00 2.008081208567831233e-01 -9.336662610326029732e-01 4.442508142312362462e-02 1.066333738967392142e+00 -2.930364016835938501e-01 1.859028187485235462e-01 1.379558341346224237e-01 -1.655453652608820936e-02 3.340434347277923544e-01 -2.002467464362226446e-01 -3.582732172517010261e-01 3.876845337988016893e-01
-6.100311705607278090e-03 3.339072153163244461e-02 1.561452589499093824e-01 3.216565914429950990e+00 -6.721876424606620937e-02 -1.488651420043787255e-01 6.070562779025040490e-03 2.074612405392962100e-01 -2.388472194046076802e-01 3.501169935822641410e-02 -4.542584070554044062e-02 7.971038245984472803e-02 5.354298740129859180e-01 2.197477710721150446e-01 -2.971331923764223282e-01 3.040783914813696698e-02
