9.619416117961594737e-02 -7.627878130590056704e-01 -6.860460721568376607e-01 4.272043217614239552e+00 -3.044339459269587156e-01 4.047210441008579074e-01 -4.083786154824099457e-01 5.191039338301284278e-01 7.497065565590521619e-01 2.241547250322237783e-01 -6.938370874492529872e-01 -4.006099372849295515e-01 -3.680073370614882211e-02 6.638298920700442807e-01 3.460726867338245194e-01 -2.713543581695556650e-01
-1.750430873227061701e+00 1.100429797947989445e-02 2.715533979918767216e-01 4.597551339527487180e+00 -2.367555299590153872e-01 -1.914000473789339851e-01 -1.811462061853461369e+00 5.207504016884794140e-01 4.580345069418438331e-01 -1.980920283787454217e+00 -3.358818544320249511e-01 1.672073768274091599e+00 7.802505330954998541e-01 7.080717701528318475e-01 4.695284557734623609e-01 5.296098330977863089e-01
3.359922791998884439e-02 -1.530334731501651335e-01 -4.920490657429880677e-01 4.045092944404163227e+00 -2.338886257461678220e+00 -4.015718006345374569e-01 2.678790561284238425e+00 -2.106924473125204589e+00 2.022704678750912588e-01 3.531474166594196495e-02 -3.991372477790594009e-01 3.182359074696626267e-01 -4.031826034733084763e-01 -8.624436141352609386e-04 -1.814787653226866138e-01 2.875399933569565025e+00
-5.539092988096513404e-01 1.380069287429555036e-01 -4.771419076467706133e-02 3.573360461745844763e+00 -2.120005211517559829e+00 4.690905318618094899e-01 2.793654480508626914e-02 9.539163581178503049e-02 4.079230147130590012e-02 -1.169919030512936775e+00 1.067128434935668446e+00 3.537059429305796643e-01 6.789286403417495175e-02 2.359314456123176473e+00 -4.521412036702049941e-01 -1.373535133024686994e-01
2.030416492146212559e-01 -3.796497098063103537e-01 -6.707225132910786813e-01 4.100334037183821501e+00 -4.069246463042078155e+00 -4.775309842606667576e-02 -7.737428928095577141e-02 -1.115522258052773719e+00 1.098456755574872101e+00 -4.827047075451981195e-01 -1.703732640841180368e+00 3.909563269289193510e+00 8.970426124852722838e-01 5.245615348180824311e-01 7.722612631979071107e-01 7.530222124067593725e-01
-6.683646819407091932e-01 3.140616357805403602e-02 1.057213646604801549e-01 3.987261897186142434e+00 -2.482110337711879861e-02 -5.064967997037866931e-01 2.668826650848908910e-01 5.628347918820568729e-01 -4.664226307312685504e-02 1.065261004035522596e-01 1.300320060903748243e-01 -4.062938276786529634e-01 -2.198427674615800742e-01 3.037554834961928574e-01 3.616179290663676937e-01 -2.719993043282499245e-01
3.795579474550618282e-01 5.192062362525833030e-03 -4.784619876996801802e-01 3.979037956275040422e+00 -6.503551092522110721e-01 5.866640767513778831e-01 5.751469042589233416e-01 -6.400780736241695745e-01 -6.672296282244770671e-01 7.179185063098783570e-02 1.576839206184283693e-01 -4.685788428385827542e-01 -3.730557345353637810e-01 1.062229244176178533e-01 3.790367430439864904e-01 7.490026442454223998e-01
5.115634123133819822e-01 2.248437818048931724e-02 -1.664642677737248055e+00 3.181765595875928554e+00 -7.842891551303871056e-02 7.107868523975882091e-01 1.385491364962363470e-01 -1.230503495977999240e-01 -4.643704338959047107e-01 1.194704135154543712e-01 3.501584843271263181e-01 -2.462666692466505935e+00 -5.032652168412998783e-01 9.907139092225916155e-01 9.959795038179853899e-01 1.986530253789903444e+00
4.328496604771606693e-01 -2.461201544391426466e-01 -7.217961137955662965e-01 3.964616527793448864e+00 -1.189778460801267368e-01 -1.330990523777322299e+00 -1.170762804837687021e+00 1.201497420780639480e+00 -1.256630648455492882e-01 1.296750009310522422e+00 -7.623502539297337677e-01 3.255352034864102961e-01 5.469033155312087446e-01 9.672140834981891866e-02 5.924155879573492767e-01 -2.690507180965434619e-01
-4.479098885131268304e+00 -1.390999894649622703e-01 -5.535281307395614192e-01 4.265736741059848569e+00 2.566012396441059995e-02 -7.399350780138036487e-02 -1.851415962583594643e-01 -2.389634377669371812e-01 -5.166093704046949009e-01 4.520901114868685511e+00 7.491371944662267301e-01 -5.162612113450548018e-02 2.773503268015446444e-01 -4.623370091085395317e-01 5.684454652111916584e-01 4.744735323190182874e-03
4.947400890696950770e-01 4.731098718641192358e-01 -6.617105056333251412e+00 4.033031538945582639e+00 -5.613412269740968297e-01 -3.380927026523653511e-01 -2.752184886908599193e+00 -4.022850926549005335e-01 -3.395145626203683875e-01 -6.389982260434510231e-01 -1.094651066328528877e-01 2.283087555289646520e-01 3.382894943666739263e+00 3.224690210464463913e+00 3.482379038396027582e+00 1.514100667691808677e-01
2.375002346471754289e-01 -4.114534950172241246e+00 -3.487250488464863074e-01 3.814001701193088678e+00 -1.786761901537526898e-01 -2.384354770458009531e-02 9.912476318768491390e-02 2.372800552800915369e-02 1.981465663945897460e-01 3.885465049827745876e+00 -1.271520774684984645e-01 2.988321371925654613e-01 -3.524456954851426516e-01 -3.614377748093725723e-02 -4.757887992732273696e-02 3.838793631529905381e-01
2.796367900309369436e-01 2.429745467146788851e-01 -4.221529744134389778e-02 4.132506797141598298e+00 -3.265497517416665052e-01 -3.588891996669663076e-01 -1.732064036124717044e+00 -5.950981898657700109e-01 9.445909389926149258e-02 1.934775981357841068e-01 -2.089885745714902543e-01 -8.709606377030210123e-02 1.751272275584182303e+00 9.331319082302985679e-02 3.085464007707848788e-01 -3.370792603311378866e-02
7.742914145408703874e-02 -7.395763559321257841e-01 -5.836507494544196373e-01 4.300834217820669103e+00 1.769677975768554623e-01 -3.685482522362044655e-01 -1.375323565725243558e-01 3.695706543901147167e-01 4.032805078406618837e-01 6.242939620481819940e-01 -6.161413608462622538e-01 -6.972834539494388029e-02 -1.251761379933370444e-01 3.896448177139694158e-01 2.104620361141300022e-01 -2.005519226439640423e-01
1.207625476581142554e-01 -2.194274804843603099e-02 -2.997148703019959504e-01 3.829916025603254504e+00 -4.212401748686832315e-03 2.411181323575110197e-02 3.969408631266885257e-01 -3.634519319615868715e-01 -2.715308092270710127e-01 2.265148729386404491e-01 -7.086897666322207467e-03 4.871954997253624686e-02 -1.073950100124876350e-01 -9.991260887234951205e-02 -3.443479196927377584e-01 5.842071788815745848e-01
-2.374368579207276064e-01 2.334433072055872027e-01 -5.483485336928159981e-01 3.827950290039094927e+00 -5.059511362238907628e-01 9.375095762792668985e-01 3.567310843023368538e-01 -4.975933322129559300e-01 -1.854729796174441059e-01 1.632033819687176424e-01 -1.200066549627814561e-01 -3.010672968947792905e-01 1.826782026851454799e-02 -1.026949368603410351e-01 2.614042143982659994e-01 4.116397078088383510e-01
4.604976198190703918e-01 -3.535766734047942617e-01 -5.309281095491000801e-01 4.231113625355366281e+00 1.297754398755577021e-01 -3.316177900958882652e-01 -2.569682634920799735e+00 6.222456300982945332e-02 -4.489953700077846388e-02 -3.456184938013789343e-01 -2.718774106469125651e-01 2.430317365079202041e+00 -2.827355931362796615e-01 4.474978163784854579e-01 6.902497741187032521e-01 -9.162307195395329867e-03
5.687592056002803709e-01 -1.466356486801799752e-01 -2.228672586823849056e+00 3.803010643748183206e+00 1.085008874020372410e-01 -1.935436479810171417e-01 -1.638350262404485447e-01 1.766306814825975846e-01 8.831576325829409990e-02 -3.820039361608130180e-01 -4.031547923522211252e-01 3.927493861711108258e-01 1.797804717616162451e+00 2.557137275043260272e-01 -1.262915499736164127e-02 5.056743433778654317e-02
-8.862584519959055829e-01 1.973008912212609323e-01 -1.649848126996504849e-01 3.669341779827147487e+00 -1.008681173668334041e-02 -2.995264930646477364e-01 3.141220047770274526e-01 -2.324832253536803783e-01 4.658549812000406520e-01 3.091517181981365825e-01 1.020133296204227324e+00 -7.468906116974413090e-01 -9.186904759986735947e-02 2.394174244652633177e-01 -2.966399497573486421e-01 2.249949618970087384e-01
5.942148036263322081e-02 -2.903685229737711371e-01 -5.940699628695402801e-01 4.218053275310581718e+00 -6.924994285241574676e-01 -4.081116481675594598e-01 6.013097461136877181e-03 -2.519149300367095723e+00 -6.977637600598485257e-02 8.076407838166892172e-02 2.174341490695388124e-01 2.983601024251600453e+00 5.590460692005592980e-02 2.751594404285506723e-01 3.381266941952434935e-01 5.107504641198570838e-02
1.075879941974781512e-01 -4.236173918140889172e-01 1.058005196163965267e-01 4.069265479300208987e+00 -2.361812734296996896e-01 -7.576392645716267804e-01 1.512452852086795252e-01 1.242360735428372553e+00 -4.763277597775517069e-01 -7.562460443181825420e-01 1.866169137790403207e-02 5.277866414185899968e-02 -9.354175507953657598e-03 1.872813814288670775e-01 -5.632527265807049655e-02 4.922870852622966975e-01
-1.615413392112603486e+00 2.682154274677844841e-01 -3.968514228435311431e-01 4.177040449760927920e+00 3.121165677584367137e-01 1.094569523521329024e-01 5.776428828175184105e-01 6.277516172494010949e-01 -1.801298640466279188e+00 -2.481557421401353825e+00 -4.345675947987017729e-01 2.144194835861967796e+00 5.957873607859094367e-01 4.749372643534164884e-01 3.808043420597478912e-01 7.733184250401146098e-01
2.412948385201459933e-01 -1.974048889471056722e-01 -7.956579686799597484e-01 4.142650728731223531e+00 1.050960368844883891e-01 -7.653272126026060274e-03 -7.299920234241588646e-02 1.631994222882323375e-01 -2.688448364797618728e-01 -6.005844445122174857e-01 -1.984971386989251296e-01 7.420882355090036020e-02 3.174713397888098698e-01 5.990644183383273674e-03 2.193140252743871754e-01 5.839935464497287843e-01
-1.026918230642669960e-01 4.214587029557638753e-01 -7.892806893817976288e-01 2.699787138508712214e+00 3.032684284019485088e-01 -8.698973703414525360e-02 1.517954981703053818e-01 -6.481999075274447186e-01 1.180569164598046505e+00 -8.910205042334701231e-02 1.718983381873312455e-02 -9.075221736655434412e-01 1.285137417075356558e-01 1.898680983870195016e+00 -1.452202472609020467e-01 -3.206792097889051840e-01
-3.369147286543734965e-01 -2.770306713492295958e-01 -6.801352903407259509e-01 4.342773912758922883e+00 2.033409400301704473e-01 -2.446638966052044339e-01 7.553361033948015058e-01 -3.744405715264045864e-01 1.696111849242449288e-01 -4.432682326044198318e-01 -1.886383821152429544e-02 -3.367505576909037845e-01 -1.621581423304477645e-02 4.281213487959225628e-01 5.502365187557763937e-01 -9.558753559119602741e-03
-1.284526092236471628e+00 -4.384073466822870024e+00 -1.250537508818653776e-01 4.465935684790985682e+00 -2.725264991993574526e-01 3.853769925586534861e-01 -1.983560576522012564e+00 -6.259430829386175565e-02 -5.189312518812880803e-01 5.810303613558994718e-01 6.763355064117013704e-01 4.364544510445947267e+00 3.526703459096631743e-01 3.066120317988593746e-02 9.829804288171795079e-01 5.033085662526980419e-01
5.709975500639570267e-01 2.901253585114452194e-02 -1.628899048463145816e+00 3.779667003474401987e+00 -6.154749686397636976e-01 3.261369443219066522e-01 1.604477379356555600e-01 6.252005390993590206e-01 6.669584867147713148e-01 -1.104834463039492842e+00 4.000317379307252730e-01 -4.396520001516218135e-01 -8.653280737728800964e-02 2.427770696691270436e-01 9.694167998863645330e-02 6.887996565065144239e-01
-1.447870263483655329e+00 4.646571808314296503e-01 -1.043092188920839325e+00 4.130705391664717396e+00 4.756708012589630497e-01 3.678290106168223272e-01 -1.127787037302153406e-01 -5.380600158820814105e-02 3.399811144136752339e-01 2.919631539788384300e-01 5.044412256570943720e-01 5.142940222036583853e-01 -6.390858969499144671e-01 3.527773202810073339e-01 -2.341864653169250798e-01 -1.999220470315610787e-01
1.322843372568338338e-01 -1.360039951883448561e-01 -6.691452200785162896e-01 3.893148932950781127e+00 -8.851094152009771898e-01 -8.618325934495359997e-01 1.114890584799025586e+00 1.026244803052237115e-01 -1.276090960246776540e-01 1.059181114153584236e-01 4.436174609700123117e-01 1.038013623615938519e+00 -1.667820856196812751e-01 -3.061621847398098284e-01 2.253786259131766168e-01 -1.916539130399193547e-01
1.445101824958291425e-01 -3.601460742594275732e-02 -6.681149824729214481e-01 4.344228565223032135e+00 -3.899684330140513328e-02 -2.090685224255386665e-01 1.009295716638374252e-01 -4.536077250045418285e-01 2.091456193922993922e-01 -1.832710203177790598e-01 7.865656008333082871e-02 2.254605311519180047e-02 -9.759121726934109897e-02 5.051774958132663196e-01 1.073880481372114504e-01 -1.143395238216414617e-01
2.430911737438579134e-02 -7.551126050903852471e-01 -5.880710511979398980e-01 4.494156197653128793e+00 8.772851106223861217e-02 -3.150929559973444372e-01 -3.308087885215905133e-01 5.642578575338319524e-01 1.683584428501239683e-01 -2.796237088720399666e-01 -3.928266386383923170e-02 -5.528930935775390465e-02 -1.615471222119260752e-01 6.872099889337921486e-01 -8.434554341304106861e-02 2.947312870032468557e-01
3.906911339044506493e-01 -4.326131012043399338e-01 -1.693850764100875761e+00 4.412344928905391761e+00 -4.983305582325743277e-01 3.568738704724921385e-01 5.522302113649008026e-02 2.648469025190920423e-01 5.495964505104863340e-01 6.089325430041355736e-01 -5.113902220796917586e-01 -1.161978341748468813e+00 3.458668838583001115e-01 4.649723077647909819e-01 1.882030203319521311e-01 3.721895788432548757e-01
2.421502086408929000e-01 -2.970421977067643216e+00 -4.350863036127807781e-01 4.191102637899094319e+00 3.267513067997901421e-02 -1.415338246179278503e+00 -1.096627303749692084e-02 3.029578022932360337e+00 1.145407920989022360e-01 -2.730514492701176243e-02 -5.112957695810205205e-01 1.714747588089081454e+00 -3.938203988754002127e-01 -9.567854880835427456e-02 -2.460180155514030687e-01 4.927139511849646936e-01
1.696331423120440440e-01 -3.321343550423075386e-01 -7.134751586292702452e-01 3.386493146772712404e+00 1.129269346118134398e-01 2.944243000636300595e-02 -2.111463271853439294e-01 9.701405203323472393e-02 1.826846573014649644e-02 -7.448459923174444164e-01 -4.490642435529557108e-02 1.480608138063653545e+00 2.111524936849574097e+00 -1.021678975370834630e+00 -3.124128608966461607e-01 -3.137334986975125473e-01
-3.080126739073309583e+00 4.126463633266777564e-02 -2.537251629036437750e-01 4.106801390512869077e+00 -8.887978560925113847e-02 -6.085890702981611167e-02 2.919873260926668213e+00 1.121003058924579521e-01 1.317653037922399129e-01 -6.881918017288080058e-02 2.621387094429969422e-01 -4.023155459975237269e-01 -1.457518079066904282e-01 2.334813957278009111e-02 1.418116862957626706e-02 2.005818674757463838e-01
-7.378733143217625079e-01 3.789750756855169711e-01 -9.072035497249157920e-01 3.940690571860642422e+00 3.658234769853115353e-01 5.434498176391994173e-01 -7.636665148160461936e-01 2.366829668243149443e-01 -1.141788278928016209e-01 -2.640395680006812212e-02 3.939625191848419861e-02 6.275027345383887845e-01 3.028278113556969742e-01 1.158533263996833484e-01 -6.189436192829271821e-01 3.286454035161697207e-01
-3.132275170290255151e-02 -5.607286895172379493e-02 -2.916071503778032425e-02 4.392973057631505363e+00 -8.347704357966673205e-02 -9.913221671479484076e-01 -7.026257674052247548e-01 -5.534972361878778280e-01 -3.262385739981369381e-01 9.925068434478476198e-02 -2.115450621349534988e-01 2.586811200191704296e-01 8.094004618860000111e-01 3.674596398075952175e-01 1.217904713593418897e+00 -4.488298372513725432e-01
1.081379238358530781e-01 2.235010047586901138e-01 -7.973655038250461180e-01 3.836838196116989064e+00 4.497830234521957293e-02 -3.415998054753918156e-01 -1.711293109428839165e-01 4.633073509741700846e-01 -5.586529877939242494e-01 5.313559419402769102e-01 -9.692171442724509256e-02 -3.459595607693627395e-03 1.105678065641070296e-01 7.715154366980878642e-01 -2.361037370697376403e-01 -1.733916542065840061e-01
1.138949445556326767e-01 -4.451016007642258354e-01 -5.066672337140454285e-01 4.245633527795906303e+00 -3.521018157853287450e-02 -6.439349317634720515e-01 5.308005008774223654e-01 -2.115797932122413516e-01 -1.386234780000280276e-01 4.110548825512602700e-01 -4.020257152750671970e-01 6.261176328363009524e-01 5.330757107057249033e-02 3.983713128526591291e-02 1.232727640549213938e-01 -4.919836683478250039e-02
-5.124155826266751923e-02 -1.101078280751031924e-01 -3.218526578567320051e-01 3.644596674034871864e+00 -3.888257929824178727e-01 -3.335676574789790405e-01 2.233964645663578108e-01 4.837974371047920052e-01 2.793726019350320500e-01 -1.027451303851638187e+00 1.163931104877245493e-01 -7.738860299821830047e-02 1.245578278477459611e+00 1.156072739075340999e-01 -3.086839723096697630e-01 2.219551871865430015e-01
1.602005403131377403e-01 1.737059146689605427e-01 1.637527966330455387e-01 3.244862120190399324e+00 -5.938314133220840008e-02 -1.465927390847374112e-01 -5.029837663605770670e-01 -5.428156672391393212e-01 -1.384544967691481443e-01 4.638468006084103257e-01 -1.287260247228583926e-02 2.275873466224824226e-01 -3.469964320711778072e-01 6.098957798913695605e-01 8.450280422512791434e-01 -4.272028419649225861e-01
2.438600039701284417e-01 -2.458699298236428077e-01 -4.380607409929477281e-01 4.138560559102316461e+00 -3.947683724943317207e-01 3.605192549130218360e-01 -1.380254177778076907e-01 4.143985321651955100e-02 -3.497599345556436923e-01 2.698498436145272406e-01 -2.926090957220889854e-01 9.513966276372243236e-03 -1.841571769091776556e-01 5.363278047307947771e-01 6.480180965960802286e-02 8.995522667723981902e-02
6.747550770182343394e-01 -3.833372801196337942e+00 -1.546346958980250041e-01 1.210112429290647995e+00 3.325299472487466268e-01 3.736336036739451583e-02 9.294850415191830972e-01 1.543705070261602863e-01 -1.910777104535877013e+00 9.540673204295531118e-01 -4.585993505246532820e-01 3.143009630428287071e+00 7.454389871414129898e-01 9.011499158789815223e-01 4.209868890898034177e-01 5.656925006013752144e-01
2.448740251525956535e-01 -1.022986369689358188e-01 -1.124264280676287475e+00 -1.392760738850703728e+00 -2.451715211463602329e-01 1.070929009877412685e-01 -5.335107235992239127e-01 1.256760910547056742e+00 6.868823691963406031e-01 4.607239261149300269e+00 -3.249074186354412030e-01 -1.384270433061389471e-02 3.130902057023783325e-01 -9.489782877175660658e-02 1.089974096230305722e+00 -7.626822621015076908e-01
1.444264170610756737e-01 7.559379196522550415e-02 -7.300529926025827177e-01 4.619936219647184039e+00 -2.279018559230700514e-01 5.893085326387625944e-02 -9.443424117757950320e-01 1.064231844720700260e-01 -6.682405127945195700e-01 7.216234946782701387e-02 -1.156432508400486947e+00 -1.884141067093659527e-01 -5.451263556936924992e-02 2.644926155805084056e-01 1.055849581689098926e+00 1.283659664513211895e+00
-1.873606349912898816e-01 -4.429717425022042243e-02 -3.481989235350931300e-01 3.958533957004214177e+00 -1.190631760757012575e-01 4.845415910877194643e-02 -2.325298129377026835e-03 3.854375940973903125e-01 3.936094877678176784e-01 -4.828119678598372100e-01 -8.704676836612185165e-02 5.003613549944356531e-02 1.204484350294696970e-01 -3.889113467935196855e-01 4.640905016195019939e-01 -4.901732624056091142e-02
-2.567372588417360380e-01 -1.413014169111033724e-01 -1.160034114125308713e-01 4.114678358118818657e+00 -2.159265281124186087e-01 3.091100078347451263e-01 -9.830325790917138207e-02 9.248346716812383406e-02 2.916301466734323444e-01 -2.703861820479842581e-01 -2.229923935617900144e-02 -5.417665937917384711e-02 -2.332622478754405870e-01 7.157920364296024851e-02 1.602669783716342833e-02 2.244659744553813563e-01
-1.068817258542912874e-01 3.925025281702446689e-01 -5.794046685715826817e-01 4.027631184160735955e+00 1.121636375194886986e-01 -9.582260629695715792e-02 -4.948320988832909384e-01 2.276554313517932249e-01 -2.830947314097397305e-01 -1.037337619896273377e+00 2.716019122443767975e-01 -2.270011492133461317e-03 1.102096587249394188e+00 -7.649328159206689182e-02 4.698677590621740952e-01 -2.158046418769841712e-01
5.655141617629341200e-01 -3.646749332100218233e+00 -6.194682622015517115e-01 4.748038311548676838e+00 -5.881890011252134398e-01 5.828884598771684189e-01 -3.755972590030242309e+00 2.101619372299279032e-01 9.951780435826554916e-01 -8.145338804624751017e-01 -1.325463174783151898e-01 2.348154561798063256e+00 2.829350129453682694e-01 2.700483209632009718e+00 2.760283447621896258e-01 5.596549941439101783e-01
1.476391638966563502e-01 3.803925948717772343e-01 -5.293477392216909827e-01 4.181434955251284613e+00 -1.668389648769598721e-01 -4.818612015690092454e-01 -4.272299595303608033e-02 -1.345783572454158916e+00 2.288611802010838137e-01 -4.096850050325247239e-02 -3.166391417656855278e-02 -4.385999371051259033e-01 1.196556622501175227e+00 -4.817586792533874035e-02 1.335246587708714405e-01 5.691311721771799004e-01
