1.138292757121828203e+01
2.849633203807957926e+00
2.666023101005420060e+00
1.476468360833290694e+00
2.193563769196737567e+00
4.150942316375989982e+00
3.882899170573874237e+00
8.425082309775323353e+00
1.730045496550680184e+01
7.581988359622132911e+00
1.199214449400519911e+01
2.882009704330573463e+00
9.805947531413734541e-01
2.640887445102210407e+00
5.044034219811428521e+00
2.600618860374506180e+00
1.149766099457311563e+00
1.227366414611632317e+00
1.743966619911844651e+00
1.199298489682947277e+01
6.863572085162399361e+00
7.202691066587265212e+00
2.456593448869626162e+00
1.218404624657239488e+01
2.949934084830918124e+00
3.806161374426074495e+00
1.680851362301253538e+00
7.902705756385982383e+00
6.857775543837634658e+00
4.261118551309257541e+00
1.848325233001959722e+00
2.423258893067624431e+00
1.893517341170834589e+00
6.660163416064060371e+00
1.138050354845998768e+01
4.140038614776128334e+00
3.745036923971561293e+00
1.527514822650461790e+00
5.923352878689436274e+00
9.270268797008332839e+00
1.066216978506915991e+00
1.999985402299949921e+00
9.427444735561062439e-01
2.610097417260980990e+00
5.634188961156104014e+00
4.684752676159947171e+00
2.785289227750719743e+00
2.791906926822905088e+00
1.493568259031587298e+00
1.105329920066240845e+01
3.937983015667893216e+00
6.250744498910345115e+00
4.591140920937196945e+00
4.303494952616364166e+00
1.892459865469428948e+01
3.891955523870322953e+00
4.527667518997947838e+00
8.939520113491019160e+00
5.868415857150175441e+00
1.692790212136330741e+00
1.385481719607485784e+00
9.862267945711257866e+00
2.395197881485574332e+00
5.959247393630993095e+00
3.311862176474901887e+00
2.214661278863734761e+00
2.281330606149087448e+00
2.938962631917287016e+00
6.697724724814620778e+00
2.345114063556489548e+00
1.193682378742601857e+00
6.170163103121102388e+00
3.641669381360395086e+00
2.009604740150210844e+00
4.473518686177652803e+00
8.316026542395459131e+00
2.985504158084442583e+00
3.416346651471234619e+00
4.604978132130686852e+00
3.766304993527298528e+00
6.885093885694530513e+00
2.044289398561590865e+00
1.596074002827577276e+00
9.024729194503725571e-01
1.642494560622419053e+00
3.964326936096729703e+00
1.214291138240891410e+00
3.731967213370427583e+00
3.168383790644615505e+00
3.162646702179363611e+00
1.273727958483276090e+01
2.628519689108084201e+00
1.843580390780160005e+00
9.752783142843718167e+00
3.241397698782527481e+00
2.507696036968091136e+01
3.338086535143003797e+00
4.283399819306892731e+00
3.069189794729697329e+00
1.455989510314403823e+00
