7.350526962581520607e+00
5.927038112500786937e+00
1.347382143816176203e+01
9.205825675766114102e+00
8.568719301604561522e+00
2.061536289603383310e+01
5.625180652317843588e+00
1.053174704377424398e+01
9.366406370562870842e-01
5.753852443998027866e+00
6.967381737643261630e+00
1.048653557269837044e+01
2.054118257254674784e+00
2.010464986497713102e+00
1.044033155796632784e+01
3.970081610717057785e+00
1.114987318872528377e+01
1.451235140633395204e+00
5.516637212854490713e+00
1.275572306252822363e+00
1.814290902697740737e+00
6.113166590104924580e+00
6.340445568644762275e+00
3.363011167027949000e+00
4.444816304325909684e+00
1.464010012176958142e+00
2.291378640999817140e+00
4.556543743001299163e+00
1.409037357774959309e+00
3.366790485162434177e+00
1.980581067602614320e+00
3.475765718216355271e+00
2.151147380055753899e+00
1.907325308100348948e+00
5.500278645560370272e+00
1.095597233499160339e+01
5.357457363793141525e+00
7.603650109516745914e+00
8.050158010436786471e-01
4.351802463984960845e+00
6.269278591670342848e+00
2.346198365029329214e+00
6.717279205243344542e+00
3.435634550618115846e+00
1.070086297764037475e+01
7.706250041584966404e+00
1.046623199587161546e+00
9.213078999814376502e+00
1.832694367871303909e+00
2.142718648310670826e+00
1.347503646058999749e+00
5.846745571820805232e+00
3.341716377858513276e+00
5.387762728770090215e-01
1.293323240228965965e+01
2.651786447982733108e+00
3.620666117014118335e+00
1.072479832329940486e+01
1.993475418602499438e+00
1.272937671624616485e+01
6.846576412251320631e-01
1.524208345770347028e+00
9.025248795614393416e+00
1.772528162260091467e+00
6.937089550850864761e+00
8.745784199654187407e-01
2.449451321617945876e+00
6.730472002751142213e+00
7.744145603448833626e+00
7.612637195358713527e-01
9.588505255429494056e+00
2.116713780068808504e+00
4.826486743738064078e+00
9.268344349459237463e+00
1.164567382578608701e+01
1.428591261631837028e+00
1.435551638130265317e+01
1.982245908272315615e+00
8.855697255398190748e+00
1.700649698020839429e+00
3.899163675342185886e+00
1.052547388620491198e+01
1.451620854019742834e+00
3.910091917707666287e+00
3.346295272528495346e+00
1.400212615111296355e+00
6.331249596349656450e+00
2.738621544388275986e+00
3.192049709454733986e+00
4.219251744954406469e+00
1.228953170958261065e+00
3.922492546366887822e+00
8.142074337700250908e+00
1.401806129059904205e+00
8.071886333658310875e+00
5.880093371401653890e+00
3.663766515987195049e+00
2.874754270965022673e+00
1.149086678981528209e+01
1.059612558302918650e+01
