-3.947975705622350340e+00 -5.152524277268197395e+00 -5.188213679541330947e+00 -7.189903689005464393e+00 -3.381656807689805255e+00 -3.489591146577643244e+00 -8.105359527991820023e-01 3.501262676101369653e+00 -3.481349373972121075e+00 -4.321344163499349023e+00 -1.517691702224377659e+00 1.030545753565191847e+00 -3.014516376224288585e+00 5.887503442688931443e+00 -8.293137835121244805e-01 1.459588627690567630e+00 2.307634398225664185e-01 4.095452981475715681e+00 9.077472837397987604e+00 3.691477815579030430e+00 6.140568435336833275e+00 6.595688792911145626e+00
-7.176906558297877936e+00 -6.978540709915462159e+00 -7.353552999228324616e+00 -3.441370076488040830e+00 -2.515764107982515707e+00 -1.797904122459951459e+00 -3.537369753838520037e+00 -1.050355162516402263e+00 -3.859723045512895911e+00 1.754075527332040307e+00 -3.717846414348891404e+00 -6.493643645475229986e-01 -7.693780915987382674e-01 3.035197976321838187e+00 5.532427932783473778e+00 3.439085432825630395e+00 3.812020956884419221e+00 5.853168628840345278e+00 2.113938867853177417e+00 7.422156733978757082e+00 9.981296229226241934e-01 8.273581871625935946e+00
-1.052878862387625247e+01 -9.530113694734275498e+00 -8.523445782727886666e+00 -7.525638756818484154e+00 -6.528038573927572585e+00 -5.525638622708019199e+00 -4.529651714033771981e+00 -3.525864405102437260e+00 -2.528577444619822145e+00 -1.530456987685859360e+00 -5.255644000241197489e-01 4.692828678420166710e-01 1.470750229888256655e+00 2.477140279941849599e+00 3.470257821016609512e+00 4.471035005979835830e+00 5.473978253536520455e+00 6.474278243713674996e+00 7.470667290025060581e+00 8.469185980491939603e+00 9.468973013096146474e+00 1.047193816535979138e+01
-7.414373425056178135e+00 -1.010065519071061146e+01 -7.659463682642997817e+00 -5.985726680301771019e+00 -4.439220360768320717e+00 -4.775153253336029913e+00 -3.563193270787571088e+00 -1.022429612852614689e+00 -1.989719321725714529e+00 -5.741794426753101810e-01 1.307011085713600362e+00 -9.239603464155010659e-02 -1.115631012648286680e+00 1.587849197687334790e+00 6.430632957601805089e-01 2.747348579735513496e+00 5.488535529473350216e+00 7.059080163254026985e+00 6.675240180499272036e+00 6.872915077868853473e+00 6.100519791324022556e+00 9.636286531463897020e+00
-8.228605212196930196e+00 -8.406701492987100011e+00 -7.542489427033040705e+00 -9.771201380001599546e+00 -5.089302744707521420e+00 -3.932289634043749427e+00 -3.027419993883035954e+00 -2.707248581890408623e+00 -1.149295020353650720e+00 -1.444034519260064098e+00 1.991881465711218269e-01 8.895897807823066605e-01 1.889589780782311434e+00 3.044023227217387273e+00 4.073108942838252755e-01 4.842962901574858314e+00 8.403952391791903453e-01 6.693817525750220376e+00 7.006719328161746141e+00 7.950992574573878535e+00 6.279295534555447311e+00 1.064041121755792751e+01
-1.052747530935709364e+01 -9.526448976978729277e+00 -8.528703895196391827e+00 -7.527155157908888228e+00 -6.528327856943075602e+00 -5.529126499578433496e+00 -4.526235756263206511e+00 -3.529134926185092169e+00 -2.527369347199863725e+00 -1.528389331683593255e+00 -5.266146629900525511e-01 4.729570925383939084e-01 1.472989197090184277e+00 2.470778490617785650e+00 3.471159297242676800e+00 4.471702757492582947e+00 5.474602247789423615e+00 6.470223861947575372e+00 7.472223284855406433e+00 8.471323068454776006e+00 9.470822471395052844e+00 1.047190809549382884e+01
-8.018961154205449304e+00 -6.376267956414451099e+00 -6.743986249052355220e+00 -6.036285328678423490e+00 -4.139707964257685724e+00 -4.316709883447727769e+00 -3.522655866028388871e+00 -1.768682641870992223e+00 -1.404836301675108867e+00 2.313173581290254299e-01 -5.159215425146007838e+00 1.812794005971650746e+00 2.058366580931779932e+00 -2.643382317530124759e+00 4.411701396955945320e+00 4.852106721439539250e+00 4.902528722531821259e+00 7.677271862164823935e-01 8.105735917654714129e+00 8.645541636085971149e+00 8.853062576169971720e+00 4.875517130852915493e+00
-7.320647948530803362e+00 -1.174769435450540911e+01 -3.401368570562584459e+00 -1.926155933571392254e+00 -3.875669257603965967e+00 -2.410260874928203290e+00 -2.640283590594991292e+00 -2.848424995330014919e+00 -1.042370094575737927e+00 5.032902487039108141e-01 7.001071254299094937e-01 1.566827954647858512e+00 2.320293845709632929e+00 4.975931470037318505e+00 3.831918888974731541e+00 3.941644578267970100e+00 4.170233294530913071e+00 1.819249522623247017e+00 5.493627102503463533e+00 1.627668430440851743e+00 2.186711508177009655e+00 3.461079794789371000e+00
-1.066028833479379401e+01 -5.044915032383713971e+00 -8.465123568409040899e+00 -7.113379977693607081e+00 -2.803426710081564188e+00 -5.865819848505694267e+00 -5.260233750789052642e+00 -3.561656152741522252e+00 1.452068443583761415e+00 -2.704051433505464175e+00 -7.426590355051171377e-01 -3.428619612271385231e-01 6.794114760599142544e-01 1.137576037838008425e+00 2.165107196715932769e+00 7.923997490703511559e+00 4.174546356947582026e+00 5.209802972445375602e+00 5.635027482953316458e+00 7.292790327911046866e+00 7.918329130513025227e+00 8.361467034597316328e+00
-9.172696457894346622e+00 -6.714678804362371523e+00 -6.714630324773066761e+00 -7.543323271674534425e+00 -6.222196955869839563e+00 -5.354810407519204674e+00 -5.101379018341760663e+00 -3.638667588590679181e+00 -2.965965105997170337e+00 -2.533359671619229481e+00 1.263016176928714707e+00 1.932487449452095607e+00 8.207118188857551733e-01 2.777803044130143562e+00 3.734313717678362732e+00 3.255842153805666772e+00 8.910889978884929619e+00 5.172783816497439346e+00 6.087750194196479114e+00 5.565741142065467884e+00 7.373068846092927231e+00 8.453007412657303377e+00
-8.984975435709563030e+00 -6.925964052375165103e+00 -5.799852252109185535e+00 -5.146541148970367630e+00 -8.918794345381526156e+00 -4.209594827769823411e+00 -2.869660205088868210e+00 -2.155372204716255347e+00 -1.374842228122478804e+00 3.288601918232741950e-02 -1.428888108998965567e+00 -4.754904380584499268e-01 3.037340419376684419e+00 -8.405219062386037887e-01 4.240957713268886486e+00 5.809325620135420642e+00 5.771864239417125120e+00 5.034967992930969416e+00 3.203327921172025583e+00 6.828061276447841443e+00 3.262796434829470460e+00 1.129467766141159046e+01
-7.119769328890057203e+00 -6.014553002739117638e+00 -1.749246733347326277e+00 -6.024849834095798329e+00 -2.402757023929936953e+00 -1.855949489164816946e+00 -2.624749663095619745e+00 -6.213679827609049910e-01 2.354427752339074864e+00 -1.655796911823363526e+00 9.751501659042088876e-01 -2.937316885880114636e+00 3.937892940889445192e+00 -1.925894097252897064e+00 5.374594383325886682e+00 6.456580590080276405e-01 4.243750450556678655e-01 1.531422091991700984e+00 5.515790793984161056e+00 5.317923813439907832e+00 2.606285395654118986e+00 5.634438656020856584e+00
-4.622252897043630071e+00 -6.637121197440798426e+00 -6.042618786819843990e+00 -3.276475538875573967e+00 -2.098392639098722867e+00 -3.611012210945989231e+00 -5.875782186229305815e-01 2.139247272020612378e-01 -1.543690111936482312e+00 9.220125073429219498e-01 1.929570744187581566e+00 9.056901940485357905e-01 -3.057872496178492661e+00 -4.370208497698517824e-01 4.868517563393657710e+00 -2.352189201403775520e+00 -1.357409607988024902e+00 5.974395171026172235e+00 5.014827079878537042e+00 1.298708399426023341e+00 7.242546860661107644e+00 6.639148653590611460e+00
-8.340630873938053469e+00 -6.354731169115830802e+00 -4.786293712419655400e+00 -3.735966104059555093e+00 -4.229365442071241432e+00 -3.245305920149482937e+00 -3.312794063940972755e+00 -1.718359202021857435e-01 -6.584329727249067510e-01 -4.375411911031424239e+00 3.213706287580337051e+00 -1.945984161879021901e-03 3.734437205316125663e+00 -3.599548728358326954e+00 -4.482661314389488894e-01 -1.121443659591008668e+00 4.357655528441340742e+00 5.077081231267783323e+00 5.722698719286676727e+00 6.680755764317295231e+00 5.082939612700439369e+00 9.898406388926570543e+00
-1.052865163987212327e+01 -9.527231924288736664e+00 -8.528100691788665699e+00 -7.528851822071564115e+00 -6.525255575829017829e+00 -5.525854870729920876e+00 -4.524956502073278486e+00 -3.527891814761646927e+00 -2.529017493181690668e+00 -1.528930142574784767e+00 -5.286908671789181113e-01 4.710721820063561438e-01 1.471568345970627689e+00 2.471412487275117087e+00 3.471281439013001346e+00 4.474627599067206418e+00 5.470281317777157426e+00 6.471632853097439408e+00 7.471766784734253264e+00 8.469963237590313554e+00 9.475063711351870310e+00 1.047047153109979334e+01
-9.391901362888265936e+00 -2.196824747476497919e+00 -1.585560892992835313e+00 -3.207027198240060439e+00 5.790282348027697701e-01 -4.558222697650607280e+00 -2.855561181792171332e+00 -3.991387396213011751e+00 -6.851566298903009944e+00 1.095345933976962893e+00 -9.913873962130033135e-01 1.168507484997680201e+00 4.003686100750456056e+00 -3.516239702530265632e+00 1.847985672752596731e+00 2.973635791431497033e+00 4.672834601045322778e+00 5.125857524870369275e+00 1.411799636776046363e+00 6.021178564130420519e+00 7.498628903154095582e+00 2.132898570844600883e+00
-1.052981205188292080e+01 -9.523520349493173498e+00 -8.526398702492864246e+00 -7.529094143738909395e+00 -6.528633310427798264e+00 -5.527603729596286541e+00 -4.527340426077991253e+00 -3.527469887366448731e+00 -2.528372972240582328e+00 -1.528839110365055376e+00 -5.288842310811556757e-01 4.714780608509485660e-01 1.474429325232364363e+00 2.471965984473079914e+00 3.475510732302515393e+00 4.471464262375688392e+00 5.469019369253967255e+00 6.468810693392606836e+00 7.471070976028299171e+00 8.470941231617780787e+00 9.472564444908949000e+00 1.047442197895989224e+01
-1.052815526932349854e+01 -9.527053894697345982e+00 -8.528320791422043357e+00 -7.528807090817634773e+00 -6.527588280140077970e+00 -5.528590368329217242e+00 -4.527359800635492704e+00 -3.528331617115673779e+00 -2.527436854540017208e+00 -1.528019415436903117e+00 -5.262825807916353682e-01 4.720124283445645830e-01 1.472177108527494838e+00 2.473216516674826337e+00 3.471740064920263436e+00 4.472133962215261604e+00 5.471673590840177681e+00 6.472004716993644990e+00 7.472466965915046444e+00 8.472115678490476753e+00 9.471466494501903810e+00 1.047064658045895946e+01
-8.351853964071292324e+00 -7.589391879030122467e+00 -6.784887573507625724e+00 -5.624505427324401730e+00 -4.735210872450225317e+00 -3.926447551678486914e+00 -2.932001148828759174e+00 -1.799405193475620779e+00 -9.771688313541746496e-01 -5.374646398775386746e-01 3.791536734146425669e-01 1.900250608889118675e+00 2.616200205521658440e+00 -3.947364726609691843e+00 4.541277992549506592e+00 5.616200205521654887e+00 -9.085957463401942436e-01 7.182016123770530669e+00 1.108297143169183041e+00 9.267781909881023239e+00 3.452689516507368772e+00 1.143613831995653207e+01
-5.814411429572555079e+00 -3.847284689715905870e+00 -3.714493393422202416e+00 -2.808438839072554316e+00 -7.558722930446442945e+00 1.056864137885799693e+00 -2.264149380372626474e-01 -5.707031107896474609e+00 -4.251419244576005063e+00 -4.453252903092132620e+00 5.539227140343594424e-01 -5.674942064862065205e-01 1.805651131381771912e-01 1.441277069553548174e+00 2.195163565342704182e+00 4.467102022508138148e+00 1.710211630848561981e+00 4.544469293157218814e+00 7.406684974619493822e+00 4.694870053101610985e+00 5.653187598903715028e+00 4.430353653857523000e+00
-1.052765088703014840e+01 -9.526899592834505270e+00 -8.528442146140140068e+00 -7.529572615283550263e+00 -6.527992093819166897e+00 -5.526979321497480058e+00 -4.529287638026277207e+00 -3.529387587564999151e+00 -2.526865692692796372e+00 -1.528132343548334049e+00 -5.279964747605809805e-01 4.721913990797492744e-01 1.471381960553122425e+00 2.471853098017163575e+00 3.478246202808808363e+00 4.471455847960898566e+00 5.470967372995808375e+00 6.470778597635217011e+00 7.472005656105471516e+00 8.471053516608662903e+00 9.471697947126815009e+00 1.047328293893952633e+01
-1.052856053823640536e+01 -9.528263163213095410e+00 -8.528607625905834766e+00 -7.525462370757447061e+00 -6.528546769563520868e+00 -5.528490957264283523e+00 -4.528474528734038884e+00 -3.528560419027176209e+00 -2.528355051223595495e+00 -1.528798323516207702e+00 -5.282587673705521070e-01 4.708834174830016650e-01 1.471882734056146447e+00 2.470989521201278905e+00 3.474581788833766893e+00 4.474494445677429155e+00 5.470951053853660540e+00 6.471375975366262523e+00 7.473955202456147973e+00 8.471182267721324877e+00 9.471534717436460582e+00 1.047425553536000642e+01
-1.052864196393846896e+01 -9.526531661490217573e+00 -8.527629027704017872e+00 -7.528079072574413999e+00 -6.527644219437853224e+00 -5.528256813625112898e+00 -4.527459363082670052e+00 -3.528163390795022281e+00 -2.527420202831047291e+00 -1.528378004769102461e+00 -5.286512175596040919e-01 4.733170842730700656e-01 1.473145162125803154e+00 2.471898292561741428e+00 3.471170564552517490e+00 4.472269465585917203e+00 5.471020137330267374e+00 6.471223456224171500e+00 7.471906443496912686e+00 8.470795085092756693e+00 9.474169751068323819e+00 1.047164764012929972e+01
-1.052729946854312715e+01 -9.527844165589399950e+00 -8.528242950465273253e+00 -7.527089593138313717e+00 -6.527353187229220310e+00 -5.526716646875932781e+00 -4.528108676101766150e+00 -3.528503556873401337e+00 -2.526918386246745030e+00 -1.528102194096636168e+00 -5.283115256090944456e-01 4.708118167261332587e-01 1.470764304373666675e+00 2.472366074893873389e+00 3.473378370378416236e+00 4.471379096482198889e+00 5.472316662643358143e+00 6.472728769157329864e+00 7.472384477827954896e+00 8.471655520472923584e+00 9.470680187318725629e+00 1.047173321512739363e+01
-6.162956433217771313e+00 -1.016058310470273085e+01 -3.108226658800053332e+00 -8.126856500073307288e+00 -1.041646451160808784e+00 2.915348680074066889e-01 -5.759936409637742116e+00 -6.368850976476808645e-02 -4.817704578165428408e+00 -3.342137382209291019e+00 4.584107732960715609e+00 -2.043963447578322601e+00 -1.144587910853034352e-03 6.228900834321086100e-01 6.120098694026115282e+00 1.772878546573227743e+00 3.336043591539564090e+00 3.557545614357076946e+00 4.249283855090432382e+00 5.436105855661028663e+00 6.988439966597239206e+00 7.055623399609264546e+00
-1.053005115930196212e+01 -9.523181008735907227e+00 -8.528029548565159601e+00 -7.528662445584577867e+00 -6.528880330363525886e+00 -5.528678062001487703e+00 -4.526646243969222994e+00 -3.529899510184552724e+00 -2.524402456918963367e+00 -1.527858080903312654e+00 -5.292454684174270341e-01 4.714787578189145734e-01 1.474350867232061546e+00 2.471842882593847435e+00 3.471073580344892662e+00 4.475282443126415544e+00 5.470314798315740745e+00 6.474048075636599009e+00 7.471751091440889780e+00 8.470905152519916825e+00 9.470395011266441898e+00 1.046979979928372373e+01
-4.269087901584946110e+00 -2.818696888103620957e+00 5.430892122062869198e-01 8.232992403964840555e-01 -4.637633160237166763e+00 -2.338276018656699762e+00 -6.867547525140280662e-01 -5.568505865599671978e+00 1.299191216977908736e+00 -3.913405552796115128e+00 -3.847860469711046338e+00 1.003346988282448171e+00 1.667865736956359424e+00 -1.910951827441869977e+00 2.093087249976085307e+00 -1.552947678263427278e+00 5.281445445835215580e-01 3.635765712689289053e+00 6.986152066106181557e+00 4.143730738116795820e+00 5.668460778542590006e+00 2.537694774707751844e+00
-6.500336917236019474e+00 -8.090064651237875992e+00 -8.783933580776235317e+00 -1.702954193876193401e+00 7.265215799632223082e-01 -5.514490057030168479e+00 -6.077881098072575483e+00 1.837221487445534152e+00 -7.336318736603286705e-01 2.429036972790485471e+00 1.040438595508109465e+00 -1.109841200277917883e+00 3.768356929334172989e+00 -1.992765937309686208e-01 1.071974762715144358e-01 2.965026744370343081e+00 8.333029264209312892e-01 2.972969688223103368e+00 5.089734345222574063e+00 5.764551470305521619e+00 4.595170711331563851e+00 5.968589383344307109e+00
-8.762298219503696473e+00 -8.044970742768368765e+00 -9.849523025180079827e+00 -6.055058108678708528e+00 -5.863829057325327554e+00 -4.255660683417250567e+00 -3.759157226944273678e+00 -2.813620904933316069e+00 -4.720971782149304019e+00 -1.360975460236530932e+00 -5.511537329323573653e-01 8.258463523420169761e-01 2.170019880583462957e+00 2.503896797734565638e+00 4.056946740142573837e+00 4.132595521659678361e+00 5.949990508565272229e+00 6.080540577414726755e+00 7.400715885365703350e+00 5.493109173652933386e+00 6.987766266214012312e+00 9.821499385027369300e+00
-1.053022908966519822e+01 -9.527863463270467292e+00 -8.527056692051683484e+00 -7.526943763601602555e+00 -6.528320735204022895e+00 -5.527161976206111049e+00 -4.527124872314738369e+00 -3.529176471638498569e+00 -2.527339113759797584e+00 -1.528267247485912250e+00 -5.271790454862674835e-01 4.727741723181644318e-01 1.469749877345746469e+00 2.473150508594692099e+00 3.472778493654912424e+00 4.471660444629378617e+00 5.472921135020442307e+00 6.471621731412593448e+00 7.472635114681905222e+00 8.471511582029052079e+00 9.469913015258491384e+00 1.047365454037208288e+01
-1.021641348930063486e+01 -5.079860213524983514e+00 -7.238020684993194287e+00 -7.754778757046806525e+00 -4.345839277259287314e+00 -5.237756882988060525e+00 -4.642659030901728379e+00 -3.964700613086242331e+00 -2.042782858518358946e+00 -1.562035565355524680e+00 -1.258635193947769570e+00 -1.128858496220837893e+00 1.245221242953210794e+00 4.134433153175771203e+00 3.906564444580903572e+00 3.306083903527100354e+00 4.183213560601002357e+00 5.993943179652616138e+00 5.973914782218090913e+00 8.867630654091676945e+00 7.700736162941534957e+00 8.546308124034618814e+00
-5.995044218454066431e+00 -7.000012902887317701e+00 -8.405554049853298793e+00 -1.936417211880033129e+00 -4.083475417882882041e+00 -2.597312597269906487e+00 -6.698587621438463202e+00 -3.405554049853318332e+00 -1.469774703397004556e+00 1.033849039809910053e+00 5.397049301242042851e+00 4.555003990545815284e+00 -1.599817960323943744e-01 7.730315709665684931e-01 3.656984697782315941e+00 1.737207551954995211e+00 2.100211926096539283e+00 2.075862356968739331e+00 3.311872350835603829e+00 4.763760581980409192e+00 5.301226905061918515e+00 6.431362440336913622e+00
-1.039243908675194561e+01 -9.459286013469299093e+00 -6.656480915714312552e+00 -7.706739578181940331e+00 -4.893268276757727797e+00 -5.777458998868137741e+00 -4.783624262380915759e+00 -3.797402979155118707e+00 -2.863938045338767502e+00 -1.797190393268901065e+00 -8.685904053462368823e-01 3.889965692573477130e-01 1.117742317913549721e+00 2.204645902701010129e+00 3.134973553565083559e+00 4.131219576000041194e+00 5.103041186588074929e+00 6.056494285665983135e+00 7.027306083601055242e+00 8.063056841881001802e+00 9.041099315436841977e+00 1.211355146725641774e+01
-6.217687289659058258e+00 -6.160713448943225146e+00 -6.114758655170041024e+00 -4.865207697866241077e+00 -3.530480675184087591e+00 -7.468622011918208514e+00 -1.665788246784449811e+00 -3.046171528010387597e+00 -5.667516326979967545e+00 -4.978053229503822674e-01 7.869208851083819845e-01 3.074259319971625048e-01 3.225050962309166103e+00 3.158782416805759663e+00 4.390360325845930056e+00 3.398525453045894373e+00 -3.696848745794278912e-02 5.088620386999755496e+00 7.243736560801500524e+00 3.420442069094616233e+00 3.394128425452867859e+00 1.024343441809605082e+01
-6.077316932056861631e+00 -5.555742935244028402e+00 -4.659368369000325139e+00 -2.826295368307978784e+00 -2.233994671536479792e+00 -2.842122867217096616e+00 -2.233223768461946257e+00 -1.773979522253820829e+00 -7.739795222538110586e-01 -3.600929152214274342e+00 1.144563956500815660e+00 1.051249424144490963e+00 4.118951415597429389e+00 -4.633931474783786086e+00 3.372817222788052405e+00 3.714302939554099403e+00 5.005614194052601995e+00 6.561024503028971111e+00 -6.657267263523598544e-01 2.136767177592190592e+00 1.573225182230214791e+00 8.583803438826992149e+00
-1.015600079536160827e+01 -9.099001015379750257e+00 -8.241341067531378073e+00 -7.276739735505760365e+00 -6.287401820831948207e+00 -5.218033141942242104e+00 -4.180090692701583954e+00 -4.695309861959350961e+00 -2.354375851602878544e+00 -1.362103030530708248e+00 -2.745403272221128566e-01 7.900311427222028726e-01 2.163492527715303315e-01 2.514580349270120863e+00 3.538773160623360337e+00 4.544349999434305509e+00 4.353930231167080223e+00 6.531901047050713061e+00 7.582996252290211459e+00 8.480935020069214403e+00 9.549930225972291353e+00 1.042686880383139503e+01
-1.052758793301071449e+01 -9.527266008324311031e+00 -8.527123434014013625e+00 -7.527941165036855509e+00 -6.527960387534777809e+00 -5.526874957151099110e+00 -4.528272499806574203e+00 -3.528167305059136893e+00 -2.527675581640881575e+00 -1.527055693335222841e+00 -5.281107029983385104e-01 4.715491928985731107e-01 1.471787231498062454e+00 2.471434938245119284e+00 3.472375983827415524e+00 4.471787939303222714e+00 5.472088525526825009e+00 6.471613066726028762e+00 7.471553834610288547e+00 8.472288975947202871e+00 9.472020382516685544e+00 1.047124374144583570e+01
-8.637507250895366084e+00 -8.128374626863095642e+00 -7.209784424344131359e+00 -6.318943694700727143e+00 -8.104441677278156675e+00 -4.727683697445988820e+00 -4.535130161910310598e+00 -2.599824810542027187e+00 -1.821199555631430878e+00 -6.929100856257619512e-01 -1.355209571278419012e-01 1.261686465413591085e+00 -1.279091871033270822e+00 2.521649980580674466e+00 3.877175709933931458e+00 2.562996431234155992e+00 5.512424122779144398e+00 6.262844410611386081e+00 4.937162228261026797e+00 7.751767593961292668e+00 9.080576895113351199e+00 9.807837120142654186e+00
-6.117215374031621522e+00 -4.372141472477958146e+00 -5.643277936252513172e+00 -3.355675490475716671e+00 -4.167935738349728858e+00 -3.713454427081751774e+00 -2.862179087477259021e+00 -2.364584352158416891e+00 2.627858527522039633e+00 1.889632392388000959e-01 2.268232205289026027e+00 1.831647660058186355e+00 -2.018415043612731274e+00 -2.990215423328858257e+00 3.186854773327723045e-01 4.037469407743164318e+00 2.401073186876977683e+00 6.284500071227224538e+00 5.928009520246678044e+00 -7.295521967065621283e-01 3.564654653319617061e+00 8.269260737731750410e+00
-6.940861552116309063e+00 -8.798019769774263921e+00 -5.168366670570312849e+00 -7.502444487825662200e+00 -7.821824916916518156e+00 -3.048703003624529728e+00 -4.102912223734387354e+00 -2.832881695946480427e+00 -2.653862848209084468e+00 -1.213026155513330373e+00 -1.176898833491428986e+00 1.426561608357843347e-01 2.801357673547806293e+00 2.468584511720567587e+00 2.262318791841289922e+00 1.991538259704014990e+00 6.929552830813887176e+00 7.213067436958509049e+00 4.866692367127672725e+00 5.871536737860837185e+00 8.238018884343956572e+00 7.860186647601088872e+00
-8.197840380713035557e+00 -8.452319550849402674e+00 -6.916955816099343402e+00 -6.398074257674785770e+00 -4.715330200048317266e+00 -4.394073106593760158e+00 -3.088311895098120541e+00 -6.178072031093343242e+00 -1.978403807130606484e-01 -9.541563945997351137e-01 -3.935263599287969760e-01 1.527092155890398928e+00 2.793348826042246991e+00 3.403057320951763387e+00 -2.679802854037844906e-01 6.899394122709743282e-01 2.290716794273405466e+00 6.179641378732092960e+00 6.561635766889600596e+00 7.308714351196252679e+00 7.960946921209713700e+00 1.082509587599213141e+01
-4.092529585200857412e+00 -9.292835803215764301e+00 -8.401474313932958182e+00 -1.451311142204671167e+00 -6.292604725592107151e+00 -5.756568287468678768e+00 -5.797943054874129309e+00 -4.069608510870732054e+00 -3.797943054874114654e+00 2.521751068685063935e+00 4.609229473448118952e+00 -1.417879924273030001e+00 6.254753942084223528e-01 8.953245119068951041e-01 1.407339715317424744e+00 3.248358192304674930e+00 4.069391722300031766e+00 5.004669249064495062e+00 6.282696834340463887e+00 6.025445004719454545e+00 7.341818535884334196e+00 7.724906844960769625e+00
-8.812056061261380080e+00 -1.001408425943055036e+01 -6.973843685295577188e+00 -5.965724827967552102e+00 -5.889898444314574988e+00 -4.232637948991574639e+00 -3.846293722663628678e+00 -2.438310886650002729e+00 -2.650234440590384377e+00 -5.985567680136465452e-01 3.319867744481549421e-01 6.855756335968270498e-01 -6.667382223006843578e-01 3.747433418856940257e-01 3.960937452810045389e+00 4.778609090187708297e+00 4.310374733374159995e+00 6.064761213092356940e+00 7.002774816033378258e+00 7.872405919019611176e+00 9.627911785825002511e+00 6.464006651839707907e+00
-1.052831039684619441e+01 -9.525580891545621043e+00 -8.527523645337426572e+00 -7.525382363375047845e+00 -6.527252220686273532e+00 -5.529390164788569706e+00 -4.527927556212741678e+00 -3.525041514213896221e+00 -2.529173844631502632e+00 -1.528292575057349723e+00 -5.296721543630056317e-01 4.706096861998130265e-01 1.470609835211426741e+00 2.472036055151610512e+00 3.470160714213042397e+00 4.472036979023606307e+00 5.473577014032990462e+00 6.470300636116652626e+00 7.471621832672751040e+00 8.472648731295262081e+00 9.470855629865319258e+00 1.047479835790791824e+01
-1.052853965290436378e+01 -9.527084077676656548e+00 -8.527708868464355163e+00 -7.528403024157427126e+00 -6.527539121886615447e+00 -5.526824663361445289e+00 -4.527297968944438367e+00 -3.527205678602602035e+00 -2.526047865828390471e+00 -1.527615110358123474e+00 -5.263795358742626718e-01 4.715854199920759271e-01 1.472710226694212921e+00 2.472479869643315453e+00 3.472378556648362036e+00 4.471663382867440362e+00 5.467530247787102837e+00 6.471561466375456817e+00 7.473219511130922754e+00 8.469926183143719811e+00 9.472337712565524370e+00 1.047096113584385790e+01
-1.052851184530564410e+01 -9.527246043816289145e+00 -8.526747883096421177e+00 -7.528538615241744836e+00 -6.527340025439940518e+00 -5.527879223957748778e+00 -4.527860023811543400e+00 -3.526570961609577282e+00 -2.528644368782710927e+00 -1.527387217417443210e+00 -5.279111571461854169e-01 4.721393130867781451e-01 1.471939414009359126e+00 2.474301262959743397e+00 3.471948637828141671e+00 4.471923335656438070e+00 5.471399738654406875e+00 6.472130670413285713e+00 7.470955028399732356e+00 8.471406980618743532e+00 9.471206656858234041e+00 1.047099447177341425e+01
-1.052735945790883676e+01 -9.527690211533233366e+00 -8.526926549373786912e+00 -7.527949968575185835e+00 -6.527889283596197245e+00 -5.526802944241694604e+00 -4.527805896698161803e+00 -3.528461100755869495e+00 -2.527704807220617411e+00 -1.527758972941562376e+00 -5.280693492280743584e-01 4.718196520221908941e-01 1.471593370438881720e+00 2.472263229788609351e+00 3.471586016715834333e+00 4.470341531337567176e+00 5.471156662107775404e+00 6.471573075057335700e+00 7.473532324434582819e+00 8.472383005322283722e+00 9.471427773834532715e+00 1.047245004564649840e+01
-1.010631292345409094e+01 -9.243477341572468475e+00 -8.092698128420629189e+00 -8.551727431452469830e+00 -6.091088972750958064e+00 -2.332612145190343433e+00 -1.916862799018319796e+00 -3.492325481832235123e+00 -2.162147931370001608e+00 -1.134263308756576105e+00 1.747631656974595327e+00 -5.237668468528045018e-02 1.339932972101244069e+00 4.778789595067777896e+00 1.827820392239859926e+00 2.731581855235872602e+00 4.895619259759675934e+00 4.499844962463516396e+00 6.439579835834660315e+00 7.339795362690311187e+00 7.116554550847978611e+00 9.844450849920972857e+00
-1.052763966577844457e+01 -9.527285837705916194e+00 -8.527730860884975783e+00 -7.528005154009671074e+00 -6.528139294262714998e+00 -5.527821772869424777e+00 -4.528170780416326480e+00 -3.527977907236413913e+00 -2.527964376982028583e+00 -1.527041607673952583e+00 -5.281535919268840473e-01 4.718878333012348492e-01 1.471823683802297111e+00 2.471472612444564732e+00 3.471973894957708140e+00 4.471903896753001817e+00 5.472530930165461882e+00 6.472025117699311991e+00 7.472113824311904295e+00 8.472084238056346805e+00 9.471628508392976542e+00 1.047219445449512065e+01
-6.089830910966992583e+00 -5.582540282789740793e+00 -7.746822616993186195e+00 -4.479541801281882840e+00 -3.941359059019795552e-01 1.794176943947556779e+00 -1.363452914476549704e+00 7.578045104601311976e-01 6.365470855234653946e-01 1.520458198718119380e+00 2.119463132215482215e-02 4.004107532036293438e-01 -2.809273429652488829e+00 -8.733754180698132252e-01 1.419594016248283630e+00 -3.348155870170376414e+00 2.401326874319237081e+00 2.165190357306165048e+00 4.490700140267304796e+00 4.226928556898196909e+00 1.465419876311019109e+00 1.077308535041084525e+01
