-1.052659208815413905e+01 -9.529925939849222871e+00 -8.529964965990398440e+00 -7.523139667919508611e+00 -6.529996303132389102e+00 -5.529241395405158244e+00 -4.529193860700942764e+00 -3.526799929550511692e+00 -2.529136088898972901e+00 -1.528862280062050161e+00 -5.284410093339459991e-01 4.690501119581664824e-01 1.474097835609098794e+00 2.472490402647629537e+00 3.475315633007669547e+00 4.473702165075920334e+00 5.470010998436594107e+00 6.469947221466680887e+00 7.474049809166576352e+00 8.475101622530603507e+00 9.471509310194631936e+00 1.047059752304234514e+01
-1.052717537412800652e+01 -9.527857936717650134e+00 -8.528527997233057434e+00 -7.527718029715218861e+00 -6.528559170462267858e+00 -5.526216111876168569e+00 -4.527378037370825226e+00 -3.528527997233062763e+00 -2.528888352014188712e+00 -1.527908257939012415e+00 -5.289981884733716555e-01 4.713922964557131223e-01 1.471392296455714899e+00 2.471749514542432635e+00 3.473083339832637506e+00 4.471170030735347467e+00 5.471445888481948572e+00 6.472096882961599462e+00 7.474169485472055285e+00 8.472414665125223010e+00 9.472048558495853143e+00 1.047137159874281487e+01
-1.052828440490297623e+01 -9.528587889402489353e+00 -8.524808053403479136e+00 -7.528752636640669849e+00 -6.529418115048981619e+00 -5.529204581409084440e+00 -4.528311405807118106e+00 -3.527599256961940100e+00 -2.529676307468992746e+00 -1.529187653689964677e+00 -5.259002042108651409e-01 4.720698255008564104e-01 1.475918653876197695e+00 2.472040634126075886e+00 3.471354435653097426e+00 4.475173349947342061e+00 5.470651905507454060e+00 6.473630170792944227e+00 7.470535981923942970e+00 8.470208387345678602e+00 9.471607330710297035e+00 1.047111893770159341e+01
-1.052790335681153522e+01 -9.528791816196047648e+00 -8.527391352912983891e+00 -7.528021575173957203e+00 -6.528565787932473441e+00 -5.527868070861904570e+00 -4.528495141527264067e+00 -3.527220227977840850e+00 -2.529462420603827866e+00 -1.527105414530835148e+00 -5.290987503143256276e-01 4.719526085642868907e-01 1.471193200686370162e+00 2.473611040749933210e+00 3.472798338869004908e+00 4.471549032965098647e+00 5.471193245389851967e+00 6.473086169698623493e+00 7.471774167158992341e+00 8.475141486862092677e+00 9.471380977669147327e+00 1.047082275036850341e+01
-5.568658723957936374e+00 -1.105067577046924043e+01 -4.286107326996932088e+00 -4.095145108759719932e+00 -2.959435875233344948e+00 -2.636670499522789868e+00 -2.975771983593262338e+00 -2.528796995654829960e+00 -2.910644930851974954e-01 2.207564215151180065e+00 -2.178908569419487490e-02 2.220255495341408647e+00 1.731970615412190551e+00 3.346679434106305973e+00 -5.511931659976454512e-01 5.035367474778484898e-01 3.927207063102342577e+00 5.405400601204719990e+00 1.777928067644297228e+00 5.404806292165922343e+00 7.846563287049875157e+00 1.977976314447537076e+00
-1.052758443369321384e+01 -9.526438921827564243e+00 -8.528480842847120158e+00 -7.526945151526245326e+00 -6.528582245249047844e+00 -5.528470471638950556e+00 -4.526281625170003764e+00 -3.528412535924225324e+00 -2.527652241427182034e+00 -1.526497453588749664e+00 -5.294357465093355586e-01 4.707320629174489568e-01 1.471321239929892499e+00 2.471587464075781782e+00 3.471165031057095618e+00 4.472378969054913611e+00 5.473264738779757721e+00 6.473313182454798920e+00 7.471417523782946546e+00 8.471636742215848059e+00 9.470776021342969031e+00 1.047176779792854795e+01
-9.398047641038267841e+00 -7.535544942032944782e+00 -7.103490543326353546e+00 -6.395316908462118199e+00 -5.030995313886787557e+00 -3.076494836473689709e+00 -6.481348937560244217e+00 -3.196389447142734319e+00 -2.122286447716712487e+00 -4.285617014265463709e-01 6.046830915378744731e-01 -2.702577947496738631e+00 2.584072077280011648e+00 3.006117628866797453e+00 3.236382294737198073e+00 4.324756017763168536e+00 2.106496929977184074e+00 3.718963846294006892e+00 7.063795754347096612e+00 7.515421061039088357e+00 8.843609855775108386e+00 9.851335213084144726e+00
-1.052825908816890177e+01 -9.527706053922873508e+00 -8.527496655355212951e+00 -7.528327447245846571e+00 -6.527601336012589073e+00 -5.526975546847094023e+00 -4.527341660927053368e+00 -3.527835530112515272e+00 -2.527284582029089677e+00 -1.528433543513539661e+00 -5.275543675525202758e-01 4.712431683437809937e-01 1.471603612531904304e+00 2.471316794981241571e+00 3.472322705318212854e+00 4.472337949206112384e+00 5.472852612962004315e+00 6.471359464456316601e+00 7.471969756414175379e+00 8.471499743987793707e+00 9.470876704086542475e+00 1.047201240353750862e+01
-4.619930238506660736e+00 -4.275732483622447511e+00 -1.646403492232504817e+00 -6.568974154872142535e+00 -8.013440147980475103e-01 -1.930356341248338214e+00 -3.813920816745107967e+00 1.094815782123089498e+00 4.170884416001074957e-01 -4.932587623567033397e+00 -5.030324040539920105e+00 -1.673145830718310023e+00 2.924699742061376284e-01 3.689301286689545822e+00 -3.888605983006874212e-01 -1.350920479268662433e-01 9.376947875101198093e-01 4.049606255092476736e+00 1.538939468183948556e+00 5.968658342927047222e+00 9.395510505091246856e+00 7.817165943792894645e+00
-1.052931383028830936e+01 -9.528070723267505926e+00 -8.529769612105795318e+00 -7.525136177988979824e+00 -6.528615196796367925e+00 -5.528788579257454927e+00 -4.528971841188376146e+00 -3.525711452218020625e+00 -2.525106219204376501e+00 -1.528729429098081738e+00 -5.282169707140518256e-01 4.711502663770108512e-01 1.470531309393924957e+00 2.475207472590485125e+00 3.471861118821182757e+00 4.471482927350088232e+00 5.471237020937481432e+00 6.472242834416903179e+00 7.469840521363304120e+00 8.470771173385656994e+00 9.471378596869980626e+00 1.047530589476017227e+01
-2.512512119886335604e+00 -1.706755061697671216e+00 -6.178612459695733250e+00 -2.219700891089800621e+00 -4.474177929650851482e+00 -6.455602864191973822e-01 -3.076095241730476104e+00 -5.344325250796980065e+00 7.996667263802006431e-01 -1.376183213539990291e+00 -5.157746600394254699e+00 2.003061512275231770e+00 -1.038497890265588364e-01 -8.739852961368745898e-01 3.998888452062427046e+00 1.485573170089485195e+00 1.520447207504528997e+00 5.463346429118448810e+00 6.479352464050844418e+00 2.214702819651975574e+00 1.718764820763758472e+00 7.370279642306368117e+00
-8.265943999237922668e+00 -5.891101771637233142e+00 -6.834454364277284810e+00 -5.756500267866782927e+00 -4.682489190901010900e+00 -2.434023939236742873e+00 -2.863129300170945690e+00 -5.138183276698931934e+00 -1.028057557008108303e+00 -6.223050527671674104e+00 -3.250752127744639397e-01 2.108752306745914851e+00 2.059702640641053684e+00 3.647740345709383547e+00 1.539548227088394228e+00 7.076782808875242026e+00 5.627789113842531776e+00 6.572497653886420821e+00 5.947859195362930507e+00 1.485420108705274078e+00 7.183498457668276771e+00 5.576997653094221796e+00
-1.052865786661015335e+01 -9.528157008780079096e+00 -8.525207800758913379e+00 -7.528699373794653482e+00 -6.528231685949398511e+00 -5.527976548267441004e+00 -4.527648052168922632e+00 -3.528882419658751601e+00 -2.528855225039555066e+00 -1.528557112408721608e+00 -5.287881549130322156e-01 4.706799779404740036e-01 1.471305528687395281e+00 2.474159667300137144e+00 3.473694594608696562e+00 4.471127780186090916e+00 5.470772365139877635e+00 6.471690701352509123e+00 7.471668908404272003e+00 8.470997745202936358e+00 9.474117668377314061e+00 1.047402541528836295e+01
-1.052723344293726626e+01 -9.528217709337532426e+00 -8.528154610370460631e+00 -7.527263245259609548e+00 -6.527835457300007249e+00 -5.528530194138360443e+00 -4.527907772635286321e+00 -3.526225461338833966e+00 -2.528169526432819225e+00 -1.527759297465147270e+00 -5.278910684335933468e-01 4.732761991273637392e-01 1.468069323624304090e+00 2.472340957547350726e+00 3.471566663409397790e+00 4.471949615801502631e+00 5.472187080706286011e+00 6.473011062766238055e+00 7.471688018466164039e+00 8.471586049820105657e+00 9.471960381890458081e+00 1.047213153662793594e+01
-9.637444596707172906e+00 -9.446759473203981017e+00 -8.700733358681320695e+00 -7.336372819561620240e+00 -4.041242437733703952e+00 -5.708458899646422502e+00 -4.420841058184693750e+00 -3.433590860726993821e+00 -4.872948629389458608e-01 -1.250326649967506309e+00 1.318246138596367967e+00 2.833020932224210586e-01 8.899581000910050665e-01 1.247440049901118009e+00 3.278840536399578731e+00 5.775912863833800870e+00 5.036853692556131357e+00 5.443481015431895997e+00 6.604556747508697256e+00 6.768738046509711559e+00 8.434672644860491175e+00 8.765642192579690573e+00
-6.257946484201407422e+00 -4.275129664124047046e+00 -7.238127662957908548e+00 1.100274757019410465e+00 -1.742927824142965321e+00 -3.728378698498473032e+00 -2.902418875104338269e+00 1.489598472153170761e-01 -3.202334153524223570e+00 -9.099575974634774855e-01 8.499053833617158382e-01 -3.331965425020898763e+00 2.785278114960554330e+00 1.458175388101110581e-01 3.070118779360420547e+00 1.656519655605414032e+00 -1.008343932194493142e+00 5.764806713439401875e+00 6.284117804388047013e+00 -9.803426545890872035e-01 7.666574430001115381e+00 5.490079051798361753e+00
-1.052905218926554198e+01 -9.528657934342671609e+00 -8.527547261391925204e+00 -7.527100390468905999e+00 -6.528543910657209182e+00 -5.527500829373661162e+00 -4.524633041297246194e+00 -3.529052189265557971e+00 -2.525610468064595437e+00 -1.528751543437294913e+00 -5.286871108163015975e-01 4.717917827021462784e-01 1.473144241894422279e+00 2.472250798071563338e+00 3.470438459242524587e+00 4.474754640186969112e+00 5.466714241827666854e+00 6.470720553125081764e+00 7.470562556112946950e+00 8.474378743494689559e+00 9.472283446515737282e+00 1.047267650934570860e+01
-9.413193720166697531e+00 -8.298817531051520646e+00 -7.275827113078359609e+00 -6.213047047143112067e+00 -8.645911910808194989e+00 -4.304736315994212248e+00 -3.567133192901131622e+00 -2.624950345074305247e+00 -1.635319333226036509e+00 -6.893744875585063880e-01 1.606827969488858754e-01 1.221088741212903006e+00 -2.181464832948556420e+00 3.127500445879944024e+00 3.939517929930915763e+00 4.869522920238150476e+00 5.594334191675909729e+00 6.551387142718684942e+00 3.743728058584069984e+00 8.718057005879034094e+00 5.933296178590204306e+00 1.037523952243047809e+01
-1.052727302042131896e+01 -9.528032756124781955e+00 -8.529096825693898154e+00 -7.527902251755069329e+00 -6.528741231833754100e+00 -5.527898898993793608e+00 -4.527554272388275791e+00 -3.526587060366930260e+00 -2.527936673437404025e+00 -1.526159903680131436e+00 -5.284604194510560404e-01 4.721032244216818441e-01 1.469097973133269619e+00 2.472845905746156703e+00 3.471767851437272512e+00 4.471879826213063680e+00 5.473191359366120778e+00 6.469097973133267843e+00 7.473063306237406778e+00 8.472367354954423391e+00 9.472115868056951271e+00 1.047269177558535169e+01
-1.083809752823398220e+01 -9.666614194402516347e+00 -6.165797264635372699e+00 -7.707964507486605221e+00 -6.849521977607897050e+00 -3.231399731339610337e+00 -4.844758098300395943e+00 -3.881202763881367535e+00 -2.691450193552293424e+00 -1.825320802273165066e+00 -8.793920452451544634e-01 4.433997338635480012e-02 1.155241901699601392e+00 2.115295622108885443e+00 3.044339973386359421e+00 4.044359880404314822e+00 5.089842786532685182e+00 5.941948498552467761e+00 9.694616880944064263e+00 7.955750485089874147e+00 8.890662317793626812e+00 9.989699891198673853e+00
-1.052958517569237529e+01 -9.526212655484071590e+00 -8.527684920012349679e+00 -7.527585871993899502e+00 -6.529640429198126483e+00 -5.527924865960464729e+00 -4.529708438097813428e+00 -3.526009373843068673e+00 -2.527976207911358131e+00 -1.527351417123664845e+00 -5.268820156449010028e-01 4.743997896915725931e-01 1.470104857802994047e+00 2.471816502035265373e+00 3.470291561902168809e+00 4.472023792088631211e+00 5.472934461653832017e+00 6.470790192008617936e+00 7.471119887650614189e+00 8.472240186751497149e+00 9.472534879565843724e+00 1.047288436394989830e+01
-1.052764890813899967e+01 -9.528284420312202130e+00 -8.527690560609851644e+00 -7.527867049963059998e+00 -6.527817045391357098e+00 -5.528779787064355133e+00 -4.528309733659785508e+00 -3.528128114581869923e+00 -2.528521926195166358e+00 -1.527909592778240011e+00 -5.284682484872718078e-01 4.720226069383226530e-01 1.471974044053993680e+00 2.472046351938683273e+00 3.471279359369708217e+00 4.471533208101227785e+00 5.472089606284338714e+00 6.475466317444283249e+00 7.472127995400869693e+00 8.472775160282093765e+00 9.471311352162791408e+00 1.047137848934455562e+01
-1.158014286604037046e+01 -2.111085786136517761e+00 -3.471981833800297679e+00 -2.751797777714549476e+00 -5.569470589694701879e+00 -3.553272917269436171e+00 -5.824058958907283312e+00 -1.908190898517837963e+00 7.548502452687593234e-01 -9.262508319649936928e-01 -1.186868978004834485e+00 -3.090659049147526982e+00 -3.958123967146263578e+00 1.813131021995160186e+00 2.292178487096098394e+00 2.251546239139114114e+00 7.445281147832731428e+00 3.098050202979612422e+00 7.033540362222539422e+00 7.419857133959656181e+00 7.500483421030624598e+00 5.707565296958847512e+00
-8.438046479428315649e+00 -6.765258574677741166e+00 -5.904142871872184450e+00 -6.513028830753288645e+00 -9.140155596998855714e-02 -5.004808395132389620e+00 -1.282088001175027969e-01 6.787490850570061518e-01 1.240618066790797336e+00 1.234741425322255504e+00 -5.342433381558467254e+00 1.336452343817515764e+00 5.511681017574858732e-01 3.270918348135425369e+00 3.101793847168524465e+00 -1.402039647189212701e-04 3.123521426172919835e+00 1.305530434114805072e+00 6.784686684086008945e+00 1.099164563859376109e+00 5.864214084658007309e+00 7.980489786673011565e+00
-9.609176115108965632e+00 -2.138666986021552141e+00 -9.475337574446401234e+00 -3.375958171956964793e-01 -5.382884585305231617e+00 -7.219625193910349736e+00 2.196823504084570722e+00 -3.522671308461608586e+00 -1.295938935384251423e+00 -2.950413770828683280e+00 -2.338896622307864881e+00 1.001582780354688618e+00 -1.001957777511837677e-01 7.803748060896416039e-01 8.681954417384212253e-01 2.275736721342900282e+00 3.090028849279225831e+00 7.286494304951211198e+00 5.285427725806345123e+00 6.810910720915023475e+00 6.216779587884412095e+00 7.943627348413877520e+00
-1.052708095292014434e+01 -9.526994064249182159e+00 -8.528749562598857636e+00 -7.527793407239132151e+00 -6.528123661674646527e+00 -5.528863221205876144e+00 -4.528151616253042633e+00 -3.527759976483981319e+00 -2.528585687078619415e+00 -1.527734190024522931e+00 -5.286917386428466870e-01 4.724586906059613511e-01 1.472900346122587578e+00 2.472149789534411113e+00 3.471662633322084801e+00 4.471626073323092143e+00 5.472326480053270714e+00 6.471498251162373094e+00 7.471551977299059288e+00 8.473230891130766551e+00 9.472167693279587297e+00 1.047153435667594934e+01
-1.096176461873284858e+01 -9.763754161660322950e+00 -8.739221214395408666e+00 -4.725241960938264540e+00 -6.841308434796522064e+00 -5.764794721978315550e+00 -4.853591201416174172e+00 -3.834355098630362946e+00 -2.844768375765710733e+00 8.335483699959974624e-01 -8.687783027184625695e-01 8.542129268609374715e-02 4.019165171698228178e+00 2.141517971177425927e+00 3.072882982660448459e+00 4.063857617083911578e+00 5.071803987573503925e+00 5.800691241632692119e+00 7.039865856097497598e+00 7.804823734371629129e+00 8.947632257983286763e+00 9.700946712210230416e+00
-6.226047137089557815e+00 -9.099268548308474536e+00 -8.417305714943596584e+00 -7.345428104999383478e+00 -6.833933362358222574e+00 -6.013100386689234078e+00 -4.187866270503369570e+00 -3.735113929175621905e-01 9.403771433561058934e-01 -2.890295245191277118e+00 -1.136434840271949076e+00 -8.902952451912791165e-01 4.058653802278561207e-02 2.152867886047866275e+00 2.213648951836262313e+00 7.900158175676252448e+00 4.386310698479847225e+00 4.761931696225802035e+00 6.044880274845281676e+00 7.464916880415717770e+00 7.689057067756068342e+00 9.203330039940466278e+00
-1.052448614023163742e+01 -9.528304160456178451e+00 -8.529217020492071200e+00 -7.528955058078304674e+00 -6.524216697434896517e+00 -5.529215470771321250e+00 -4.527541578630911445e+00 -3.528918654541497446e+00 -2.527666495065197694e+00 -1.528031335095883847e+00 -5.258036711020501741e-01 4.757805309491143220e-01 1.471632092376225387e+00 2.472458421369067239e+00 3.470415710587976932e+00 4.465034335036754953e+00 5.471689208527086734e+00 6.471987306256769656e+00 7.471336974878788340e+00 8.471309437532902109e+00 9.469834133167740475e+00 1.047545723535585260e+01
-1.052710259990470121e+01 -9.527683111891899870e+00 -8.527306283877059911e+00 -7.527834530041388916e+00 -6.527775931224972794e+00 -5.528688679502181458e+00 -4.527903127536930583e+00 -3.527574653790166437e+00 -2.529069523379959605e+00 -1.528904373810448192e+00 -5.273697032191027034e-01 4.713113204978203186e-01 1.472170804574316705e+00 2.471267876162361432e+00 3.471985083951782514e+00 4.471960780157877124e+00 5.471966099872423328e+00 6.471048076584169806e+00 7.472109247877435578e+00 8.471599836780859150e+00 9.472981718315917732e+00 1.047339077754242176e+01
-1.052836272066501522e+01 -9.525431334432632013e+00 -8.527713298257859620e+00 -7.529302045163197121e+00 -6.528484902736208184e+00 -5.528506606277501234e+00 -4.524947955664663013e+00 -3.529225803371950576e+00 -2.528041570838952978e+00 -1.525325223263768848e+00 -5.276093403067942944e-01 4.717821484241113694e-01 1.470150486174542692e+00 2.470252417567690983e+00 3.470894128623926989e+00 4.470601082387888781e+00 5.471040122750721935e+00 6.472464815321883336e+00 7.469873779061757091e+00 8.470536292139014378e+00 9.474893048945387974e+00 1.047504158372016647e+01
-7.469198701825094489e+00 -2.496344408001399007e+00 -7.138860270506240724e+00 -6.060041753636765449e+00 -8.355287612316941726e-02 -5.691455202159163562e+00 -5.452132239975446382e+00 1.994287198217890023e+00 -2.234854660582457520e+00 1.466477171745417474e+00 2.530801298174852221e+00 -2.947814925642212813e+00 5.676555329254961535e+00 1.623954761183446838e+00 -4.554105567464043769e-02 1.378101874924851256e+00 2.370139585653348924e+00 5.120598030925595623e+00 3.487620631090636358e+00 5.564134433037918548e+00 4.376122688581801867e+00 3.415582195474401228e+00
-1.052737355483063197e+01 -9.528007137303408314e+00 -8.527757922833020032e+00 -7.528070035104828861e+00 -6.528235318784762597e+00 -5.527808907156046558e+00 -4.527784476702262140e+00 -3.527873593096799709e+00 -2.528096514468252565e+00 -1.527930332993324924e+00 -5.285066093254719988e-01 4.720617358636189920e-01 1.472111770237619410e+00 2.471821618552141331e+00 3.471763243253166209e+00 4.471934539551668308e+00 5.471910585935054527e+00 6.472369273478916440e+00 7.472158459300938915e+00 8.472857971961436974e+00 9.471384694154197703e+00 1.047164961444848608e+01
-6.334545827998891987e+00 -5.466969328851737586e+00 -2.800342304511570291e+00 -2.767990135366551918e+00 -3.905993210944911365e+00 -2.029376492968221868e+00 -4.824144132330922652e+00 -1.075920023124626645e+00 3.199657695488461240e+00 -2.819186107280626352e+00 -2.477685204061740532e+00 3.398399598401473654e-01 -6.093024875110691241e+00 4.917877276457172653e-01 5.802874392999468611e+00 4.885321674636964318e+00 4.295259540390834907e+00 2.230774462014242676e+00 2.753685914437417281e+00 6.225357393037593390e+00 4.951557693353414891e+00 4.803640292844766790e+00
-6.672084915469024935e+00 -3.847396591976743885e+00 -4.687091696953876507e+00 -2.581635936575138679e+00 -6.962316242856235071e+00 -1.745887541988101255e+00 -5.233263554609517421e-01 -1.239973082611543376e+00 -2.589738955516093899e+00 -2.404953475638811344e+00 -3.291469562823457817e+00 2.255374749982548721e+00 2.048457761657526799e+00 4.514602226404306862e+00 3.217590362453759401e+00 4.546887094204484114e+00 4.218802927204103881e+00 6.849988319645765600e+00 1.735775839346142213e+00 5.104615376599594967e-01 7.505860192057385305e-01 5.281926624244174917e+00
-7.804994216227423287e+00 -1.311639847242809687e+00 -1.981075442054112123e+00 -6.276837624694518780e+00 -6.860747500284457345e+00 -6.785412975114881284e+00 5.289649198286920928e-01 -3.191779124309531923e+00 -2.844748581377773977e+00 2.512885787519340219e+00 -1.402448500456074276e+00 5.415286029131861412e+00 1.085845887615779493e+00 2.068960516792999638e+00 -5.630404018847547931e-01 9.816110393054797711e-01 3.165977684695988170e+00 5.165958654257734040e+00 2.885862590907483316e+00 4.439417968951619109e+00 4.556204211734491416e+00 5.600328027043412149e+00
-8.343043067789210454e+00 -8.093765088260420626e+00 -7.083034433988713907e+00 -2.401818533680883050e+00 -6.416894824559875588e+00 -3.807380000597253122e+00 -3.380635935693789840e-01 -4.771887670025347639e+00 2.344903346306496772e+00 2.044017018037194600e+00 3.873882481715659409e+00 -1.385580485882063506e+00 7.156511598407975239e-01 1.282146514150217076e+00 8.248770735868007353e-01 3.984683393629392167e+00 1.718564281052875398e+00 3.426834315239463358e+00 4.049365118400194419e+00 5.572227588430228806e+00 6.584352177225732738e+00 5.604542334876640552e+00
-1.052600944868761701e+01 -9.526292987982747817e+00 -8.528773733298303128e+00 -7.529160209815051630e+00 -6.530075915972702205e+00 -5.526832365314481521e+00 -4.528839298407559610e+00 -3.525415726820961382e+00 -2.526969679514882827e+00 -1.529084869544027114e+00 -5.268581294221945654e-01 4.751368529395953999e-01 1.470283112605089926e+00 2.470868743141165780e+00 3.471016577561371719e+00 4.470281175454127620e+00 5.473165265400877999e+00 6.470221362193099068e+00 7.477870262344353591e+00 8.470361120183936166e+00 9.469823441584578561e+00 1.046986355551051240e+01
-6.496562933048919852e+00 -8.761772149882592231e+00 -9.916384744969031217e+00 -3.763530253414724136e+00 -6.865190063440627988e+00 -5.766643888416044916e+00 -1.028861924236150527e+00 -3.887437791233713913e+00 -2.439818699451848705e+00 -1.395064202631429273e+00 -6.406860935803663226e-01 -4.098903349030035836e-01 4.806517066411883365e-01 1.892219911085437634e+00 2.418752446029095893e+00 3.475779143378803226e+00 4.055303840816723238e+00 5.046126924674098291e+00 5.029682762544786634e+00 7.406238630280386204e+00 8.366185204737103476e+00 1.258548161315936298e+01
-1.052746578285846368e+01 -9.527526840366494554e+00 -8.527396261490952867e+00 -7.527374259926466138e+00 -6.528255916930804759e+00 -5.528302900292066724e+00 -4.527726307310230069e+00 -3.528088278867382854e+00 -2.527871019937164121e+00 -1.528034947611461192e+00 -5.277355013266991079e-01 4.724623041375668464e-01 1.472200460933072108e+00 2.471816003523684913e+00 3.471271649204110687e+00 4.471633337639193684e+00 5.472565531931739002e+00 6.471485078535890167e+00 7.471574485503060359e+00 8.472540952466347974e+00 9.471054576538422864e+00 1.047175274064383643e+01
-1.052754831700379157e+01 -9.527492102373141591e+00 -8.527019377935424416e+00 -7.528670597959081334e+00 -6.528636124122636275e+00 -5.527564775336291092e+00 -4.527695540476340597e+00 -3.527388189125574058e+00 -2.529016893494613782e+00 -1.526525814223791855e+00 -5.280542561297689730e-01 4.713638758773512905e-01 1.471922080826258750e+00 2.470979403566810007e+00 3.470719735931847794e+00 4.472974728655312759e+00 5.471037428688497073e+00 6.471644636105986947e+00 7.472900446366763205e+00 8.471766728770230515e+00 9.472150217604133005e+00 1.047273180992552533e+01
-1.052886173176712958e+01 -9.528023869275457969e+00 -8.528173938869850090e+00 -7.527403474330327526e+00 -6.528064385532744041e+00 -5.528949440001859728e+00 -4.526265107571482815e+00 -3.528074026584045342e+00 -2.526746429979208841e+00 -1.530139819263823142e+00 -5.287101422542459517e-01 4.773392225509702769e-01 1.471553623200042793e+00 2.471511736035925111e+00 3.471361971915346345e+00 4.471477977455236896e+00 5.471737518430336067e+00 6.470865241706952986e+00 7.472072183609590468e+00 8.472275860131363245e+00 9.470625057340249953e+00 1.047317107719240425e+01
-7.254623775615504755e+00 -7.809300740520198403e+00 -7.294051099507408153e+00 -7.126000629115801566e+00 -2.550270218752595408e+00 -4.397059910378166236e+00 -9.465074327672917676e-02 -5.309675904881463460e+00 -2.158270860847182337e+00 -1.249879622987750682e+00 -7.484932520993639038e-01 9.366512381600516912e-02 2.705948900492587406e+00 3.813269140144069702e+00 2.681552771855852946e+00 6.236050022574979756e+00 3.130941759148935244e+00 4.965022380929624113e+00 2.615105269080400863e+00 6.824391813810600560e+00 5.536449654583984525e+00 6.774459025683659874e+00
-6.597934592193874792e+00 -1.083889166147562477e+00 -9.752139349381124589e+00 -8.782358667241435768e+00 -2.920835476480525550e+00 -6.528492311514717095e+00 -4.304241169720790516e-01 -2.018539974798505554e+00 -2.656946996042486298e+00 -1.243748838167932913e-01 -1.496361391396454188e+00 -2.212466054674278038e+00 2.236206303500194004e+00 3.235446143078708037e+00 2.247860650618878964e+00 1.345566878498181129e+00 4.485167562929495588e+00 3.095928350592943357e+00 6.363995453949156555e+00 7.775655972830351814e+00 6.312361242982550635e+00 6.891153525817916403e+00
-1.052819244543463384e+01 -9.527165777780190581e+00 -8.528028979696401279e+00 -7.528145499326361900e+00 -6.528333872355588596e+00 -5.528681054510256487e+00 -4.528323009409076505e+00 -3.528305090762751561e+00 -2.528245851196404104e+00 -1.528145499326351242e+00 -5.280116272941910438e-01 4.720658289416928000e-01 1.473198965392938931e+00 2.471263252399786836e+00 3.471534639798033339e+00 4.472489126227724654e+00 5.471713446281778914e+00 6.472454399071562392e+00 7.472875915668835134e+00 8.471378371320593459e+00 9.471759014032706148e+00 1.047342485209546403e+01
-1.315746777335523365e+00 -1.664177635046564241e+00 -5.139168501872545924e+00 -6.568400520448015811e+00 -3.234478756299323354e+00 -7.448003974498195179e-01 -2.051769256675498809e+00 -4.523301323084148784e+00 4.123931979961959371e+00 -1.264336048544402624e+00 -3.189352380000340492e+00 1.502537873073880315e+00 1.840135330857889384e-03 2.930927449606212098e-01 2.125454382757713034e+00 2.887489589386435629e+00 2.706088219837372577e+00 2.727281395154412813e+00 5.255198288208721813e+00 4.692931175653403120e-02 2.571844308561455961e+00 4.838422471904753053e+00
-1.052651995637405946e+01 -9.527150499010023310e+00 -8.528273845398363306e+00 -7.528583506429153971e+00 -6.527147675239971747e+00 -5.529084349358019068e+00 -4.529196592354704620e+00 -3.528272563898507741e+00 -2.529084349358011963e+00 -1.529791074180529620e+00 -5.293551854133013990e-01 4.723247864008541796e-01 1.472662781989638958e+00 2.473419425702152452e+00 3.472517331755222258e+00 4.474103709375917504e+00 5.470311363852085051e+00 6.469838393545209954e+00 7.473026295816959319e+00 8.473458749866544792e+00 9.472048325157222948e+00 1.047332753769165592e+01
-1.027568187488025941e+01 -9.247715639388072617e+00 -8.237237318026288335e+00 -7.239336946405190432e+00 -6.291860804973095966e+00 -5.381366388229651854e+00 -4.324249041624368850e+00 -3.362429374739224208e+00 -3.099579637949580579e+00 -1.385711849891820169e+00 -4.506327047361766702e-01 5.911305345876441963e-01 6.433152891526746631e-01 1.779064583565072244e+00 3.392063285949566520e+00 4.617267836997634767e+00 5.473919061412654941e+00 6.485543225901293951e+00 7.449316875483352085e+00 8.498996091993131330e+00 9.365008532236238636e+00 1.038475536770300423e+01
-1.126998630489144304e+01 -1.580059133104906977e+00 -9.278540444961350886e+00 -8.275588479941658804e+00 1.369354182505153616e+00 -6.304327368025620437e+00 -5.313746102701930596e+00 -4.320725193656254959e+00 -3.306703712331898082e+00 -2.303649329916111377e+00 -1.334623972086219634e+00 -3.228802453910395998e-01 6.987921678023293337e-01 1.677643058950955890e+00 2.646611962121486972e+00 3.682321331365137951e+00 4.645520283429497077e+00 5.671310740712677045e+00 6.647939986371645738e+00 7.651727989087186543e+00 8.670518846097721166e+00 9.633668842703189128e+00
-1.052750502100258245e+01 -9.527326780762942704e+00 -8.528178367224015233e+00 -7.528805072810948573e+00 -6.528199646082194718e+00 -5.527388844099329290e+00 -4.528819385376246842e+00 -3.527340012994095275e+00 -2.527700785007741757e+00 -1.527923795786181316e+00 -5.279015707042624683e-01 4.724265007111618786e-01 1.471736785564146999e+00 2.471190017256459370e+00 3.470823381635861793e+00 4.471519608590323713e+00 5.472982239517889980e+00 6.472842079195697096e+00 7.472772177848542086e+00 8.472175796124655989e+00 9.472125318441110053e+00 1.047107448110314465e+01
