-3.446582754167420326e+00 -1.003586565615269421e+01 -5.086541837796406895e+00 -6.123737476233330312e+00 -4.420653786997912782e+00 -1.467507099930471348e+00 -4.294169816628802039e+00 -6.146604992764075348e+00 6.896578232705077305e-01 2.188204590738062727e+00 -2.546249011599585277e+00 -1.345799159048330695e+00 2.702242714149538649e+00 6.590706053521600438e+00 5.649019954572271907e-01 2.914956210959566363e+00 2.563677626503731766e+00 4.021764340446042141e+00 3.604805081087885998e+00 5.726619232462445197e+00 7.239256144882334709e+00 6.528748047798586640e+00
-1.048287158865811364e+01 -9.479911234568447753e+00 -8.482118841599318060e+00 -7.477783453058115981e+00 -6.481313344429821655e+00 -5.479454975913867543e+00 -4.482577365230419275e+00 -3.481589373539792476e+00 -2.479416918348157139e+00 -1.482910778712124511e+00 -4.770499582994922605e-01 5.192270759831885130e-01 1.521622601557874432e+00 2.517413247038026824e+00 3.516144815493730036e+00 4.518601763654853443e+00 5.518676910210750464e+00 6.517165679145955792e+00 7.521593290973811463e+00 8.517415288497112158e+00 9.518671247769498578e+00 1.052229418199172173e+01
-7.839719428227685860e+00 -5.669275854526514280e+00 -1.019587604182027540e+01 -7.114338970962174713e+00 -4.916208996403373277e+00 -4.155988260860039141e+00 -3.533106153293921192e+00 -1.690298044980353298e+00 -5.028240615032857352e-01 -9.696789580568730971e-01 -3.124010278170894495e+00 -8.940393004343283323e-02 1.387295990944765522e+00 2.653161582429683030e+00 4.331554989579949222e+00 3.244417708843492676e+00 4.437214333318934223e+00 6.170844613014520696e+00 4.015335524431755232e+00 7.749056234375363061e+00 6.216766237335612288e+00 1.001691003453324669e+01
-8.903757967367273096e+00 -7.692016002672841246e+00 -7.338206908170343823e+00 -6.249005494810404571e+00 -5.462647973823764325e+00 -4.592097332831759360e+00 -2.528659662449940448e+00 -5.607205335521220135e+00 -4.601821245661510851e+00 -1.089872495665885621e+00 3.325791381964963156e-01 9.587384793242026415e-01 1.917738150980983436e+00 3.019990200857452400e+00 4.049442816800980616e+00 1.080825643596135865e+00 5.122875471204830333e+00 5.797243732637849867e+00 7.163128791420717789e+00 8.529753380479261793e+00 9.784443200587055856e+00 6.730359682847476321e+00
-1.048069857568896879e+01 -9.480295141650852742e+00 -8.480074075473964967e+00 -7.481357326223097459e+00 -6.479409386827168049e+00 -5.478995521976180783e+00 -4.480721910907440986e+00 -3.481268127872182205e+00 -2.480830197645833124e+00 -1.482078691436477413e+00 -4.801409742371518519e-01 5.188465216620450349e-01 1.519427480684088394e+00 2.519423718140888724e+00 3.519118497656155142e+00 4.518168183551601658e+00 5.518130938099195859e+00 6.518731492148210904e+00 7.519792454825218186e+00 8.518600995229055783e+00 9.517987559126188657e+00 1.051947035877543080e+01
-2.080026852160368644e+00 -4.494931655412613303e+00 -9.359978252027558732e-01 -3.192713167799549723e+00 -5.331803234893527588e+00 -4.230707065703020575e+00 6.798343490547424928e-01 -5.978414148547788187e+00 -3.695712061533543480e+00 8.414676271312424571e-01 -1.611718706646996679e+00 -1.140368888046566109e+00 5.724680293883250393e+00 4.324681704229238477e-01 -1.567509143309626207e+00 1.832868741495982778e+00 -7.695741872279231455e-01 2.546036544394385537e+00 5.381904937739738770e+00 5.085497361283024986e+00 5.560067422908080204e+00 7.366479758129397482e+00
-1.048132886568252076e+01 -9.479896923696443878e+00 -8.481221949850967334e+00 -7.480949288403461850e+00 -6.480680203234600256e+00 -5.479801720177579938e+00 -4.480996502732690345e+00 -3.481486266648232686e+00 -2.480527697300358270e+00 -1.480112767016336761e+00 -4.817642627114597786e-01 5.191913711076434623e-01 1.518638411367483343e+00 2.518911981785834087e+00 3.518393078649586059e+00 4.520887153053825713e+00 5.520042234862396313e+00 6.518598297441544176e+00 7.517780164087357164e+00 8.519410075450483788e+00 9.519275093281809319e+00 1.051946685632521294e+01
-5.034328784413935942e+00 -2.947509560083981128e+00 -2.047157250216093516e+00 -5.047346791607411731e+00 1.548975793305652937e+00 -2.259406138652357399e+00 -1.994435004130341138e+00 -4.166581850416770649e+00 2.205146467151178236e+00 1.852848898959744250e+00 -1.737427675203160771e+00 -1.071994055651873667e-01 -1.662622989450645239e+00 6.352166622520784678e+00 2.901222700967640122e+00 3.538882180385973797e-01 -8.921761131411161116e-01 1.520576640475107322e+00 2.528961795900164677e+00 7.191203460418229554e-01 3.408813701836807653e+00 4.926298647641981887e+00
-1.048129400136797784e+01 -9.481737549332052595e+00 -8.480575884607700843e+00 -7.481271970001159843e+00 -6.480740050700577015e+00 -5.481194066730424197e+00 -4.480118046430021650e+00 -3.481573457744998379e+00 -2.481950933960341388e+00 -1.479710522023115260e+00 -4.819451001557499836e-01 5.186096477237551738e-01 1.520678614350879698e+00 2.521622170778831773e+00 3.520848606797775560e+00 4.518665378066621940e+00 5.518988681110462480e+00 6.518860478970125882e+00 7.518133145841684239e+00 8.517656122418959086e+00 9.519589711996632175e+00 1.052028729495676274e+01
-4.839807561899336363e+00 -6.920984861877203187e+00 -6.675916141310322516e+00 -6.131712714680286780e+00 -4.645082194304251288e+00 -1.379560648922682375e+00 -4.887573591771134929e+00 -9.925117830698857446e-01 2.234794985513881116e+00 -3.876589231079913045e+00 -8.516772996500203696e-01 3.547750374959125264e+00 1.557158972681558451e+00 -7.910917412984774799e-01 2.971863430099303649e+00 7.777146512343527718e+00 1.327035085013480220e+00 2.985327454393890800e+00 4.176623687554918085e+00 5.285677255997153878e+00 5.852664347071831585e+00 4.698293934193345400e+00
-1.048052052882577811e+01 -9.480698269876546291e+00 -8.480853443118640200e+00 -7.480804820629685992e+00 -6.480761234733176224e+00 -5.479965937408529442e+00 -4.481034022840582054e+00 -3.480179560455404442e+00 -2.481026967140733674e+00 -1.481202078136519162e+00 -4.804726588455032754e-01 5.186999914321130944e-01 1.519857580688878329e+00 2.519287797537723250e+00 3.519216033545417233e+00 4.518970387903133101e+00 5.518180142072122152e+00 6.519459309903066213e+00 7.517523202029153140e+00 8.519487562504687972e+00 9.519460651007570107e+00 1.051920513334600393e+01
-1.048072378845378694e+01 -9.481664007021622709e+00 -8.481389043344686129e+00 -7.480496664954879193e+00 -6.481272538615890255e+00 -5.480766353620731834e+00 -4.480330919338891604e+00 -3.482173462821689824e+00 -2.481381816281496455e+00 -1.480413352562615970e+00 -4.814120879904812966e-01 5.185141810639279925e-01 1.519107157872483072e+00 2.520393671975885042e+00 3.519844675944606038e+00 4.519687744365491255e+00 5.520231539891520711e+00 6.519907171414653035e+00 7.518446835265919503e+00 8.519786948846146402e+00 9.519112887368955001e+00 1.051881949095563584e+01
-1.048083792322061214e+01 -9.480364058844060082e+00 -8.481243018738243933e+00 -7.479532641104697177e+00 -6.480625790289852972e+00 -5.480883774093605609e+00 -4.482718390158616728e+00 -3.480631400577053114e+00 -2.481225301257575566e+00 -1.478397008708927984e+00 -4.796898036517873720e-01 5.177047134123036187e-01 1.520121130414981536e+00 2.519175458022131053e+00 3.518741953440688519e+00 4.518662828274742083e+00 5.518971133299846343e+00 6.518420475789088897e+00 7.518108348616143743e+00 8.518685627051372222e+00 9.519172567196866552e+00 1.052021314508535532e+01
-1.048196054724134285e+01 -9.476559666070075494e+00 -8.481699046763512939e+00 -7.476076004180059797e+00 -6.480935377153480559e+00 -5.483648789199927265e+00 -4.483108741315925627e+00 -3.484320280226810951e+00 -2.481148746880617040e+00 -1.482549992474647027e+00 -4.778416874733935060e-01 5.205128369006128963e-01 1.522103818980117040e+00 2.516690152612587994e+00 3.518162342635060114e+00 4.521851631728077692e+00 5.518453868952654773e+00 6.517954590645691937e+00 7.520812335339449817e+00 8.519964965907004029e+00 9.517041939226052349e+00 1.051812866601076024e+01
-1.048088306493375654e+01 -9.481238003142845372e+00 -8.480813998051651481e+00 -7.478805314072170418e+00 -6.479706476696499351e+00 -5.480355794795530144e+00 -4.480520564385431115e+00 -3.480964313515208630e+00 -2.480190242894646957e+00 -1.481401193209665124e+00 -4.788768768987825553e-01 5.188919722356608588e-01 1.517931622199037989e+00 2.518703979186035724e+00 3.518911701373081513e+00 4.519546304575422724e+00 5.518501382998449500e+00 6.518658165565950569e+00 7.518882159821018263e+00 8.518505287102680512e+00 9.518428009680727442e+00 1.051862352781675369e+01
-9.198552144044462864e+00 -3.366852357910864235e+00 -1.293767396205797837e+00 -1.323028452957603962e+00 -3.750775568043984709e+00 6.385109953667001959e-01 -1.812186012225472931e+00 -6.756013340661722877e-01 -9.053414793045130304e-01 -4.333818870850989491e+00 -1.025492374460596108e-02 4.725251033201581130e+00 -3.665506946436838387e+00 2.114773918736152947e+00 3.204532708722171108e+00 6.039282338552851570e-01 2.712187271537364719e+00 -3.739768805523714379e-01 1.536337494125238345e+00 3.132334766126750214e+00 5.974443425468595414e+00 6.489190789162331718e+00
-1.048007897287605061e+01 -9.480349287390698265e+00 -8.478430345654475175e+00 -7.477362714707867397e+00 -6.480604119598860180e+00 -5.481480047106744635e+00 -4.482079498469824230e+00 -3.480761647224438704e+00 -2.480522409081444835e+00 -1.483986064791681159e+00 -4.811501353979110718e-01 5.199291333556139705e-01 1.517891719937319195e+00 2.518996447324751031e+00 3.515076272189617157e+00 4.521536365151403558e+00 5.518342301249500537e+00 6.517515368759630334e+00 7.518870219588285053e+00 8.520676806569097650e+00 9.520110435783857739e+00 1.051968844234943035e+01
-1.048075301030824136e+01 -9.479286043142726825e+00 -8.480229219591089773e+00 -7.482051355933620584e+00 -6.479374459182675849e+00 -5.482044151222176254e+00 -4.480665570294327438e+00 -3.481164863502455020e+00 -2.481462126767079113e+00 -1.481961643492631708e+00 -4.824767766351136800e-01 5.194201262837019328e-01 1.518532330000935460e+00 2.519583361054003490e+00 3.517527015710411931e+00 4.520410859787995506e+00 5.519425907934245146e+00 6.521025242114596665e+00 7.519122177565630949e+00 8.517957383597426713e+00 9.520567366684018040e+00 1.051972571929746358e+01
-1.048121118240742788e+01 -9.481483113697986909e+00 -8.481448662213306733e+00 -7.480141696266178641e+00 -6.481263798407539412e+00 -5.481445458463658937e+00 -4.481872361830701479e+00 -3.481557001105782589e+00 -2.479762715033515974e+00 -1.480137315324769887e+00 -4.802652194418843834e-01 5.181392610750261696e-01 1.519410814412605504e+00 2.518805253573420444e+00 3.518816652961737290e+00 4.519664022394183078e+00 5.518867972560887125e+00 6.520321193405152371e+00 7.517820897766121391e+00 8.519847463139059940e+00 9.519802446731091550e+00 1.052092081613159813e+01
-8.010990589768400838e+00 -1.026630183597875323e+01 -4.603668492564022330e+00 -3.520689733349905204e+00 -7.682291698953243042e-01 -7.297670614751319285e+00 -5.445430214193063279e+00 -4.035850930250771462e+00 -3.088227680966380007e+00 2.221706844689936011e-01 -2.481517091399814579e+00 -5.301951903337535910e-03 3.535114340725582505e-01 1.175380999693073969e+00 1.802142748163005459e+00 2.945084646411615381e+00 3.023033156090443985e+00 1.003569817884654114e+01 5.265314114283528468e+00 8.635263510564984202e+00 8.194640262778273510e+00 8.293466839606560725e+00
-1.048176045952879321e+01 -9.480704555795947286e+00 -8.480751844631006620e+00 -7.480991321192570709e+00 -6.481281498955057785e+00 -5.480149509893239568e+00 -4.481423350559035512e+00 -3.480088638649760924e+00 -2.480393009768294021e+00 -1.477335112677389262e+00 -4.817158305509661176e-01 5.226433253423596881e-01 1.515568104995910659e+00 2.518548285080612459e+00 3.519463633610431685e+00 4.518281934274854805e+00 5.514634949578466561e+00 6.523069506003084328e+00 7.518358444287006392e+00 8.518797626210867335e+00 9.519675192846479561e+00 1.051938239993018165e+01
-3.729000971553305455e+00 -7.735149014924893152e+00 -3.510607793930997200e+00 -2.562264669085438040e+00 -1.415293691072022852e+00 -4.979934216088998333e+00 -3.470129828877884126e+00 -6.732763721780349542e+00 -2.347993084255263874e+00 -3.501526533245625572e+00 -5.298374533671603714e-01 4.981936003294873405e-01 -2.701352310484098407e+00 1.197265218753029714e+00 2.944326237716814010e+00 3.041425830308656320e+00 4.450541153160424201e+00 5.465012265008553527e+00 2.822119954046084622e+00 5.809383486335319091e+00 1.214680122980651333e+01 5.262612583159642199e+00
-6.544844712137387610e+00 -5.903821861755476519e+00 -4.933007679493561781e+00 -4.689104298386769010e+00 -2.548982535152036544e+00 -2.017895309349003075e+00 -3.134523521410851998e+00 -6.847339212263992891e+00 -3.828495337509596474e-01 -1.009799326141608500e+00 1.536448811579014251e+00 1.841607024708344476e+00 2.827762182433251947e+00 -3.919166723282963005e+00 2.903467087823609738e+00 2.944789169287802544e-01 4.316533442625271277e+00 5.813563779349386174e+00 7.365895284766152074e+00 2.931730189960676913e+00 9.519216670635703537e+00 3.002459592272916922e+00
-3.673823272130364970e+00 -3.965180819106262966e+00 -8.374446000419277780e+00 -7.230717899050723929e+00 -6.633637906901006076e+00 -6.566378401171589552e+00 -5.355842417916323761e+00 -1.282480054286222693e+00 -3.137435760774102356e+00 3.977142268247023882e+00 -1.873690566434316640e+00 1.122395133927950539e+00 -1.290710601791089207e+00 1.445125853957622386e+00 5.038003755629203440e+00 2.280846076894943675e+00 3.906311665662602017e+00 6.975484519681616646e+00 5.624603067245828036e+00 5.306455645564057910e+00 6.648687748116545393e+00 7.481116235012379434e+00
-1.048055160587482959e+01 -9.481354838067824531e+00 -8.478871559554875148e+00 -7.479663980955441716e+00 -6.480709625238715077e+00 -5.480940824205232431e+00 -4.481115242296999313e+00 -3.482071181589915909e+00 -2.479544622654250574e+00 -1.480616589838804842e+00 -4.814553762024100791e-01 5.184583609754387368e-01 1.521083289926702165e+00 2.518101060932334434e+00 3.520041654055768632e+00 4.519036131148988389e+00 5.518767142837697648e+00 6.518489057367494510e+00 7.519227737730201255e+00 8.518968263810323904e+00 9.518349567597558902e+00 1.051820145005529206e+01
4.246260299192909926e-01 -4.014816452158198601e+00 -4.599008905222208732e+00 -5.746159050334998852e+00 -1.921735336810070693e+00 -3.726863273877052407e+00 -6.280256283517870131e+00 1.527293543131041487e+00 1.408351311573906361e+00 3.003240491213630126e-01 -2.781765769451698400e+00 4.455744593181081847e-01 3.142513069448383156e+00 4.387177869522130180e+00 1.138729553763157432e+00 1.234199718704138471e+00 5.412031198495976803e+00 -9.308455279732452681e-02 2.686499184782580762e+00 2.356435622517688344e+00 3.222766989922437375e+00 1.898995293907711046e+00
-8.375629344497419027e+00 -1.015757007377727739e+01 -7.919705217379727102e+00 -6.114198695081808133e+00 -4.541002909268263110e+00 -6.556358298320050793e+00 -3.929717720542410753e+00 -2.275896821200349862e+00 -1.373429702847416500e+00 -5.649528971376162056e-01 -8.629201284535467642e-02 8.359506052743925775e-01 1.293329122367548267e+00 2.046566048681646599e+00 3.241956102079011082e+00 4.300402736981887131e+00 5.527245400395883301e+00 6.096086791696720297e+00 7.695883552599382504e+00 7.694787708003179461e+00 5.971183670738593463e+00 7.613190224037950316e+00
-1.047869673574510330e+01 -9.480780357664270852e+00 -8.482503162866281698e+00 -7.480991648679440331e+00 -6.481746161525888894e+00 -5.478927785700014041e+00 -4.481310988014369556e+00 -3.481587248092344211e+00 -2.480720641260788284e+00 -1.479848208075212668e+00 -4.800803681666163669e-01 5.183908695524390708e-01 1.519868841225456180e+00 2.518698340112512923e+00 3.519412299448799075e+00 4.519080502743074490e+00 5.517367323691198422e+00 6.519707878882233132e+00 7.518140947276899411e+00 8.520392937416382040e+00 9.519483646208591665e+00 1.051847798919135890e+01
-1.048637785423885305e+01 -9.485933382402755853e+00 -8.470306981693601855e+00 -7.472326506267901181e+00 -6.485647280107832202e+00 -5.487289537083011481e+00 -4.486535329710346076e+00 -3.456507582556122671e+00 -2.485613424669612215e+00 -1.485533852468833516e+00 -4.865487407554294208e-01 5.137376595627145548e-01 1.513899724591860618e+00 2.513223241675980546e+00 3.529146473516114213e+00 4.528907309878958287e+00 5.513516585935244407e+00 6.528268616307860484e+00 7.513555209745064190e+00 8.529081713069571080e+00 9.513188462365754106e+00 1.051392374526370155e+01
-8.212456949021049724e+00 -7.861795720250846387e+00 -6.952201120636748222e+00 -5.363404138604251692e+00 -8.279664246408795947e+00 -4.439446784052734074e+00 -3.755908075881995156e+00 -2.334283326153551386e+00 -2.006570500911925237e+00 -1.199238115425778517e+00 -2.371627590798758511e+00 1.297420816154935430e+00 1.468266502426427200e+00 3.153007584341358527e+00 2.367380650683986509e+00 1.950177939461587684e+00 4.452036222166599444e+00 7.144399209859281896e+00 7.866985338015106244e+00 8.632197690564728632e+00 5.249079447193663484e+00 9.617473437237263667e+00
-2.718524138636132292e+00 -9.722635648587752755e+00 -7.613467661820809695e+00 6.959554478298315416e-01 -6.131934408932272262e+00 -2.662372459387763790e+00 -9.220332471302294941e-01 -3.168736476187553830e+00 -1.392998769166500672e+00 2.651447492616835433e+00 -2.224979878914023601e+00 2.360085627424054699e+00 -2.102336216842499272e+00 2.566537690361561097e+00 3.675688470929933782e+00 1.211206709355008293e+00 3.286623104194704048e+00 2.934100149568419802e+00 6.627682236018484829e+00 3.472520210944877839e+00 4.861632658313398636e+00 4.738367378006929975e+00
-4.318120163860621474e+00 -5.245705045931769561e+00 -8.759389195320466115e+00 -6.851393030553707852e+00 -6.390753156772834842e+00 -6.599732294353199080e+00 -1.885996712632143080e-01 -2.454705200491016370e+00 -3.362137534950923268e+00 4.549500981535785193e+00 4.386448875850842199e+00 -3.787690453717070582e+00 -9.484914628215624921e-01 1.516567552270012165e+00 1.598612762920932795e+00 1.172431251296432331e+00 3.443215991495040651e+00 5.961476321555737812e+00 6.504956986608915415e+00 6.788077457991214203e+00 4.386349298190508783e+00 9.020908000279467487e+00
-4.355811764309367007e+00 -7.358364315080949680e+00 -5.747882756583523545e+00 -5.517351732957571642e+00 -7.387139948159185288e+00 -3.260071025091554997e+00 -2.793803135830329243e+00 -1.366402607127031654e+00 -1.349698643100916140e-01 -4.945969963967234984e-01 1.045656648459901028e+00 1.533340162184295696e-01 -2.453568452998267979e+00 3.594904119298132805e+00 3.498791057041057417e+00 5.802933066836675202e+00 1.094263211075050535e+00 8.418273142168088086e+00 6.367886918216916214e-01 6.236007181950178335e+00 6.937560298427835725e+00 3.873279435506074009e+00
-8.297845756520077387e+00 -1.203396170772660945e+01 -7.911332574709476262e+00 -5.826577532161324235e+00 -4.965276374701626416e+00 -3.932647616378677213e+00 -2.958315227198649477e+00 -2.181947865927180263e+00 -1.103607351931956027e+00 -1.322029539032031131e+00 -1.471330883858632532e-01 1.086530954013213535e+00 1.609730266665488685e+00 2.772322894365466084e+00 2.710111099214151942e-02 5.178993435643689303e+00 6.079585908711516495e+00 6.675562647006100470e+00 7.974080382095872999e+00 4.756181309675901581e+00 5.137476488990804668e+00 9.804937506471764763e+00
-6.195841854366310741e+00 -4.734809773684093948e+00 -5.611324926970084448e+00 -4.783571455665994065e+00 -2.660637982276238933e+00 -4.420011121350231775e+00 -6.262070086251094736e+00 -2.199318372107004649e+00 1.919736436576713334e-01 -3.768444966112337591e-01 1.537962153243065178e+00 -1.496636300991682766e-02 3.410076876516694444e+00 -2.918616518491115031e+00 3.838245288666269683e+00 4.478392885639504328e+00 4.742302037154915162e+00 6.714385997862227562e+00 5.655856602464837124e-01 4.094456179279756469e+00 8.183025317013020938e+00 2.843435181462213635e+00
-8.929739289921467815e+00 -8.317548712121348942e+00 -7.106654633703828772e+00 -6.194764718709873996e+00 -8.447575250020021187e+00 -4.586562753190304598e+00 -2.839611107246935440e+00 -2.530859109474846935e+00 -1.624565267784442213e+00 -9.646373999921059594e-01 -3.178363279362060867e-01 8.785776786042246433e-01 2.508323125321083147e+00 2.936649957295955460e+00 1.676763746402856192e-01 1.311919493195637720e+00 6.117038015371084825e+00 6.737741721602514389e+00 7.362623488250652493e+00 8.223287021413716147e+00 5.983494313744588844e+00 1.005485165062013309e+01
-3.884872405085759262e+00 -3.170391611854159741e+00 -7.369201285348848884e+00 -9.112380976826189638e+00 -5.751174979799245079e+00 -8.939853359408029831e-01 -4.907245616260983212e+00 -3.501204107240178498e+00 2.382615804787065361e+00 -2.473346183248136931e+00 -1.119926824136447507e+00 -3.258171633793165989e-01 5.900160304041114578e+00 -1.376687483582433202e+00 2.157613064420984550e+00 9.097066687068688928e-01 3.087677130131632808e+00 2.605346203432679530e+00 5.908611533241174385e+00 4.510721522308823950e+00 7.968466314734397926e+00 8.877143696856258259e+00
-9.871392661696237525e+00 -8.867755672214107321e+00 -7.927259396247179346e+00 -6.933165412044233200e+00 -6.070018209238817519e+00 -5.103583218934352850e+00 -4.107327165669409474e+00 -3.171299648272764671e+00 -2.035214296057414884e+00 -3.597781536808830172e+00 -9.354391501341684234e-02 9.844166225199859621e-01 1.818019484505086325e+00 3.783876479675294391e-01 3.736484678926834668e+00 4.557526516156255703e+00 3.276210281019742876e+00 6.650951522120716497e+00 7.726822213685355045e+00 8.707890148801261887e+00 9.749674081526245928e+00 1.061378620492624947e+01
-1.047903074933729783e+01 -9.479162691669037244e+00 -8.480545772747566602e+00 -7.481467022137247014e+00 -6.481650559739636108e+00 -5.481807640330375264e+00 -4.479142545299106715e+00 -3.481011478738375686e+00 -2.480839243666697058e+00 -1.481325662271556709e+00 -4.810710461302374341e-01 5.181533856825257800e-01 1.519601666791864147e+00 2.520078384740770616e+00 3.519320988519609728e+00 4.517463193698350921e+00 5.517961525781576171e+00 6.519377337260666039e+00 7.520108648999162426e+00 8.518912428481996812e+00 9.519293756647527971e+00 1.051861136542123987e+01
-1.048068029060964079e+01 -9.479812804609551335e+00 -8.479961860924964512e+00 -7.481878835707933106e+00 -6.480826858431102622e+00 -5.481092225760237469e+00 -4.479733381420382798e+00 -3.480090100318207647e+00 -2.482377287000408828e+00 -1.480475757271049631e+00 -4.797793589532464154e-01 5.178680829703719013e-01 1.520004000514733278e+00 2.519356187432990168e+00 3.518713016062964272e+00 4.517832722514860677e+00 5.521265011280766188e+00 6.519357871264208626e+00 7.518668469041575264e+00 8.518591355532400655e+00 9.518386099487528895e+00 1.051849421486257619e+01
-1.048173989694226549e+01 -9.477733362127422012e+00 -8.476499009538775553e+00 -7.481486308981086353e+00 -6.479815382171754123e+00 -5.479921955276612522e+00 -4.483508605171326877e+00 -3.484161261130472198e+00 -2.479650769044043912e+00 -1.476862493563782408e+00 -4.844658557664285325e-01 5.195839818228353835e-01 1.516131397675385628e+00 2.520251613448962758e+00 3.518636580895293520e+00 4.519453566860066829e+00 5.513818782161580501e+00 6.520574923943387446e+00 7.519266691397534785e+00 8.518919315527778480e+00 9.522808697413310597e+00 1.051822761852632837e+01
-1.048077836531122387e+01 -9.481176576492437391e+00 -8.479850544509545784e+00 -7.482161207971250505e+00 -6.481411366638791804e+00 -5.480692564425131863e+00 -4.481721437451502865e+00 -3.480739301917223472e+00 -2.480041979727396040e+00 -1.480479008433478683e+00 -4.806734536859025297e-01 5.201099972156058016e-01 1.519467310133316928e+00 2.518533193590977604e+00 3.519116715612744528e+00 4.519102358343936032e+00 5.519126818600035733e+00 6.519988210025168485e+00 7.517815039577820713e+00 8.520356134596200448e+00 9.519067258658745700e+00 1.051887104016814511e+01
-1.049339393594041780e+01 -9.493088044903478462e+00 -8.399207987568583889e+00 -7.493386068127367849e+00 -6.494409122250273114e+00 -5.492584624073717947e+00 -4.494001545689304322e+00 -3.493743934414602847e+00 -2.493751683018411214e+00 -1.493634857914653224e+00 -3.987141034819767782e-01 5.059617378495033790e-01 1.505315742709431248e+00 2.506681881167677872e+00 3.506194315173418730e+00 4.506457648494036405e+00 5.505586228587421971e+00 6.506162605502396445e+00 7.506351909854204862e+00 8.601250014521868437e+00 9.505750737407000273e+00 1.050603135607459748e+01
-4.635963483428552578e+00 -1.739760745849001644e+00 -7.597140888951074089e+00 -8.248845645172044883e+00 -6.707740781745344272e+00 -4.223970217235029523e+00 -4.663638050142505875e+00 1.211020859803140670e+00 -2.442104255650909828e+00 4.275530892066779387e+00 4.308069882285099794e+00 -1.180575269708049602e+00 -2.171994404737140449e+00 1.891694618145253193e+00 2.759055326241566242e-01 2.968723334507815004e+00 1.889448217002323016e+00 4.446147944267412555e+00 4.597536909174940511e+00 6.118631947138506888e+00 4.313691538541482018e+00 7.737160337021245837e+00
-1.047918529165055901e+01 -9.480495833876434020e+00 -8.480704815211600689e+00 -7.480467774989929097e+00 -6.480926164510556475e+00 -5.481080644848656647e+00 -4.480101198973972743e+00 -3.479643502357330220e+00 -2.481290967288321880e+00 -1.481463522734951965e+00 -4.811260039833413771e-01 5.185906802388835501e-01 1.519819608804864330e+00 2.518607235428966362e+00 3.517278580841701086e+00 4.518468848344966204e+00 5.519100396809259124e+00 6.518526776609103734e+00 7.518576591190974767e+00 8.521482913670219261e+00 9.518757170912904186e+00 1.051910518753258117e+01
-1.016766345959323736e+01 -7.923587995583369903e+00 -5.951630159934714115e+00 -6.064606639944461364e+00 -4.533491711602536611e+00 -4.970673096468980035e+00 -5.457318355504244600e+00 -1.469386328903042660e+00 -1.638222070199162550e+00 -7.991685090606763797e-01 -3.274384376591057966e-02 -1.043100822640044001e+00 -1.229683882155771402e+00 2.866011305318717728e+00 3.104503832614700976e+00 5.358663548090555118e+00 5.508600597840302093e+00 6.299173582518227121e+00 6.614632293372872951e+00 4.495986650217600911e+00 8.222056424960753063e+00 9.233476910380913338e+00
-1.048209303482007471e+01 -9.479360340671089347e+00 -8.479786335067306169e+00 -7.480731083588176844e+00 -6.481294883923085948e+00 -5.481411917643123743e+00 -4.480847200886758586e+00 -3.480273461477322527e+00 -2.482106952504654629e+00 -1.481924234466108103e+00 -4.807460145516788685e-01 5.184299065308213272e-01 1.519663059576000563e+00 2.519984939558943537e+00 3.519366414709526936e+00 4.518866808577023164e+00 5.518757746978245393e+00 6.517851711674174098e+00 7.519820453091108803e+00 8.520945967598397175e+00 9.519199462099511067e+00 1.051951725916429758e+01
-1.048386268724099324e+01 -9.482163746248593483e+00 -8.484960545193070303e+00 -7.482172895561589598e+00 -6.483126271854748879e+00 -5.483253050934187911e+00 -4.470197428356534886e+00 -3.468663532625560819e+00 -2.483580995689731452e+00 -1.483527977358210848e+00 -4.811493049968476043e-01 5.164878178726421964e-01 1.533243994821193112e+00 2.518260370601296927e+00 3.514800231565116562e+00 4.517704348672509695e+00 5.515973101962687863e+00 6.514158080924628891e+00 7.514561246741894962e+00 8.530997227538701821e+00 9.515506546605706717e+00 1.051679373871195011e+01
-1.048237526349046078e+01 -9.481976433911091462e+00 -8.482728733935127607e+00 -7.479376166381634050e+00 -6.482848911800157765e+00 -5.474699839272282986e+00 -4.479128389873302751e+00 -3.479581206359663170e+00 -2.477885990657579640e+00 -1.481996207752011685e+00 -4.800411306998988437e-01 5.188140130855760646e-01 1.517160207710483988e+00 2.517467126927588339e+00 3.517073944888327475e+00 4.517657727680422397e+00 5.517337740144943936e+00 6.523957998237824185e+00 7.521417141638025328e+00 8.517582506618708749e+00 9.518842638216227670e+00 1.051715549894354140e+01
-9.679785552294310591e+00 -6.185751015612425796e+00 -8.623405727788354014e+00 -3.427303925494804115e+00 -6.636190942794583769e+00 -6.045080825079335085e+00 -4.750705977152157367e+00 -4.199055922244706807e+00 -3.428252698894534767e+00 -1.239181858691708271e+00 3.596838331338586769e+00 -5.889318645166177202e-01 3.317322418752267077e-01 1.261212283211331719e+00 2.114730586104021537e+00 7.664901176904946212e+00 4.598585740496682561e+00 5.251079742393421235e+00 6.338421483456581740e+00 7.007377540491691370e+00 7.742115409741724186e+00 9.318480044507817084e+00
