7.012017089612349707e+00
4.502602649172088967e+00
4.518630056759572966e+00
1.209034926099220009e+01
6.747173629639432235e+00
4.065829164349588076e+00
7.107831918750309619e+00
5.931272069838431804e+00
3.719762603720898397e+00
7.628007502306905607e+00
1.485276493626057892e+01
9.520710101294406869e+00
6.519725130089653931e+00
6.874955056553982757e+00
1.016467992641403129e+01
7.092200842068818289e+00
6.286574588578855760e+00
8.905829316831306741e+00
5.417781996320126581e+00
3.369273724240648527e+00
6.933686165090573006e+00
7.349800713774441441e+00
4.268462570494262032e+00
6.453910433052207907e+00
5.804402314689577125e+00
6.764064660631420089e+00
9.831733570435563507e+00
5.005667493396131817e+00
1.072361578403710247e+01
2.756278273217522390e+00
6.342645474317460064e+00
2.959064894328644169e+00
6.759443043623075908e+00
6.203540751126522146e+00
3.804603119006546574e+00
6.858459504623127145e+00
6.505409795320136190e+00
1.377170729260254234e+01
3.676426182158660350e+00
6.780869746723463543e+00
6.541471919647151800e+00
5.771541568238106379e+00
1.477022281175748653e+01
5.565023054711655703e+00
6.929565668143652601e+00
3.281899917109385001e+00
2.789720458948579118e+00
4.943839949180306448e+00
3.640236945012816694e+00
3.416207030026931157e+00
