2.152691696735675286e+00
4.214393986307790385e+00
1.419080823482801179e+00
2.541895259420555497e+00
1.424069512671806592e+00
2.538117282556833665e+00
2.227666021381542460e+00
1.452043390901853526e+00
2.558062276716298378e+00
2.252060530812223682e+00
1.047808190613541690e+00
5.126287452597762417e+00
2.539793958879303926e+00
2.239912288604668067e+00
2.534478612487675253e+00
1.435634048804112606e+00
1.420385473967273215e+00
4.085092716143642555e+00
2.496148603088568230e+00
1.412672787305353062e+00
1.537026597410974249e+00
2.538018290242586072e+00
2.344797221842604973e+00
1.657821231651865235e+00
2.492784612146887735e+00
1.422048896495368142e+00
2.239332589784460037e+00
2.240033659058675131e+00
2.771996233936659060e+00
8.883827955422754385e+00
2.655845461757639914e+00
3.021064853076741219e+00
3.114948896999080841e+00
2.482041732736826489e+00
1.544622156669095414e+00
1.039137709227588857e+00
1.759873151891680143e+00
2.326732394951329663e+00
8.779499504455058556e+00
2.786993675877445842e+00
2.981663321027592684e+00
2.137039332722662444e+00
2.246772944371411729e+00
1.037734410906058224e+00
2.423285612568260472e+00
1.452458732504005479e+00
1.419307739580829120e+00
2.242876193081019487e+00
2.423330538041656990e+00
3.035858193173992081e+00
