8.311732660136452733e-01
1.066829098051470526e+00
1.470929763505589349e+00
2.301464669763152671e+00
2.992182084600527148e+00
2.337447088401106932e+00
3.461145044145525596e+00
2.279597804657979676e+00
1.241784063851201880e+00
4.205025364841411317e+00
2.146081559413921536e+00
2.361640399138623447e+00
9.226835367943063693e-01
2.638918949888941157e+00
1.634887673473092828e+00
5.283925632299153463e-01
1.703538643992823953e+00
8.896392035090938677e-01
1.973989237078187076e+00
8.169317159725314470e-01
2.340209972426627427e+00
5.364844111444139196e-01
1.706958550284833454e+00
1.764551471842412678e+00
2.537619433083518672e+00
3.598092797254002773e-01
1.123972016050063250e+00
1.785570643364617016e+00
1.842716060649897347e+00
1.900202144947641836e+00
5.830599509124273494e-01
1.889634790099847583e+00
6.812075312987041498e-01
7.054799218016789553e-01
1.366484848455308931e+00
1.982321958661885208e+00
5.172735803443274660e-01
1.767361274686146011e+00
1.487466594573100709e+00
2.523080771958378321e+00
1.711081043590179540e+00
1.292394589448485398e+00
1.416826215128910826e+00
6.368197206207736327e-01
1.133541938019959172e+00
2.056938558028181596e+00
3.558267945380209629e-01
1.402322540501882431e+00
1.648685299857550302e+00
7.292686963691142887e-01
