8.810750546729344546e-01
1.439294495608176128e+00
1.734277155754831989e+00
4.923426878207106228e+00
2.063815173134634140e+00
9.068384394791578762e-01
3.742416730523393520e-01
2.274896744087437916e+00
1.722512051888782869e+00
2.042314962331174488e+00
1.379167111939946677e+00
1.623271448847120491e+00
1.907943369536823641e-01
1.335663429860149076e+00
2.129247315566253462e+00
2.094731609686566909e+00
2.356074106178267069e+00
3.325630259009671352e+00
1.463821003305103563e+00
1.082680844849205126e+00
1.450949855436139968e+00
1.158924470276083918e+00
2.261597323240984725e+00
1.827928057157939934e+00
9.069957004277523493e-01
1.552999073342723024e+00
2.554113058810058234e+00
1.917010601929560742e+00
2.625359366114979665e+00
2.602763034871648617e+00
2.430121108896653226e+00
2.557359871927666450e+00
1.461223104578418086e+00
1.123331220086540627e+00
1.460852429991925883e+00
1.612624764872758742e+00
2.903590401507397445e+00
1.025318292950285315e+00
2.333299261080846954e+00
8.341698921629006058e-01
1.005548064841146561e+00
1.079462235088495259e+00
2.004553745773224538e+00
1.309641556009166541e+00
9.803474180521027925e-01
1.521713488506180489e+00
5.650264384282103203e-01
1.355234804169558993e+00
1.412076877217980142e+00
3.357369965828569391e+00
