-5.304025013336460148e+00 -1.021308889652399543e+01 -3.512572074028291969e+00 -8.798372106540609749e+00 -7.246439787218239559e+00 -1.046758481936832741e+00 -5.622846258650840312e+00 -4.233738244874878376e+00 2.016180910475827481e+00 -2.384257570814094951e+00 4.623812578060370271e+00 -1.366846269987620044e+00 -3.720122582012977963e-01 7.801288617370961687e-01 2.703090887775563722e+00 2.767457653749755053e+00 3.904409515209359416e+00 4.692090360628076162e+00 6.029663611155527292e+00 6.490377730583161586e+00 7.742253023033403458e+00 8.687526127648142804e+00
-1.048347041078595510e+01 -9.484792903743016979e+00 -8.484186664901008257e+00 -7.485422164879086182e+00 -6.484841332516896983e+00 -5.485364288769002172e+00 -4.482856319031942149e+00 -3.484797590158215996e+00 -2.485484690151428921e+00 -1.484731913290247007e+00 -4.855383492329021777e-01 5.145843767306885752e-01 1.515840231694948415e+00 2.515148884870773927e+00 3.514979063787231794e+00 4.515051163055664674e+00 5.515139236368902687e+00 6.515346146442659858e+00 7.514679900624523512e+00 8.515498011626963404e+00 9.516556001522307184e+00 1.051469790867782095e+01
-9.293618933605818810e+00 -8.502980152878171438e+00 -7.519416054744033850e+00 -6.410365237013017747e+00 -5.354959388356394179e+00 -4.448062216581141648e+00 -7.219595329378480031e+00 -2.409765909269074413e+00 -4.898116260332992411e+00 -4.917657485923340177e-01 5.375464977771313713e-01 1.569482653676689488e+00 -1.274219962835901887e+00 1.508043579485851771e+00 3.606990433529948081e+00 5.149454193549438230e+00 5.468823718210489737e+00 6.455040787189885165e+00 6.333725429824433206e+00 8.156673599956683063e+00 9.740534352336302604e+00 9.632584245993617955e+00
-1.310319061300747201e+01 -7.349742569230601319e+00 -6.144805281284893006e+00 -5.154018730644645885e+00 -4.978435143280297126e+00 -4.185534454513723190e+00 -2.557826760799352783e+00 -3.412371182715142393e+00 -3.922854515035580469e+00 -2.713245387682289067e+00 -1.802725616347808923e+00 1.820744040885762027e+00 1.650773645788863542e+00 3.817077747557415357e+00 2.573077629880015316e+00 3.959718149459752645e+00 5.099046541427754597e+00 6.472487023370939951e+00 6.182260681911542655e+00 6.228525609285747500e+00 8.242183822016876604e+00 9.614889660900244550e+00
-1.048432224447077488e+01 -9.484446639364412235e+00 -8.484795013611966752e+00 -7.484686577861980439e+00 -6.484954351728612565e+00 -5.483809152787396002e+00 -4.483479419892477225e+00 -3.485225932841954588e+00 -2.483656259422931001e+00 -1.485109092837030076e+00 -4.842671921307406535e-01 5.158064568584581622e-01 1.515088653022589327e+00 2.514976939017117274e+00 3.514781115407291878e+00 4.514747908169571389e+00 5.515094255859199990e+00 6.515224298292935146e+00 7.514839811081236221e+00 8.514817749912083400e+00 9.514519152993500484e+00 1.051488983427935686e+01
-1.048468664220791169e+01 -9.484686642207877938e+00 -8.484529904343864004e+00 -7.484700090505874925e+00 -6.484863470562482135e+00 -5.484622742303386644e+00 -4.484581417658105806e+00 -3.484690024771477823e+00 -2.484595312990931504e+00 -1.484597913243554501e+00 -4.848529279909410405e-01 5.155076465823356102e-01 1.515015282414172049e+00 2.515372019938437731e+00 3.515189126811236520e+00 4.515281521461217196e+00 5.515239574692456515e+00 6.514962942085475106e+00 7.515271709046574600e+00 8.515323144129720134e+00 9.515188925645562179e+00 1.051508949392219883e+01
-1.048523120920761187e+01 -9.483265686441535891e+00 -8.483505013991475607e+00 -7.484823155809529283e+00 -6.483820292760002602e+00 -5.485405061055296017e+00 -4.483702946115613486e+00 -3.485410157252442076e+00 -2.484996337104904640e+00 -1.485148403454903843e+00 -4.850012917410140290e-01 5.167566354979236110e-01 1.514568191360350369e+00 2.515288096259945760e+00 3.515602778982035659e+00 4.514866721223707913e+00 5.514684241603729831e+00 6.515070330690262423e+00 7.514990453015684579e+00 8.514756676148294900e+00 9.514712971042511569e+00 1.051504675705325020e+01
-6.303131226297116640e+00 -1.010197303730938501e+01 -3.882714017811064178e+00 -8.137184219673184060e+00 -7.239388810212100900e+00 -6.246807431927564380e+00 -5.214506024554073527e+00 -4.086071676737923042e+00 -3.759122588001287291e+00 2.554441513906044126e+00 -1.307313867617845293e+00 -2.870698810968765891e-01 5.508373916221298572e-01 6.912905689117527785e+00 2.933675079237394900e+00 3.148857068260593195e+00 4.711174657678286692e+00 5.452387547707190585e+00 6.088593167479323220e+00 7.127094858077281714e+00 8.244027014404155196e+00 9.177323091691615531e+00
-7.887355004318457929e+00 -4.767079639621853993e+00 2.330987009682685684e-01 -6.704034064659679437e+00 -5.563482729034334717e+00 -2.950419785913634740e+00 -3.998392377637622008e+00 -6.299597719621443659e-01 3.067422646510677531e+00 -3.756466718549678063e+00 5.939012424023852876e-01 1.457361689036311470e+00 7.777543695542715518e+00 -1.025479254692490461e+00 2.915170378173316257e-01 2.357482965166262545e+00 5.210956889524036129e+00 6.208852855028291984e+00 1.914238692204433878e+00 1.801177340388312897e+00 2.741135381595646514e+00 3.964014508148332894e+00
-5.111907882636900879e+00 -4.485673395738768221e+00 -9.003082399327469787e+00 -2.967352572314186698e+00 -7.099785650911793589e+00 -1.201021388915617383e+00 -4.924748467986081124e+00 -2.936745180397253741e+00 8.509004430046287482e-01 2.330487788233706059e+00 6.934939265862524183e-01 3.306003900146876617e+00 3.389899075624000169e+00 8.283164286161365908e+00 1.509400524742583016e+00 9.037705059218259507e-01 2.039122547628160920e+00 2.261640279505776618e+00 1.352153864256653293e-01 4.742121348508730350e+00 5.796621083081446635e+00 1.824510140600152930e+00
-9.795814708304313001e+00 -5.185714912812144917e+00 -4.185714912812135147e+00 -1.077031300447060858e+01 -5.906279306628357872e+00 -1.421889988871428923e+00 -3.886371347501100804e+00 -5.859867204331982826e+00 1.009945017318700788e+00 -1.645425465574840818e+00 -6.824304459421850488e-01 4.065680905957424152e+00 -5.534448667158397006e-01 2.003223719933807878e+00 1.510061021900581224e+00 3.062477383613400495e+00 3.384772976239020181e+00 4.644046788154184924e+00 5.801058033459845831e+00 8.652980943126372892e+00 7.260086432892198793e+00 8.834967239312533138e+00
-1.048519575866792053e+01 -9.483691099015153725e+00 -8.484690221873201210e+00 -7.484690482643543419e+00 -6.484672981229696376e+00 -5.483745741573265775e+00 -4.484230781820699008e+00 -3.484204131093910917e+00 -2.485082822767168409e+00 -1.485179166224874336e+00 -4.842539456757748439e-01 5.147703709927338167e-01 1.515381236645300334e+00 2.516146262260987143e+00 3.515129533680989127e+00 4.514695090326386051e+00 5.514892486008717398e+00 6.515162249180391996e+00 7.515035321089346354e+00 8.514949818226408951e+00 9.514647086235592965e+00 1.051486197588117655e+01
-1.048544250496415486e+01 -9.479749531231140836e+00 -8.486710847101427646e+00 -7.486847982487915942e+00 -6.486309171400275631e+00 -5.485583872280336948e+00 -4.478808060965761229e+00 -3.486339897594689319e+00 -2.485880152068355997e+00 -1.478873372755277416e+00 -4.867284155704894033e-01 5.137765996835312876e-01 1.513146638192898408e+00 2.517707198180916706e+00 3.513743519105677393e+00 4.516375272788771156e+00 5.515156745233303681e+00 6.516093387522465363e+00 7.513723372735748640e+00 8.514177530326609400e+00 9.515938013114697114e+00 1.051346982947803355e+01
-6.590068406449583804e+00 -5.590068406449525185e+00 -4.590068406449526961e+00 -4.776144198328839963e+00 -3.539535103269082494e+00 -9.349453498918537164e+00 -7.458640059236611997e-01 -3.117872097539118315e-01 -6.822755952777475486e+00 1.335782477926036993e+00 1.768164015188680160e+00 -2.724731439062768157e+00 3.766921343772810182e+00 -1.395422494544224179e+00 2.475857967734124809e+00 5.592085309870760135e-01 4.968825641992443032e+00 5.186672057195551133e+00 7.161088327013128918e+00 4.817815054989818435e+00 7.855873628807233722e+00 6.875724374263359806e+00
-1.048449918492276112e+01 -9.484138763086356505e+00 -8.483998640017075488e+00 -7.483490592376773165e+00 -6.485310709611930235e+00 -5.485175772146744677e+00 -4.485162353651096723e+00 -3.484024419025951502e+00 -2.485413937406098839e+00 -1.485317847268150970e+00 -4.853617162867056578e-01 5.147176100449062375e-01 1.515392595394084552e+00 2.515955278141921880e+00 3.516180792315433123e+00 4.514958539469668963e+00 5.515272007747126892e+00 6.515057825906701794e+00 7.515120120211076227e+00 8.515224905176589587e+00 9.514896394176915351e+00 1.051515216515822360e+01
-5.170323759932538010e+00 -1.036511587375076004e+01 -4.661130626768358098e+00 -9.437057524211233783e+00 -5.744899778655861766e+00 -5.053836389209643620e+00 -2.406254260725026128e+00 1.588516454893061258e+00 -4.120196763124872597e+00 5.336880403742172430e-01 -1.882144234346317280e+00 -1.222094538006654130e+00 3.827770918267764610e+00 8.146500609873723597e-01 2.599722480492361321e+00 4.573540093187802746e+00 4.525175826623587305e+00 7.539240014326647810e+00 5.002036447863039470e+00 5.971771675053021866e+00 5.631815122941305596e+00 7.791160911664202438e+00
-7.741700073749703037e+00 -5.834344280305035824e+00 -5.741700073749685274e+00 -9.810852657911535601e+00 -3.407245947009599263e+00 -3.194576270680909769e+00 -6.644498262380538200e+00 -9.309806614702225147e-01 -4.817162199062718919e-01 -2.845624817467980350e+00 -1.303226864016076902e+00 -1.571911834510146821e+00 1.069963563818710828e+00 3.403272341926963040e+00 2.457766290138252430e+00 3.516339540587748669e+00 6.476078284368109728e+00 6.146834702996188504e+00 7.099814989850449010e+00 6.973268130750006399e+00 5.328708530495383400e+00 7.372365886169001570e+00
-1.048414386537945830e+01 -9.484920014711951453e+00 -8.484156099232766479e+00 -7.485032853755109628e+00 -6.484799777242269414e+00 -5.484932211312399275e+00 -4.484869328412147027e+00 -3.484997478398422999e+00 -2.484736797484481841e+00 -1.484671470793808012e+00 -4.842098626223592106e-01 5.152316716584177669e-01 1.515251348641781348e+00 2.515873986211678570e+00 3.515301900831124371e+00 4.515332306650542193e+00 5.515203791585825854e+00 6.514952110973261767e+00 7.514895888892077380e+00 8.515243175354862970e+00 9.514757114377879077e+00 1.051546076211061198e+01
-1.048438520729536805e+01 -9.484740089625111281e+00 -8.484486248344170534e+00 -7.484621632844218553e+00 -6.484574515372498738e+00 -5.484605748206378806e+00 -4.484617702662939465e+00 -3.484462741762399673e+00 -2.484912775456873391e+00 -1.484619509428723561e+00 -4.847315363585860126e-01 5.152670778334247359e-01 1.515338320285096074e+00 2.515149001032121134e+00 3.515260279178626490e+00 4.515419531613597215e+00 5.515113215893517662e+00 6.515118315815932704e+00 7.514981236308830859e+00 8.515067227184779597e+00 9.515140201896436167e+00 1.051493759825826224e+01
-5.415657968311132109e+00 -2.086142162956632795e+00 -3.415657968311070825e+00 -6.197011884458762943e+00 -2.286203876372264521e+00 8.213957721823801350e-01 -4.881890830333900588e+00 -1.081153533297694924e+00 9.453980950410152406e-01 3.138523804328258393e+00 -3.172532345355601802e+00 -6.435840638176214767e+00 2.682201450696944267e+00 -1.676500560748083846e+00 2.746675794136635318e+00 5.921028600167192124e+00 5.605561231714162318e-01 -2.291420833326789364e-01 3.176303241455073145e+00 7.500235396192158177e+00 6.951888742010354783e+00 2.769561130215721256e+00
-4.352405016183298336e+00 -3.352405016183334752e+00 -7.653361321375566462e+00 -6.653361321375581561e+00 -5.653361321375556692e+00 -7.041103800310966498e+00 -6.530595179323972488e+00 -3.165453139154795537e+00 -2.913023266143615508e+00 -2.746540990731811238e+00 -2.537542005429250791e-01 5.549815299765042953e-01 1.842725555319460140e+00 -4.164913065265774539e-01 5.388768956403409582e+00 5.509822274605959080e+00 5.916248007796421682e+00 7.022278782010730858e+00 2.683816745977103402e+00 8.651796956563387653e+00 8.868571933839813681e+00 4.628879434678325744e+00
-1.048445585810318903e+01 -9.484294791451892692e+00 -8.484938991002049846e+00 -7.484830517999153443e+00 -6.484905567697483164e+00 -5.483968478373494548e+00 -4.484236237338993902e+00 -3.484587830237373396e+00 -2.484205794266658884e+00 -1.483947385779817552e+00 -4.843280731954315854e-01 5.153153867206814454e-01 1.515062201090842109e+00 2.515289950438519995e+00 3.514662656255751472e+00 4.514597366817975299e+00 5.515488970347430353e+00 6.515148314901379578e+00 7.514939370819121223e+00 8.514900925823239319e+00 9.514529939063580244e+00 1.051479874111035251e+01
-1.048586589775305100e+01 -9.485865897753013698e+00 -8.485865897753020803e+00 -7.480916417457862622e+00 -6.485923848368894795e+00 -5.486049360849634127e+00 -4.480931408026002316e+00 -3.485931880094803148e+00 -2.481102324344888643e+00 -1.485890007831837778e+00 -4.810469814322271276e-01 5.140214941718284081e-01 1.513981946490019936e+00 2.513746791265221603e+00 3.513983898542134554e+00 4.513972707770079751e+00 5.514025711200446267e+00 6.518307604572981973e+00 7.514523648402905209e+00 8.514531084082337387e+00 9.515452646396369119e+00 1.051487668671390630e+01
-1.113953993573466228e+01 -1.013953993573464096e+01 -4.697066931035613457e+00 -8.666783447373955340e+00 -2.542017972853571450e+00 -1.545203586120243555e+00 -4.889209664229757557e+00 9.545030026118175304e-01 -3.009795514377494374e+00 2.613336563256194012e+00 -1.738649315067418488e+00 -9.651367654057001477e-01 4.030315817901822251e-01 1.258365541298198220e+00 3.143871950130847637e+00 3.575368714093591027e+00 3.896319216997960133e+00 5.564122619406266956e+00 6.320489052870247093e+00 6.113465069340634273e+00 7.560263285426931823e+00 8.265840768653305304e+00
-3.255237344653457043e+00 -2.255237344653396647e+00 -3.729268032579080128e+00 -6.594858092608810729e+00 -4.047212921907600069e+00 -6.781903816563898957e+00 -5.731142596908411768e+00 9.338022672913672828e-01 1.538167606707884216e+00 -4.863450751037349917e+00 -3.593806238824852173e+00 4.260048287817746804e+00 1.046492370678352435e+00 1.119546516686076743e+00 2.511987714244432457e+00 2.291334334957609187e+00 4.164407986298700237e+00 6.598326537022677130e+00 2.685671801911231338e+00 4.154238370299243144e+00 5.516067043779806056e+00 4.368060599984833203e+00
-7.215945375816072094e+00 -5.851605814308840969e+00 -5.215945375816074758e+00 -3.851605814308849851e+00 -8.674970615619775671e+00 -7.174521493737147537e+00 -2.302212457262318601e+00 -1.375739999790571044e+00 1.314970031130662242e-01 6.766053145016258652e-01 -2.477305623387984213e+00 1.292004416427511959e+00 2.373015733537514826e+00 1.035431716929073875e+00 -1.268238875269114274e-01 3.008452401152083233e+00 3.146147293591436522e+00 6.350570418734042377e+00 4.375194396148788911e+00 7.012666925165672360e+00 7.094842566654259386e+00 8.106282569562589302e+00
-6.559288819986091923e+00 -9.743829412512111432e+00 -7.328669931289283568e+00 -7.581782529475479038e+00 -6.398027478789490630e+00 -5.366718351328447767e+00 -1.941643644365492527e+00 -1.114211019634918420e+00 -1.035333455156585813e+00 1.470977125751816050e+00 -2.041237122477626009e+00 -1.160764840465264403e+00 5.001369603598551095e-01 1.418059673407430221e-01 2.672569067773123752e+00 4.203231576091932098e+00 4.089648275650588083e+00 4.478557350174600771e+00 9.387170028387403775e+00 6.752515690350844757e+00 6.956804489829179872e+00 9.954124371713803043e+00
-1.048431227440868696e+01 -9.484312274408615906e+00 -8.484742251140152902e+00 -7.484856416386669764e+00 -6.484785550189295478e+00 -5.484766968441284973e+00 -4.484312922609134944e+00 -3.484191325408513507e+00 -2.484418046576056582e+00 -1.484784641218460877e+00 -4.846863382580739454e-01 5.156696393069744033e-01 1.515162169086650579e+00 2.514913621443223946e+00 3.515074237334445684e+00 4.515025879341079573e+00 5.515222269195033888e+00 6.514907280999137740e+00 7.515143516558126180e+00 8.515160302716203944e+00 9.515031057494585554e+00 1.051489333351226030e+01
-1.048604586381798498e+01 -9.485616144131510552e+00 -8.480296757410860309e+00 -7.485653009604336106e+00 -6.486312847923128899e+00 -5.479666617106298432e+00 -4.486321445893141302e+00 -3.486310597847806392e+00 -2.485938962887617620e+00 -1.486348670314642462e+00 -4.804676737297608469e-01 5.136956010352555779e-01 1.514587375928062585e+00 2.513791102577343395e+00 3.517770055342809954e+00 4.516354623843330529e+00 5.516218471933504119e+00 6.516267213631765642e+00 7.514256465841432586e+00 8.513585630465643206e+00 9.513797614384786883e+00 1.051468873362650136e+01
-1.048355791785496649e+01 -9.484540023586953694e+00 -8.483531341633993250e+00 -7.484567508778798839e+00 -6.485241234979824299e+00 -5.484538987956245393e+00 -4.485308759591777772e+00 -3.485266835174780198e+00 -2.484338060698723538e+00 -1.485212155363761610e+00 -4.851226962425450040e-01 5.161606439135315583e-01 1.515002957799225669e+00 2.514938137748023550e+00 3.515549726106907968e+00 4.514729879119183664e+00 5.515540435232905381e+00 6.514953217723155277e+00 7.514973013915808409e+00 8.515608928420329349e+00 9.514785415746946029e+00 1.051501746407964433e+01
-2.425543518506100060e+00 -1.425543518506054319e+00 -5.222219321451984975e+00 5.744564814939012720e-01 -1.037919065668745411e+01 -4.914529825221704229e+00 -3.905112488578397212e+00 1.368393182022886068e+00 -1.403369747476430840e+00 5.479818893261152457e-01 -2.362922812519895555e+00 8.200207990959169635e-01 5.149805592678529109e+00 4.492892706721516305e-01 3.154180546280318964e+00 5.048293927815242554e+00 8.392907136252341083e-01 9.093652549143644848e-01 2.289846801342099170e+00 4.693621052147775252e+00 1.300934301391012404e-01 6.399827245337503356e+00
-7.017434469871839831e+00 -6.015415309359060103e+00 -5.015415309359061879e+00 -4.015415309359081419e+00 -3.017434469871874470e+00 -8.903017809439003116e+00 -1.534597046767387729e+00 -6.425008492195718901e+00 -4.817545252615697216e+00 -2.250379975106475250e+00 -1.461173599290329195e+00 2.165504317753824903e+00 9.449600114011591501e-01 3.026981329191097636e+00 3.693416507297052842e+00 3.847529587642012583e+00 4.971579054812875320e+00 3.565092752384513730e+00 4.476857051654455688e+00 7.952944165194866244e+00 5.316402240363132137e+00 1.084760432348364745e+01
-1.048490648919884194e+01 -9.484906489198845492e+00 -8.485266046767883097e+00 -7.483901852911177599e+00 -6.485204206948914418e+00 -5.483553508465934812e+00 -4.483855949884091530e+00 -3.485244946723648596e+00 -2.485003249889054189e+00 -1.485044205730613243e+00 -4.840656613761709082e-01 5.150182301347907554e-01 1.515286495739765371e+00 2.515063253993332637e+00 3.514928718859501089e+00 4.515292150730436660e+00 5.515640763396564950e+00 6.514996876770801748e+00 7.514993307942697598e+00 8.514822682196442116e+00 9.515041751617738797e+00 1.051590267365629039e+01
-6.335988470956218421e+00 -5.335988470956267271e+00 -4.335988470956272600e+00 -8.722756560178279273e+00 -1.041052796729067964e+01 -2.333155219441635175e+00 -4.908467891069808076e+00 -3.827926816774248842e+00 3.207323315388725948e-01 -1.969533665028601721e+00 -3.939227576328611757e+00 1.335044268930344336e-01 3.551769777377156601e+00 4.606619647426577480e-01 1.692991117041508398e+00 3.955196065706003239e+00 4.573951888529306231e+00 6.414108915855892157e+00 5.774714705289284211e+00 7.522179317924690523e+00 8.734812769824928935e+00 9.320972126200381069e+00
-4.573485713787548868e+00 -3.573485713787539542e+00 -5.190419704526579636e+00 -4.222764381550264901e+00 -8.809000709196000756e+00 2.399284693099250076e-01 -9.693710554490800879e-01 -5.558281783554240851e-01 -2.982981210982365572e-01 5.701421266903424545e+00 4.466131739682769886e-01 1.174571299876940866e+00 -1.760041784635795636e+00 2.406771976433160543e+00 1.134763486484972606e-01 1.512799157748590639e+00 1.475884527128969559e+00 2.429627767146589790e+00 2.529136192172761533e+00 8.589724353097354381e+00 3.031059548733974651e+00 6.377155791611202051e-01
-8.074814919137224933e+00 -8.289387314434906173e+00 -6.109694871276839301e+00 -5.110374333907008904e+00 -4.864321374667394338e+00 -3.426856221549592796e+00 -8.256611686177718568e+00 -1.788015446945424358e+00 -5.103824278961530680e-01 1.162100471570196303e-01 -3.943793719386924135e+00 -2.316056655890695204e+00 2.333243568812616076e+00 3.600278832980323251e+00 1.163779820130623532e+00 1.384524538065932342e+00 5.833975002498196893e+00 4.933933089219774359e+00 6.840908315993735833e+00 8.685280610890265152e+00 8.651663368092473050e+00 9.482546075372036753e+00
-5.526585370774402151e+00 -5.348513047456098235e+00 -4.348513047456099123e+00 -7.052621556150373117e+00 -7.402982778730722302e+00 -4.990349559388599587e+00 -3.593834666458037397e+00 -2.265102833374382563e+00 -1.761794815150846016e+00 -8.418601485899408488e-01 1.187405159405126587e-01 5.882806799819222832e+00 -2.985399428631698271e+00 -1.474651531918917735e+00 1.668888644029179025e+00 1.476176655379362046e-01 5.699805314500170361e+00 2.054200843116699371e+00 6.602003679564118599e+00 8.043606980319104593e+00 9.124650001841880353e+00 8.585922637354403975e+00
-1.048539593544869319e+01 -9.484643128785203103e+00 -8.483941947194660216e+00 -7.485436980697254938e+00 -6.484611687335087638e+00 -5.483227771791550964e+00 -4.485378963026125376e+00 -3.484064919027421325e+00 -2.485226956280774502e+00 -1.485296932133746139e+00 -4.834182682362389016e-01 5.151507732543141316e-01 1.516063976016919668e+00 2.514755616811193306e+00 3.515076841143049080e+00 4.514811525967994399e+00 5.515977377918639846e+00 6.514849337664525564e+00 7.515134873715322072e+00 8.514844837513834364e+00 9.515225860205568154e+00 1.051478676768866904e+01
-1.270147085538314968e+01 -7.949123200058528127e+00 -7.103249762204693951e+00 -5.942825581150802172e+00 -5.074205510422711285e+00 -3.654602845389839594e+00 -3.127415398494876708e+00 -2.643341970018571629e+00 -1.719444507446299397e+00 -2.826096004046093846e+00 4.780888063113406528e-01 -7.610466366095303137e-05 2.487281986610651030e-01 1.009771400405852448e+00 3.988268797578041092e+00 4.508766713102025037e+00 5.723403570279663732e+00 6.159368675033585205e+00 6.674026495569714612e+00 7.143350116338599065e+00 8.243167869744398857e+00 8.900945394198053862e+00
-1.346962992292475825e+01 -7.893907418578777424e+00 -6.864604682613016706e+00 -3.501807472423445589e+00 -4.898769214894292290e+00 -1.977089037907158620e+00 -2.870613468811802349e+00 -4.717410322500148467e-02 -5.032089085200038170e+00 -3.695811236449624282e-01 4.098898090769591551e-01 6.446103847770350281e-01 1.661739633763787527e+00 7.299124545462297720e-01 1.360215141353992463e+00 3.307046659518178888e+00 4.267953154071005173e+00 4.060168172686130283e+00 5.668104969856914366e+00 8.590488126997344764e+00 6.863818932460953981e+00 9.697352389057844135e+00
-4.481367811897653652e+00 -5.395268131944542134e+00 -2.481367811897691844e+00 -3.395268131944574996e+00 -2.395268131944536361e+00 -8.312803618024428687e+00 8.116749993808864971e-01 -8.906760081540852525e+00 -6.152997382531856019e+00 1.140630567240777493e+00 -1.940049168330518214e-01 1.894778799510600686e+00 -1.555305209632219743e+00 9.526603628158929471e-01 4.702070951581731606e-01 4.687388251627003122e+00 2.708847055151565097e+00 6.543397387461300063e+00 5.104175375331132081e+00 7.064470666561504686e+00 5.519218118999384970e+00 6.708996846896295274e+00
-7.931200689712471608e+00 -1.345744105597568030e+01 -6.019934323208652849e+00 -4.147289472306562530e+00 -3.926495596071477578e+00 -2.888270327211105659e+00 -1.402393777185389379e+00 -1.422499050118239072e+00 -4.911887694263459281e+00 8.374854142876030361e-01 8.581210325350777657e-01 -2.271035548173764962e+00 2.365879981067943838e+00 -3.700606964357422424e-01 1.904989799713054488e+00 3.622204788896193239e+00 4.812846919567739690e+00 4.905117619635992909e+00 5.830058751916412874e+00 7.112049578184596044e+00 9.279416576942436379e+00 7.556372065858603548e+00
-6.411040656768973278e+00 -5.735669570481652713e+00 -4.735669570481656265e+00 -3.735669570481683355e+00 -2.735669570481662483e+00 -1.162775312085338797e+01 -2.124145584494838701e+00 -1.140018130883205583e+00 4.012221426544813618e-01 8.000812568693116411e-01 2.017461516080216288e+00 3.143147346160576561e+00 -3.366548252682004527e-01 5.822190152829030962e-01 3.773281365957813716e+00 3.352828951568692872e+00 6.281157271860070779e+00 4.808570684846990240e+00 1.404478207424575409e+00 -5.549767277446213676e-01 5.803444547470569148e+00 7.105409319706793347e+00
-6.301523813263417040e+00 -5.301523813263465001e+00 -8.054915009992587471e+00 -3.668086318706880178e+00 -2.561985953449916309e+00 -9.583281174425581028e+00 -3.747025689250278013e+00 -3.117749754537884055e-01 -3.674196866951534357e+00 -3.219813354680280071e+00 -2.321843234219216789e+00 1.710874689819682715e+00 3.410349916590810881e+00 1.188082846002395332e+00 5.869922525966316584e+00 2.836852177616339787e+00 3.511282990988804364e+00 4.486094928993711761e+00 5.429068306642401254e+00 4.238923449427195678e+00 6.496341606452411099e+00 9.904211063099994661e+00
-1.219784901947838485e+01 -5.229604869258912103e+00 -2.814337151433900175e+00 -4.513896154521487070e+00 -5.200125566296124546e+00 -7.186138163676650592e+00 -1.238642117655186503e+00 -5.214588300904612339e+00 6.194310758888603718e-01 5.470366143357704436e-01 -2.867909951529094226e+00 1.638610567247742678e+00 4.306626493709825310e-01 6.378485152685908766e-02 4.593238833635892249e+00 4.146741279056626261e+00 4.589462266941512603e+00 5.592448178764422018e+00 5.370676069493314664e+00 5.207466491784048301e+00 7.957671443504491293e+00 6.041895271146946023e+00
-1.048496592739090971e+01 -9.484156108884649328e+00 -8.484496816484762505e+00 -7.484652578322739558e+00 -6.484715017913414314e+00 -5.484613403169960932e+00 -4.484436287967996648e+00 -3.484702281145896308e+00 -2.484745673327271476e+00 -1.484895370392644409e+00 -4.843025798486095823e-01 5.150527772916895231e-01 1.515120212496670504e+00 2.515413608909996768e+00 3.515626047314560410e+00 4.515186042101541730e+00 5.515032515437761518e+00 6.515067216516886361e+00 7.515004475177684995e+00 8.515019111843265875e+00 9.515223779292258044e+00 1.051497055640951395e+01
-4.000609675018607092e+00 -7.264011180364450482e+00 -6.264011180364448705e+00 -6.883667139104241883e+00 -6.931681763872798996e-01 1.472838683581967345e-01 -8.035579686781478159e+00 -2.587082671093533737e+00 -5.496514880846591566e+00 -1.603758506895347491e-01 1.166195953967495980e+00 -1.261678420602829975e+00 5.501624140143546171e-02 -3.788775293067896399e-01 2.933925412852276260e+00 1.788176967662990835e+00 4.451748279143959763e+00 6.148194489625525172e+00 7.286720123661550197e+00 6.647771524905746077e+00 6.309737099909667357e+00 6.426840727014051957e+00
-6.612791210658588881e+00 -9.645956152677037210e+00 -5.780042740824593572e+00 -2.161873843034282761e+00 -1.622112354537176504e+00 -4.570577160320855370e+00 -3.629593259558093532e+00 1.213844446827243129e+00 -5.516395969779068764e-01 1.428361620170828017e+00 1.240223555267430555e+00 3.867373262217216556e+00 4.107642600336051331e+00 4.697970207476588556e+00 9.649430097182590815e-01 4.147771812582722539e+00 -4.989741980242845543e-02 1.895358364001787699e+00 1.932387357738052813e+00 3.050127169541652083e+00 6.064695570924633294e+00 3.498190595316050810e-01
-1.048504264551122844e+01 -9.485042645511278181e+00 -8.485042645511288839e+00 -7.484751372513455792e+00 -6.484831116077559798e+00 -5.484185202893874234e+00 -4.484863667664184206e+00 -3.484182639894152445e+00 -2.484389438209186451e+00 -1.484827144918101638e+00 -4.843362038108303125e-01 5.150956521657494847e-01 1.515923217954975755e+00 2.515071288767192215e+00 3.515024312856533939e+00 4.515674823048449582e+00 5.514971346679072184e+00 6.515127942982058329e+00 7.514847622337676114e+00 8.515148297968242019e+00 9.515534886243678159e+00 1.051510962945494931e+01
-6.681703821403614185e+00 -7.998035968353246261e+00 -6.192469107278859575e+00 -8.807321732563742955e+00 -2.426716992395314243e+00 -3.663243374091781135e+00 -6.895451558964253991e-01 -2.326754436824639782e+00 -4.453862805656475743e+00 4.011078412601092325e-01 -2.423440877001025839e+00 -2.579915676203754060e+00 2.465700025737225243e-01 4.043213690772890168e+00 2.096713919100205992e+00 6.273020238012194660e+00 4.455441631899399013e+00 5.581487143450815758e+00 5.840392398512089578e+00 6.476142428609890089e+00 7.009729266602922948e+00 6.155225684817753340e+00
