1.797338989797458808e+01
2.629136278162701501e+01
2.679087725801261044e+01
2.980806159823061563e+01
2.824869953430472691e+01
2.789081737486478829e+01
2.980801561511845321e+01
2.980952739352510505e+01
1.939152061542296579e+01
2.264135844168684741e+01
2.587191627592078547e+01
2.980967221122827482e+01
1.369138663319173155e+01
2.698666504797774479e+01
2.774811181801069182e+01
2.980792764032534947e+01
2.980898688924843043e+01
2.029184686603664289e+01
2.668309439446695919e+01
1.296116532220836781e+01
2.980640390888517643e+01
2.671203317003719491e+01
1.848157163017991067e+01
2.980932210043470221e+01
2.980955390580604458e+01
2.980758211562593374e+01
2.980977139229032602e+01
2.980681755580735270e+01
2.981029638336316978e+01
2.785771081552260853e+01
1.324274862300170241e+01
2.980640195622487454e+01
2.980784495974209136e+01
2.980784430914660277e+01
1.869219367120647135e+01
2.980866592771975832e+01
2.045828496479380121e+01
2.838267622560768899e+01
1.648877839793137312e+01
2.980879876010648388e+01
2.980916978412442475e+01
2.980953488047461875e+01
1.392932125740127169e+01
2.980910064776995938e+01
2.980665363492551734e+01
2.980793513450013776e+01
1.757309823091356549e+01
2.980873730036529068e+01
2.980766523619875485e+01
2.980799031847730873e+01
