2.971233995181024312e+01
2.971420914954454773e+01
2.971463181988431046e+01
2.971427179008578179e+01
2.971384274974100137e+01
2.971396743546447183e+01
2.971238543391028486e+01
2.971191939867501119e+01
2.971424737722056619e+01
2.971167588870437726e+01
2.793906743602976306e+01
2.971369545489835318e+01
2.971328892917633269e+01
2.971256011525992591e+01
2.077511919194079226e+01
1.993610550465085041e+01
2.835430021824329216e+01
2.971340208385327131e+01
2.971235708825300748e+01
2.971382109945681549e+01
2.971534941127402263e+01
2.971463680313429734e+01
1.850022230295300218e+01
2.672807334584133798e+01
2.971248830296011789e+01
2.971421247547493394e+01
2.971458862225766495e+01
2.971304469702510431e+01
1.434534347060888493e+01
2.733028337624974924e+01
2.618325628752553413e+01
2.747965338241643707e+01
2.640513063412582540e+01
2.002270786151971294e+01
2.709106757039837987e+01
2.971279368857964442e+01
2.971387345651926282e+01
2.971451715429214957e+01
2.971463608048528471e+01
2.658510889190501558e+01
2.971433824113757893e+01
2.971339240482582156e+01
2.971451766736275246e+01
2.971314577347016694e+01
2.247774658420565075e+01
2.822711504314130337e+01
2.663139657203207733e+01
2.971422643720265100e+01
2.671598221274473062e+01
2.971216370741013080e+01
