2.979158326284391123e+01
1.593679007998124320e+01
2.979143039820371186e+01
2.979224400821443552e+01
2.705187705855043134e+01
2.979249402545841008e+01
2.979283652037883101e+01
2.979075873079239045e+01
2.979176129971205000e+01
2.702925408163850207e+01
2.979172510974991894e+01
2.979179869835401462e+01
2.817677437798892015e+01
2.979138348268663350e+01
2.712599878027746314e+01
2.284622096510719302e+01
2.979295361522596153e+01
2.702588540033282172e+01
2.979387058044992997e+01
2.735735462765127934e+01
1.155342495201697162e+01
2.979380012170343406e+01
2.979044043658619856e+01
2.979277589529170100e+01
1.619719881373148596e+01
2.979157913977271477e+01
2.979089427266321266e+01
2.731638219127434652e+01
2.979197392141383105e+01
2.979198028264716314e+01
2.715810538251707840e+01
2.979243814341605656e+01
2.145867715342977888e+01
2.979188324302027269e+01
1.603115380549547808e+01
2.767189259805159551e+01
2.787904071221343116e+01
2.851961157269294489e+01
2.979181150507082521e+01
2.667893823421544397e+01
2.979212929305506918e+01
1.436901282104602906e+01
1.773099439230574248e+01
2.979146497427217710e+01
2.979196885692505603e+01
2.979319445183216430e+01
2.075110737333920241e+01
2.979221675004566450e+01
1.468332385547825503e+01
2.979224546950376862e+01
