-2.332228349283788749e+00 -1.440062440522480225e+00 -5.488616317240934128e-01 -2.823855536140041367e-01 -9.373962666222097895e-02 -6.206891641900751794e-02 -1.857143495919769460e+00 -1.167599700660465034e+00 -1.675997006604720285e-01 1.142856504080230096e+00 2.142856504080225655e+00 1.482251408473072019e+00 5.493005981630491696e+00 -2.262448176366961494e+00
-6.577815710080869849e-02 -5.754711010558412332e-02 7.728727489444336962e-02 -9.589083678979118397e-02 -5.489566780806032220e-03 4.951992542378692852e-03 -2.006744984336368276e+00 -1.006744984336365611e+00 -2.171211757052671665e+00 9.932550156636290595e-01 2.176634352951085649e+00 6.454090311705544813e-01 1.645409031170548708e+00 -8.670649545948749815e-02
-2.214384799503055501e-01 -1.538237916759096768e-01 -3.938353524936445693e-02 -2.926451740823328776e-02 -2.492037109369120429e-02 2.088932694053109718e-02 -2.458055404169207314e+00 -1.458055404169193769e+00 5.179560560033994454e-01 5.419445958307967937e-01 1.541944595830794018e+00 2.541944595830789577e+00 -4.862044947211264789e-01 -2.467003655685225672e-01
-5.119716031605429929e-03 -3.680142719573713250e-02 4.496128352855859739e-02 1.074453773959785363e-02 -2.877889328740169950e-02 1.216406888347427301e-02 -2.459625992627892721e+00 -1.459625992627871627e+00 -1.708079760158171201e+00 -7.080797601581662049e-01 1.540374007372125043e+00 2.415440341477461228e+00 2.416854182339462032e+00 1.240592717692426405e-02
-1.644034632810238650e+00 -8.950061201468786365e-01 -7.024857605624207357e-01 -7.783265961065641281e-02 -1.117771032489976446e-01 6.486324251831390719e-02 -1.292084252421534574e+00 -2.920842524215374048e-01 -1.534494819224891282e+00 1.707915747578465648e+00 4.655051807751024451e-01 1.409593726217325260e+00 4.763826831094351455e+00 -1.815072321305648773e+00
-4.851911201207697588e-01 -3.440410232378285360e-01 -9.186774922536446175e-02 -1.566322829736540856e-01 2.559779683501739456e-03 6.521615054226426178e-02 -2.006378799564273674e+00 -1.006378799564272786e+00 -2.320392789341571005e-01 9.936212004357289906e-01 1.767960721065846563e+00 2.993621200435727214e+00 -9.081176228272880291e-01 -5.454995692847033339e-01
-1.136401224150366707e+00 -1.973151050428990361e-01 -2.007732646084319783e-01 -3.220931314678515678e-01 2.799061647551815551e-02 -5.789676602279691942e-02 -2.010226525487028848e+00 -1.010226525487021298e+00 -1.236634079447506140e+00 -2.366340794474980636e-01 1.989773474512975149e+00 1.654656726432778946e+00 4.098483217378229959e+00 -1.315870527207343654e+00
1.397034010488347744e-01 -2.444026430085011192e-03 -3.851668315063855319e-02 -1.133367440237924573e-01 -6.848124395026522482e-02 -3.270282658305090351e-03 -2.797944288842745042e+00 1.395757740969993943e-01 -7.979442888427397129e-01 2.020557111572675590e-01 1.202055711157258733e+00 2.202055711157259843e+00 -1.148815947661613324e-01 9.820565047786974922e-02
-3.017952066161883051e-01 -2.642718565656812513e-01 -5.249060454755592742e-02 -9.018270265233120642e-02 1.977631220257824226e-03 -1.317886589611524419e-04 -2.451669956705520015e+00 -1.451669956705520237e+00 8.685392929902914227e-01 5.483300432944757663e-01 1.548330043294478875e+00 2.548330043294480429e+00 -6.022057116985899405e-01 -2.542564635128790052e-01
-5.540339779160350364e-01 -5.125929634726011930e-01 -1.512324901782246545e-01 -2.102488726462599655e-01 -1.221523400828874173e-01 4.450022849759860399e-02 -1.612790402563374581e+00 -6.127904025633666985e-01 -5.957475884268748079e-01 1.387209597436628528e+00 2.387209597436627639e+00 2.404252411573112980e+00 -1.184855373053027572e+00 -6.198946176105589734e-01
1.179356448886074993e-02 7.634342986755429661e-04 -1.401323419741561278e-02 -1.321291822258388593e-03 -1.321304808820825127e-03 1.001182479986757051e-02 -1.619912559017376408e+00 -1.730759637789352823e+00 1.731255357263477013e+00 -1.081926548242469810e+00 -8.192654824247963541e-02 9.180734517575104281e-01 1.918073451757521752e+00 -1.195715381498271834e-02
-3.617604980828434402e-01 -4.814430988047409543e-01 -2.098049997099129746e-02 -1.068603646947295371e-01 -5.137359159587365914e-02 3.511833177428201613e-02 -2.326320030693516561e+00 -8.972689489105182270e-01 1.027310510894710316e-01 6.736799693064868810e-01 2.102731051089482772e+00 2.673679969306475002e+00 -8.567323545800461515e-01 -4.383681788021801529e-01
-5.940106382166344900e+00 5.292701892590512269e-04 -9.818946079801132987e-03 -9.759059108213813394e-03 1.546919046959667476e-02 -6.362631715639506524e-03 -1.035839600638865043e+00 -3.583960063887368236e-02 -1.779119837548194472e+00 -7.791198375482035754e-01 2.208801624518037243e-01 1.220880162451795758e+00 1.125146298478780116e+00 7.059893617833656876e+00
-2.529080073152604746e-01 -1.015571145337920422e-01 -6.932447138758347782e-02 1.267377326514689539e-01 -2.584539114536339374e-02 -5.587901635917248699e-02 -1.351853039390911171e+00 -3.518530393909053422e-01 6.481469606091037061e-01 1.648146960609092826e+00 -2.331114167814355431e-01 7.668885832185695639e-01 -4.908365464370649800e-01 -2.099193879159892140e-01
7.774307049660866831e-03 -3.601359079985936434e-03 -1.134831768409291439e-02 -1.360018917014139614e-02 -2.454339674204834149e-03 1.026983491908738805e-02 -2.453407192450178353e+00 -1.483578165303451657e+00 -4.835781653034560978e-01 5.164218346965412376e-01 1.516421834696544790e+00 2.546592807549819426e+00 -4.113094068556724658e-02 -5.794914312981816473e-02
1.871140723634730219e-02 6.808668380527956726e-03 -1.159367176364103358e-01 -6.218779444660049033e-03 -1.052069761772424089e-01 1.270265324840967602e-01 -2.223387471640802193e+00 -2.533475102427107828e+00 -2.233874716408013605e-01 -5.334751024270965036e-01 4.665248975728990555e-01 2.585239480261428913e+00 2.657898107085591377e+00 -7.428866519601255713e-02
-2.189405884989297224e+00 -1.507060947184438726e+00 -3.462531559507086021e-01 -3.479352063420097507e-01 -2.804414638060258036e-01 1.150954706238105363e-03 -2.008238063802425533e+00 -1.022400948277450983e+00 -2.240094827745233580e-02 9.917619361975764658e-01 1.991761936197572691e+00 1.416442082805826397e+00 5.552918101948611351e+00 -2.183065586795255530e+00
-5.914984581439263200e-01 -4.355223734167640304e-01 -1.187492844542961112e-01 -7.474753931030606036e-02 -4.261610403531629343e-02 -4.728553891038744794e-02 -1.277915531507359592e+00 -2.779155315073521537e-01 7.220844684926521762e-01 -4.375948428370013410e-01 2.722084468492638631e+00 1.562405157163006431e+00 -1.084347955100186889e+00 -5.715481284946440921e-01
-1.830123366042401889e+00 -4.372510058886502904e-07 -2.886583940098129408e-03 -7.158763193348960385e-09 -7.679538144289566048e-09 2.119129957268718611e-02 -2.630198668390870687e+00 -1.063426539775306212e+00 -6.301986683908687992e-01 3.698013316091299241e-01 1.369801331609133088e+00 2.936573460224682908e+00 3.369801331609131090e+00 -1.863501669565154728e+00
1.881000171975219515e-02 -1.605563048455146968e-03 -6.891092377590623402e-03 5.601716884080513298e-03 -1.443192848100144365e-02 2.746133506081026646e-02 -2.579890206732616154e+00 -1.915161921363991437e+00 -9.151619213639907713e-01 8.483807863600281718e-02 2.668810815363780620e+00 8.361370696033297856e-01 1.836137069603333671e+00 2.179352927312722121e-03
4.518845475913096932e-02 -2.349744818041626937e-02 -5.215154663728951978e-02 -5.221411656583840183e-02 1.118466930001087156e-02 1.050944372394909954e-01 -1.953035584005486491e+00 -9.530355840054808292e-01 4.696441599452019777e-02 1.046964415994513953e+00 -1.613251802863428841e+00 1.617929566314293188e+00 1.815782771790980021e+00 4.910157295757500151e-03
-4.189944684788807217e-01 -2.008277674662223011e-01 -1.968760663825638857e-01 1.136056101959971587e-02 -1.740205636872650674e-02 3.696124137280604183e-02 -2.047729137516336451e+00 -1.047729137516322240e+00 -4.772913751632711782e-02 9.522708624836684344e-01 1.377418845458773689e+00 2.952270862483666658e+00 -8.457429787011971900e-01 -4.604188164411808781e-01
-1.175092171019219423e-01 -3.269497289910611171e-02 -9.589099172225581946e-02 1.658401312152128493e-01 -1.452523177262309284e-01 5.250745312772667206e-02 -2.514495685074901843e+00 -1.514495685074914277e+00 -2.080307089199146642e+00 4.855043149250925505e-01 1.485504314925085056e+00 2.139669236587149470e+00 2.265528520150357661e+00 -4.707520570138937210e-02
-4.131026098516403788e-01 -7.494437081550175961e-03 -1.571439286285826187e-01 4.187953434031532751e-02 -9.942501710022155770e-02 -2.375484364827824546e-01 -1.266166248612712764e+00 -2.661662486127129301e-01 -1.120345804716036175e+00 -1.203458047160479438e-01 2.733833751387289457e+00 1.879654195283946949e+00 -6.050665906265788596e-01 -3.157295481519281632e-01
-5.313276907742737337e-03 -8.000270245019839785e-03 -1.241085229371800130e-02 8.016742933582062663e-04 -9.523371148907271155e-03 1.438506362229306779e-02 -2.574766048275615393e+00 -2.151550006815267757e+00 -1.151550006815282634e+00 -1.515500068152648150e-01 8.484499931847285792e-01 2.628025632776683107e+00 2.645660875835681214e+00 -2.582659396516759007e-02
-5.673286965275385896e-01 -2.993156137724435339e-01 -3.482967045183509858e-01 -4.831256343527171038e-03 9.219748563676107012e-02 5.924573851949192088e-02 -1.574323847505904261e+00 -5.743238475059104786e-01 -1.066560401274586178e+00 1.425676152494092852e+00 2.425676152494092186e+00 1.933439598725420039e+00 -9.503691604165029894e-01 -5.040527935743364107e-01
-4.853643211481300512e-01 -2.186493953804091173e-01 -4.674382949498777362e-02 -1.179612798270103236e-01 -1.391224751487246669e-01 -7.727438575057510306e-02 -1.141856122097760551e+00 -1.418561220977492821e-01 -1.066502937978026200e+00 -6.650293797803773221e-02 2.858143877902252772e+00 1.933497062021965363e+00 -7.837179291458741259e-01 -4.592563974461762455e-01
-2.139064059508652971e+00 -2.182677748718629407e-01 -3.054769249339596704e-01 -3.833497094693171792e-01 -3.509376817450926556e-02 -7.324493598452253007e-02 -1.930108465072652102e+00 -9.301084650726437753e-01 -6.517160068329164169e-01 1.069891534927349008e+00 1.348283993167079586e+00 1.744147451334504328e+00 4.674028501235086175e+00 -2.123088564312224147e+00
-8.547292045938455374e+00 3.088794055832334851e-02 2.188693133979058986e-02 -6.613066198426091613e-02 2.553460773631448591e-02 -2.256491902804929478e-02 -2.391758742281187011e+00 -1.375209608809340178e+00 -3.752096088093344606e-01 6.082412577188205383e-01 1.780323793743503025e+00 2.452707954061542406e+00 3.452707954061541962e+00 4.452707954061548179e+00
-1.984376913780818485e+00 7.780185255001185324e-03 -1.987004465683563006e-03 -4.324878695569392417e-02 -5.130697475915772798e-02 -2.621712210693789152e-02 -2.353514393401786364e+00 -1.353514393401777038e+00 -3.535143934017767609e-01 6.464856065982139688e-01 1.646485606598215412e+00 2.053010264749062230e+00 3.886904891622033453e+00 -2.026153766118138133e+00
1.188193103366799210e-03 -5.833325531148152165e-02 4.970216849377050161e-02 -2.386319209288778609e-02 9.117330877536598821e-03 2.441464056255025772e-02 -1.634340165808411793e+00 -6.343401658084114603e-01 3.656598341915898165e-01 -1.947606953957992992e+00 1.939001066621171221e+00 4.790512744259540212e-01 1.479051274425950968e+00 -1.869243291947472740e-03
-5.094453376927426946e-01 -3.347083754425669300e-01 -3.712821487802746567e-01 1.725118122695482870e-01 3.666375229652324430e-03 -2.563195170680736268e-02 -2.088851489649176774e+00 -1.088851489649171445e+00 -6.231163076263677297e-02 9.376883692373643164e-01 1.911148510350832330e+00 2.911148510350820562e+00 -9.630989903471333102e-01 -4.451493569769507386e-01
-2.244204904386357224e+00 -1.281086753106014831e+00 -6.961171628128816069e-01 -1.744322541077551192e-01 7.855732924009965756e-02 -1.972876913659392661e-01 -1.532137798426148612e+00 -1.700737897668504583e+00 4.678622015738596041e-01 2.992621023314936402e-01 2.467862201573859160e+00 1.469173508007010520e+00 5.297951249595402423e+00 -2.207831324017367258e+00
-1.450388201980371272e-01 -1.961812285614022988e-01 3.563934793956996527e-02 -5.297367411694051120e-02 -5.258153821179671616e-02 4.264486206216142050e-02 -7.218234554229755462e-01 -2.163538750840515057e+00 1.278176544577025453e+00 -1.635387508405286849e-01 8.364612491594693999e-01 1.836461249159473397e+00 -3.302450982111472810e-01 -1.566291300635992978e-01
-3.347951041111255077e-01 -4.823762848120370927e-01 -1.844387084759373241e-01 6.776203312068836138e-02 -1.816910564525239108e-02 -2.562406715279955116e-02 -2.339153232209271405e+00 -8.904074005592674812e-01 1.095925994407428161e-01 6.608467677907361448e-01 2.109592599440745619e+00 2.660846767790733924e+00 -8.439156877630320519e-01 -4.429283704241669395e-01
-3.536636311917442654e-01 -2.417938563042043298e-01 -7.149747603452148714e-02 -1.441790785548026366e-01 -6.287192311838857295e-03 9.286914535995696718e-02 -2.244808829266319528e+00 -1.244808829266322636e+00 -2.448088292663201659e-01 1.054874832749874480e+00 1.755191170733677808e+00 2.755191170733676920e+00 -7.006320750734564839e-01 -3.588137158768994195e-01
-1.120535232034094442e+00 -1.981405588753478997e-01 -2.193606804520799314e-01 -3.126376255122315095e-01 -5.782716371446040837e-02 2.546183327217522996e-02 -1.276764302792800843e+00 -2.767643027927924604e-01 7.232356972072094825e-01 -1.200449819893623538e+00 -2.004498198936192355e-01 1.521140449880906687e+00 4.001645254103746829e+00 -1.361720922072232165e+00
-1.765849535318499974e-01 -5.351434375950192557e-02 6.917341589299808025e-02 8.786212166559151382e-02 3.828430815898548056e-02 -1.890496387711368409e-01 -2.707058513933152888e+00 -1.810355461747317651e+00 -8.103554617473124333e-01 2.929414860668527743e-01 2.593141295696788973e+00 8.894443566419150127e-01 1.889444356641907241e+00 -6.654016084401059850e-02
-6.425997223026519656e+00 2.394254243993821502e-02 2.334676894670709851e-02 -2.237292665183757481e-02 -1.289270291154081226e-02 -1.469878406070768834e-02 -2.221459435654455472e+00 -1.221459435654460801e+00 -2.214594356544553333e-01 7.785405643455397540e-01 -9.786911022865817100e-02 2.778540564345548525e+00 1.066686432221682496e-01 6.574002776973491002e+00
4.871512222647273599e-02 3.378963467690889073e-03 -2.839664551944265022e-04 -5.100001056299792793e-03 -3.712606591069054617e-03 2.430336140431888642e-02 -2.503583432364109740e+00 -1.503583432364117067e+00 -5.035834323641137367e-01 4.964165676358889279e-01 1.496416567635887374e+00 2.496416567635882267e+00 2.349624187258436865e-03 -1.317096567739312399e-03
-2.205236927538253844e-01 1.756419262067250020e-01 1.443449401336460158e-01 4.576245267721608390e-02 6.548889110950013859e-02 -1.228367220331985088e-01 -1.106803523026108627e+00 -1.068035230261023816e-01 8.931964769739024756e-01 -1.008096979266515092e+00 -8.096979266519234442e-03 9.919030207334832427e-01 5.427178386467903515e-01 -2.390613206782373212e-01
-4.109451134430865960e-01 -2.040006356622457717e-01 -1.511031790090675841e-01 -7.063107246304310693e-02 -4.543038704066883898e-02 -2.584633286232566884e-02 -1.983320392716099834e+00 -1.288842887828421935e+00 1.667960728390856240e-02 7.111571121715921651e-01 1.711157112171590500e+00 3.016679607283904829e+00 -8.229339373941610969e-01 -4.057866940611183915e-01
-1.580578032459956095e-01 -5.739156499210529283e-02 7.184869044109898351e-02 8.561474430957966009e-02 3.582381291021330405e-02 -1.778504365168852019e-01 -2.190292306225299246e+00 -2.334829304435969810e+00 -1.902923062252913078e-01 -3.348293044359786919e-01 2.583672297844409105e+00 8.912064053159731714e-01 1.891206405315984052e+00 -6.899652362897601421e-02
-4.272048291707783441e-03 -6.683173661865418960e-03 -8.634951108356346550e-03 -6.708895265847210874e-03 1.562145592408467273e-02 -8.245921404625145695e-03 -1.421778279982105708e+00 -4.217782799820968265e-01 -1.989087403693770906e+00 1.927577884390075047e+00 -3.384450402668511271e-01 6.615549597331406018e-01 1.661554959733149150e+00 -1.384245969246599914e-02
-5.698065044745500574e-01 -2.860568649713938205e-01 -3.378905934530257449e-01 -5.673724102568805661e-03 -4.755956970967925579e-02 1.814361722077986738e-01 -1.826508565986877386e+00 -1.560284192043739138e+00 1.734914340131197552e-01 1.173491434013123724e+00 2.173491434013115509e+00 2.439715807956257088e+00 -9.451701529319707085e-01 -5.158433080988519270e-01
-2.772057348187775827e-01 -1.217750189649625114e-01 -1.236327735259576954e-01 -8.341451750828751677e-02 2.795318371823898862e-02 7.230873077080687827e-02 -1.108010906665006567e+00 -1.080109066649970612e-01 -1.400977645915197245e+00 1.891989093335003869e+00 5.990223540848117478e-01 1.599022354084817854e+00 -6.071409757221242209e-01 -3.132944297776116827e-01
-1.869741958693224015e+00 -1.904603171979802667e+00 -3.460568059346589512e-03 6.173618187993301122e-03 6.559676144525395519e-04 1.706477543186172771e-02 -2.702838636055680421e+00 1.103207889380095896e-01 -7.028386360556768686e-01 2.971613639443190236e-01 1.297161363944313806e+00 1.802667149066550678e+00 5.604814609514000345e+00 -1.905703859367013031e+00
-3.080044270499342485e-01 -3.544726589933644423e-02 -1.054686525900205840e-01 -8.538641341601145573e-02 -2.691813026354680227e-01 3.522270493842127870e-02 -1.430671309415523451e+00 -4.306713094155181221e-01 5.693286905844748835e-01 -7.496000038327397252e-01 2.569328690584478547e+00 1.250399996167260719e+00 -6.244832473055178523e-01 -3.385333442838082685e-01
-6.428313252781298281e+00 5.070724115953841558e-03 7.686305307829675859e-03 -2.566365603475763771e-02 -2.439493504048988182e-02 7.506466195399792707e-02 -2.228300543984919280e+00 -1.228300543984919058e+00 -2.283005439849128404e-01 7.716994560150839400e-01 -9.640703094560619524e-02 2.771699456015084717e+00 1.036059625610090268e-01 6.571686747218700830e+00
-4.215126274482728919e-01 -3.204608004414510325e-01 -1.915534813906069611e-01 -1.195629658613844848e-02 -5.882054157080600365e-02 -6.136230646930347643e-02 -2.216218901712156519e+00 -1.216218901712167844e+00 1.641917573904244365e-01 1.164191757390425908e+00 1.783781098287833933e+00 2.783781098287832823e+00 -8.884766969181793206e-01 -4.625323506766764181e-01
