-2.202647226339571884e-01 -6.236473074336242733e-02 5.330002712290642097e-02 -7.137152540439026249e-02 -6.300344545537259200e-02 2.769074480982902653e-02 -2.319947225919165579e+00 -1.319947225919180234e+00 -3.199472259191761259e-01 6.614081173028131255e-01 1.680052774080826428e+00 2.680052774080825539e+00 -5.654489698818797594e-01 -2.106563461535584381e-01
-2.058437522765846683e+00 -2.055220745132404936e+00 -1.598462180111526534e-02 -3.002256877597745954e-01 -5.301909116739064176e-01 5.162951244068888362e-02 -2.209652930701222484e+00 -8.072262572986359519e-01 1.927737427013636873e-01 7.903470692987689672e-01 2.192773742701359829e+00 1.287005729850266400e+00 5.696114646518290137e+00 -2.284152747010672613e+00
-2.010098045644342246e+00 -5.096014608498403708e-01 -5.455982872066043043e-01 -2.335086838296151213e-01 -2.642354924415681872e-01 2.342763209247836764e-01 -1.727199435468955935e+00 -1.625770572678477688e+00 -6.257705726784735800e-01 3.742294273215254208e-01 2.272800564531043399e+00 1.798364294063443447e+00 4.848666288481070730e+00 -2.037001325156829967e+00
-4.016798855292260662e-01 -8.138727035249632147e-02 -5.445533044992240113e-02 -7.529674831718970174e-02 -2.484238301075706867e-01 2.466306561243744311e-01 -2.316607360809530114e+00 -1.101152235046097827e+00 -3.166073608095150704e-01 6.833926391904864284e-01 1.898847764953900397e+00 2.683392639190478768e+00 -7.015804632098419091e-01 -2.655201954606900561e-01
5.975353131745395063e-03 -6.044319514720458697e-02 6.927392053691264207e-02 3.724431357162870729e-03 -2.918948087903891486e-02 7.623907447125068126e-02 -2.029498220677102616e+00 -1.029498220677096620e+00 -2.949822067708941092e-02 9.705017793228903900e-01 1.970501779322905822e+00 -1.829668121667776554e-03 1.467232178081342708e-01 -1.134295304046438191e-01
1.174306866725719767e-01 1.742980202972345058e-02 1.186716288748665277e-01 -3.176243488448318719e-02 -3.440786646193660370e-01 1.773132976245437795e-02 -2.923803725973601164e+00 -1.651714447702604005e+00 -6.517144477025992311e-01 7.619627402641213076e-02 2.611372088578937767e+00 8.131099242159135487e-01 1.813109924215910773e+00 -3.242491812697888276e-02
-1.795602930530457719e+00 -1.254749352210132285e+00 -2.754640611409863715e-01 -5.004418226177990148e-01 2.561974773495254154e-02 1.564988281959225069e-01 -2.735707132258104579e+00 4.837487036182137878e-02 -7.357071322580966966e-01 2.642928677419056904e-01 1.264292867741899418e+00 1.944615273592890992e+00 5.368052994227587860e+00 -1.824521999214244961e+00
-2.680627830671243883e-01 -3.681377891902325172e-02 9.500275521669297729e-02 -1.349240713783560475e-01 -4.063751377583568192e-01 4.706051253910164406e-02 -2.176118869306859605e+00 -1.356008497741699736e+00 -1.761188693068569400e-01 8.238811306931377310e-01 1.823881130693141284e+00 2.643991502258303150e+00 -5.700909301209555746e-01 -3.597510744339855182e-01
-1.734038342279030420e+00 -6.966725953810051775e-02 -1.206240276078319740e-01 -1.401925331771908256e-01 -2.951942986122563228e-01 -4.746529320030358490e-02 -7.312755161784603164e-01 2.687244838215586684e-01 -1.823569168840779131e+00 -8.235691688407761335e-01 2.651017460045035801e+00 1.794137872852312077e+00 2.794137872852308302e+00 -1.772869061929327694e+00
-2.588122802982397164e-01 -3.207425370901663686e-01 -1.265982042308451960e-01 -1.182425196021634622e-01 -3.722012953373678434e-01 -1.565378121522890617e-02 -2.370039103837008998e+00 -1.370039103837012995e+00 9.692981166253645808e-01 6.299608961629956649e-01 1.629960896162987005e+00 2.629960896162983897e+00 -6.423063049425050686e-01 -3.149926553566345655e-01
-2.437406328405345768e+00 -2.176344728840143627e+00 -2.214356818080191469e-01 -4.533820346537937862e-01 -1.428150982846830286e-01 -7.261817366745471070e-03 -2.158545088233429610e+00 -1.158545088233425169e+00 6.986995673019478215e-01 8.414549117665793831e-01 2.352500599012969484e+00 3.187653406370097642e+00 4.187653406370102971e+00 -2.562673005628955725e+00
9.906721239694883663e-02 -4.210018657615072213e-02 1.653418978134865436e-01 -1.201976510180396973e-02 -3.725292082045496000e-01 1.530225224113138278e-02 -2.907917694204033232e+00 -2.126635687821956111e+00 -9.079176942040391163e-01 9.208230579594331444e-02 1.092082305795952113e+00 2.440279843111572866e+00 2.525166071986772121e+00 -1.106486336621169825e-01
4.926341275260703867e-03 -4.051486597461906314e-03 9.239784000566991784e-02 -1.730710852633174368e-02 -2.289265482630209458e-02 9.347854393317261978e-02 -1.995244455248811555e+00 -9.952444552488229901e-01 4.755544751186793762e-03 1.004755544751182672e+00 2.004755544751187557e+00 2.725640729252238881e-01 -2.829301208606267992e-01 -2.104101317173663332e-01
-7.495436522161011417e-02 -9.219139295957184954e-02 6.009466253479728293e-03 6.117081364142771399e-02 -2.287096738301644394e-01 -1.477069409422370194e-01 -2.357091727720259655e+00 -1.357091727720244778e+00 -1.701283719556512919e+00 -7.012837195564967097e-01 1.642908272279745674e+00 2.402973883867419502e+00 2.538650624543294487e+00 -4.184677371111247129e-02
2.096140196064699701e-02 -1.811390368489687597e-02 -4.930369825132552286e-02 -6.398335456463943860e-02 -2.921892841509011185e-01 1.230805652811239881e-02 -2.528128607351091794e+00 -1.528128607351086465e+00 1.343912997816327365e-02 4.718713926489072619e-01 1.471871392648903543e+00 2.471871392648905985e+00 -1.906677199566388092e-02 -1.385551969687504048e-02
-5.931581158238358187e-01 -4.626719597480235535e-01 -1.415729012767780876e-02 -1.662475100121997007e-01 -8.768306228451316908e-02 1.255369647578124248e-01 -1.494975864660305964e+00 -4.949758646603131806e-01 5.050241353396910382e-01 5.946759190825879476e-02 2.505024135339688929e+00 2.059467591908264783e+00 -1.289125306094030643e+00 -7.019724264756581622e-01
4.631455970514996440e-02 3.039575623296374499e-02 5.229805862930946708e-02 -9.493336278155208030e-02 -9.099773182260245674e-02 1.942244654608950849e-01 -1.956286448782710963e+00 -9.562864487827108517e-01 4.371355121729317283e-02 1.043713551217295699e+00 -1.650520797836523057e+00 1.648631561993723738e+00 1.744560860258455470e+00 -1.052745553418286961e-01
-2.915957586103318455e+00 -3.017809631119960923e+00 1.355333674276623657e-01 -1.213589446164091423e-02 -4.028582822870244162e-02 7.052326066460905263e-02 -1.735887368305402134e+00 -7.358873683054013570e-01 2.641126316946093566e-01 1.105049771466971809e+00 1.894387749839459900e+00 3.474773374223641298e+00 4.474773374223638633e+00 -3.011636833649006473e+00
-2.864488875969336545e-01 -8.906783607460652674e-03 -1.954816764649909555e-02 -1.271804411062861240e-01 -1.032087489631337007e-01 1.065775341429905376e-01 -2.383102445035458761e+00 -1.229050203593034851e+00 -2.290502035930309377e-01 6.168975549645486778e-01 1.770949796406956711e+00 2.616897554964551897e+00 -4.660493081862520093e-01 -3.092242317837995413e-01
2.365738301107517261e-02 1.025243814871265591e-02 3.866429120831724187e-04 -5.500453742518833511e-02 -7.005840441115418482e-02 1.227387647283072619e-01 2.577511438181785408e-01 -9.990979573724023677e-02 -2.051207623049124962e+00 -1.051207623049123629e+00 -5.120762304912045149e-02 9.487923769508893601e-01 1.948792376950887029e+00 1.577749956797733222e-02
-2.812330646751673435e-01 -1.179322301366235864e-01 -9.391995050305576576e-02 -1.057251343947477329e-01 -8.122741858046424873e-03 9.690943893185309521e-02 -1.635157642081873197e+00 -1.605389974553403709e+00 -6.053899745533876109e-01 3.946100254466037849e-01 2.364842357918119919e+00 2.394610025446590740e+00 -5.770879484915143465e-01 -2.714601671281896555e-01
-5.007189696904373877e-01 -3.635050609473727823e-01 -2.317483470248920818e-01 8.143443868292530100e-03 7.941801329662590003e-02 1.849062811567121767e-01 -1.383735010029403911e+00 -3.837350100294049660e-01 6.162649899706041934e-01 -5.242333896866065990e-01 2.616264989970590982e+00 1.475766610313396843e+00 -1.056900872272387826e+00 -5.866346495285587048e-01
-5.321818149539701004e-01 -4.006815874128439314e-01 -6.056697539811806835e-02 -1.410481418137434217e-01 3.178199523545177652e-02 3.094431727153667405e-02 -1.994525000077716603e+00 -1.161688669533939233e+00 5.474999922277668657e-03 8.383113304660554377e-01 1.838311330466054327e+00 3.005474999922279178e+00 -9.964531853088230973e-01 -5.136005794173420513e-01
-1.080957766124297059e+00 -2.564479169087057198e-01 -9.607160812197731992e-02 -3.544730166718176312e-01 -3.645916113327657970e-01 -1.456909918584665398e-01 -2.384543297511374949e+00 -1.567781538784953410e+00 -5.677815387849434181e-01 6.154567024886166138e-01 1.432218461215051253e+00 1.750969290487793595e+00 4.296706495027041051e+00 -1.327458643752042367e+00
1.086990976505859685e-02 -1.134271393781514925e-02 -8.322630634254039872e-02 -4.326667216793535914e-02 -2.956929206822563327e-01 3.191798992757565422e-03 -2.453284076950592141e+00 -1.453284076950601467e+00 -2.171815167850493555e+00 5.467159230494118560e-01 1.546715923049404307e+00 2.169688962904624319e+00 2.205212475796149096e+00 -2.093003930801261292e-02
1.373638576517702548e-01 -1.346957908568412535e-02 2.061115160370571575e-01 -4.003733783185293993e-02 -3.540121846223889812e-01 1.459371322349626438e-02 -2.427773350776138095e+00 -2.446383917100326322e+00 -4.277733507761203313e-01 -4.463839171003263218e-01 5.536160828996655736e-01 2.585741864540058277e+00 2.540101607523320926e+00 6.785801478462719083e-02
-3.320322682324525765e-01 -2.001995837813665968e-01 -1.227647320798594260e-01 -1.188599965289344612e-01 -3.612790598037041168e-01 1.441097925986858930e-03 -8.879702824452015975e-01 1.120297175547888963e-01 -1.408849545752520749e+00 2.112029717554787744e+00 5.911504542474794732e-01 1.591150454247477031e+00 -6.836137036802649725e-01 -3.426792498590555680e-01
-2.215318871463837769e-01 -1.501785274174570473e-01 -1.107303841332685918e-01 -8.277695830555258094e-02 -3.117718524786315393e-01 2.380923457321331219e-02 -2.394253522197523854e+00 -1.394253522197518080e+00 4.862521172365200650e-01 6.057464778024735930e-01 1.605746477802478589e+00 2.605746477802481920e+00 -4.668162483994263146e-01 -2.454348635742465701e-01
4.517980665323266531e-02 2.319481481629445674e-02 -7.173000238628780834e-02 -4.945554826963488582e-02 -2.857402382761156101e-01 -2.713237801196134724e-02 -1.411156455670635523e+00 -4.111564556706376883e-01 5.888435443293598137e-01 1.588843544329360036e+00 -1.467069734607655274e-02 -5.209716654863383312e-01 4.790283345136736592e-01 1.647641584292541816e-02
-8.744372786140561793e-01 -1.132205019566600579e-01 7.848620521871151057e-03 -1.364441835868390185e-01 -3.826747864282560307e-01 -2.046536382511032412e-02 -2.665648608180934076e+00 -1.475111372028012235e+00 -6.656486081809435129e-01 3.343513918190528234e-01 1.334351391819061039e+00 1.859535237287183174e+00 3.999704614174230954e+00 -1.252587533453429991e+00
-2.128792405648651798e-01 -1.357814254422576583e-01 1.976848863569530268e-01 -1.686748990682414295e-01 -4.007069418037358943e-01 -8.789515177487122743e-02 -7.932795137074369896e-01 -1.952882089296133827e+00 1.206720486292574668e+00 4.711791070386923963e-02 1.047117910703866395e+00 2.047117910703871058e+00 -5.976473248414775341e-01 -2.464594988949562193e-01
-1.725209073006250371e+00 -1.892156484389382332e-01 -2.286236564469193155e-01 -5.106715229240745835e-01 7.426211171367513852e-02 1.407903780060328069e-01 -1.529345808820432806e+00 -2.070677795539700661e+00 -1.070677795539732413e+00 1.470654191179572745e+00 9.293222044602789111e-01 1.949062833897444946e+00 4.450913564916577414e+00 -1.741030964090375166e+00
1.453410504561007330e-02 3.795195847257135796e-02 -1.109211977841807750e-01 -4.838402836451674571e-02 -2.641759557080344267e-01 2.228564287719662917e-02 -1.672638090370726971e+00 -6.726380903707318559e-01 3.273619096292664787e-01 -1.665818920388092872e+00 -6.658189203881004214e-01 2.314178609455064706e+00 2.347364605105480173e+00 -1.372860784364720275e-02
-7.628242324370110988e-03 -1.238859383047642183e-02 1.600876214286689747e-01 -4.529532157006197629e-02 -3.333512368775357615e-01 2.617806337282845008e-02 -2.280650795385386509e+00 -1.687471958179366904e+00 -2.806507953853700221e-01 7.193492046146324759e-01 1.719349204614625481e+00 2.312528041820633540e+00 -2.317811175689312442e-01 -1.087210553627311199e-01
-3.839114454060350567e-01 -2.418095170924141890e-01 -1.348870849543208905e-01 -3.901445002816034818e-02 -3.823295415294933886e-01 6.939082015140847493e-02 -1.212075514454378888e+00 -1.535337582117982880e+00 -5.353375821179694460e-01 1.787924485545624442e+00 1.464662417882017564e+00 2.464662417882012235e+00 -9.090296152191320589e-01 -4.633547891740177338e-01
1.123759958860058028e-01 -7.843138516526004800e-02 1.100207809816853982e-01 8.619379979511745948e-03 -4.147853243613613961e-01 -5.019742590059877996e-02 -7.579675507581092736e-03 -1.890493532405586263e+00 -8.904935324055830437e-01 1.095064675944166926e-01 1.109506467594414403e+00 2.109506467594414847e+00 -1.427237051204925111e-01 -1.352779593968273519e-01
-2.055812096175712589e-01 -2.808368985387905137e-01 -5.304695176177206400e-02 -2.852971242000343910e-01 -2.411359742100520065e-01 3.463722714582880002e-02 -2.281547814278274799e+00 -1.281547814278292119e+00 2.320355402319581040e-01 1.232035540231949167e+00 1.718452185721728087e+00 2.718452185721722980e+00 -8.727260351091808976e-01 -4.843398376920605708e-01
-6.021991569417198820e-01 -4.103090917977371133e-01 -2.969258596637258663e-01 -4.753508856081667400e-03 -2.485588456690828937e-02 1.051517062757000576e-01 -1.174642059286699736e+00 -1.746420592867000410e-01 8.253579407133084800e-01 1.825357940713304261e+00 4.569248725989480953e-01 1.456924872598942766e+00 -1.399153764781961184e+00 -6.326829283515116309e-01
-2.462124436428998753e-02 3.059786379636209031e-02 1.743001350607167321e-01 -2.074926576618255358e-01 -3.261176244040965289e-01 5.754400724832708924e-02 -1.458894895494868393e+00 -1.878687301184968961e+00 -8.786873011849580806e-01 1.541105104505138268e+00 1.121312698815036590e+00 2.121312698815036590e+00 -1.385141033405614952e-01 -1.836043612378903955e-01
7.693188199352955781e-02 -6.976162524037170590e-03 1.627179097805427632e-01 -3.018812470961484279e-02 -3.406831952447855749e-01 2.437154253872739901e-02 -2.564995170962114379e+00 -2.180214466508817672e+00 -5.649951709621088280e-01 4.350048290378906723e-01 2.496026721586536379e+00 7.587631208609515454e-01 1.758763120860968199e+00 -7.497381638050948371e-02
-2.840854781649056360e+00 -2.856192787266378819e+00 -1.274373840109366829e-01 -1.229577070456442794e-01 -3.803620850698227751e-01 -8.104039331336651553e-02 -1.764301113536984822e+00 -7.643011135369838227e-01 2.356988864630119307e-01 2.908739201071433467e+00 1.873092911447132636e+00 2.873092911447134412e+00 3.873092911447137077e+00 -2.876716437079518407e+00
-2.348270057312185521e+00 -2.676005396685450233e-01 -3.130983967803632195e-01 -3.102325590632442065e-01 -5.176987327699023034e-01 -2.384185991630434487e-01 -2.099268017190340174e+00 -1.099268017190335289e+00 1.627034778509862945e-01 9.007319828096848058e-01 2.670017230002130759e+00 2.393417935902435456e+00 3.393417935902438121e+00 -2.376880623962557504e+00
-6.118366839507666910e+00 2.709234121775538906e-02 -3.468723241450941130e-02 -1.496854070449808449e-01 -2.979436573502657337e-01 5.668640035211802708e-02 -1.467179992229810104e+00 -4.671799922298057739e-01 -1.916205713636773833e+00 1.532820007770190118e+00 8.379428636323213442e-02 1.083794286363229276e+00 7.349813712221134887e-01 6.881633160492331314e+00
-2.164273184493577862e+00 -2.240494974845484322e+00 1.794150077354322581e-01 -9.281893973472679638e-02 -1.490387282029922641e-02 1.125622824381696807e-01 -2.114302797917205989e+00 -1.114302797917207544e+00 -1.143027979172075992e-01 9.986703592393569862e-01 1.885697202082796897e+00 1.213965740713697228e+00 5.670401441296859524e+00 -2.255759648493444125e+00
-2.117876891115996418e+00 -4.196671722314274100e-01 -5.273179391053566256e-01 -3.618912944977856760e-01 -4.169336436447039773e-01 1.311953939726345775e-01 -1.876398834216088884e+00 -8.763988342160811129e-01 1.236011657839272693e-01 1.123601165783916223e+00 1.094523282974485090e+00 1.297005304679581084e+00 4.921120604239373364e+00 -2.145009289039319089e+00
-2.217650525922087112e+00 -1.912987498139552711e+00 -4.638004626455976553e-01 -5.640752965757160897e-01 -3.204493939917715251e-01 -2.136749694011645662e-02 -1.453982701940542022e+00 -4.539827019405378028e-01 -4.723425761529125300e-01 1.546017298059456646e+00 1.527657423847085472e+00 1.260164093278283826e+00 5.813510514768766235e+00 -2.317157656337599292e+00
-1.026352141906156756e+00 -1.310267451791229387e-01 -1.377436724048958228e-02 -3.176592735439143222e-01 -3.118571506334025245e-01 6.458126925741589086e-02 -2.281170032200138476e+00 -1.730632728237777362e+00 -2.811700322001224328e-01 7.188299677998717385e-01 2.103108264939248073e+00 1.885089178937623178e+00 2.885089178937631171e+00 -1.613502369363507105e+00
-1.212569661412506994e-01 -1.943333391409167443e-01 9.645324616493804182e-02 -7.161540141790331826e-02 -8.882380816685209179e-02 1.542291125295358056e-01 -2.568717092079677577e+00 -1.568717092079672693e+00 7.032240252165173899e-01 4.312829079203328031e-01 1.431282907920317760e+00 2.431282907920321090e+00 -4.843172448650281958e-01 -2.004211444135024223e-01
-4.226474071415174949e-01 -4.886296497709148590e-02 -1.270574264254570873e-01 1.248365471188367729e-02 -5.938086712271504197e-01 7.841973991223077922e-02 -9.586198303468950188e-01 4.138016965309976314e-02 -1.368128056766470646e+00 2.041380169653115750e+00 6.318719432335162534e-01 1.631871943233520028e+00 -7.029116713777938674e-01 -2.658185727678321619e-01
-1.533788718576616139e+00 -8.233308351428982874e-01 -6.949842983057112900e-01 4.525039188900009668e-02 -3.733686972750813182e-02 1.441122711057713779e-01 -1.786702382111951648e+00 -7.867023821119510929e-01 -1.032864019484994733e+00 -3.286401948499498293e-02 2.213297617888054347e+00 1.351911683787288876e+00 4.828522689962368553e+00 -1.904968110318697727e+00
