2.194558243875009418e-01
1.768991569022467791e-01
1.918399891095637633e-01
3.222965691674236077e-01
2.701339795204837912e-01
1.759670864624786890e-01
1.959194387658186598e-01
2.447865465431480481e-01
3.231438503535991047e-01
2.340372526148558341e-01
1.893924983683712981e-01
1.765029345205980371e-01
2.544304021336133981e-01
2.149447613812433266e-01
1.609250534501237007e-01
2.916555983101907779e-01
2.210865742069147988e-01
2.817467164816511160e-01
2.026497355583579407e-01
1.400720675071760735e-01
1.436355856675894382e-01
2.046767924381097392e-01
2.218925202562256338e-01
2.088174611503186284e-01
1.973584511936299080e-01
1.517149392511192574e-01
2.008330247467458307e-01
2.680501893226016064e-01
2.760723261159219732e-01
2.614189623135349527e-01
3.313190374739802824e-01
2.660811720257078572e-01
2.486009378868093700e-01
2.383142088290423899e-01
2.737195793623555806e-01
2.820147721630131277e-01
2.276332637931507141e-01
3.042064938460753987e-01
1.291186820691252735e-01
3.111711732254305862e-01
1.666043420675114850e-01
2.427626881721065277e-01
1.990099546441680411e-01
4.339083737795996765e-01
1.451911543194670806e-01
1.400275560559366417e-01
1.733865756919328593e-01
2.428756487152485266e-01
2.891900039883141260e-01
1.537102934126611531e-01
