4.751794888661371452e-01
1.952909512075927390e-01
3.576374062647412755e-01
2.837269221300412481e-01
4.237292171635907434e-01
3.112193586555088709e-01
4.506086458104024972e-01
1.658036496206967414e-01
3.819788693762519727e-01
2.449051593875279931e-01
2.548965751104413369e-01
2.812640100086602479e-01
4.398011381353106319e-01
2.451337720099309447e-01
3.901479954776717052e-01
2.338887532246424761e-01
3.041474287984373692e-01
2.125398010343391431e-01
3.651566681448165097e-01
3.459759288714071013e-01
2.564148890708499162e-01
3.504128340466418634e-01
3.627643702860222641e-01
5.728815293803022346e-01
3.464617596036578262e-01
4.179331457482186041e-01
1.667757312311008155e-01
2.916780223852930010e-01
4.495841480416861158e-01
3.505752606535573190e-01
3.708003481090879072e-01
2.358476601494190750e-01
2.953477387987313296e-01
4.531733898858496534e-01
5.037175483756428651e-01
3.264781655231846491e-01
5.658271655472169037e-01
3.318391794460039401e-01
3.221108897317460640e-01
3.706223445411023776e-01
3.284023783718933442e-01
3.186829082305320804e-01
3.032612854667022795e-01
2.602400192027246040e-01
2.644634523100335421e-01
1.770422222164745041e-01
2.458221131508765422e-01
3.589540483213744526e-01
2.157519552063071888e-01
3.416941319836943602e-01
