2.563688241458411099e+01
2.695428715948039056e+01
2.969699651334939361e+01
1.681350183781463059e+01
2.969751269240651226e+01
2.969639907821105851e+01
2.756673237275614241e+01
2.969708025235136617e+01
2.352522203737026985e+01
2.316491059506590133e+01
2.463470788209535556e+01
2.969726040462695238e+01
2.076196017458773468e+01
2.969753408744237433e+01
2.969687364828569542e+01
2.706553755200839717e+01
2.969705698522218640e+01
2.969624730788630274e+01
2.551447373435189547e+01
2.513733001465193695e+01
2.969609609969084119e+01
2.969630754166335862e+01
2.969727791975847353e+01
2.726472388048191675e+01
2.969747065579725387e+01
2.664239612549985736e+01
2.969742368650689102e+01
1.883909466052860893e+01
2.187956431968775917e+01
2.969709619836453030e+01
2.483806896869462832e+01
2.969681360912635526e+01
2.969672914794308838e+01
2.969652333377035802e+01
2.969665919473029447e+01
2.516225148315183091e+01
2.498766862249718912e+01
2.969672162831895790e+01
2.969750615765306634e+01
2.969660934837112976e+01
2.660683462990916581e+01
2.969668443326483143e+01
1.367844664502368168e+01
2.969675575457064909e+01
2.493590407491292993e+01
2.969724588825314981e+01
2.969734148288419817e+01
2.969711417086955763e+01
2.969680611469071607e+01
2.969627768503366383e+01
