-9.854132916887234472e+00 -8.981633083543398399e+00 -7.951689326195435115e+00 -6.817903382048280392e+00 -5.810453083938375229e+00 -4.932523606881292544e+00 -3.859956702723209343e+00 -2.961043114763499240e+00 -2.019672952692648238e+00 -4.204931140921724264e+00 -6.244716219002754976e-02 9.435087367057981567e-01 1.819556676999021683e+00 2.834349857612441070e+00 6.034292268362408951e-01 4.849430335412369786e+00 6.038002062167111106e+00 3.574421525186331383e+00 7.865762859743671065e+00 8.716741036613470328e+00 9.739101829424264167e+00 1.086066515174510805e+01
-7.082348039066007850e+00 -3.980573930289010409e+00 -9.369489384842383473e+00 2.040174308899217692e+00 -8.080577590425523482e+00 -3.841330755014129572e-01 -7.224830740521676731e+00 -3.529713448851862778e-01 -4.019093996524441437e+00 -3.091489267134345020e+00 4.344256747579167133e+00 -1.323289886879696287e+00 -5.674996105619099784e-02 1.025680542854682908e+00 1.927784168508771989e+00 1.214901425681887748e+00 5.661980567991522939e+00 4.838577589166821014e+00 5.271585134647739146e+00 4.743890737278904091e+00 7.237754186995751127e+00 7.047544633182114993e+00
-4.996568578341848976e+00 -5.063147996013249497e+00 -3.262747005871352801e+00 -4.534332545290930661e+00 -5.725290323973897699e+00 -2.289295237599842103e+00 -2.854644092017398549e+00 -1.903208080309137351e+00 -3.273966931799057178e-01 -6.882047984286019382e-01 4.435627224763163845e+00 1.311795201571377856e+00 1.797235831058834998e+00 4.096791919690859984e+00 1.791510197566829277e+00 7.593702056145420265e+00 3.801975335282583579e-01 -9.902504186329079694e-01 8.246894608036395624e+00 -8.242361434254918962e-01 8.605948394323181816e-01 3.333555326951829656e+00
-6.684102344031551013e+00 -4.821625265344607669e+00 -3.927200829157164730e+00 -3.656805342749390064e+00 -2.246817450901509083e+00 -1.639853322814050163e+00 -3.124249525702821995e+00 -7.636591592130377304e-01 -1.410523988151893393e+00 -7.393308613198280810e+00 -2.650555511315504376e-01 2.903407542055544965e+00 2.717696319799713933e+00 3.577842011348284501e+00 -2.892594390401177495e+00 4.483675071233428788e+00 6.588436201319579411e+00 4.333162991106116024e+00 7.571441984639426970e+00 2.527450311160353458e+00 1.343978154105415435e+00 3.167288021689874000e+00
-6.954572505097986301e+00 -8.210761068039531096e+00 -8.835367355446864579e+00 -6.879792841818378690e+00 -5.623254787126004572e+00 -5.198796010329499673e+00 -3.578407680673744373e+00 -2.846794992589557705e+00 -2.308864526942401074e+00 -1.147528642874663385e+00 -6.640835929967883189e-01 2.391405357456974023e+00 -6.269848718776187546e-01 7.233760820006760461e-01 3.175354193882003351e+00 3.987964464434438305e+00 2.988018690880470452e+00 5.662526445059049784e+00 7.164632644553125651e+00 6.593806511773747658e+00 1.119784138659931472e+01 9.378865924833952761e+00
-9.920210599702185661e+00 -9.831760380680353961e+00 -9.362220273484240352e+00 -4.147844321005896617e+00 -2.602363756871531653e+00 -5.108292936275607765e+00 -3.848515132593100851e+00 -3.881143032986475117e+00 -2.418953003326016482e+00 2.895202498827601501e-01 -4.056451108688869933e-01 -4.012444038808496427e-02 1.265874707395810095e+00 2.586536822195805829e+00 3.118856967013537318e+00 3.015676666019601271e+00 3.160205824599350510e+00 6.808416153028921336e+00 8.543357043997053424e+00 5.895525094328117000e+00 8.554590186206960212e+00 8.717096099175165591e+00
-9.814734214123509659e+00 -8.891201303326404570e+00 -8.204754669451775229e+00 -3.742788830816419221e+00 -3.399703346343829757e+00 -5.347322111042961623e+00 -3.939985575657892092e+00 -3.059493442476663549e+00 -2.355458200084354026e+00 1.079136163745064492e+00 -1.941475345833112875e+00 3.699605381259156167e-01 2.108798696673596318e+00 1.571164894333969553e+00 2.484492464826107305e+00 2.982203012884619753e+00 4.326932190921523258e+00 4.936730506815091957e+00 5.829107256684227245e+00 7.390760114098640976e+00 7.091887128942687468e+00 1.091432689676618928e+01
-7.839635289471091006e+00 -3.660093742504337389e+00 -5.291073194863751716e+00 -3.653920473703100136e+00 -3.206253805600364437e+00 -4.579904858293961212e+00 -3.279451286421530831e-01 -1.629369774263344617e+00 -7.816359838066762045e-01 6.861035308724265924e-01 -3.250579886379741712e+00 -2.518503667180816308e+00 5.672054871357842032e+00 3.030801128186253468e+00 -2.924972554295638183e+00 2.704739034856982638e+00 3.650314839611888740e+00 7.614824506584735531e+00 9.814501612449291201e-01 7.202946613721519675e+00 6.813905058134411163e+00 1.695331440094703268e+00
-9.345244713637173017e-01 -1.148210018846349101e+00 -7.198536708491239722e+00 -4.493636000317423829e+00 -5.356118972311253223e+00 -3.329304041761294908e+00 -2.556222526540400164e+00 -5.169710415934443581e+00 -1.869263784355882585e+00 -1.330581034969768650e+00 -7.865302998923261457e-01 2.628475188775224680e+00 -6.457631706064405064e-01 3.923326279169747632e-01 2.118065342134101137e+00 5.809404697151607344e+00 -2.058077821490284176e+00 3.367927358780069547e+00 4.069490860448082614e+00 5.807917385347608707e+00 2.322390519629728090e+00 1.074905811235813502e+01
-1.048182232610198383e+01 -9.481501645662552491e+00 -8.484264946796660212e+00 -7.482280313291342466e+00 -6.482158146121268061e+00 -5.480747907676461139e+00 -4.480870916762123457e+00 -3.481794222512025527e+00 -2.484086259522195306e+00 -1.481501645662559596e+00 -4.820057966492328205e-01 5.176359794356670818e-01 1.519056983969440111e+00 2.516896442256193467e+00 3.514499530873523625e+00 4.516912371597515019e+00 5.517747909507974668e+00 6.518715501508937749e+00 7.519010440192449352e+00 8.518690914592962571e+00 9.514459171078422983e+00 1.051799170740626721e+01
-5.364332520156146700e+00 -1.468461490348013987e+00 -6.553388730894355696e+00 -4.238183174963133237e-01 -2.943343513051212668e+00 -1.280965458024969195e+00 -2.031910050675139967e+00 -2.217476127347657755e+00 -2.482236977535355660e+00 -5.673072678935621838e+00 6.452680971521699282e-01 -1.547816584548249219e+00 -1.605679821929365980e+00 4.446611269105637199e+00 3.517763022464652334e+00 1.394320178070629801e+00 -8.772329089388577472e-01 6.946142735787169009e+00 2.623383064221064487e+00 6.326182364116335499e+00 7.202603735082415248e+00 1.756043539541897180e+00
-1.048342737216834308e+01 -9.482676919888350042e+00 -8.483481761406752142e+00 -7.479805615137932406e+00 -6.482992809604493090e+00 -5.482708957384920367e+00 -4.478990774940355024e+00 -3.483325671743259022e+00 -2.482943203638871665e+00 -1.482655596326685199e+00 -4.856735285032840466e-01 5.212317440997527029e-01 1.520337659526964202e+00 2.517418805171152130e+00 3.517709228802820220e+00 4.519255939532415667e+00 5.517409700561662689e+00 6.516848716546194353e+00 7.516150299121040490e+00 8.516276690770286706e+00 9.516716558147567895e+00 1.051790969412436461e+01
-4.509622350841437921e+00 -3.164034783083223168e+00 -1.732372163877128557e+00 -1.022697400662688239e+01 -6.444913733820455626e+00 1.282821549778834225e-02 -3.876576845373113755e+00 -3.129965113007345145e+00 -1.800985436399252571e+00 -1.597892716505429966e+00 -1.376643844870847566e+00 1.038105482930476109e+00 -2.197649617691854740e-01 -3.934364014148150623e-02 9.490377649158592277e+00 9.165554002002256340e-01 9.832869270235269354e-01 1.962768284732223645e+00 3.632383587529024460e+00 7.253702270190856893e+00 7.875878002362410868e+00 5.341786602351366042e+00
-5.042411204358680621e+00 -3.645108333624508035e+00 -1.100484530829823449e+00 -1.320808840690610886e+00 -4.374674266116306498e+00 1.627749802268133816e+00 -3.393257573636166757e+00 -1.419624032567897487e+00 3.063428351957955265e-01 3.583259728058572069e-01 1.813351405602887656e+00 -2.386490521932140396e+00 2.155192792058430840e+00 2.817076805063433831e+00 3.004726134690296036e+00 2.568476440092668511e+00 -1.201547465173671725e+00 3.126513061203370469e+00 -3.314906152888807966e-01 -2.526276886201809013e+00 7.193197635948877178e+00 2.159804211151437059e+00
-1.048208918794988875e+01 -9.482167903333886372e+00 -8.482946176081885170e+00 -7.483226601034417058e+00 -6.482205111533390962e+00 -5.482574868947260427e+00 -4.481263358145952225e+00 -3.482909020036466075e+00 -2.483031857758749794e+00 -1.482689101248972463e+00 -4.817255325615441564e-01 5.188791863620245692e-01 1.519052948802711356e+00 2.517935346812006259e+00 3.518325697630643845e+00 4.516821164637804031e+00 5.516959916800258767e+00 6.516882810741659426e+00 7.517196577042348338e+00 8.517436247318979525e+00 9.518005620688199997e+00 1.051791602745652376e+01
-1.048350658843457950e+01 -9.481807714497479722e+00 -8.481795942580147241e+00 -7.481717294251383876e+00 -6.481638660823742626e+00 -5.483228540217334412e+00 -4.482867201959530590e+00 -3.482835052704269074e+00 -2.481331279670628831e+00 -1.480539439415371916e+00 -4.824832139367334349e-01 5.186194123869647399e-01 1.518657082522466339e+00 2.517875725234102191e+00 3.516876214945867218e+00 4.516950392926290192e+00 5.516814494336202301e+00 6.517202528024270691e+00 7.517323771322326209e+00 8.517386967146940435e+00 9.517202572727750720e+00 1.051742459257895668e+01
-1.048316261510951364e+01 -9.482627246190187265e+00 -8.481899652291414071e+00 -7.481114361096514287e+00 -6.481656040657634676e+00 -5.483985248614436259e+00 -4.482293326068989003e+00 -3.482057880271565153e+00 -2.481297347355949867e+00 -1.483054849911797035e+00 -4.812022555958019865e-01 5.156761821020818815e-01 1.517417546700356112e+00 2.516947884451264272e+00 3.517809238623501145e+00 4.517023559998392557e+00 5.517288867722870194e+00 6.517351102422596298e+00 7.518553238700748764e+00 8.518696416508078073e+00 9.518448476086973642e+00 1.051772113550793897e+01
-9.507725174747607255e+00 -6.508227769876014257e+00 -5.757882284685905461e+00 -4.470414496884032474e+00 -9.445070566691404323e+00 -4.973106517548520955e+00 -3.416588034848795807e+00 -2.698438049523226745e+00 -1.960578948425140799e+00 1.274164413207979463e+00 -4.232846479378296500e+00 1.248209494339033721e-02 2.141420427263707182e+00 2.778600722874495332e+00 5.441968026094421873e+00 4.354251475992827913e+00 4.938119986514140969e+00 6.012116452353269302e+00 7.612734953752086753e+00 4.366992018472778625e+00 8.538394788887634590e+00 5.888215787912914223e+00
-7.057863095997445768e+00 -3.170896363531225948e+00 -9.838127996926626651e+00 -8.423598784881979995e+00 -2.293795338587034660e+00 -1.784838117942985747e+00 -2.505624599394243646e+00 -4.457682648456454011e+00 2.640588386323803327e-01 -9.026393470512796835e-01 -2.600759547017754691e+00 6.620960960462555001e+00 3.565062150291725462e+00 2.717324172585871889e+00 1.293025316959369064e+00 2.904122589014764166e+00 2.930007667077550781e+00 3.845276603700417795e+00 3.207355091366443478e+00 4.871973120812097768e+00 6.028247596963301369e+00 5.176994557581259038e+00
-1.048193259435616653e+01 -9.481767645952359658e+00 -8.481480642137187331e+00 -7.480826369402088005e+00 -6.481621949848777930e+00 -5.484746641394750100e+00 -4.481643370268010074e+00 -3.481544858691366429e+00 -2.482144749638695913e+00 -1.485237694260735708e+00 -4.820351963016058505e-01 5.155738378790335474e-01 1.518614457073544699e+00 2.518468194725841158e+00 3.518606648865073794e+00 4.518288211050364822e+00 5.517890893938872665e+00 6.517691441896287685e+00 7.514795103195044845e+00 8.517589510503146499e+00 9.518387139859525448e+00 1.051765909892591999e+01
-7.102364738657788834e+00 -9.464249401181785259e+00 -6.618878171009018985e+00 -1.668310245020737881e+00 -3.573477414177548273e+00 -4.287641009495779088e+00 -2.415936531132284237e+00 5.525242494066691101e-01 -3.637274879474588385e+00 -1.113083461982109945e+00 -4.325816211267996536e-02 -7.554896619487077025e-01 5.240811355791125337e+00 6.640530617646960287e-01 2.597601977694434350e+00 6.144616916105134941e+00 3.216082630838225320e+00 1.959467575783790938e+00 4.072461407121758192e+00 2.672428934090929964e+00 7.047847625458541820e+00 6.900650767798429897e+00
-1.048087747665968550e+01 -9.482267881658936304e+00 -8.481531503525646443e+00 -7.482257018712449081e+00 -6.482095534828571815e+00 -5.484230185774233490e+00 -4.481332759288211065e+00 -3.480116176334298927e+00 -2.484913925555604308e+00 -1.481304059651769478e+00 -4.807686758312357256e-01 5.177922221747284226e-01 1.515112777325233751e+00 2.517323290082536857e+00 3.518361901017749815e+00 4.516605367037382024e+00 5.517123547467315703e+00 6.519276824864467912e+00 7.513073836537923711e+00 8.518596668812358885e+00 9.518423904749480968e+00 1.051858768341216077e+01
-3.660091853521569405e+00 -5.613116273946053170e+00 -8.189145308822142866e+00 -5.243714282189731790e+00 -6.252399826921688941e+00 -6.851593577842593596e+00 1.170138591881096257e+00 -3.822735301693800380e+00 -1.502011276568688825e+00 -2.268411467818578942e+00 -2.576705144289313854e+00 8.984653120947124760e-01 -6.972398238806567505e-01 5.301602417466362738e+00 2.044522136701077297e+00 8.372669334653306095e+00 2.286338133719806986e+00 3.732762145604501924e+00 5.900864542183223094e+00 5.750192237777131510e+00 5.409292133475098296e+00 6.198899977599207745e+00
-1.048243206129828309e+01 -9.482689627869548943e+00 -8.482171127064644267e+00 -7.481998407705265919e+00 -6.482361191375666465e+00 -5.480661117895071044e+00 -4.481820309026669946e+00 -3.484435030682515588e+00 -2.483086609704908909e+00 -1.481541441245500579e+00 -4.811684875325674682e-01 5.172767998142742130e-01 1.518166019157938251e+00 2.516752226786186597e+00 3.518167442218832264e+00 4.518246582285932789e+00 5.517298257486396906e+00 6.518212890760466394e+00 7.517325332896291457e+00 8.516968710856012592e+00 9.517870983616878888e+00 1.051666299118237369e+01
-1.048461300811988650e+01 -9.486150420524856131e+00 -8.485931045629765634e+00 -7.470410443165103942e+00 -6.484241849996827511e+00 -5.485373772003445225e+00 -4.484669066288265782e+00 -3.484112299301425963e+00 -2.484901107170360390e+00 -1.485878742553982335e+00 -4.855216213248105817e-01 5.298821858384297201e-01 1.529955410144532735e+00 2.515312009237014479e+00 3.530095093629563863e+00 4.514569245956149501e+00 5.515744530341830654e+00 6.514470034024917311e+00 7.514914774081917770e+00 8.516121350906098897e+00 9.514639251611434645e+00 1.051468231596728842e+01
-2.351232946671547364e+00 -9.346760911262363081e+00 -2.008013448633199527e+00 -7.621850314905374013e-01 -3.920930096473370874e+00 -6.558655214570756620e+00 -5.491412772795515984e+00 -4.083823249319324056e+00 -4.476890339908138117e+00 6.041682174030666097e+00 -1.862276230584445580e+00 -1.433973134755465173e+00 -5.249165351491197340e-01 4.750834648508750480e-01 1.347814963155085755e+00 3.295738755104169471e+00 3.380306641396071399e+00 4.006585264725775808e+00 5.460592563603660743e+00 5.636701258623840971e+00 6.326016332895687100e+00 7.239131318888648359e+00
-1.047885466129939402e+01 -9.482348432256404891e+00 -8.482496341182418575e+00 -7.482726698233332030e+00 -6.482363452626884737e+00 -5.482634311033923069e+00 -4.479410660876464334e+00 -3.485769716514791838e+00 -2.482022148980313148e+00 -1.483003084971141305e+00 -4.821594035760892183e-01 5.177982026203142851e-01 1.513724426315592453e+00 2.517705793069167086e+00 3.518005500124262497e+00 4.520776952193550358e+00 5.520926746116444406e+00 6.516995335505770370e+00 7.513414988802244565e+00 8.518375905738635012e+00 9.517344015227124032e+00 1.051730387149886603e+01
-1.019288396124809282e+01 -9.161212630151950975e+00 -8.364473577602185017e+00 -7.228074334434766435e+00 -6.337064405948196644e+00 -5.379315352606868217e+00 -4.229495163023960558e+00 -4.387995724157973676e+00 -2.290515425803576477e+00 -1.287067682146190606e+00 -1.343465827635929477e+00 6.848541529521096072e-01 1.641879307085717610e+00 2.668409018762079477e+00 3.621730948137203754e+00 4.666529493943524898e+00 5.570766936582903561e+00 5.561206027343045477e+00 7.686254887499209154e+00 8.483797113896741848e+00 9.556148740938990471e+00 1.044857028327886717e+01
-8.771442839675451353e+00 -7.803403599571215210e+00 -6.566118793480697491e+00 -6.082174012962687115e+00 -4.933618836121619111e+00 -4.025555278226397249e+00 -3.826566906188374695e+00 -3.070276221314624188e+00 -1.907301688679019724e+00 -4.731570384397188356e+00 7.155130783709842124e-01 -3.266122954691949687e+00 2.723966309250484219e+00 3.602611787496383222e+00 3.717177134424321405e+00 5.186257133122229135e+00 5.557979507822497389e+00 1.511435175833948152e+00 8.190769152816072207e+00 8.884108321951849518e+00 5.152272537176220801e+00 1.013064420270493748e+01
-8.623723946416946617e+00 -5.334036774737791475e+00 -6.357549869251716501e+00 -1.014663711998839268e+01 -9.080047817403295696e+00 -1.242765158667957781e+00 -2.100190280074738070e+00 -1.045533847781159764e+00 -1.503446977800830808e+00 -2.965625572346593519e-01 1.181399700049371670e+00 1.495436943335661795e+00 1.027555283607678449e-02 3.222174885481603912e+00 4.133382480721026653e+00 7.066797106928266459e-01 1.351889276408247076e+00 7.495982364071144488e+00 4.020340758921475022e+00 6.624530389913998008e+00 1.008155641740225050e+01 5.795428695184500434e+00
-1.110637419529037473e+01 -3.182739144735798220e+00 -2.490635716977432690e+00 -8.274363315266599628e+00 -6.863592252224473000e-01 -6.244800270008623144e+00 -5.183598856410134736e+00 -4.707103476267511688e+00 -3.701375760894157985e+00 -2.508520042412594631e+00 -2.602314033205969768e+00 6.174190146862661877e+00 3.199024947519912843e-01 7.803015589690922571e-01 2.016233389784339636e+00 3.404332862434566120e+00 4.320740062025050676e+00 4.964494170478432444e+00 5.767974055183306525e+00 6.785611059959014923e+00 7.787407865278497709e+00 8.755579196625395966e+00
-2.978973914156604508e+00 -2.154542530060067573e+00 -2.935371934376504566e+00 -1.837109131901177417e+00 -4.414595838949312068e+00 -5.702810715843978251e+00 7.481733943264150533e-01 3.809818660253430966e+00 -2.576393971779334935e-01 -2.242208975119926340e+00 2.152889920521781519e+00 1.041050810493089340e-01 2.536047750704777837e+00 1.008329772585726092e+00 6.698786773354745705e-01 1.550512321451638531e+00 3.152666669049435377e+00 -1.619235767450637242e+00 -1.755684180425149954e-01 3.809213804131344361e+00 1.830036642295086668e+00 3.334966755034941333e+00
-1.048278621347109407e+01 -9.481638108803455367e+00 -8.482115221633133473e+00 -7.482571063055232230e+00 -6.482155328108484937e+00 -5.480821905149653617e+00 -4.482642678035908546e+00 -3.481281740082932785e+00 -2.477889550341792813e+00 -1.482171592725933351e+00 -4.834396964446980860e-01 5.182208368046783420e-01 1.516701544211681352e+00 2.516515629874037430e+00 3.516263010488318130e+00 4.516861828552062974e+00 5.517097333954147587e+00 6.517156558619310758e+00 7.516459646211441026e+00 8.517614158378409073e+00 9.517747911201281497e+00 1.051745746521787161e+01
-4.961452196623213240e+00 -6.353839088516343381e+00 -3.570078330347151052e+00 -7.904439729115469326e+00 -4.000050388069764651e+00 -2.644542814059402502e+00 -5.618447457709194737e-01 -8.492057451737911045e-01 -2.406394832309319831e+00 -4.725987144142277607e+00 2.355457185940601939e+00 -2.276943009552004682e+00 4.000043992092559009e+00 3.017369669299604595e+00 4.602564831979925053e+00 3.103632157846396122e+00 8.818503645603508190e-01 8.048853980034831324e+00 4.936618460823181564e+00 3.952863081714848015e+00 2.721342881958242366e+00 3.022764243089828717e+00
-9.341866002860657048e+00 -8.044736159547966281e+00 -7.245093306487895291e+00 -6.215545824072282066e+00 -5.953307793615780774e+00 -4.321235103939810251e+00 -3.170171973963112677e+00 -2.554369629937852437e+00 -5.313037362349831483e+00 -1.691963588167151755e+00 -2.344197460050402082e+00 -1.276107185451147430e+00 2.204715845803280505e+00 3.201164723885989272e+00 4.014483848201165550e+00 5.152443637130382115e+00 5.054015606274752770e+00 6.708098828713602302e+00 7.016284819821171581e+00 8.666237419204104953e+00 8.944404251846151510e+00 6.898365235223995029e+00
-1.048235487904067753e+01 -9.483094848353758266e+00 -8.478831410069364694e+00 -7.479953683574118273e+00 -6.483412913639440944e+00 -5.482383362610237398e+00 -4.480647787113094083e+00 -3.483497455377492003e+00 -2.484299190003763869e+00 -1.481605037708186856e+00 -4.788399111818328890e-01 5.157333317805274930e-01 1.517489202659225711e+00 2.517821558158491513e+00 3.516419276933762106e+00 4.516639106314274343e+00 5.516296618025400278e+00 6.517405853014084371e+00 7.517281703989597830e+00 8.516205460171791586e+00 9.515961982648464712e+00 1.052024921063670782e+01
-1.048381772772840037e+01 -9.478982867165049342e+00 -8.482832760973414210e+00 -7.482888625426747709e+00 -6.483365149660542670e+00 -5.483612903817133954e+00 -4.478192427618930438e+00 -3.482620717449636416e+00 -2.483666138215500752e+00 -1.483098508282148842e+00 -4.801741181449603602e-01 5.169636891646671728e-01 1.520286871628313108e+00 2.516310750083471603e+00 3.516180625693348105e+00 4.517659469084289725e+00 5.516852586106804068e+00 6.516592620448616202e+00 7.520802198485885270e+00 8.516943244771507437e+00 9.516459195451286490e+00 1.051678351922467236e+01
-9.206945884173121541e+00 -7.139598128186738002e+00 -7.303911439641233017e+00 -5.335212528244253960e+00 -4.764262486813305664e+00 -3.703253773238249558e+00 -3.585238886900118160e+00 -1.923098354160886370e+00 -2.055835895831660043e+00 2.827627287539901668e-01 -4.489290997210386713e+00 -3.503675177388784867e+00 2.157516310774578727e+00 2.380987205079223124e+00 4.475353280738533890e+00 4.894642590409445049e+00 1.098604286694820242e+00 6.442720037107870112e+00 7.472151600421518047e+00 8.526167922239118013e+00 5.006972761163227759e+00 1.066102765406711939e+01
-6.099966985707758305e+00 -4.631684481576577639e+00 -6.624010901215695135e+00 -1.770273196752052192e+00 -2.681475121504091508e+00 -2.325995937558223314e+00 1.063281836950988879e+00 9.389880143306807980e-01 -3.078537611469227553e-01 -8.271706008377688324e-02 9.172829399162317765e-01 -1.807628457822356260e+00 -2.634736407844835426e-01 3.339493639177474993e+00 4.276748339046771541e+00 -9.638417608317562113e-01 5.581140377693249555e+00 -1.974515048962183661e+00 3.619068043683234315e+00 -2.754282316021527954e-01 3.008931408292975895e+00 7.452512812117136676e+00
-8.998131705387272916e+00 -7.950106579567497889e+00 -7.802131566682248831e+00 -7.021174024856423834e+00 -5.797498900216057294e+00 -6.362856320569341584e+00 -3.511768488530246479e+00 -5.495142455727594744e+00 -1.507918056596847300e+00 -9.714307385583260679e-01 -1.706867524243206313e-01 3.558993387336230052e-01 2.272161560664172963e+00 2.628813831273422164e+00 4.079460571282202963e+00 4.810038004691622682e+00 3.316300470735918715e+00 6.412503598288100903e+00 7.074734902110204615e+00 7.655749956572901915e+00 6.727974191514353386e+00 1.064379198891036715e+01
-8.153639497405974268e+00 -3.832954498530302345e+00 -5.611930725958488075e+00 -6.453357442133351718e+00 -1.337780123714965796e+00 1.767064492222973904e+00 -2.086231503525074693e+00 -6.302493725007270342e+00 -4.835787794038887810e+00 1.388069274041501266e+00 2.753161234208333585e+00 -2.496012698210474223e+00 3.927256577383769542e+00 6.661470918607781400e-01 3.282984844303525662e+00 2.303456876461566605e+00 5.852198809833123683e+00 4.446272514850686974e+00 3.631240445483142842e+00 2.649914420930205239e+00 3.786538706001372212e+00 5.044465546604506301e+00
-1.048219233615825630e+01 -9.481764315204170401e+00 -8.482475681738408824e+00 -7.482328868047757098e+00 -6.481830401854063339e+00 -5.482679365710771080e+00 -4.482289111749684807e+00 -3.482262960211800262e+00 -2.482794074849625332e+00 -1.481843231753851242e+00 -4.823308871550917587e-01 5.178357301787954725e-01 1.515354657037695674e+00 2.517285407944164888e+00 3.517262057824575905e+00 4.517295369370422975e+00 5.518008255823099617e+00 6.517740288241350655e+00 7.518028439445938460e+00 8.519008749587975160e+00 9.517329262061563711e+00 1.051822584257884863e+01
-1.109638240547372767e+01 -3.502923467302504257e+00 -7.845047404467618613e+00 -2.720525237174523436e+00 -6.668747162920396043e+00 -5.865116741460806971e+00 -5.612170949784504259e+00 -4.664863512234108001e+00 3.091591431771826493e+00 -3.214405103634073946e+00 -1.641253419797708002e+00 4.393768288269507494e+00 4.010106107977291501e-01 1.659768523460794398e+00 1.717541857285436180e+00 2.860149889715896787e+00 5.597358281152021497e+00 4.795287210045282578e+00 5.718340536147342057e+00 6.440408701800987679e+00 7.732239910912145575e+00 8.812552988551701105e+00
-6.874032057212688507e+00 -6.783965079373102114e+00 -6.898768684499284376e+00 -3.691381929515745508e+00 -3.788494566123678187e+00 -1.990369970867879701e+00 -1.910358046690108003e+00 -1.267547355056438674e+00 -1.734011610888843480e+00 -5.120132570333826294e+00 -6.316473679993801937e+00 9.575309523657524746e-01 3.178910422782076139e+00 5.089641953309886446e+00 3.603160815023954466e+00 5.324919146496070788e+00 6.122664596760476918e+00 6.662636093576975505e+00 6.454477533033452730e+00 1.847855527212635351e+00 2.876390476646241368e+00 4.645930859008585045e+00
-6.027008830344191992e+00 -6.510150187985412451e+00 -5.548630174470247312e+00 -4.530280392649288501e+00 -7.502655330579788284e+00 -3.798166028907776770e+00 -3.442043928564114452e+00 -1.826996217579577308e+00 -6.521897335214768887e+00 -1.078793143742427407e+00 3.137766212821926359e+00 -3.708016330502303948e-01 7.830133290562212300e-01 -1.521897335214792202e+00 2.543091716016630421e+00 4.569628066367983799e+00 2.289433308198193906e+00 6.375087522612020052e+00 6.287452363881239847e+00 7.291032052712068889e+00 8.864269734300355807e+00 6.927129057996689099e+00
-8.525985494861082259e+00 -7.650671782936136367e+00 -6.612448631663687237e+00 -5.985526363793630011e+00 -4.962988539835021307e+00 -4.146704147506944160e+00 -3.414704734960052335e+00 -7.986412522856148222e+00 -1.271531452091720027e+00 -5.734165702005068477e-01 3.275630942592487327e-01 1.793558568563809352e+00 2.385040652195312472e+00 -1.829047594174504354e+00 4.601559030948770612e+00 5.176681385087031018e+00 6.059255408737192816e+00 7.102462474631456857e+00 8.101753458957615450e+00 8.840726766916175094e+00 3.780462976487951821e+00 5.178956843755579520e+00
-5.292589667122174824e+00 -4.830761147250347776e+00 -3.832459025747545489e+00 -3.762231725990746511e+00 -3.867501807159881011e+00 -2.137212680319439784e+00 -6.418837145700436508e+00 -3.660440957199870393e+00 5.274117637299118311e-01 6.424379449563174527e-01 -2.633164926469687028e+00 3.862787319680560216e+00 4.785488855595287916e-01 -1.508484342877373985e+00 4.788181804538719000e+00 5.284104198584937961e+00 6.252037689665495002e+00 6.084842288795402787e+00 -1.454840768643062887e+00 1.666891613318090215e+00 4.354623318636769547e+00 5.845240192675537294e+00
-1.048289463702932522e+01 -9.480187721889125285e+00 -8.483046293597338305e+00 -7.481341407041684377e+00 -6.482781440358277081e+00 -5.482155680995107971e+00 -4.482208714227796875e+00 -3.482804134826787745e+00 -2.480795026164157591e+00 -1.483019143681636010e+00 -4.818575981665844665e-01 5.172185596417175901e-01 1.517048760909915472e+00 2.518100440163488329e+00 3.517917975444674994e+00 4.517309300262805749e+00 5.517665266651986755e+00 6.515991836447597052e+00 7.517024561424140217e+00 8.517353325743549419e+00 9.518457069654347791e+00 1.051758752729403668e+01
-1.048206639730123158e+01 -9.482492797754026981e+00 -8.482630387625915702e+00 -7.482693773440356466e+00 -6.481850676915859921e+00 -5.482207235626216146e+00 -4.482154269448738404e+00 -3.482244630090230331e+00 -2.481878422878006418e+00 -1.482273054055202266e+00 -4.814686036922850576e-01 5.175916881046340734e-01 1.517388391562468186e+00 2.518046233125692979e+00 3.517390604384903696e+00 4.517268951304922453e+00 5.518004152246483329e+00 6.517533949830299989e+00 7.517313043840895048e+00 8.517073164947992936e+00 9.517509977587229386e+00 1.051742291755295433e+01
-3.858434154287084361e+00 -1.571864229974349603e-01 -5.775608529801094626e+00 -6.812062684156321879e+00 -6.002081426748182125e+00 -2.007784283119441682e+00 4.492592773931986527e-01 3.588284078103921360e+00 -4.062813247990197496e+00 -3.062813247990226362e+00 -2.435812078807558123e+00 -4.762241283908443257e-01 9.877027763777748159e-01 -4.071191425141831854e-02 2.471993455806167361e+00 3.147783815112385142e+00 4.290558490990720841e+00 -3.613031470358001318e-01 3.503481982743183565e+00 4.948067119002487857e+00 5.770873666307117844e+00 6.283413429399346661e+00
