8.610876308038351024e-02 -9.895396838916254920e-03 -3.246645820625068592e-03 -1.054823550564044643e-01 -3.578140173971283700e-02 4.130754181421754725e-03 -4.200300380098411640e-02 8.218268568173613120e-03 4.310368180196991195e-02 1.827644597167215820e-02 -6.326852147185935138e-02 -1.060807823907930145e-02 -3.805061572106933215e-02 1.101087007807041995e-01
1.453282661730174175e-01 -1.613960066056925879e-01 1.347881023356212737e-01 -2.938081268890928299e-02 8.999072996460757978e-03 -2.208492301501335242e-01 1.029543993525362522e-01 -4.227244510885132256e-02 -2.342138979179582414e-01 -2.913900193796452598e-01 1.787524125522464979e-01 -1.634408676666278259e-02 6.614584673700363293e-02 3.204889941666416164e-01
1.794911119191044957e-02 -3.566582145425492567e-02 -9.162389026059931940e-02 1.110330534913672451e-01 -1.129132973306072596e-03 7.766982499989059929e-02 3.612017102698281135e-02 -9.543545528473354467e-02 -3.891398267403007316e-01 -1.370137847040115570e-02 9.232857564869745293e-02 7.489271609847558686e-02 1.893224749002736518e-01 -1.100982647832762784e-02
-6.104597813512033233e-02 -1.749800205777231332e-01 1.690464095868490779e-01 1.957607844820843102e-01 -3.139613461211613887e-01 1.267017090258498180e-01 -2.390545445388039258e-01 1.929010895493969424e-01 -6.765332200158293355e-03 1.099849349630502987e-02 -2.381087871748264334e-02 1.101403966232711584e-01 -2.169098877599784023e-03 -2.215108790003243039e-02
1.369611053767996744e-03 1.133241206315441646e-01 -9.893271817360341225e-02 -1.074315337253727715e-01 -9.427873729952829240e-02 -1.195664479437641425e-03 -9.730466539903734335e-02 9.177021636779730818e-02 -6.255427385158882081e-02 2.540833425760219422e-01 -1.407067837205441818e-02 -4.870856585934479899e-02 -3.908903707875484995e-02 6.462917930526525245e-02
1.092075812252068373e-01 -5.471386715502865594e-02 1.334268978389285265e-01 1.220134158310018629e-03 -2.542348236639448422e-01 1.774339361652711028e-02 -3.270065107870469279e-02 -1.418889954427090261e-01 -1.062826730321208835e-01 -5.811897426498056907e-02 4.933083337887154279e-02 2.030085139312466092e-01 1.775866539194639326e-01 -8.197342773539145755e-02
1.721216178686697518e-01 6.711676785883774476e-02 -1.799168332119403524e-01 -3.505361828035692962e-01 -5.134561916852999758e-02 -9.923572595945152897e-02 9.047463972448679947e-02 2.563594889340914396e-01 -3.901444711429735701e-02 6.165096089422125725e-02 1.362226620657598641e-01 -3.237533772009144606e-01 1.352147063615472544e-01 8.625193744676321050e-02
7.888026585034350197e-03 1.066146343827857786e-02 -4.734986565672612974e-03 4.464190496648010043e-02 -5.263694945512278206e-02 -8.427467713229094826e-02 1.487524816183863341e-02 1.381400452968802040e-02 -9.293424135886033111e-02 4.414828181485101755e-02 7.206050600236622861e-02 -3.839335246677913482e-02 6.912963625984637484e-02 -4.263426908398305903e-02
6.497588798106215813e-02 -1.095165224971377527e-01 -1.847388914396788095e-01 -2.777874220900150570e-02 -6.154153071476019254e-02 2.609471492512899227e-01 1.806102951680484958e-01 -1.274225290339323358e-01 -8.118742849055063382e-02 1.678237417784541607e-01 -3.138235859008652040e-02 -8.499637063628083522e-02 -1.706344315452286431e-01 1.664523266734768969e-01
-5.477926773430476237e-02 -5.875438822806422490e-02 -1.599613890584824782e-01 1.511988251423647123e-01 -1.506382645078026827e-01 4.639013114828470508e-02 -4.424894525782567534e-02 4.895295336958572358e-02 7.562180192889952912e-02 2.695386731607125053e-01 -2.344623966558676276e-01 -2.290957062878709594e-01 3.251238511059825198e-01 -2.327528242993688601e-02
6.782523159704358096e-02 8.489988089367456192e-02 -5.438512417988915562e-03 -2.216423805380540735e-01 -1.890942978200191912e-03 -5.123645678836807188e-02 -2.015664987143176989e-01 -1.749331916841996223e-02 1.045812917801725167e-01 5.420784252658616270e-02 -2.466201695890623408e-02 2.014787838481453264e-01 -1.205831492775528146e-01 9.313084189186018880e-02
7.616713730477896183e-02 -5.928825234727375104e-02 -3.389850599956090171e-02 -1.032085327743787750e-01 4.806980025904020182e-02 4.656958708235653388e-02 -9.161366628957452740e-03 -8.952061368629517235e-02 -1.843176564096062411e-02 7.553907654773581171e-02 6.313659711987533452e-02 -4.863119859323784822e-03 -1.485887140645375352e-02 -1.464057427490819512e-02
9.276291802518303597e-02 -9.626390157713823892e-02 -1.440699772375411136e-01 -9.385687695845859602e-02 2.471120620788082034e-01 3.111251096881982245e-02 -1.548106789927640448e-01 -8.180696486700816950e-02 1.178527017049131875e-01 1.775082264535821075e-02 -7.531524496193868490e-02 9.107888104203105961e-02 8.264545780503509964e-02 -7.258111397962528633e-02
-2.789349347646082333e-01 1.033431637644415674e-01 -2.179141317272284828e-01 1.434053330915512625e-01 3.642079179833597746e-01 1.782802846085591308e-01 -9.453044253738213110e-02 -2.497563371073369676e-01 -1.799735253482339092e-01 9.925430226306350412e-02 -1.926700446823077506e-01 8.414493400585101868e-02 7.407067928908994681e-02 1.286833968568557862e-01
-2.721641668799860275e-02 7.931762262380043227e-02 -8.732204830495872427e-02 2.899011073220333912e-02 -1.563057992518597505e-02 8.567139575474895519e-02 1.576805453652468242e-02 -3.387961532014442390e-01 1.609965596772768362e-02 1.914553751907855858e-02 3.946051207217569218e-02 1.348673046792485397e-01 1.191143657337554243e-02 -6.558366436214634445e-04
-9.181085279750109129e-02 1.769773153234749652e-01 -3.236874837078849154e-01 -1.214288098149877565e-01 2.065137393610088634e-01 1.696196170302014528e-01 -7.617163741209535821e-02 2.241154693853326940e-02 6.706527248339708147e-02 5.019221372500940609e-02 -1.093240084468588003e-01 -1.401197145772448832e-02 7.970410255426649271e-03 -2.704755784324964010e-03
1.431788110862341687e-03 -9.198085248580421813e-03 -1.064228907279136938e-02 7.454838331357953318e-03 -5.640411521248755999e-02 6.453694480207194939e-02 -5.023338458130287981e-02 -1.542908393794297783e-01 9.956769957826790141e-02 5.952629206620268371e-02 5.293901652028649985e-02 -1.267311598541252110e-02 5.147240202375954338e-02 -8.187655625712997320e-02
-1.023927947565576452e-01 2.252239762454841254e-02 1.236610679256962553e-01 6.093768901015372830e-02 -1.111963568997537399e-01 7.511304162592527534e-02 -1.375487127910166585e-01 2.863438416243292012e-02 -8.537264357750995458e-02 -1.083631224486130418e-01 6.789973471513305325e-02 1.588128714069756975e-01 -3.091182689195365318e-03 -2.800577761254458009e-02
2.921358261436420301e-01 3.927555676423336029e-02 -1.661091658444874553e-01 -2.895761895970427324e-01 2.410831423810098212e-02 -2.603404113810803833e-01 -3.260608209556094261e-02 4.538490886043400341e-02 9.179264543342029181e-02 -6.072667635865308666e-02 -1.735964018545520793e-01 3.375263135372730261e-01 1.952997882759277271e-01 -8.095783042598038437e-02
2.682198332744167857e-01 -3.373407877461672699e-01 -3.723831640558314393e-02 -1.555759409266188609e-01 -4.728720311955349198e-03 1.119008462607598564e-01 -1.371705892528921611e-01 -2.753258516572418269e-01 2.394623507775046622e-01 2.141326051327377411e-01 -2.503429143680552804e-01 4.269579536535669240e-01 1.383795360352849113e-02 -1.151778263383259754e-01
-3.292498220996494807e-01 -1.508936380254219667e-01 -2.098694956253593924e-01 1.068418175940595294e-01 1.540065715870003460e-01 -1.431981970557310302e-01 4.629111624013490522e-01 -2.295810721137647725e-02 6.110112442821075129e-02 4.484735944997659818e-01 5.346663013454082403e-02 1.041197767561809068e-01 -3.615440052525028536e-01 -2.115968164353919101e-01
-1.750341398160070727e-01 -1.101032325146666657e-01 2.362784064136194961e-01 -2.006259206953606988e-01 -1.824605677234523160e-01 1.546214624169302797e-02 1.565037467971413798e-01 3.286422409475411310e-01 -1.403710241110603385e-02 2.206879921889223078e-02 -1.440273310193279088e-01 1.059713454405650235e-02 6.315857718199838211e-02 -4.481216146934703659e-02
-4.367247433667738321e-02 -3.391765601047332102e-02 -9.053406686447829088e-02 -2.921767230726601272e-01 -2.264184764190828869e-01 4.317273953942729614e-01 -2.879366070630398622e-02 5.482947557540910344e-01 -4.879377104137277432e-01 -1.190755508447255001e-01 1.829493939589178220e-01 2.098551911124053593e-01 -4.198982298507589889e-02 -4.669999887080759221e-02
-1.579067320964331333e-01 1.803335260742243082e-02 -3.354241542172753388e-02 -4.679689956948385882e-03 7.324972725241870805e-03 -3.772681845660181416e-02 -2.972102439525187156e-02 -8.784728304030778312e-03 2.687700634668888089e-01 2.052570839652104184e-01 -6.844699930809536315e-02 -3.201143973886708127e-01 -9.436853963683992236e-03 1.325847822223546191e-01
3.478186612739629646e-02 -1.138690627032003938e-01 -4.249995218031690780e-02 1.550475423544208087e-01 -8.644197720864084389e-02 -1.332455842436319204e-01 -1.694339850239398593e-02 -7.171387492752621939e-02 2.216765721733795352e-02 1.850855060011102060e-01 8.920444279206532490e-02 3.531135143763260154e-02 -9.769592427938728063e-02 2.422003810808722943e-03
-3.926833986744759919e-01 1.077616405868131316e-01 -2.286318703730493007e-01 -3.026407081810305599e-01 2.131745717450946320e-01 2.121641153608754271e-01 -7.235070141954787898e-03 3.231665681362045350e-01 2.374795050380614642e-02 -2.405936504836562739e-01 2.693032560893899863e-01 4.823214574011356823e-03 5.981293394500888233e-02 -8.055895739136273437e-02
-1.665459548690376990e-01 -1.468629095656592831e-01 -3.993147566570725421e-02 8.168753625730094947e-02 3.019123246082923706e-01 9.051371865779238302e-02 1.977200676566213955e-02 -7.838706486520526096e-02 -4.741279155497885034e-02 -1.080258631106952305e-01 1.252860855612317748e-01 -1.905638607125288431e-01 4.192908592656212352e-02 7.823975826264505107e-02
-1.497303907403051693e-01 6.406276784762506005e-02 3.735278873296870444e-02 5.607079434131800183e-02 1.145562644926305523e-01 -1.065461228940596389e-01 -8.939713560350937005e-02 -5.995995848898410391e-02 1.295151552878133216e-01 -7.121301285838378681e-02 4.392726766439536412e-02 -7.110605048847987164e-02 5.903011240392423697e-02 5.048115998721125486e-03
1.485244190089228256e-01 -1.921364428679080139e-01 7.867329944172279932e-02 3.149640322826758460e-02 -1.280549115718258579e-01 9.113933394987984438e-02 -1.922067810521500275e-01 -1.025090067938543154e-01 -4.733353956720399297e-02 6.459199761866080136e-02 1.556376035662138668e-01 3.817962502875484748e-02 -1.129470002428364511e-01 1.285555959490305156e-01
-2.226463918398046138e-01 1.412894737358043884e-01 8.669622218868514030e-02 1.420644742415399231e-01 1.070938346248560546e-01 -2.704664658794309062e-01 -3.359414343943990522e-01 2.263089770112313714e-01 -8.534669726271891521e-02 -1.404296727927199506e-01 5.951377100216787008e-03 1.325480246228295522e-01 2.489006877041707866e-02 1.495988055691676588e-01
-1.200746098035312820e-01 2.500139954327124103e-02 1.462318108081542105e-02 1.321240495722192931e-01 4.351555979058364249e-02 -1.694547530742478714e-01 -1.651591741486382048e-01 -1.493529386413119386e-01 2.005188371009677950e-01 4.208373657234226045e-02 4.937239554894930910e-02 1.578851607094868270e-01 2.356272027147857107e-02 -1.230349688267106528e-01
8.804497074354906971e-02 9.563196233563066306e-02 -1.534504210816556580e-01 -4.548974769610053537e-02 -1.884864096318780713e-01 2.973058124491860799e-01 1.548508922759250089e-02 -2.165521516508797373e-01 -1.300701888635897863e-01 -1.139816212894350367e-01 1.832163337421494412e-02 3.745805236430478635e-02 1.874570682183534232e-01 6.993654719638180139e-02
-2.843203407028250390e-03 -5.525198426753261116e-02 -3.694234661377817502e-02 -6.776799189635863974e-02 6.149042020220249483e-03 2.765341487873826387e-02 -1.915811164052691473e-03 -5.747180533493888299e-02 1.575302388874866011e-01 8.086247130785859105e-02 3.042288827395413578e-02 6.416681862015044535e-02 -5.564204826761666445e-02 -1.273390873414279867e-01
6.072638495207411530e-02 -5.273817916708790909e-02 1.292381758156104302e-03 -9.437532482377572474e-02 -7.553046599262659352e-03 -5.658939800880664200e-02 -2.974739182349096095e-02 3.351499553989611968e-03 1.597784622868464455e-01 6.148951487440153935e-03 3.783005671183214957e-02 5.764841038060589812e-02 -1.117811480440789734e-01 -1.238106296876718450e-02
6.515477907374160604e-02 -1.156696807435144275e-01 -4.455779070746819781e-01 -1.457266714020521436e-01 3.781111035944194620e-01 6.138760213361660854e-03 2.571001153213136048e-01 7.081113660291644268e-04 -2.853685388799252071e-02 2.114816216936041965e-02 9.435098269222925993e-02 -1.656493455999451803e-01 2.263560346150534919e-01 -1.862969946416480060e-01
9.411950505881991336e-02 -1.643551767374037964e-01 -2.959930577165703069e-01 1.583201705240170620e-01 1.282613134806582234e-01 -4.240991978793135636e-02 3.109780534396220514e-02 -1.771312548779972740e-01 -1.606213355167918078e-02 1.687617869427516792e-01 6.581324601790730644e-02 -2.069931649068892932e-02 1.711221042353285315e-01 -1.392344767454995469e-01
-1.624895914792666984e-01 1.536326946383973213e-01 -1.123468542439458491e-02 3.916883073911588131e-02 -1.048151894070992879e-01 -1.092861567650772470e-01 3.513427135753738328e-02 1.667037669204574080e-01 -5.554679296145812600e-02 -6.990378673883107519e-03 3.063632708667099122e-02 -3.610694265362068833e-02 5.632105738283594079e-03 1.717233658001156987e-02
-1.237701328129376006e-02 -1.457129866268886131e-01 -9.978363079306450806e-03 1.525875439700826730e-01 1.027925882158215592e-01 -6.180165385350556290e-02 -1.052970949044732124e-01 -3.793579171041717990e-02 -2.711132815016600514e-02 -4.063589100656642139e-03 1.804524106210266265e-01 -1.154766405582987737e-01 -8.722712585947046959e-02 1.327596400132202425e-01
-3.595056074921272604e-02 -2.158866551846150006e-01 2.337139524553402681e-02 -1.018834456313117004e-01 3.031280623468425306e-01 3.065988554684708212e-01 -4.494324638902409963e-01 -1.066025266727063520e-01 1.298565089848913445e-01 -4.544557218172774055e-02 -3.726663853594629899e-02 8.948836747014883575e-02 2.181763797774186053e-01 -1.165411107518709299e-01
-2.243322168486280507e-02 -2.331500783226770346e-01 6.667229985062575470e-02 1.704158309900561108e-01 -2.387997774916701399e-01 1.875827634284983614e-01 1.451824565991532145e-01 1.769366436329868897e-01 -2.420726675013909479e-01 -2.800293814906166801e-01 8.532340381082213765e-03 3.505030658028978653e-03 6.007947500412731678e-02 1.591888816423332187e-01
6.413539789205555293e-03 -6.292142127909438817e-03 -2.735481612055180520e-03 -4.288556296473804846e-02 4.339717007052582703e-02 -3.295517696449088568e-02 -1.106877542967998479e-01 3.947235164144387298e-02 5.657421573892002647e-02 3.676747831544638356e-02 1.841987844323724659e-03 1.716274583700676606e-02 -2.993965516423465270e-02 -1.452312041096967890e-02
-6.709050049463424759e-02 -1.260855552228161980e-01 -9.699801197374263717e-02 2.234577440851046592e-01 1.044195750992087945e-01 -3.068930363170752074e-02 -8.957171202009707456e-03 3.850150184906797612e-02 5.110153317521520799e-02 -1.622726805945738093e-01 -7.822080366169847920e-02 1.047913542940229203e-02 4.504508333240682394e-02 5.892004950645116784e-02
-8.300897594390761747e-02 -1.938568512499620478e-01 -6.086650957281886098e-02 -1.242419917854993561e-01 1.539594066820702822e-01 1.699961748166447795e-01 5.531959542639124788e-02 2.967034273181363146e-01 -1.745895814021705128e-01 -4.193459529223692028e-02 4.508346263974746457e-03 1.122029121053363249e-01 6.529818120725135351e-03 -1.591105797910090935e-01
-9.980496297293692254e-02 -6.214990996459146544e-02 1.172591631009707175e-01 -7.507118151792707000e-03 1.276358597275145390e-01 -1.317625701360887747e-01 -8.100497424673677727e-02 1.372553609304794087e-01 -2.706285422188136128e-02 -5.960320991503745280e-02 -2.738037885548496447e-02 -1.320652802162334549e-01 2.040011939579188804e-01 3.800276659574788884e-03
7.080703317214652459e-02 -6.871292884580779137e-02 -2.321086531735127578e-01 5.686789717773788055e-02 -1.643205678698991812e-01 1.226613797361812697e-01 -1.941982824260752860e-01 3.227714310994458380e-01 2.324505177675285084e-01 -1.140025579147031509e-01 7.606925327931661485e-02 -4.113958935407380779e-01 3.586676070052622900e-01 -9.394563977120833076e-02
-2.029685656406363808e-02 -1.363375576226702295e-02 -1.503314249055021437e-02 -2.333118507938407304e-02 -1.784055401013036682e-02 9.389946450982596463e-03 5.676389420613641573e-02 7.047243385046055020e-02 -9.747342327228514236e-02 -1.827091952079900813e-02 3.079419959707879739e-02 4.374267205311892226e-02 -5.330497021707189531e-02 9.632256454448488020e-03
-5.940344233455537026e-02 -5.359572551393147061e-02 2.036473489685463323e-01 8.048546147217769398e-02 -2.889953591186485982e-01 1.167272887193493425e-01 -1.432485350079572006e-01 -1.864307728599800817e-01 -6.293138796304585669e-02 8.114698049086299658e-02 -7.044025512761492580e-02 -6.991962145109588411e-02 2.879067995813742176e-01 1.266618158401932037e-01
-6.178903001423692587e-02 1.844972388278003778e-03 -1.829605798050699950e-01 3.858149621367659710e-02 6.120931897578773401e-02 -2.172136550628080698e-01 1.374795609149689068e-01 -2.407869135842735306e-02 9.869917835294964026e-02 2.208180685054621506e-01 1.219886392386233809e-01 -7.016496525950582930e-02 -8.409634510996306933e-02 -7.870737228406074482e-02
1.846947345838638455e-01 1.434407450732498590e-02 -2.036879734945036824e-01 -6.658297615232490474e-03 -4.818775136184304253e-02 -2.518164585485885842e-01 2.147903928373410751e-02 8.330020632076169662e-02 -8.199846233252297556e-02 2.469856283237933381e-01 5.649803179636628259e-02 -1.443746746549577631e-01 4.219680624705185457e-02 4.883569264042680880e-02
-2.578366966303904939e-02 -3.210918380969934871e-02 -7.983834749319455859e-03 -7.451581230386790378e-02 3.749974855316825367e-02 -1.041317909962772015e-01 1.439094350642446396e-01 -4.580539887062534676e-02 1.379342322109222523e-02 1.312690132219181960e-01 -7.811746326006475949e-02 8.919007040779192153e-02 1.005211417954353630e-03 -8.660915253760209653e-02
