6.266018651055382804e-02 -1.215223732454187577e-02 -2.401750971416279357e-01 -6.407211812609767132e-02 2.713660526459966693e-01 -1.455384432219873347e-01 2.325013584919205234e-01 -1.450698347037855107e-01 1.383726793713348224e-01 -1.443210319923284198e-02 2.659843024861760497e-03 6.302474585576032240e-01 1.602717747835676332e-01 -1.081757413590413164e-01
8.935690030991007282e-02 6.471385275482707811e-02 5.459983448912966719e-02 9.540057039045789222e-02 -1.549071832147064787e-01 8.778058254011060491e-02 -3.765068950640246964e-02 -4.541900057051045936e-02 -4.878613214395681463e-02 2.708386465972417029e-02 1.093689094271602796e-03 4.789228802820668096e-01 7.625983022379347054e-02 8.001477900080893046e-02
1.607520574114399553e-02 -6.363140106611939184e-02 -2.021114457184100544e-03 -7.352631505654041999e-02 -2.166550934064419842e-01 2.324151092591514867e-01 1.798057397016586401e-01 1.250107114744813952e-01 1.273256748779298675e-01 1.851983819920846874e-01 -3.426390015593202554e-01 6.719703986819720587e-01 -4.663987784273820880e-02 -2.422464003055369020e-02
-3.496884994760441484e-02 -6.973943740123070278e-02 3.001370542370950800e-01 -5.591518478441882822e-02 -3.247588198478015137e-02 3.478147987349379799e-01 -1.391605048893340135e-01 -2.589180968844724262e-01 6.329596466346535874e-03 -1.347451663197771210e-01 1.528292803450340964e-01 6.164694048611658594e-01 -2.856956279580762439e-02 9.937632867236979861e-02
2.721674433087563350e-02 -3.128458133276744435e-03 1.208685235033353650e-01 -1.267002703714505477e-02 2.484941580099218200e-02 -2.108094097358074667e-02 2.598820030127720754e-02 -1.088217267134129404e-02 2.295137658573884534e-02 1.157735497970749025e-02 9.064004816355500371e-02 6.475247285202557768e-01 -7.286029219937215085e-02 -8.253072286149754078e-02
-5.501815936231878312e-02 -1.278010447687906170e-01 5.255533665888327821e-01 -8.067900930047942898e-02 -2.533054375251350132e-01 1.095452224881322545e-01 -5.470541537618141270e-02 1.430098121535672839e-01 -8.675736287458532536e-02 -1.061825789209776549e-01 3.810839328095022571e-02 6.434460512547608424e-01 -9.810331805805190541e-02 1.713532587298008947e-01
-7.336925344768874258e-03 3.984308482631946507e-02 1.166950195508968252e-01 -1.460158709771460298e-02 1.144000656899400170e-01 -3.913253226116833808e-03 -6.144734083480857430e-04 -6.329996896791230399e-02 -4.604563843298434267e-02 6.730670909098453170e-02 -1.307278829924316335e-02 5.934822154523039517e-01 1.797234465844602808e-02 -3.235102618227845422e-02
2.443524671358230857e-02 -1.026651434849108202e-01 1.246991604775976176e-01 5.767861602152667827e-02 4.541574294273115903e-02 9.047703101812662463e-02 7.478918476971431473e-02 -1.028519503461292756e-01 2.462291005698281215e-02 2.564851532604280407e-02 -6.535323190202432797e-02 5.754347364983560809e-01 6.200083948251348259e-02 -6.586787926458555209e-02
1.856090710389012299e-01 3.600195132784930196e-01 -6.528942528683806534e-01 2.286818753545429295e-01 -3.621876712660070385e-01 4.478694216007639839e-01 7.591687785406510403e-02 -4.953573614164585859e-01 -1.761090180470458455e-01 3.982784137893855686e-03 2.263794334467462144e-01 4.755061283047018472e-01 2.815139712219508761e-01 1.695330056693570564e-01
-6.072348243777402066e-02 -2.234598018315166190e-02 7.267564633210196745e-02 -2.058828412105078998e-01 -2.718332592237410195e-01 3.688757605014828522e-01 4.334901751836355843e-01 -3.969165041848812803e-02 1.849554930038128375e-01 -2.812710982034682949e-02 -3.876640513571235069e-01 6.586871066646649009e-01 5.478622477408440217e-02 1.126174650087460871e-02
6.955112324644421862e-02 -2.638048670001802987e-01 -7.106603826542071123e-02 -6.846389771295711968e-02 2.126019719146695075e-01 2.885644554041094101e-01 -2.383423463561780420e-02 2.709205667994192268e-01 -5.528726594803586025e-02 -1.962136131028067165e-01 1.504128669718466926e-01 6.116375049818923992e-01 -1.296391702555202974e-01 -2.691562408831857378e-02
-1.709828554552773883e-01 4.227967092764489676e-03 -3.655658668160466362e-02 -1.544345381797144756e-01 -2.225980307065536234e-01 6.188402019993063385e-01 -2.138489539099153736e-01 3.518995617255975539e-01 1.843739483400649859e-01 1.230242028425150846e-01 1.013449423324241927e-02 4.602062336695593170e-01 -2.146281451967554932e-01 2.880627853629486035e-02
-8.224621861542036338e-02 -8.293820959200925991e-02 -4.780339992652715697e-02 8.868212651604437391e-02 2.920473942579923099e-01 -3.846614105066169242e-03 1.221317642443906365e-01 6.515619800926267247e-02 -9.331966412983977444e-02 3.134565930633842479e-02 -1.313888039296919052e-02 6.669575141025714249e-01 -1.802076988770246191e-01 5.643807511780583874e-03
-5.008056899996427003e-02 2.031361536068439222e-01 1.191331179332022899e-01 -2.808179898527898843e-01 -3.888511932701933793e-02 3.776159427319553119e-02 1.704192905167174199e-01 -2.046773972654914175e-01 1.754656134374544818e-01 4.762791444368022487e-02 -7.784104773893851803e-04 6.169265094162988960e-01 6.711211521966622962e-02 -9.387904461488062735e-02
5.937807563803754358e-03 1.201166421784485329e-02 1.577322995691400331e-01 -9.653230408733258494e-02 6.960171693574403184e-02 5.493367606672727027e-02 4.376474324702978036e-02 6.372956672725677008e-02 -6.542417681493502279e-02 1.552284982192243118e-02 -1.046196137924330360e-01 5.934507416126015844e-01 3.207674260464202926e-03 1.514713298168992792e-02
-9.965332022568017256e-02 -1.596201183376042831e-01 -8.634078844813528053e-02 1.606059296243134427e-01 1.974466006569612353e-01 2.374156029690981107e-01 3.601959695202885947e-02 -6.268595102567571520e-02 -1.491088913705830056e-02 -2.756776490354694714e-02 2.541533198800115523e-01 5.877288096222047509e-01 -4.021988361299159986e-02 -2.139073657044016918e-01
-1.419539737704917648e-01 1.750412457306087244e-02 8.777166176235369488e-02 2.369073566835535882e-01 -1.795805930966364594e-01 3.601830254477850907e-02 4.522449775876171904e-03 1.197861055539334724e-01 1.013962070195400383e-01 -3.512865519485002808e-01 2.950769619464678750e-01 5.193705855186186993e-01 -2.819388196501234484e-02 5.112502371198206219e-02
4.993228029150115210e-03 -7.258028283296663608e-03 1.000536094267580889e-01 9.347143099393176446e-03 5.142957287195699251e-02 7.601411095311813582e-02 -2.711655324661300243e-02 -6.315107474524743469e-02 -3.790253416150402010e-02 3.164913580962311346e-02 1.472683892152073792e-01 6.302882988596633096e-01 -1.780128276747537375e-01 3.086130815606855787e-02
-3.040997804564660734e-01 1.115493193454333148e-01 -1.166513660257927076e-01 2.567381257217054569e-01 3.310223582279113175e-01 -1.258205740997111848e-02 -1.634151488407150909e-01 -1.556593534429913384e-01 1.496764518606452377e-01 -7.946077412333535372e-02 8.782059238769159004e-03 5.888242743885858665e-01 2.564031919038035068e-01 -1.026635220780580948e-01
7.115874663071371231e-02 -1.129637092506537016e-01 1.719303331709402249e-01 9.066226141869808408e-02 -1.763508865615354415e-01 1.550011576773522581e-01 -1.749513495395492446e-02 6.584331539802455724e-02 5.566021028730550740e-02 -6.690255287544910612e-02 1.601666728215244209e-02 4.687005903316951438e-01 4.174761573675807996e-02 5.455164017477066862e-03
1.050321729116110159e-01 -1.430050562910653300e-01 1.017301560316055814e-01 7.677772817312603082e-02 2.913798887121161335e-02 -3.234738424367685217e-01 2.383845262324435499e-01 -3.513839663525986784e-02 1.018277614822501176e-01 2.551752755498604142e-01 -1.506083529489720685e-01 4.844366215293074984e-01 1.231712941674823619e-01 -9.498409832730844715e-02
2.067551452438725623e-01 -1.655967618779700112e-01 1.515426014032328073e-01 -2.715304095104965620e-01 -1.127370407693504828e-01 4.517595319158738687e-01 -3.136693147863178210e-01 3.702277290076893546e-01 4.627926433896129010e-02 -1.939426395329141295e-01 2.541041772876798110e-03 3.628238042321632051e-01 -3.634285493884448649e-03 2.376451123657875864e-01
-8.053826070381821939e-03 -4.956813135768124018e-02 1.442233397876372392e-01 8.447235532133889890e-03 1.778227750825289166e-01 9.373144595872091867e-02 -5.139951630790121767e-02 -3.709164374604423386e-02 -1.089815363913980567e-01 -5.090037856387517878e-02 6.291927999691207529e-02 4.839097750270884291e-01 7.518977514782343441e-02 2.821518421396100595e-02
1.400184860081459537e-01 4.728234904087455504e-02 1.001063961484183057e-01 -2.061650902731222701e-01 -2.262858598326523418e-01 1.415816777575525931e-01 8.991933752216198228e-02 5.726495258418750484e-02 7.849709302934800015e-02 -1.753137957026562332e-01 1.527536994343410282e-01 3.399920577110341346e-01 9.045324772575277783e-02 1.383592271561380482e-01
-3.021410982023547964e-02 2.100491659380827603e-01 3.008494285280368108e-01 -2.705141648822840805e-01 -2.242866797810190160e-01 2.791341774679175283e-02 9.166981219797981292e-03 -2.268994662820485730e-01 2.477707403793731611e-01 1.713808770086460986e-01 9.955318918573656528e-02 3.331732531196721636e-01 2.920476087611897920e-02 9.131638507285501360e-02
-6.621389252665277336e-02 3.544398189566713014e-02 2.226757217103446651e-01 -1.034081148520821919e-01 4.286740631956365705e-02 9.673070837888475548e-02 -4.582196732548301371e-02 3.843754348372654950e-02 7.099258431127390689e-02 -9.074769243603492130e-02 -7.561004366337242821e-02 7.088023574359056944e-01 -1.024514758412324866e-01 3.676666141901549500e-02
7.874332932118635608e-02 -2.986922744993003587e-02 5.473679792525437682e-02 1.617469232841090704e-02 8.760853452828037957e-03 1.084031989087618497e-01 1.340660553800582799e-01 -9.005980058939984378e-02 -1.377884941753937942e-01 -1.535710755642049896e-01 1.001690560778578376e-01 6.803808630794558887e-01 -4.812798102326300287e-02 4.644551063790236523e-02
1.129683323142714746e-01 -2.835912069960487836e-01 5.326002199753643307e-02 4.210736661144024590e-03 -2.366018651689524160e-02 2.930988778005373385e-01 -1.946904811702032667e-02 1.627832185368552897e-01 -3.950120059734000405e-02 6.935356975414845582e-02 2.983036366015857921e-02 4.308036664439343078e-01 4.830504249879055689e-02 -6.992840913054781948e-02
2.640312865230972639e-01 2.382319310404770046e-02 -5.056702439247743458e-02 8.023542092800461933e-02 -2.051378456828320263e-01 1.399556941266203065e-02 -4.607124698696434678e-02 5.604584985299485358e-03 4.956497560214025155e-03 1.949785147276255140e-02 -1.833217750867449369e-01 6.794786387738285249e-01 3.283022787338251564e-02 1.291083998252441911e-01
-1.972722075663238539e-02 -1.711533103544668477e-02 -6.920353843556019402e-02 1.663397942423057718e-01 1.142911298272926701e-01 2.325349642730046851e-01 -5.415122506263299329e-02 -2.360882820196656129e-01 1.327868829912838555e-01 -8.873882617575681864e-02 2.164754554467835518e-02 5.387969357494534206e-01 -5.737935280919832792e-02 1.044703019763984497e-01
1.334800658155478048e-01 -1.719972030260016049e-01 1.026351685164223621e-01 -4.671242230183079991e-03 1.260460724294187596e-01 -8.450956916906293692e-02 -2.054021087732074979e-01 6.434680151063711107e-02 1.520736965885201297e-01 -6.927736872131144696e-02 -1.122955023759287796e-01 9.075989854059769435e-01 7.656086124601083065e-02 -1.461248789073144871e-01
-1.164393482587934986e-01 -1.211005277074258812e-01 1.996442128375613412e-01 -4.420643902830806438e-02 1.381395319365806007e-01 1.791164544225089250e-01 2.065012620716161901e-02 -1.137342482445852926e-01 -1.592036988881694315e-01 2.324107596666908082e-01 1.599010547224455903e-01 4.284738048506497865e-01 -4.185098436743613787e-02 6.663080160643665081e-03
-1.470342468103017497e-01 -1.276893852735764556e-01 2.894450712866086795e-01 -1.536665441854651593e-01 -7.779790328299973634e-02 5.037468097843531556e-01 4.376047650657244326e-02 -4.149081339778940558e-01 -2.400516026871840625e-02 3.388803157859476833e-01 6.180221114884684730e-03 -5.365541581812993677e-02 5.043486672995423081e-01 8.085900614870074332e-02
1.566014993334875760e-02 7.200322223747115946e-02 -1.069186421635240358e-01 6.089676508120134280e-02 -7.511331530297966907e-02 5.744186724002148248e-02 7.393999652190073879e-02 1.578231117766548119e-01 7.591941426976311913e-02 -2.370899866011745849e-01 -4.343853226304134063e-02 7.004577683690108580e-01 5.343934193753629991e-02 -3.655738272666481103e-02
3.502692464890477114e-02 -2.502464131777774603e-01 -1.576204542077360160e-01 1.689117563648047937e-01 4.173106782008549620e-02 5.758600379814980685e-03 1.486870191270076545e-02 2.792310771263560309e-01 1.574067364382669976e-01 1.828149792361564163e-01 2.109536742215871452e-01 3.506357660146260380e-01 -1.468082443093830097e-02 -2.563278140373277392e-01
-4.152121473126811624e-02 2.615556483248482333e-02 1.190988855501780158e-01 1.154464119965385865e-01 2.383634314509218977e-01 -1.159757876628673273e-01 2.102031508001643914e-02 -3.865862372025341553e-01 1.541867975165649718e-01 -9.810687950834316717e-02 1.595484445766400666e-02 5.529571244673407993e-01 -1.411789382634696596e-02 1.815884158891740985e-01
-9.084252660746286456e-02 -4.564764473961811092e-02 4.573965023243026784e-01 -5.350716811488168134e-02 3.036036530007350104e-02 4.523664549414818659e-02 2.198028222891905414e-01 -3.494196524609758381e-01 -2.446741101376788685e-01 -4.851241550860564689e-02 8.581964032677322218e-02 2.131548627657482708e-01 1.641666633214108884e-01 3.851297940570998501e-01
1.565318376629220021e-01 -1.652085798328473687e-01 2.816057565526594586e-01 -1.757959717224061857e-01 -2.691002310040387924e-01 5.469147699779856181e-03 5.780321687020276156e-02 3.579044782235267785e-01 -3.913229236824903277e-03 7.936802958660492402e-02 5.832613051778629681e-02 3.603473984886816917e-01 -2.227045426623950886e-01 2.478303371658727994e-01
-2.019535580653744611e-02 -1.444223409341007791e-01 1.709080579269279532e-01 1.578789370329539143e-01 9.544291094477977411e-02 7.927851624228623995e-02 -1.602441869827030130e-01 -9.981575740705046773e-02 1.758237568166357290e-01 -1.994598756301284304e-02 4.008382245176145969e-02 4.229139289407859437e-01 9.063135477267826590e-02 -1.987387812588069930e-02
5.686481567718119912e-02 4.069988095110110837e-03 2.784758911421593153e-01 -2.148987197826529028e-01 -3.669576092535625778e-01 3.205209190682058451e-01 -1.178958906950598601e-01 1.696355008440804946e-01 -6.787087846265278668e-02 2.145670952638764617e-01 -1.366290246636794325e-01 6.173688959339591609e-01 -8.425310740606034576e-02 9.546590254861939129e-02
-3.793335757543464526e-01 6.508471494708429894e-01 -3.150227048344256264e-02 -2.106850287615699979e-01 -9.606218710478900968e-01 5.208461572181212196e-01 4.931866300051197527e-01 -1.102356798049108022e+00 -5.282470670681359559e-01 -1.496161425673403766e-01 1.331052281712513885e+00 9.962134191091652768e-01 3.673960115843882823e-01 -2.287151170587941595e-01
-6.969490569065446561e-02 8.634291561538436077e-02 -7.181122571222832429e-02 1.132206125944825448e-01 -2.702723565181368581e-01 3.411090588698611481e-01 -4.496171546600211122e-02 8.934619577477229124e-02 5.624403424181648181e-02 1.142644333684749436e-01 2.083212848455118921e-02 2.898007779651501359e-01 7.089325886512187758e-02 4.315056591693083865e-02
1.021601743486851149e-01 5.749088734346076424e-02 2.352962984796473367e-01 2.310794280814551516e-02 -1.324468951471257649e-01 -1.366186185869093517e-01 8.368284111667106950e-02 -1.209947293061289508e-01 -1.649844255674072779e-01 -2.024240398178485667e-01 7.052312947719517611e-02 7.491622582523447260e-01 5.760886435119215443e-02 1.469000905576020866e-01
4.787431930528913970e-02 -6.875109614624405618e-02 8.035255444013496284e-02 4.334410564484578177e-02 3.535045727764780932e-02 9.569907139640544680e-02 7.560288506891844895e-02 -3.114402681045826821e-02 1.361419529172136142e-02 1.259822115825035699e-02 2.846261108386576727e-03 5.009267129038115218e-01 -2.490562166808054506e-02 -1.494426066110454698e-02
9.898171447550177526e-02 -7.938394364931049274e-02 1.030241746149794663e-01 1.204647953801744019e-02 -4.039810256701963087e-02 1.794024401824689807e-01 3.101603993560888423e-02 -6.607208137609178744e-02 -5.959245854306662732e-02 -5.544490821164903965e-02 -7.480813589537656239e-02 6.364637459221873517e-01 9.547773183429054955e-02 -1.224891795101616145e-02
-1.716219700216662924e-01 -9.643230172351176244e-02 2.960371325075019100e-01 2.342712743025313349e-01 -2.003403263689950975e-01 6.674877835601872311e-02 4.028108985103193151e-02 -4.330673073353907832e-02 5.495990161266418872e-02 2.294551465041351490e-02 -8.826864131698473892e-02 6.693860319351142563e-01 -2.312039684705046588e-02 6.924422105995628463e-03
-1.850512233315034297e-03 1.153422962208196789e-01 -1.382616282169278100e-02 -8.154286386215763016e-02 3.348224016168405148e-01 -1.341662540927004710e-01 -1.630344742603777597e-01 8.688621157875629775e-02 -4.882771352211533883e-02 6.590167619866101056e-02 -1.948576388742330467e-02 4.739397873377442227e-01 8.159183743811997125e-02 7.271331259836474881e-02
-5.655231070244352842e-02 3.535038995184278110e-02 2.051004088526435787e-01 -1.104250970789230901e-01 1.655206410864586419e-01 -8.605554361051662160e-02 -1.518211645604989474e-02 -3.302573973819530329e-01 3.067420879220389418e-01 2.148138995950466812e-01 -3.538908844288926603e-01 7.003207762792076352e-01 5.130504120081924579e-02 4.167388308024535387e-02
1.304411747089825532e-02 -4.800203628166660463e-02 6.840740905690480267e-02 2.001966627712066238e-01 -1.418234421464905637e-01 3.308112486248872275e-02 -7.536160533892290181e-02 1.329005226626741587e-01 6.457840475592982465e-02 3.040672550606718372e-02 -1.595771208211289593e-01 5.626411871728497216e-01 1.345326956536150309e-01 -4.656086701490114166e-02
1.038473162587055798e-01 5.863167867604653777e-03 -1.488797576473754602e-01 2.730516375343912394e-02 2.606860309962100719e-01 6.636640943918192814e-03 -8.893073356088390669e-02 -1.962924036030465613e-01 -1.205954314126872484e-03 1.772542497194301570e-01 3.706289615515689917e-02 5.995848609795577655e-01 -5.144394055494505569e-02 3.697624131587959329e-02
