1.344692485466681298e+00
1.035847321223189121e+00
1.318390276048698295e+00
8.360767801862520887e-01
1.069368800507261241e+00
1.020578874916723722e+00
5.270889674106709055e-01
6.554425082854258289e-01
6.742655824342566051e-01
3.944034171311508352e+00
5.167454037138042855e-01
5.061843494593375459e-01
5.837447324899132095e-01
5.136701641744568780e-01
9.467220795288302515e-01
1.869586702830763558e+00
1.202920183773763974e+00
3.923971258928632411e-01
3.963834752266632400e+00
4.542242517249632794e-01
2.954414336470934987e+00
6.212580757707006907e-01
1.553713789686727242e+00
1.076944275483642022e+00
8.424616707280749850e-01
2.162782197397101758e+00
4.479271243897565702e-01
6.446689589933978226e-01
5.880077195217741082e-01
4.563553136041939018e-01
5.448645763364119432e-01
4.566507598817015623e-01
8.970548188575711013e-01
7.455813001053883671e-01
1.025304281706040710e+00
4.567657839604093994e-01
1.416787719975628246e+00
2.731950256675620192e+00
1.182596770148352627e+00
5.268750676611558825e-01
1.695009845538174353e+00
5.822236237805349379e-01
1.417816298310518475e+00
1.093330849938209948e+00
3.981602011230512828e-01
4.559094402486931763e-01
6.368283503137082135e-01
7.449388905376750358e-01
8.899356596671368358e-01
3.407570317606892996e+00
