-5.370861189723911966e-02 1.629704582392304049e-02 8.256680821474689236e-03 -1.733316020637891419e-02 -2.145482501124116315e-01 1.106707122179436953e-01 3.780581357702446355e-02 -4.013470826561454236e-02 2.584194142947963610e-02 -5.557103746248385351e-02 1.042912813511080727e-01 7.129488741065219681e-01
-8.662916035755077737e-02 5.367192784474738437e-02 -1.660339065866516250e-01 7.458967547390582542e-02 -2.238353786894383413e-01 1.167899411198355386e-01 4.974535331735555760e-02 2.383446077685814207e-02 2.166617971599798242e-01 4.074078624462058873e-02 -2.717329003513075381e-01 8.070139854309930083e-01
4.170859212189294979e-02 9.696836353101824513e-02 4.283004872160795645e-02 -2.163464132198215581e-02 -2.160859571236403709e-01 -4.522334668708210409e-02 2.958835824342895965e-03 5.259383595131478240e-03 -6.665830706368862379e-02 7.020216758361252918e-02 9.432471385699907340e-03 7.150589708164348801e-01
-1.559709258368799922e-01 3.134413095885725531e-02 -7.718831168637543816e-02 8.319710097603046431e-03 4.268823526862401685e-02 6.981591100559142449e-02 -1.343071169457830116e-01 1.176579598092789419e-01 2.358993413109632120e-02 -1.073477370500068168e-01 5.295780634519933056e-02 7.632569852861423865e-01
3.175020943105490590e-04 -3.685205212675114750e-02 4.578388820370322097e-03 -2.851561966848556364e-03 -9.715285114429403346e-02 -1.418220938719494048e-03 7.456920197559189188e-03 -6.798375380452947869e-02 5.594331811872954585e-02 -9.291168222774645602e-02 5.709423401396345604e-02 8.085963403473036548e-01
-4.239761347853973628e-01 5.507377117321511639e-02 -8.613206318685623364e-02 7.788825687441714996e-01 -5.969211436267015669e-01 -1.187713231097216326e-01 -1.109174486283879935e+00 5.218081691210009199e-01 5.462105550220691663e-01 3.052122819695265443e-01 -1.140898635740945355e-01 8.766942499200156558e-01
9.702358391252385861e-03 -3.292581177527091618e-02 -1.649490059048419263e-02 -2.223056815412645382e-02 -9.091643089423190327e-02 2.065002663322845072e-02 2.683479146624070250e-02 3.407251429683772620e-02 -5.731509443239040519e-02 -1.215793391149826846e-02 -3.695714387054881839e-02 8.125547742243391935e-01
1.509404471004614431e-03 4.499321725285981149e-02 -1.369566434349906159e-01 -1.636535715149263839e-02 -8.795523929715755307e-02 6.815717434953405540e-02 -5.851308240272728306e-03 2.743661109662743139e-02 -1.551855518313913392e-02 2.450871316827210947e-02 -1.150396213938183502e-03 7.320089605660403675e-01
9.805394457305864897e-01 -8.149341274424246606e-01 -1.011020578531544034e+00 -3.352339777977293434e-01 1.876259683021686275e-01 -1.824758033960771908e-01 -6.089083012565910114e-01 6.640305198548621668e-01 4.746361954964678498e-01 -7.070863530565767163e-02 -3.556764955142666107e-01 1.706942371243552969e+00
-4.099507338187553113e-02 -1.024023839360816840e-01 2.037009938270492870e-01 -4.246515124255249157e-02 -1.286516386476347085e-01 -1.306634376798974650e-01 -5.025807898264388063e-02 7.116437076094322967e-02 -7.154586952062014227e-02 -4.729477360011660747e-02 1.340679998340534029e-01 8.401596239527240328e-01
-7.450040702141162707e-02 1.580871002285290094e-01 -1.383857244626069405e-01 2.066846926923701644e-02 -1.618262315497453752e-01 -5.950090031225489795e-02 5.541430102686900616e-02 -1.708255911543443001e-02 5.512441424830012704e-02 -9.384058225195071601e-02 7.237322948214425233e-02 8.182854718416721074e-01
-1.644614347968947031e-03 -3.055748178426137204e-02 2.371546638830674542e-03 2.085263748123448307e-02 1.986262169381042102e-03 2.028905456689433437e-02 -4.705559586637753089e-02 8.289726055732145327e-03 -5.393153067844059373e-02 -4.464336001965313327e-02 5.590096966658080965e-03 7.532698402013183747e-01
-1.421847737740378481e-01 -6.103180408887862174e-02 6.552086304370881298e-02 -1.533051008624653107e-02 -2.082183839309608708e-01 6.782513931490508075e-02 3.479191403483608037e-03 6.763250597351878890e-02 -5.394208018782817304e-02 6.152755079358758483e-02 1.933805564698805324e-02 8.302008272751075779e-01
4.504150202967372590e-02 -2.309702504725073824e-02 4.039243503645933986e-02 -2.598723934465901886e-02 -1.819129259740885907e-01 -1.286998801390915048e-02 -6.243470636660938822e-02 4.594857711521718735e-02 -4.731695143010784810e-02 -5.909741569615273304e-02 3.601067354657661035e-02 8.801396455281982334e-01
-2.333277172759900403e-02 -1.761849064274757792e-02 5.961143489328233486e-02 -3.109743466397961453e-02 -1.260677477155727477e-01 4.905300179636530936e-03 5.460269244678318812e-02 -6.368544549762912566e-02 -5.700132093003392429e-03 -3.634497462913557214e-02 3.922020850594273161e-02 7.803239423273696795e-01
-6.020389071057281492e-04 1.077253627137914338e-01 -2.598319427164458642e-02 -3.430176338507183453e-02 -1.543538884600305638e-01 5.473705467430015070e-02 -1.238394145465184504e-01 -1.378370082340970582e-01 -1.028194391733079638e-01 -1.101026902504195423e-02 1.166709660120431175e-01 9.464302139860308882e-01
-1.046907525744839862e-01 5.390546100152306813e-02 7.299754428408664064e-02 6.180667122815878406e-02 -2.491327568584384144e-01 -3.308923216073975625e-03 8.233764897580234110e-02 -8.105961822592311350e-02 -1.969118391021202896e-01 -9.539712170612302602e-03 1.722877120582912425e-01 8.361251459831375854e-01
-3.466379400159730340e-02 1.595703583364617428e-01 -1.117203494055019897e-01 -6.232818594309928045e-02 -8.469590660446139896e-02 7.010195937069711725e-02 -2.958412786054149396e-02 -1.115527741954929347e-01 -6.036804267155859022e-02 3.862571121990922979e-02 -7.583311054398725673e-03 8.690150441929310743e-01
5.422765728124080004e-02 -6.546565372433717223e-02 1.201403194556312781e-01 1.490215153529003689e-01 -3.023484627655096957e-01 -5.703868272833952785e-02 -9.448283590155656664e-02 3.548197214695983370e-02 3.554308462806439473e-02 -1.211352440492635824e-01 3.425761301363447475e-02 8.466152986739228226e-01
-1.732173228616558716e-02 -3.630104755597014787e-02 -3.156841636503103510e-02 -1.550846721946732946e-02 -6.317006577711893611e-02 4.196572699924072669e-02 -2.995460014821886563e-02 -1.175001947907422864e-03 4.029060774124339911e-02 -9.001248657119342855e-02 4.306292059403048211e-02 7.945091439199055694e-01
1.339564896079781676e-03 -1.886672418834035858e-02 3.076745807073394401e-02 4.118816872537783141e-02 -8.609386314091702075e-02 1.146613495982486824e-02 -9.772246605384929397e-02 1.845565832026025734e-03 4.413483601199575529e-04 -2.931370846891066806e-02 3.469941467409719954e-02 7.450656877171052406e-01
1.297080370282613360e-02 -1.373224847826636300e-02 -3.884727199488349769e-02 8.156235010818368991e-02 -1.560417786439788901e-01 -5.176677938092288933e-03 2.135878681793718092e-02 3.555401077081402073e-02 1.941822225770529174e-04 -5.315896022317608688e-02 -2.048820457884055479e-02 7.706215896182471159e-01
2.161440437926994557e-02 -8.028850784190981471e-02 -1.997746303559220019e-02 2.370255547084389181e-02 -2.148968162772031398e-01 -6.256260088437597122e-02 4.031165679584017975e-02 -1.148878530132589754e-01 6.346592453575640447e-02 -3.763331797121553107e-02 6.531067342752440441e-02 9.506579257976683905e-01
-5.760684011580996002e-03 7.067187436456145999e-02 -7.085779364237602268e-03 -2.179342951302860182e-02 -1.479538334190403093e-01 4.988536274170706636e-02 -2.270673535300497467e-02 -5.414310597748270282e-02 1.210576457914461918e-02 6.040599526833956290e-02 -9.796375493944815827e-02 7.991549070074180916e-01
2.187712643108629534e-02 8.018246366950278897e-04 -2.176752632838380511e-02 -2.277434176959965140e-02 -9.467365860411947054e-02 -6.915852688907139778e-03 1.782912997315509035e-02 -7.506864830546613500e-03 -3.864321971204581763e-02 1.082590477580387678e-02 -1.451479885141356008e-02 7.902788583516233700e-01
-9.663752927923163760e-02 3.384386648624155419e-02 -1.274153332177017650e-01 3.872729344078644151e-03 -7.676467867604565287e-02 -7.160862877460544285e-02 -4.343026245016932138e-04 1.831476920895237226e-01 1.183373847160775344e-01 5.541353709887401197e-02 -1.257296220149353161e-01 7.387914662355735684e-01
-2.596150495851245327e-02 5.328978767438492109e-02 8.172742148660704087e-02 -1.273398121665765374e-02 -9.303102367420719443e-02 -8.646752846982599938e-02 7.117311653739280541e-02 1.649399708524480063e-02 -1.031208957697725137e-01 -1.503608477650393016e-01 4.457499211340255202e-02 8.392330483403305230e-01
-1.300535764350882993e-02 -2.281685202262447379e-02 -4.255475605716846355e-03 -2.678050712262770167e-02 -5.976201633399396557e-02 3.117371642627751738e-02 -4.641381627057327569e-02 -8.143744523694793069e-02 1.151265388929593840e-02 6.798322791463477788e-02 -2.290725062746375162e-02 8.015257040165960634e-01
-8.720213324842310265e-02 -1.059464244634044511e-01 -4.933525185341713221e-02 1.307352024883645658e-01 -1.844643161745748161e-01 -1.317122664429261902e-01 8.899022086779817542e-02 1.403581428009132992e-01 4.217440197656892320e-02 -2.762656780638047746e-02 1.011031985199953992e-01 7.177423747188332870e-01
1.135836468351900108e-01 -7.216062026837144483e-02 -9.975488150574643442e-02 5.068193263254684722e-02 -2.012378580934390260e-01 -6.278478265695784655e-02 8.780770796508427511e-02 6.859342542194160619e-02 4.158737246704465734e-02 7.879480862685689715e-03 -1.208297703568007170e-01 8.214509280801698399e-01
-1.935725388238695999e-01 7.430366451953954177e-02 9.263803823062664866e-02 -9.599834534894298443e-02 -2.211138865823491784e-01 5.923631192879660889e-02 7.248313037794891500e-03 1.358383242200127128e-01 1.138730564170887943e-01 1.268763739268792545e-01 -6.687105312618037145e-02 6.023583229839511999e-01
5.576196479400018918e-02 -2.217463153992433461e-02 -4.574103443924433521e-02 -9.349871391286308092e-03 -1.687124753256769305e-01 -6.570370583661955255e-02 8.025937574419161891e-02 -6.469920363331177482e-02 4.420581787779026550e-02 4.738765765186456203e-02 -2.040068821865970161e-03 7.856227563034300365e-01
-2.888031016144407270e-02 1.946019265008046284e-02 1.151608736611132999e-02 -1.634060241386989243e-02 -1.612706850360404731e-01 8.127071150146811251e-03 -1.009035274735940735e-02 -9.404223155769136921e-03 -1.456382274305391411e-02 4.429837866096594454e-03 -1.551292550361860201e-02 8.473463141120680664e-01
5.468052813954044078e-03 3.964690198495141038e-02 -5.222206406927931699e-02 -1.103138986549052625e-01 -1.497697105798261596e-01 -4.642816418539240375e-02 1.133692060074320135e-01 1.036605393208979951e-02 8.072633818629953995e-02 -3.727490023034029515e-03 -2.522666174633860555e-03 7.502240221456917268e-01
-6.278247235235422108e-05 -1.319366298609339350e-01 2.776729743913716394e-02 -1.117305511132603985e-01 -7.987376273574531282e-02 7.749785694095930044e-02 1.862350171352629979e-01 1.088529116993389688e-02 -3.415254159237970932e-02 -1.385496029086578651e-01 1.419088595888162163e-01 6.868281297925674656e-01
6.892666041976205915e-02 2.558285219195924852e-03 -1.470846972032303634e-01 -9.506209734486581464e-02 -1.103567059734806566e-01 5.784320343518242757e-02 8.945962461975742741e-02 -7.175293316957288836e-02 3.591501013357124850e-02 -3.616758101047027468e-02 -5.458594594356300060e-03 8.459964068518547320e-01
-2.027764459649986917e-01 2.131828602217513968e-01 -4.109742364691264527e-01 -1.245949262623183701e-01 4.077298852651907723e-01 4.018582947281953283e-02 -1.699775920091391862e-02 6.550853168984899222e-02 -3.437718717220085707e-01 3.460300526456108750e-01 1.638412213025373931e-01 4.974534404049545944e-01
-5.529970697436266402e-02 -8.908036852293360619e-02 -2.708946661142309226e-02 -3.314737070078777048e-02 -2.096899789860465907e-02 3.079726831331840164e-02 5.508556260535385496e-02 1.056438363178394957e-01 -8.171197591040139929e-02 -2.986158875557742148e-02 -3.454924149337330885e-02 8.149986310142997015e-01
-3.876264750112783375e-01 3.118007383813696243e-01 -8.173413013074623534e-02 2.876891705992627446e-01 -5.709338600766601379e-01 -8.998588316072243520e-01 -2.763168213378149329e-01 5.190855845155954995e-01 7.991063379764722363e-01 4.104607774315148783e-01 -3.132732527708484982e-01 8.364173434137049945e-01
-3.422773300451505130e-02 2.996464792206187874e-02 -1.236578880756087490e-02 8.319528557693070536e-02 -1.785202160937346405e-01 6.746017635285331271e-02 -6.085502156057989720e-02 -5.729925188621970422e-02 2.517128674968355934e-02 -6.028308136557603697e-02 7.709552542858283397e-02 7.554807520714214020e-01
1.140785476138229532e-01 -3.107375527626309863e-01 1.936246223824362178e-01 -1.896257246920899919e-01 -2.159136092949954788e-01 2.089682976344049703e-01 6.743578996401367043e-02 -2.058811318898432774e-01 3.940300726717364116e-02 -8.901383326397600826e-02 2.135396194404946824e-01 8.089385489845370980e-01
-2.460103104246623082e-02 -1.284963624696718876e-01 7.683850556139627808e-02 -2.802211308807658896e-02 -3.308628993684091524e-02 8.395773628851777026e-02 -4.880882317066172205e-02 6.727232002504163200e-02 -2.618838452014718987e-01 -3.537294523874407598e-02 2.048292094223113369e-01 7.621902202340137267e-01
1.661598607838787878e-01 -6.148587230522930408e-02 -7.809956908814547072e-02 -1.926712878874348514e-02 -7.077429188452444286e-02 -1.088529192604870410e-01 -3.117784023590184847e-02 -6.302137820622025211e-02 6.107420242314214043e-02 -8.816662268227476451e-02 7.422915822082834514e-02 8.541989824070248538e-01
6.392770706759111354e-02 -5.381425281242462749e-02 7.007774212899464672e-02 -8.884931076555774299e-03 -1.582705802960875929e-01 -2.861867552236507448e-02 -5.578573205973573479e-02 4.016623850064392209e-02 -3.782315007386910510e-02 -3.298949854161743050e-02 -1.036918104599628306e-02 8.472008951147693701e-01
3.305570403049364059e-02 1.129721330308370783e-02 -1.228983078671858076e-01 8.015588684509783457e-02 -1.339372683504646555e-01 2.223817106340461244e-02 -1.620732955653956739e-02 -6.002529291571354064e-02 -1.348737823215805619e-02 -2.718026999403254720e-02 1.141044873771048657e-01 7.477009656802569015e-01
1.463189503942212942e-02 -1.029640748780892706e-01 -7.822837703692797628e-03 6.775749333080308134e-02 -1.730405998480612217e-01 -2.015285743161642287e-02 3.507063421433349870e-02 -1.094975609840635467e-01 -2.254235581095169125e-02 1.491017879367226018e-01 -1.759604028452989855e-01 9.802354603638401276e-01
5.773447764273802463e-01 -6.048967249680869442e-03 -5.221780472069906809e-01 -2.360616495507405349e-02 -6.706556149465529026e-01 -1.437269993432406523e-01 -1.368608155980567398e-01 -1.325550547559714853e-01 4.977164122150859460e-01 2.263455802131857653e-01 1.186936893445880298e-01 8.503477872386751013e-01
2.755141175131476869e-02 -1.200438983563994616e-01 -4.647261017887870799e-02 -3.629199727562440470e-02 4.622676106875872604e-02 3.969406314796716101e-02 1.348067264525785180e-01 -1.553499799428198491e-01 2.012528818624936041e-03 1.821400723671773303e-02 -1.389427156790981333e-01 8.634122843402062264e-01
-5.059115128901797015e-02 3.562030542813796746e-02 -2.772355472714317648e-02 -3.058278836788652991e-02 -1.100780501302775077e-01 -2.942724869729319154e-02 -2.867515539123206142e-02 6.625356389630851495e-02 3.902165632954142371e-02 -9.321986558358849595e-02 2.434203215889122612e-02 8.398768377569072463e-01
-8.211231531506074655e-02 1.081299007096306330e-02 3.938713488695451403e-02 -1.576709906192003130e-02 -6.710503285448703170e-02 -3.287412210825133019e-02 3.345056518835141934e-02 6.028234477347139270e-02 -7.317749870869576234e-02 7.179301312897133636e-02 -7.382599936544093078e-02 7.639526007484916947e-01
