8.492212284951347612e-02 -3.579797169114665167e-02 4.441491471428062887e-01 1.870364283538752947e-02 9.345452665302841910e-02 -9.502953160063805360e-02 3.096827944960141299e-02 -4.090401269093317527e-03 -3.738705625497448781e-02 1.284557298254092594e-01 -4.125186040231600126e-02 3.853684503915949522e-02
-3.018291743091610149e-03 -2.042392133477542379e-02 5.203750833214206839e-01 -5.929121431746199600e-02 -1.063015181857155690e-02 4.057489472077789247e-03 2.013781828927093120e-01 -8.950161153923827384e-02 7.539469913364060805e-02 1.044006797516337653e-01 -1.085450861732002031e-01 1.143761493159424839e-02
8.256115308715210321e-02 -2.084055784111973203e-02 3.162345327567910869e-01 4.293543752623043414e-02 2.000161400758959096e-01 -4.931236480837801472e-02 -1.743352944697858231e-01 1.591904418090510365e-01 -1.639737229437533972e-01 1.881572682856107182e-01 -6.431592279823564184e-02 1.093163618972787243e-01
-5.160816723711270093e-03 -1.166489958478539313e-03 4.494624679204987650e-01 8.262028249428066129e-04 1.293076477048947237e-01 1.044212976867853193e-03 5.819282448218637827e-02 1.291893682111106001e-02 -3.173976434250162099e-03 1.215878362583862338e-03 3.053505266291223208e-03 -2.088692066619907139e-02
4.068005719076665805e-03 -2.136830608760676986e-01 7.304497353086896183e-01 9.539575649902218291e-02 1.409474388059751560e-01 -1.736673706458310706e-01 -8.523420456957792046e-02 -1.358333334440045836e-01 1.972555902755288026e-02 8.505255290284147174e-03 1.592718064176359416e-01 7.568788504398193950e-02
3.346070514986703576e-02 6.763556783900327024e-03 4.497305789827301115e-01 -4.928847549413459955e-02 1.248600846574449419e-01 -6.116225452584282685e-02 9.804666145696010193e-02 -1.964590321478162233e-02 1.491926008768634099e-02 5.770291743903049192e-02 -4.731997784272020530e-03 -2.502166096185080846e-02
-7.242611226190426126e-03 -5.675112397245392348e-02 4.494841909397304103e-01 4.286047027312064146e-04 1.447506635145556775e-01 2.747538660408617439e-03 7.534354623816756635e-02 8.636452845267493517e-02 6.201377015241747725e-02 -5.913454829545784081e-02 -3.966980574687744426e-02 -3.270128084296877735e-02
-4.266973777673140761e-02 3.276963048982927881e-03 4.651411032488829700e-01 1.443048935626364479e-02 5.046442031117965438e-02 -1.470084573022233630e-02 1.219436310607111829e-01 2.577732325838058211e-02 8.664107479306237813e-02 2.818214353054766461e-02 -6.037706632302107523e-02 -5.247602620129881990e-02
-1.455058410542937886e-02 4.992104992933646401e-02 3.915071131905731305e-01 -1.772797032616132626e-02 1.385306351888510035e-01 -2.633930035876928810e-02 6.944517850189571573e-02 3.862876476606547788e-02 2.300363672437636883e-02 8.257709495520581394e-03 7.055517593356001350e-03 -4.209827802287745280e-02
-4.162100520221808514e-02 2.241948211709710037e-02 4.282526848128659913e-01 5.804813493743162661e-02 1.450691839467785627e-01 -6.129940551637405588e-02 8.316846062068403156e-02 6.332684709914184612e-03 -6.306842605141453444e-03 2.624727253407276029e-02 1.333753376298561777e-03 -3.601093115467183386e-02
-1.998536660575604695e-02 3.603197373216229793e-02 4.692155026264166473e-01 -2.130472961618021938e-02 1.872137303648077344e-01 -3.623997737595128360e-02 6.093541269450495831e-03 -4.981919468519597355e-02 1.557792461322041362e-02 -4.485565254289354542e-02 6.452024269968617554e-02 1.918547809697094403e-02
-1.526233864291086373e-01 5.766564007626587274e-02 5.257235284709980139e-01 -1.818214949020633686e-01 2.399290978845767530e-01 1.697395742032772048e-01 -6.595641686094998180e-02 3.668251407800431074e-02 1.066458372646043595e-01 -1.731625918307971579e-01 6.273873801855504861e-02 7.243260337488899303e-05
-5.037872956414855830e-02 -2.749366315858945906e-02 4.008377939106710919e-01 5.862739367351881697e-02 2.014245922384444720e-01 6.244010999814438717e-02 1.519023786254428306e-02 3.258915707415437762e-02 -1.525194963547239421e-02 3.088027122173769498e-03 -2.875620432205743329e-02 -2.668329262264606053e-02
-3.169844501599593245e-03 -1.348657876742279799e-02 4.374889212867846822e-01 -2.579535650403912139e-04 1.509157922241463612e-01 3.195217057322793930e-02 5.134502832248933474e-02 2.827921300549155609e-03 -2.268205114266077377e-02 -7.068845111425303696e-03 5.411698993431190985e-03 -7.642787035742436633e-03
-1.671915801146350161e-02 -3.312579169736184700e-03 4.537362860694815758e-01 7.842371696028102232e-03 1.220694101675246501e-01 1.875475701204382117e-02 5.703211261843378621e-02 2.036946693139034259e-02 -1.158371536280860051e-02 1.428585026385624165e-03 6.690888996887125670e-03 -3.067495339742934424e-02
4.245823861003278354e-02 4.424882962441707701e-02 2.984189288661661665e-01 1.066058801255769933e-01 6.225267721480812200e-02 4.844580391288785814e-02 -3.979550749432969603e-02 3.805832671041309637e-03 1.714772998503011348e-02 6.858472336450203988e-02 -5.648793640292958107e-02 2.994827209953426078e-02
-1.109404495079149011e-01 7.557149723336702152e-03 3.792652724912558559e-01 3.372744180963199723e-02 2.161476927295591932e-01 -1.786036734892821470e-03 1.763100324417262166e-01 2.696137721385648625e-02 -2.724399504971446173e-02 9.007148337633433255e-02 -1.300805896974749909e-01 -3.435590621896614238e-02
-1.117240441206493809e-02 2.758488262098190633e-02 4.235411072043545611e-01 1.682090714401698189e-03 1.273084386337589857e-01 -1.952463233247785090e-02 7.127996164933893264e-02 1.937218634140306511e-02 1.301564071699398695e-02 -1.591522803545594375e-03 -1.026830893896845190e-02 -1.559396681743900788e-02
8.338128607544485760e-02 -1.340200231794135832e-01 6.271545194993474737e-02 1.778540933919952882e-01 3.686748192768922183e-01 1.178321108539050199e-01 1.622442003532974242e-01 -2.961860044022790461e-01 -1.010884111037068933e-01 1.706280446318468313e-01 -1.324134418384918244e-01 1.460113465673123778e-01
-2.041219031580632226e-02 -1.023445555428197096e-01 5.484954530781153137e-01 1.852222994238309633e-02 1.325444143269310648e-01 3.165919164087128979e-02 -8.991424996632510491e-02 5.656689121226629591e-02 -5.138257645794933048e-02 -1.727615693223794394e-02 1.128052307635808438e-01 6.369790827727976612e-03
1.787188219252207610e-01 -9.238380813268089187e-02 2.431308175610012168e-01 -4.885281696585446615e-02 2.236663489040588149e-01 -1.224361728289392187e-01 -9.049983685377260834e-02 1.283795127803289970e-01 -3.539499606929668619e-03 1.068030883484176879e-01 -3.402905019494024963e-02 1.366760676408270148e-01
-3.800357616445625836e-02 -1.088726680934835878e-02 4.865204705930799567e-01 -2.658886682709184213e-02 1.499001138753230100e-01 2.616068386719896943e-02 6.548968531491591860e-02 1.586876662504455721e-02 -6.351304746356748430e-03 -1.197064500298834072e-02 -1.737397721441934911e-02 -7.130610934163952690e-03
-1.236700008138498091e-01 2.686701891740139736e-02 5.107652392356414328e-01 5.088414731751320086e-02 -2.253456280131147654e-02 -1.290608146098542186e-01 -1.717718396531010550e-01 2.828928200644245661e-01 1.827412856389174223e-01 3.522375930439692882e-01 -1.827020561693825651e-01 -1.510153575936308001e-01
-3.236952333706636081e-03 9.836142513252943420e-02 4.498673433063564153e-01 -3.003542039555218146e-02 4.524869781677318126e-02 -9.206743273015728646e-02 -7.573372811736307775e-02 1.342445183672074382e-01 4.660067287057739760e-02 -3.862893424408962717e-02 2.511409937727158981e-02 6.589918352689079495e-02
2.984572994008014013e-02 -1.027507157064920865e-02 3.947934535731894012e-01 1.997151913596962453e-02 1.465869474700444153e-01 -7.959154339708781473e-03 4.934727736446477969e-02 1.591228919447469636e-02 -5.032020725551688070e-03 1.705680704493298117e-02 -1.382288368281655959e-02 -1.079142082769229613e-02
-2.175707667145582724e-01 1.690858328310259617e-01 6.033296762146600489e-01 -8.981103214786866074e-03 9.232651778182462965e-02 -2.753914906745364433e-01 -3.069271829045828320e-02 -2.119854936609827378e-01 1.561886984436947068e-01 2.880352797944605303e-01 2.906386910526344014e-01 -2.293496509862402444e-01
-6.272140601856825148e-02 -4.153861378821145645e-02 5.367790605762141620e-01 5.656164107278519038e-02 4.099224588950503567e-02 -4.920138476218822998e-02 3.081761166635809193e-02 9.689784906782543394e-02 -6.040711845086684656e-02 7.081787207098494408e-02 1.179279607242997019e-01 -1.112922454714004583e-01
-5.507212017100772232e-03 1.093964978005250444e-02 4.568101217961492155e-01 -2.080970944307881584e-02 1.286046095840806536e-01 6.494691574259229064e-03 6.742038871719054083e-02 4.827996494976659683e-03 -2.138931863339186765e-02 8.333917974997667386e-03 7.344805794690999895e-03 -1.743646904608857351e-02
1.454612870214995468e-01 1.089046769097719303e-01 2.956703497100570122e-01 3.466667304027844232e-02 1.322393700754163626e-01 -1.740878427488770086e-01 -2.997321795030758254e-02 -1.868615537029055251e-01 -3.537334314205385633e-02 1.512888974280425236e-01 8.740598193768966961e-02 9.629219399812589952e-02
-2.235101072557610646e-01 1.208933043691289705e-01 6.446755529780842098e-01 8.286850121890299015e-02 4.296179406816016955e-02 -8.600843275817487976e-02 6.130150950747279698e-02 -2.636824722872048166e-01 1.382238700718003976e-01 4.017842138501138277e-02 8.485525658034384633e-03 5.924600562128279346e-02
4.316681137800483514e-02 -1.575862681913340890e-01 7.358492778010566893e-01 -1.119835962378222527e-01 -3.579135594722576696e-01 2.314645317016041370e-01 -9.831155227609537917e-02 2.529029500706029832e-01 1.587315347461366877e-01 3.445819156219270818e-02 -3.958221306688831653e-01 2.906772821635319470e-01
-4.777933828047789544e-02 -1.458832424943777399e-03 4.688274523467758637e-01 -7.978298200192310285e-02 2.104688674993139275e-01 5.964279263783905244e-02 6.171309873200782337e-02 4.227362194290015113e-02 -3.255924788532471581e-02 -6.629693154837601465e-02 -1.842918832685830344e-02 2.901415988580438934e-02
1.677963056845441572e-02 1.253886225562353962e-01 4.577288322468268111e-01 -7.811487455346442788e-02 7.805549314180489084e-02 -2.008961273286445082e-01 -3.486254145021730130e-04 2.049223531733823933e-01 6.612042307445836764e-02 -1.349052853215175485e-01 -1.083840769732293263e-01 1.992871074069330062e-01
3.040432396444962479e-02 -1.398857447608014594e-02 4.349197889232728764e-01 -1.703631955960877020e-04 2.277633711800983451e-01 -6.077770434500519292e-02 1.542494777306372420e-03 -1.350211795415713900e-01 -6.670498796136610509e-02 1.421829661884499441e-01 7.301165504827207553e-02 -7.528317985492940373e-03
3.905835613810824947e-02 5.673470531832532776e-02 4.487678112119766194e-01 1.257016952653974562e-01 4.338468891267208138e-02 -2.183833494261885888e-01 -2.227552580062603510e-02 -1.399353503232205753e-01 2.949126858934374151e-02 9.331239268832235145e-02 2.511400494584572485e-01 -8.136326945583038928e-02
2.757796076812636665e-02 -4.073072805105006078e-02 4.360033983054761308e-01 -3.580461344392206480e-02 2.556715281115088390e-01 5.460977842344880845e-02 -6.554672737059509535e-02 -2.481769194013504209e-02 -2.474080829054693675e-02 -4.873648974231030440e-02 4.498420949218628201e-02 4.716365631455061991e-02
2.184515287327987165e-02 -4.247582937656036589e-02 4.796943423468454371e-01 -3.102064903704352880e-02 1.258352704316363091e-01 -4.580940802952939567e-02 7.628270383013380229e-02 1.634668200687597328e-02 5.031230456341972967e-02 -4.793849364057148343e-03 5.956299365164899329e-02 -8.014624131991229805e-02
-9.251625576895554370e-02 6.249255430673104211e-02 3.857532311121665280e-01 3.243487882497762820e-02 2.217722929574262036e-01 5.908968521472855728e-02 -7.969546866446106798e-03 -6.877603306103789726e-02 5.776407921344418883e-02 -1.130738505914512665e-01 1.361748140537811513e-01 -4.751237681862700846e-02
-3.956599085837959884e-02 5.856954154562107190e-02 4.093120996109979037e-01 5.227622073808990688e-02 9.862344216375447392e-02 1.028540192966345636e-04 1.193451647601690979e-01 -3.990761561412452252e-02 -5.391823805190246177e-02 -4.726065599555714231e-02 4.057676579616151247e-02 2.747988446261066808e-02
-1.029671078401814127e-01 -3.885239267004057806e-02 3.011774526486206138e-01 1.921812451829086332e-01 1.942103151694369104e-02 1.098350233278852783e-01 -3.813909480213394099e-02 2.922389009632390677e-01 -2.937925859992969804e-02 8.562222617062947849e-02 3.638352516585159624e-02 -2.018880784870552836e-01
-1.743299997063182255e-03 6.339502473103122981e-03 4.513200533862232189e-01 -6.143215147701613574e-03 1.213885354715202314e-01 1.405372506719846509e-02 7.339535680918833627e-02 -2.461225244762761319e-02 -5.557032774911499495e-03 -7.317253753934291859e-03 -9.471330457894779412e-03 1.398068394863701686e-02
-1.986665466132163382e-02 2.815608188148599825e-03 4.989234458418639329e-01 7.788935261411208087e-03 9.135011138330073610e-02 -1.293910429872924261e-02 4.073305626285968900e-02 6.964398027165375100e-03 1.397689429713820999e-02 5.774580452830964210e-03 1.712844082165125570e-02 -2.701623899958173480e-02
-8.090619548944637252e-02 8.541623725528201677e-03 4.249633801451839776e-01 -3.737031411761041963e-03 1.445412023925337075e-01 3.522756974900811272e-02 7.504085947131931833e-02 1.320818995722911615e-01 -1.227522227265897756e-02 -2.734052347637121183e-02 1.133294149509072625e-02 -8.183703132398013891e-02
-8.545050304417444592e-03 6.946198059188189722e-03 4.259659195618166194e-01 -4.282841842966109147e-02 1.892181070510205732e-01 -2.937369493996236716e-03 5.708412771208726949e-02 1.458185128289383667e-02 5.721294459346526126e-03 4.664404203015687367e-02 -4.238843527789182275e-02 -2.382879407380570150e-02
1.315309516063929984e-01 -1.397867860017953379e-01 4.230920359665711894e-01 -2.957815010071946152e-02 -1.273092649423551714e-02 7.514578102977060095e-03 2.497001819332102523e-01 -7.294631547583991377e-03 -1.079779922455461200e-01 1.870531093997278849e-01 -1.029938408643602948e-01 2.710494282209871542e-02
-5.837029931214317985e-02 -1.055849842105839598e-02 4.086685882870728093e-01 7.273958131730015597e-02 9.895404960223423696e-02 4.518623961243930370e-02 9.127540828092245428e-02 5.285124534352059894e-02 2.203508856936851890e-02 -5.075268227698705170e-02 3.706360551396593872e-03 -5.010160897732857110e-02
2.982477005788072844e-01 -2.880083074096672635e-01 4.184260022254460698e-01 -2.322497100575764140e-01 2.902312114396647380e-01 1.400915087997973985e-01 1.164089782265491368e-01 -1.522458659962626637e-01 -3.480754237282958075e-01 -7.237104923637106835e-02 1.288288649893780391e-01 3.263495627452679959e-01
-5.306015672343251666e-01 5.345828952561597625e-01 -3.712771189429625585e-02 1.820707209004707172e-01 5.404378270701140075e-01 2.370562555350666512e-02 2.054554014569114628e-01 -3.601769642672628668e-01 -1.501267580055167805e-01 -6.191955705505273189e-01 1.433351727681715093e-01 6.932744015233315293e-01
-2.004410145378471286e-02 -5.202664334922580194e-03 5.137412401635855774e-01 -7.635711787296115341e-03 1.234018356812531525e-01 -3.403927975972408093e-02 7.219793520965733791e-02 -5.579015406312157199e-03 -1.673549740492422111e-02 -2.559283620591124020e-02 2.132961370662306289e-02 9.791954168493389662e-03
-3.003675967878995795e-02 -5.561270743957178950e-03 3.971403209690393399e-01 7.423177217288507920e-03 1.615751488495049681e-01 2.583854398117167370e-02 7.006287009788352005e-02 7.161253167693507060e-02 -4.868760486336039771e-03 -1.345818957359332449e-02 1.701119931000365931e-02 -7.110533904241303493e-02
