5.056330308366344117e-03 6.042188002494298937e-02 2.281910450507150523e-03 -3.527143742241928281e-02 -6.354165933757238705e-02 1.946582726677751132e-02 2.025174921226366997e-01 -5.864961500039293091e-03 1.083809085416209683e-02 -3.882910756000658610e-03 2.956392761642937655e-02 -2.814955642731198013e-02
1.536036796626679204e-02 7.526975132007852898e-02 -5.137362372312763437e-02 -3.721436533284315507e-02 -9.571076826144858662e-02 -1.099240388984319972e-01 1.454634164025201126e-01 1.544232682851578164e-01 1.348648282537244780e-01 2.266101314163196379e-02 -1.851922817127580473e-02 -4.186568778177399835e-02
-2.995085614133827928e-02 -1.492625037711381164e-01 4.330745940960384344e-02 1.395005378131821405e-01 4.619623398709194612e-02 1.207114326437957325e-01 6.243552433785813649e-02 -6.507934506039024514e-02 -3.383926252136632701e-02 1.093284030019983366e-01 1.632264638340400094e-03 -5.154495513715899591e-02
-1.488275551154186749e-01 8.534391036278816955e-02 -1.019700838634839818e-01 -1.294721957333328788e-01 3.115208088722719593e-01 1.369994060348327658e-01 -1.742729052963344974e-02 -6.172290342592218898e-02 2.245857630043049946e-01 -1.233668243774296153e-01 -5.341717119286904306e-04 1.830606968343009844e-02
3.568981678227625132e-01 -3.521046001159369165e-01 1.794542298415366943e-01 9.021071404536204486e-02 -5.625815623769224727e-01 1.310068316078987494e-01 1.094226568567261415e-01 -1.744074613494697940e-03 -3.550051760636641074e-02 -1.394220792582384905e-01 3.033605168834542787e-01 1.144346501136970923e-01
6.467641548433064602e-02 2.477656518053242968e-02 -4.647900499018357834e-02 4.194074642782695539e-02 -2.395992205328366376e-02 -6.070566833826497588e-02 9.313272556837601246e-02 -4.215869139181704917e-03 -6.281237384683717451e-03 5.930027458389178219e-02 -8.964329687172201133e-05 5.133955115799015978e-02
-8.008554954569148121e-01 4.485735027384399887e-01 -1.786643086319629481e-01 -3.954484172188890700e-02 2.633958771226306839e-01 4.696208700700053029e-01 5.842454863268595200e-02 -2.921694819972193297e-03 -2.057972762260134036e-01 3.214480899199024383e-02 -4.948252823713530368e-01 6.438842248728315898e-01
-2.380694203589165878e-02 -5.578021435118476687e-03 1.367855439485132427e-02 -4.563335644597035085e-02 3.291815201576386851e-02 6.728769914223953208e-02 2.178432935407390303e-01 -2.530040544588441423e-02 -1.232506397076638810e-02 4.408993821605600855e-02 5.159301812570198445e-03 -7.489821658811011973e-02
-3.026878113132007164e-01 -2.938516165883382492e-01 1.346171745053065250e-01 1.176051907230860200e-01 3.351904396952030130e-01 6.263476676295264001e-02 8.638548369190089671e-02 -3.040133669465367242e-02 2.142512282790832168e-01 4.214713212806704967e-01 -3.832859931741016135e-01 -1.684939139674299646e-01
-2.470627541975598668e-02 6.816614536409380809e-02 -4.696610052399387975e-02 -4.721894036423974345e-02 1.044118378920096471e-02 -8.516084089807678115e-02 4.048035521388698155e-01 -2.090480667241272072e-02 -2.380821559648744479e-01 1.023101162018723032e-01 -1.669415267579419382e-01 2.376945823077371844e-01
2.682910537725541680e-02 -1.507127326388623192e-03 -5.994541073764928646e-02 5.889784220773178897e-02 -1.231704912140199892e-01 4.211782562194625601e-02 1.859467810260636567e-01 6.131664421856532210e-02 1.472071876793311085e-01 -4.146062982171881683e-02 -3.382000277905684860e-02 -6.897679105158141533e-02
-5.220477986682300897e-02 6.777991894203745649e-02 -1.787209888859874612e-02 -3.680053691748778888e-02 4.202639563543389412e-02 -1.652921093377119482e-02 2.318178203583867725e-01 1.905966870120381906e-02 1.069149462735430323e-02 2.941368829659721240e-02 -4.971086567035421649e-02 -3.423656108349994870e-02
1.811081151765387143e-01 1.771041579368268920e-02 -2.144256265200528422e-01 -7.951251850490549666e-02 -2.506599490865103474e-01 2.041812198050456384e-01 1.998764825971323655e-01 3.914807111499674086e-02 2.160874536447456307e-01 -1.240689753188057298e-01 2.069328151427968568e-02 -1.670303701566851207e-02
1.736768517987686000e-01 -3.991080060789020667e-02 -2.561926204053763256e-01 -7.235287703029057160e-02 -7.847389469700007114e-02 3.663779815452358757e-02 3.959096334863883571e-01 1.621739301120756205e-01 -1.697157211136128829e-01 1.085675215173765029e-01 8.875200019253992600e-02 -1.556368882070240378e-01
2.670156867072685791e-02 -1.002238960750784641e-01 8.517552780087041253e-03 1.264159592162991674e-01 -5.240658343116778514e-03 1.649019888220343982e-02 2.186585173739185595e-01 -9.115881362646276187e-02 -1.183627452484042053e-01 1.222070966125286123e-01 -8.563534083385659912e-02 7.506549379163368618e-02
-4.367748781878353151e-03 -2.047502656274293592e-02 1.484228784013629648e-02 1.476693016518060980e-02 4.488744731283215994e-02 -1.694523473045513040e-02 2.242333556624635515e-01 -4.268422392625974282e-02 -2.507279468133497696e-02 7.098237324382730175e-03 2.730223141343440796e-02 -3.015052783528009844e-02
7.360027764774976743e-03 -1.126920841676857556e-02 9.076762987445349817e-03 1.462342278222839020e-04 -2.027253556586780178e-02 4.452732698860558530e-02 2.213379643017896747e-01 -2.907903674829552532e-02 -4.099527851066976647e-02 3.508826105925995451e-04 4.857638306025429537e-02 -3.632458949920455704e-02
1.197088745095894885e-01 -1.192470756152836514e-01 1.614963425703179467e-02 -1.036943759281756666e-01 -1.701781790095212299e-02 1.280848700292541165e-01 2.145440831370249990e-01 8.591420591959408881e-02 -1.229619355141219755e-01 -1.148754880779089549e-01 -5.294189855618017249e-02 1.597718569406066103e-01
2.644219772734782148e-03 2.479998178211879033e-03 3.292657168558889291e-02 -1.551794472333639652e-02 -2.286724985842233937e-02 -2.855679381127802785e-03 2.144730151345007607e-01 8.115870752268994348e-03 -1.055718078181673396e-02 5.627656229557581255e-03 7.997927399202010151e-03 -2.903227120688305768e-02
-7.313966715820884035e-02 3.581709048612780749e-02 1.035249346008134674e-01 6.703788875994694772e-03 1.394234680698814843e-01 -1.130259977781831321e-01 1.181703965117730099e-01 -7.306637876255195341e-02 -6.231288760365581714e-02 -3.639911808780757485e-02 1.050326087212746229e-01 4.270669532502076315e-02
8.163870687445787255e-02 -4.424529716973825411e-02 -2.161976720271836516e-01 1.175602181402066182e-01 3.149872564790699714e-02 -9.127183080157419415e-03 3.216149417215526385e-01 -5.801844469624555661e-02 1.179897706891332165e-02 -6.208231673699332598e-02 -2.767121144748873468e-02 4.666548890524804122e-02
1.601341093021648176e-01 -1.694333254412515311e-01 2.072158050155207265e-01 -1.509739105602427578e-01 -4.443796848496277263e-02 5.638703617968024440e-02 8.801327840395650748e-02 -3.414777811396857432e-02 -6.079879849361869088e-04 -2.047689998463520511e-01 8.661903966768227936e-02 1.994356350631878716e-01
8.173510856596521990e-02 -7.091132855645776445e-03 2.297458031302616194e-02 6.240335410117994752e-03 -1.234734887340871168e-01 -6.948670769238704525e-02 2.039076582297117413e-01 -5.551955634597478123e-02 7.250927796865498653e-02 6.626364211434876417e-02 -2.760303376360364463e-02 2.297824999035205651e-02
-1.472712198246999699e-03 5.977443852470627761e-03 6.950580410197349651e-03 5.175801343937939600e-04 -3.849910894674376041e-03 1.467443377328351423e-03 2.231184893228102817e-01 1.130327977711061832e-03 -1.434088993959629910e-03 -2.328331000400767417e-03 -2.188779634896966669e-03 -3.445310915225413551e-02
2.380723197628391574e-01 -2.333449399959507120e-01 9.437150323415900710e-02 -6.128222020993026042e-01 1.175113098028854851e-02 -5.786951533355888522e-01 6.061740592287481189e-01 4.693238242241823399e-01 -1.911653056332588904e-02 -5.685123691391692491e-01 7.221890842154174983e-01 6.404420668818118501e-02
1.628575202520985421e-01 -1.157073184597595117e-01 2.514361014036033404e-01 -3.793654949280517164e-01 -4.378616442099074468e-02 -2.812317235319730657e-01 4.067178337998618165e-01 2.644519335025661277e-01 -1.764127364565911682e-01 1.345710467464709958e-01 -1.763077079900716715e-01 1.462116432833156232e-01
-8.179650596770379756e-02 4.023800336318072990e-02 3.365297536068997952e-02 2.987841999893324496e-02 -1.412647535552286754e-02 -4.616945013306262419e-02 2.700383316957941648e-01 4.405617903786703676e-02 8.202895690676760554e-03 -4.661121892391864585e-02 -6.597358278042761426e-02 2.204536121397213111e-02
-1.239429089649362326e-01 7.949832397063698319e-03 5.927297849395936347e-02 -1.226325688505437717e-01 7.110692785010441774e-02 2.040410916167705035e-02 3.338916035470828603e-01 4.898338513477987904e-02 8.515270285724765853e-02 -7.165138297789983013e-02 -1.919267524429210670e-02 -9.590707020376446068e-02
7.806510700833779737e-02 -2.876254276305973551e-02 -9.444778714094430316e-02 -6.931262739506395022e-03 -8.766543976592766629e-03 -1.842565963715311061e-01 2.572221573654494553e-01 1.386991832236643130e-01 1.711539670630602139e-01 -2.946296505623628367e-02 -1.390064132365569638e-01 3.992862982439430303e-02
3.061515103591184658e-02 -9.571032104266760654e-02 6.354690423074732530e-02 -7.377688872879129001e-02 2.718558383969999978e-02 3.836017012175974017e-02 2.317640862149009662e-01 -6.067336286710976051e-02 7.514478271410110488e-02 5.463658425471942803e-02 -8.406080340885156710e-02 -1.359695316394166770e-02
-1.425841523908964181e-01 1.464702564689948916e-01 1.310505733177543819e-01 -1.976089510266021976e-01 -2.849434411126749653e-02 1.477918871156577718e-01 1.616991058528718384e-01 6.648202491634329359e-02 -9.925236292551792294e-02 -3.773560506611375268e-03 -5.463540008273053139e-02 6.628985657248233354e-02
-1.430771109903842819e-01 -2.206696081670464216e-01 4.890515484534833923e-02 -2.850122591669872474e-01 4.021896061456473603e-01 3.021535388373964848e-01 -1.293439866364648472e-01 -2.071922614850800481e-01 6.098717661841668303e-01 4.039794237277128698e-03 -4.057373316384849105e-02 -1.478559674395462098e-01
-9.301127880032682149e-02 -1.052793645369651671e-01 1.162099831080989770e-01 1.131634685700822485e-01 -2.253339480103350168e-02 -8.423361522491500109e-02 1.948518623673724803e-01 1.308270120531163372e-01 -4.364242383451143875e-02 -8.588411583835550700e-02 1.430505677617723570e-01 -7.008376762385640224e-02
-8.361947423315072014e-02 4.761765581786531892e-02 3.968720302879339898e-03 1.648629095437065262e-02 3.417424143540059162e-02 3.551247189896751533e-05 2.154473467972331524e-01 5.087314979723278618e-02 -5.881426130303057942e-02 -3.894065589505477099e-02 4.480856969536978207e-02 -3.860216264053590446e-02
-3.571941420732925310e-01 2.141455453624708793e-01 -1.523600297810706605e-01 8.735417166448754267e-02 -6.700152235397228984e-02 2.027016322019395411e-01 1.649075667168662940e-01 2.218256916442482574e-01 7.650603134645651837e-02 8.774880469080195700e-02 1.544998551956128924e-03 -2.867438147704129969e-01
4.761031061216293089e-03 -2.305968742532690102e-03 3.536353166701843714e-02 5.650664298617726761e-02 -1.075236109162782117e-01 2.355121849271518686e-02 1.490655651652422753e-01 -1.864383372934562064e-02 3.082274882371956182e-02 5.498999012997549292e-03 9.023893425102828825e-02 -7.390032487147975282e-02
-4.081161947889808128e-02 1.979302907183654384e-02 4.591737830419578142e-02 -9.370486746389536381e-02 6.554951576343355513e-02 -9.503060736784051110e-04 1.836550569742018690e-01 -3.074172836589116053e-02 7.733039269287741990e-02 4.283399946825636878e-02 -4.478491430691805379e-03 -7.095742626126819164e-02
-6.297022832812800008e-02 -1.536841663896512146e-02 6.751470098779409346e-02 3.221953249839184380e-02 -7.206067988317884157e-04 -5.784202752647708487e-03 2.334821410198032743e-01 1.540080703838780929e-02 -9.504320337062768451e-03 -4.293667015363594741e-02 2.061881577917278052e-02 -3.851661911379988812e-02
-2.752303554722350665e-01 -1.122742985423716942e-02 3.688558600744300253e-02 3.779223512143569108e-01 -3.149799676470677601e-01 -1.305357606093751621e-04 5.017810250425975838e-01 -3.274948725679191486e-01 3.275135736517978957e-01 -2.800978031767097920e-01 2.731482882736570028e-01 -1.146549265105955284e-01
3.405721550328121624e-03 2.035386923026274043e-03 9.574076237368858017e-03 2.474406528879406070e-02 -1.363696951976862103e-02 -2.485502312518759679e-02 2.129824619694426491e-01 4.099243271626468524e-03 9.730484208256347245e-03 -1.981593418484065006e-02 6.184368647736795174e-04 -1.544701628334103037e-02
-5.918955551336235743e-02 1.030909754009324691e-01 -3.815677329897673720e-02 4.423955614345464506e-03 -4.033433691482115821e-03 -6.288845394644880515e-02 2.893482414482996812e-01 -4.281398796593221395e-02 5.120322738960881269e-03 3.103911116949557847e-02 -1.725685374975828579e-02 -1.524861500559502453e-02
-1.617654552437444368e-03 8.615307194375879107e-03 -1.265912538861920997e-02 3.000930066078789232e-02 3.266663362624179761e-03 -1.401786512967305616e-02 2.351263218903902330e-01 -2.327080187041883751e-03 -1.023866959913601743e-02 -2.444444810317763020e-02 1.491544659730673766e-03 -1.976936160734506578e-02
1.296540390431272227e-02 -3.011126058200994104e-02 1.901153174516068828e-02 -1.607571659882645748e-02 6.208350520291242014e-03 -1.409346362412575160e-02 2.368886630614726596e-01 -3.352228874248341928e-02 5.376946368308558460e-02 1.653308510162926001e-02 1.679210495385862617e-02 -7.493094022188664938e-02
5.422967070576058951e-02 -2.180160233678811108e-04 -1.454797697946182307e-02 -3.099646417903544407e-02 -1.579098055481615095e-02 -6.558892940402699656e-02 2.485347598632030031e-01 2.333027849023967121e-02 2.126656651397297593e-02 -4.843271517138952875e-03 -3.019278950211599574e-02 8.252085787265600950e-03
2.997851369320097756e-02 -2.026476698328587567e-01 3.636541107440187381e-02 1.874079151784694974e-01 -5.691119155567167520e-02 -2.971611424422777037e-01 4.008615262449444772e-01 1.785865869185915278e-01 -1.624899969430949331e-01 1.836139680928028026e-02 1.662923147420833081e-01 -1.052087306865902849e-01
-9.384560825377692705e-02 1.222834124082048390e-01 -1.457605654638415016e-01 4.901107108082657093e-02 1.047401346204545475e-02 1.566642597451145258e-01 -1.687381938838850293e-01 1.338292969590912929e-01 -2.047369413853263320e-01 3.276019925573794289e-01 2.371960795702537927e-01 -2.305438835956075128e-01
-5.867704719065310742e-02 1.932101006486512118e-01 -4.735496089064280406e-02 -7.238228980130871626e-02 7.582130194457302463e-02 -1.434782663099428701e-01 7.441888731513243704e-02 1.415007328249742735e-01 6.737340494996699181e-02 -8.030167992744483008e-02 -1.916091678145365462e-01 2.349139174517095030e-01
5.112597906734250852e-02 -1.533842660680390275e-04 -4.353783570229594058e-02 1.618935834419464037e-01 -8.251587211082987705e-02 -1.567405154182378024e-01 2.795004223036673396e-01 -1.078892436799635673e-01 -1.372271682708669505e-01 8.111370938419311394e-02 1.028999601977192285e-01 4.496529825387214629e-02
-6.271596814950876342e-02 -1.098417794303399031e-01 3.394851099038866810e-02 -2.760383278879313673e-02 -5.078405080331525878e-02 1.974743883221206919e-01 3.085604608042961106e-01 5.574543581851913732e-02 -6.779986455769701492e-02 1.250693768293753283e-01 -1.506205220234330122e-01 -5.799722181113435571e-02
-2.107473442707072653e-01 4.686421231501045753e-02 3.282966936894208820e-01 -1.188854243337748029e-01 -3.755610844693626493e-01 2.080847706933276198e-01 5.854845720389759700e-01 -2.173396862821419528e-01 -2.829001373348284942e-01 -2.084691454462817839e-01 1.895471022527179250e-01 2.490604043481226548e-01
