-4.309466471096255746e-02 -1.463726156865341986e-02 2.124887088464756379e-01 -4.004942111984302090e-03 -4.967521986799897094e-02 1.207688653802406614e-01 1.667049077742999152e-02 2.403109845846660569e-02 -2.742496655975757910e-02 -5.707426444179711233e-02 -3.252377267876788765e-03 -1.581436041669884440e-01
-2.773573209025484432e-01 5.466300738788176794e-03 2.486593312641701692e-01 -3.922879401793839815e-02 -4.436890055211530071e-02 4.195577419295392074e-01 1.189630763017445469e-01 -1.505466015763337884e-01 2.759100877219105089e-03 1.136158767983300455e-01 -3.904685552473592669e-02 -3.418210925695258640e-01
5.072441819542020114e-02 2.323147696578845359e-02 1.312839399904000004e-01 -2.317196485974966913e-01 2.444008063205961312e-01 2.316234563277218966e-02 -2.615803570835377734e-01 1.261562141889310817e-01 -6.913023593923892096e-02 -1.821859085866500867e-03 3.191104950640345495e-01 -3.371657328852090130e-01
1.186623588764981196e-01 -2.452553264910969921e-02 1.174680149947571611e-01 -2.042841903278279012e-02 -1.736298867657115608e-02 -1.267219853751725134e-01 8.582870024036778900e-02 -7.486203073252822859e-02 1.041299089506435571e-01 1.278291070485603753e-01 -9.562724606378533720e-02 -1.777380248142835795e-01
-3.761988532039099720e-02 -3.076914860749474512e-02 1.803191273260096594e-01 6.338035250743813409e-02 3.448767364582758926e-02 -1.878794381916908118e-02 1.313481333798068029e-02 9.605900734763049564e-03 2.827511264344658576e-02 3.058152948012783645e-02 -5.299437406256041205e-02 -2.029612950993846254e-01
-1.584675797016716348e-01 1.979225941900757402e-01 2.287510069052149375e-01 2.131586862168420582e-01 -2.169840670928094017e-01 -3.876834872191786130e-01 4.267095013243939888e-02 1.480141042894520809e-01 -1.013720718605486126e-01 -9.597809912226938633e-02 3.345913236056716200e-01 -1.879714975766244855e-01
-1.225563812136246239e-01 4.963291440212233008e-01 2.311409400962487204e-01 5.398217904134491527e-03 -3.602474124712878312e-01 -4.570593346921163480e-01 -3.703735972871275983e-01 -6.826680880519375716e-01 5.006630522530348681e-01 5.575654486278321942e-01 4.222686017696967165e-01 -2.038087281894828129e-01
4.385062580392602369e-03 -3.394539045194044924e-03 2.128778610379569169e-01 -5.784059248338142833e-03 -8.303068500552616971e-03 6.130284088375896612e-03 1.732552130972814242e-02 6.229597730223721680e-03 -1.099665796576265731e-02 -2.962365339520472290e-03 -5.989801112046861699e-03 -1.928659727686687919e-01
-5.337742194748201080e-02 -4.657766563604929383e-02 3.274085153257065284e-01 -5.503921265892745829e-02 3.103958065774872419e-02 -1.845456861538713189e-01 1.670830491390658534e-01 -1.598602525689306053e-01 2.074769020012768028e-01 7.731660830782482313e-03 -5.272910655388331896e-02 -1.719584996688426903e-01
-5.256694958046487232e-01 -5.554828621911388209e-02 8.743986154686351764e-01 -4.948652623334212630e-01 2.892401724021928522e-01 -5.312128640847056660e-02 -1.291910000168912109e-01 -6.018480571497514253e-02 -5.803233360030296897e-03 5.620718132017150648e-01 9.791938593277445257e-02 -4.825947543811726637e-01
-6.982629778326178427e-03 -6.918896525171004674e-04 2.073853255561332321e-01 -1.890327349479069274e-02 -2.635465850409764860e-02 -2.324254960875025283e-02 5.431842678956765036e-02 6.199485348927473438e-02 8.242263771711007270e-03 -6.817820384240599885e-03 2.255533479930412616e-02 -2.548515202166746207e-01
9.173655422976766116e-02 -6.697377389979936035e-02 1.478280869045592305e-01 -1.037056698573314215e-02 -9.230256015514944068e-02 6.737905641201888396e-02 1.385300770588330788e-01 -3.456914229486253431e-02 -6.224595227860935109e-02 -2.090643259232297189e-04 6.396316013341205031e-02 -2.261140120319201918e-01
1.408744164550476512e-03 1.322547688456492641e-03 2.034245140253189699e-01 2.183242472893406026e-03 5.352737951201920821e-04 -2.119913682389929464e-03 6.234928432808693223e-03 6.742321563857818847e-03 -1.837213421368561438e-04 1.655315436890095583e-03 -2.044362900622292110e-03 -2.025070268881533908e-01
2.644625583029230551e-02 -2.653553362652929029e-02 2.463132958960319030e-01 -2.026181563913405370e-02 8.914853008925147093e-02 -5.444516224102487201e-02 -9.399988889415365756e-02 -1.531176059701488436e-02 -2.521818390825662087e-02 6.922989339295138045e-02 -1.199771312044579652e-01 -5.873663633136202988e-02
4.418468080031910661e-02 -9.630648730870166804e-03 2.354803957968808203e-01 8.655781375798181354e-02 -1.770912939500333405e-01 -6.030919094843257416e-02 -1.176684238767386828e-02 3.469895329691155203e-03 2.303541257219827651e-02 -5.459010252671775421e-02 2.872843957344199672e-02 -9.141669652019179804e-02
-1.208014094130011040e-01 1.938399275870036353e-01 7.832909151658876135e-02 4.685750786721209343e-02 -6.254543850674273986e-02 -1.136257959716994656e-02 3.230543760954363106e-03 1.258427212176864429e-01 -1.699641825511758950e-02 2.739696115893836340e-02 -1.962033401186004944e-01 -5.093570445115813694e-02
7.298075423602917722e-03 -1.136650005247826639e-02 2.125527559317018367e-01 1.440677160958939336e-02 -2.165486579585611249e-02 -1.079603041414025147e-02 1.292772413904411284e-02 -1.226554923716405114e-02 2.040896607072315537e-03 2.917301326912962595e-02 3.057945176874667104e-03 -2.087223738907825199e-01
-8.186024423997802224e-02 1.044116995927768382e-01 4.170413952228772536e-01 -1.509692182093779478e-01 -6.199077981318999904e-03 2.360797709252834831e-03 -5.426094269655742375e-01 -8.832415497749857014e-02 8.115745525621233247e-02 4.324006281918600925e-01 -9.640272616200683264e-02 -5.435526467063105105e-02
4.770835737967557555e-02 -1.461367302140264557e-01 1.628039373600282946e-01 1.251899276120641280e-01 -1.011382759731826453e-01 5.461328826830656735e-02 -7.338508561215265069e-02 6.699477133702569365e-02 1.303030416780861511e-01 -5.391269562941980453e-02 -5.538720850658439970e-02 -1.410014649332267389e-01
-2.115444636990213359e-03 9.821162613634250652e-03 2.147656897761357209e-01 -1.578483189841627977e-05 -6.230246531098578358e-03 1.577385579452909858e-03 -1.701519743836659576e-02 1.000987221204245256e-02 -1.317821526471831331e-02 2.344122066147008229e-02 3.018590336199222790e-03 -2.074271697092688327e-01
-2.040492928430183983e-01 8.731697710327593689e-04 4.452676150154571411e-01 -1.432626388718999666e-01 -4.163595935824341600e-03 8.067915899088998199e-02 -1.124140398669667418e-01 2.120737902899955118e-01 2.748642299206761203e-02 7.083301023982545297e-02 -9.988602931492490677e-02 -2.567857077000403332e-01
-4.804870763304220499e-02 4.198967669829018617e-02 2.261076572632839121e-01 2.845031029178691356e-02 -1.102338341152839934e-02 -5.502929725932545479e-02 -7.094602480640719265e-03 1.170395457490314498e-02 1.056913777123491896e-03 -8.186226240846267849e-03 2.805646231855168579e-02 -1.913308951319625806e-01
-8.914139131117593262e-02 -2.434685778011872609e-02 4.806551213529458022e-01 7.066159193874167396e-03 -1.431041364247104819e-01 -6.690400603827793835e-02 -1.154312057429294353e-01 6.386925798810162702e-02 9.754139637010555974e-02 -1.146419086264009873e-01 1.360769853299802906e-02 -9.251826474781794929e-02
-6.419258133907909669e-03 -4.882434647793158083e-02 2.822220464672660634e-01 8.676783096103561632e-02 -7.040186677505355650e-02 5.141587916512171258e-02 -7.671156423799721513e-02 -3.810035326488521445e-02 -4.340925412166364572e-02 -6.827163318631614131e-02 8.910389220789149967e-02 -1.407195098369658781e-01
5.730838077100843322e-03 2.377355789730654576e-02 1.216023033113600854e-01 -7.495173050210096437e-03 -2.829619698368788377e-02 3.482213612597626767e-02 6.847515859382882764e-02 5.979878624423135003e-02 -4.424264072614517151e-02 -5.194258903967425428e-02 2.480975576655720244e-02 -1.903840734500500120e-01
-3.048015689879079310e-02 4.767369389805359986e-02 2.168895282541888903e-01 -9.505832509957333823e-03 -3.304325423953400481e-02 -3.681155260761673903e-02 5.924292828300051217e-03 5.904715697431933696e-02 -8.238544368242983404e-03 3.522465204303820707e-02 -3.830435923936730686e-02 -1.917237613677972574e-01
-6.643199379727364462e-02 3.284425999961725073e-02 2.122091477934360815e-01 3.157127695124901934e-02 -2.412052587822553426e-02 2.457369684341071531e-02 -2.512202962662933234e-02 9.046767681006152861e-02 -4.305685820915062384e-02 -4.804137790476190571e-03 -2.752844451950538229e-02 -1.839502058099201642e-01
-5.601329470777877823e-02 1.617224674751588376e-02 1.972317839976339693e-01 1.876485169024160599e-02 -6.804187440853208535e-02 1.483815147778122234e-01 3.472012738123124442e-02 4.932983531781943987e-02 -1.154512789670290585e-01 -8.397256504730662985e-02 2.509346603572477213e-02 -1.495629500507389131e-01
-3.252640627094613435e-02 3.880224663478205882e-02 2.273234891758818266e-01 -9.910983626714924694e-03 2.689860640412441301e-02 -8.733160411949522639e-02 -3.409974972729697823e-02 1.561458121681756975e-02 -1.453929381797859285e-02 8.155044270122867311e-02 -3.556571338890265888e-02 -1.595637524149063624e-01
-2.379446271183873751e-01 -2.014972743602334027e-01 -5.901424743292219000e-02 4.083124877046919177e-01 3.793760374491502718e-01 1.409787235083228285e-01 5.390199242643425870e-02 -1.038795686842885896e-01 -1.458561905434292705e-01 4.543125228800655446e-02 4.745465181036898072e-02 -3.106113742811203449e-01
3.725565984717776197e-02 9.730802719331676023e-03 1.747177677630258330e-01 1.542160170881658101e-03 3.275383059128366553e-02 4.892026410076508181e-03 -3.603776373180732351e-02 1.051423018003113524e-02 -8.811259800067106074e-02 -3.104000857553361817e-02 -3.243704273019615628e-03 -9.632054033418291361e-02
-1.820775765449622330e-01 2.236063325583786954e-01 1.679335220739008594e-01 -7.808286048734073420e-04 -8.132465748122168561e-03 1.358232660196294905e-01 3.616513881900511318e-02 -1.492064456887567947e-01 -1.311698997646280895e-01 -8.074035950284519370e-02 6.206021637527739387e-02 -5.682903722540996738e-02
-1.953560298685359103e-02 -3.088871264957133989e-02 1.523376158064914665e-01 1.898035257971986134e-02 9.535741228616269327e-02 2.768454849256325387e-02 -2.661465103468490384e-02 2.536642518669846719e-02 -3.644828454265085227e-02 4.159336522643636291e-02 2.751200783484772025e-02 -2.586926134325654436e-01
-3.232928048153154571e-02 -3.278839842796199555e-02 1.643497653725164431e-01 1.211718491766103217e-01 -3.225261615697559009e-03 -8.171581522622789473e-03 -8.488930482256423771e-02 1.718763703669868789e-03 4.059453373453336678e-02 1.113093777775142207e-01 6.409483215487572771e-02 -3.251834322827480417e-01
-1.125679051214596368e-02 1.298766725022217905e-01 1.832812235863427452e-01 -2.029390109300278910e-02 -7.499367307305777886e-02 -4.499770345257034926e-02 -3.321274525596029648e-02 -4.881084540431421953e-02 7.220594967108593179e-03 7.581947624864671109e-02 -3.363023900396777677e-04 -1.456441433566350585e-01
6.497462073072160157e-03 -7.055797988413889735e-03 1.936389244470983761e-01 -7.133021872365052918e-02 2.607130209181100430e-02 3.365575384457605498e-04 3.652493068105090029e-02 3.042981739363606608e-02 7.433927424300572351e-02 -6.935209060380194412e-02 3.722936313393149232e-02 -2.406776615195914404e-01
6.982254153938133312e-03 1.393165883359917361e-02 2.004096009608143658e-01 6.459858773594753974e-04 1.175861332142303511e-03 -1.121919596726872123e-02 2.044066088309303645e-03 1.364417998837810266e-02 -1.096506649711925796e-02 -1.287045963051795458e-02 1.248222924143363270e-02 -1.996092516144748752e-01
6.991702793738195643e-02 -2.813697365981575327e-04 9.177841752426724176e-02 -1.454923968617941391e-03 -9.772373733301913112e-02 2.001599367278546204e-02 1.078010452600076385e-01 -2.966892258251612596e-02 1.462088059673141878e-02 -1.648864872098194587e-02 -5.772463583094267214e-02 -8.413926405190405577e-02
-4.773446479079229143e-01 1.362176708825050819e-01 1.066173231792135745e-01 -4.676757449022078128e-01 2.110592344944799970e-01 3.253705558209858406e-01 3.197685242757682955e-01 5.033445278605362949e-01 -6.655456660898870225e-02 6.382639799430107896e-02 -8.216929889666894915e-02 -5.558081134254082567e-01
1.241987836341196666e-01 -8.339452916227749202e-02 1.296932284279685710e-01 5.706168760348769020e-02 -1.728596234874477666e-01 6.737660626807236153e-02 4.014169272903742730e-03 2.580939996075282822e-02 2.843285930581324755e-02 6.495211805509983061e-02 9.296035747572055363e-02 -3.215931945876195353e-01
-8.010874328323454308e-02 6.497303611839426452e-02 2.402634413706094541e-01 4.745819718117516572e-02 1.778625212162024058e-02 -8.495746744627481750e-02 -5.705322589753711315e-02 -1.495823777261063268e-02 -3.686365873843803348e-03 1.430482029339491534e-02 6.714849780444599736e-03 -1.340846938255439713e-01
-8.376948097142261629e-03 -5.590112476216527182e-02 1.710670656976375215e-01 2.109192638566652345e-02 8.698771360323850899e-02 -3.196109637265886344e-02 9.393877675131022398e-02 -4.373432307132639474e-02 -1.588009819904220160e-02 2.355177823715570024e-02 -2.338397086311409107e-02 -2.007478365429656852e-01
-2.562344268455848603e-02 -6.914548518893159912e-02 2.506162852965994614e-01 -5.450849476644949870e-04 2.503311869529772915e-02 -4.757930052715184793e-02 6.392947585188538118e-02 -2.753439608992618373e-02 9.704172792587734131e-02 -8.466423650343700424e-02 3.668184682519293194e-02 -2.015586458865895325e-01
1.234489490687998813e-02 1.013186882779353731e-02 2.012513248096882701e-01 -4.237940627692197634e-03 -1.475251168605522939e-02 -1.057486871702780287e-02 2.287868201465237047e-03 1.225907230159624037e-03 8.196639022933218180e-03 5.223209783608965401e-03 -2.596051936021684901e-03 -1.918484770491382108e-01
-1.442701729688502243e-01 4.198494800805530058e-02 3.228398458725144082e-01 -1.593660038807389323e-01 6.730946368185741768e-02 1.237137022889586158e-01 3.374896703679963750e-02 7.973522089915936750e-02 -1.480289413834162127e-01 -6.492554844607305309e-02 -8.334643691059195891e-02 -5.274318143108068513e-02
1.276679967272602127e-02 4.897922855944792514e-02 1.219043122071969687e-01 -9.482722076334419714e-02 8.989851829014740281e-02 -5.386938822414217426e-02 7.722854073840785399e-03 1.114222938878563218e-02 9.567175027446966906e-02 -4.610843048202573763e-03 6.561353221406304725e-02 -2.837399098783948137e-01
4.002982180713062117e-03 2.723247511695614520e-04 2.062639349075212625e-01 3.196543377296369101e-03 5.834048917162527881e-03 -1.154701554520698795e-02 -9.213981783996374325e-03 -2.511644693989705489e-04 4.243073696396506417e-03 1.042476814468649288e-02 5.832212572471883946e-03 -2.024058639822216288e-01
-1.038413933750825108e-03 -2.383613084120420403e-02 2.236334569618214085e-01 2.776952199826345641e-02 -4.499440202647188997e-02 3.185936684552227033e-02 -8.984136467804602552e-03 5.074882655685350463e-02 -1.369771081929303802e-02 -2.980358671981868726e-02 1.436321958121004883e-02 -2.093681483687337974e-01
-2.283464673981784321e-01 2.139245788934230619e-01 -1.853332466086317701e-02 -2.343281559133948005e-02 9.762226047471525558e-02 -1.983180801901275603e-01 1.781365504816007639e-01 7.698876001438600958e-02 1.384061251827311267e-01 1.461699020420679507e-01 -1.341436446856363318e-01 -2.318219817961854334e-01
3.653010008544253784e-02 -3.351619110774805687e-03 1.800410073491731378e-01 -2.218890768137817687e-02 -4.876271497953774126e-02 6.295129499960075425e-02 1.054243878408480523e-02 4.620342965021079044e-03 -7.861416188587944109e-02 2.538018825745088497e-02 1.898483343456910249e-02 -1.694809394511784528e-01
