-6.184412158492890832e+00 -7.060650552223329157e+00 -6.877216995474337402e+00 -4.857973929311194539e+00 -7.629468078973772549e+00 -7.971081639802188867e-01 -6.511067356684691276e+00 -5.091933109176335570e+00 -3.951846452095006956e+00 1.971056473850093305e+00 9.577700314268569048e-01 -1.726421051453498334e-01 4.304562453088434992e+00 2.564459542323029861e-01 7.349628933124774832e+00 4.363465124596649147e+00 2.322183127975480321e+00 5.167547606251926773e+00 3.136825619276085941e+00 5.398253467366009417e+00 6.363904643232260128e+00 7.004076460304604623e+00
-7.814446912853664884e+00 -5.251244201217144969e+00 -5.636742736566485945e+00 -1.943513792855047662e+00 -3.116462701695741910e-01 3.266349958823141275e+00 -1.934610248859910953e-01 -4.507607585098435399e-01 7.792016831722091696e-01 -4.026210897342437534e+00 8.145121443949750184e-02 -3.224233247362096599e-01 2.547298644238685128e+00 1.640801506519723008e+00 -2.204402962476686434e-01 2.501870003795357178e+00 5.663830821412375371e+00 3.060673266379660529e+00 3.521366068545787709e+00 -1.140776781971911236e+00 -1.181856766379536294e+00 4.892081589577438550e+00
-1.052449599416413406e+01 -9.524507512761763550e+00 -8.524069925262162783e+00 -7.523595159365388696e+00 -6.524485481394947328e+00 -5.524870624257754770e+00 -4.524208520962428537e+00 -3.524401789023119846e+00 -2.524450232698137953e+00 -1.524185021831218734e+00 -5.241080126301707054e-01 4.756791019304298374e-01 1.475319142030052433e+00 2.475296738134193930e+00 3.474908384071158096e+00 4.475536907599737546e+00 5.474948937581352482e+00 6.475474769757555649e+00 7.475625554607683299e+00 8.475317197428505978e+00 9.475696148858839152e+00 1.047497638552026977e+01
-1.018920707098358669e+01 -3.778847291870615521e+00 -1.076708408905325598e+01 -2.385089400041493946e+00 -3.091315010554827047e+00 -5.206520095791856484e+00 -3.894928039260419084e+00 -5.507687924476370789e+00 -2.391429210939911343e+00 -1.633395255094382881e+00 -3.680030400136276580e-01 4.324120792560314008e+00 -2.919649787034970245e-01 8.612136358393296387e-01 1.875601993403197110e+00 4.747920375583150054e+00 4.701461157132813540e+00 7.383896222145576616e+00 5.171053198942025197e+00 5.903797312501938066e+00 6.135975466777711773e+00 7.861832245066144864e+00
-1.236276613431161309e+01 -6.968174452338827152e+00 -6.624564237816713330e+00 -7.720833698609347095e+00 -5.214730360074428361e+00 -4.975993358307134073e+00 -5.629688033276901038e+00 -1.874019135670275116e+00 -3.147727181395438834e-01 -2.416193741201744238e-02 2.366671358508293244e-01 3.192217797233888321e-01 1.736181914454176800e+00 2.932180315916631752e+00 4.350740415605658384e+00 8.081704938757516832e-01 4.608745171356357417e+00 6.207721782745653449e+00 7.428340665046705205e+00 6.104297646515209230e+00 9.499482296505915357e+00 6.939355441528885393e+00
-1.052429499104619026e+01 -9.524415548890823757e+00 -8.524669725447893143e+00 -7.523746777325891699e+00 -6.524676684290161788e+00 -5.523730833083400071e+00 -4.524171363562347281e+00 -3.524803098291167558e+00 -2.524737659841768789e+00 -1.524863395839931357e+00 -5.238234736025333405e-01 4.752593152224982020e-01 1.476460944861173630e+00 2.474855769425627017e+00 3.475361149758093404e+00 4.475092206150289798e+00 5.475823525339366782e+00 6.475902747362852097e+00 7.475215222686522054e+00 8.475155401974909353e+00 9.475092533975832509e+00 1.047511572763323784e+01
-1.052457308295095828e+01 -9.524005154994391376e+00 -8.524355175820259589e+00 -7.523996467617433126e+00 -6.524418900636092644e+00 -5.524120333519842774e+00 -4.524605798450377137e+00 -3.524603049186154635e+00 -2.524393605914967864e+00 -1.524651589718722278e+00 -5.246600461277068916e-01 4.756591888991277273e-01 1.475370151075450664e+00 2.475003589960662609e+00 3.475265008482066875e+00 4.475384545597160368e+00 5.475884889337157446e+00 6.475977775725453967e+00 7.475206536325549322e+00 8.475335423919290179e+00 9.475167197259990459e+00 1.047552989152344693e+01
-8.259574808566604531e+00 -9.781272116717962817e+00 -8.631692292553836410e+00 -7.417365313656111958e+00 -6.568439543205943032e+00 -5.592942193876890400e+00 -1.419794721146683480e+00 -4.119872434728786281e+00 -2.571337724272469760e+00 -1.993679698378665766e+00 -1.186082044256843604e+00 2.785314984491699342e+00 9.291996307661503085e-01 1.756001888039992131e+00 2.601424970583665619e+00 3.778917797323120720e+00 7.636029973739229426e+00 5.273497922538568972e+00 6.337267386871357822e+00 7.481904542660362978e+00 8.752032469942344406e+00 9.671862317572642809e+00
-5.125851171719489230e+00 -4.122497139439310843e+00 -5.638162729963223541e+00 -7.804924666795544752e+00 -1.014435377048834042e+01 -2.646650343712444453e-01 -4.023073931602797693e+00 -3.523289543156923109e+00 -2.467732480140325535e+00 -2.394516328689241025e+00 2.493818561314186333e+00 -5.460185739056677701e-02 -1.417678996095390609e-01 9.978946808890950537e-01 3.388737857387518204e+00 3.229403718290972058e+00 8.015417017797567212e+00 4.240321784206887656e+00 5.002642052572759290e+00 4.747043124216959953e+00 7.114202269475478957e+00 5.937356480383469304e+00
-3.822261052849950325e+00 -2.219862749246413358e+00 -9.185154473725782864e+00 -3.281650364607263004e+00 -1.327825874018031538e-01 -3.459944625606912627e+00 1.778920800276358349e+00 -7.463881481980150667e+00 -3.612676883067335032e-01 -1.414249679135344717e+00 5.473699264789221308e-01 3.051004810964741409e+00 1.532692186128630230e-01 4.788155971958074630e+00 -1.759492747647269706e+00 2.747100020845008483e+00 8.518026063675701032e-01 2.549760819243188426e+00 5.062314711009497259e+00 1.841868008935945378e+00 4.175513478872058037e+00 5.014868070111752729e+00
-1.237444862359113884e+01 -6.980448887065258567e+00 -7.042609491311972114e+00 -4.404669701196079146e+00 -3.723871181295809407e+00 -2.888276975423365034e+00 -2.182517874627509347e+00 -3.424344036664177526e+00 -2.457699135290255743e+00 -3.202161990526047664e+00 1.697544991738930253e+00 5.252760180311342175e-01 1.087039615193246656e+00 2.786148100207672229e+00 2.851886226479084741e+00 5.689558054886330041e-01 4.961916772260667408e+00 4.380769996461345350e+00 6.830474917488292164e+00 4.921318176588261650e+00 7.873733257487949722e+00 9.657385012734746255e+00
-8.448028440010666884e+00 -7.219021199323487181e+00 -4.757137607016324043e-01 -2.046439052768916245e+00 -7.142225899086402485e+00 -6.450438743320395574e+00 -5.710603795505208247e+00 3.001963127525230757e+00 -2.602571813476935336e+00 2.967956381621200013e+00 -8.182545332080319866e-01 2.386863605836736790e-01 9.576491723256000399e-02 -6.699773474099950388e-01 2.493112364807374526e+00 5.850034603635553943e+00 1.821591018698067721e+00 1.916785827956012600e+00 6.281490528063190304e+00 5.847489063025162359e+00 5.163335646203531581e+00 5.366465738628475535e+00
-1.052429218827327873e+01 -9.524666468189524338e+00 -8.523575695739555869e+00 -7.524966570125403820e+00 -6.524036141620438656e+00 -5.524920242415230831e+00 -4.524930255995567308e+00 -3.523746135221298204e+00 -2.524479287253180715e+00 -1.524603816257293687e+00 -5.243504220111905312e-01 4.756897589699686790e-01 1.475547236813733676e+00 2.475379166616621163e+00 3.475162906064218404e+00 4.475233761085693374e+00 5.475379002703851583e+00 6.475415532900514748e+00 7.475412127985190835e+00 8.475091723217195394e+00 9.475653139366336575e+00 1.047600386054677202e+01
-1.052442859011619447e+01 -9.523674606260913222e+00 -8.524426675316952640e+00 -7.524330056187789495e+00 -6.524576998231072622e+00 -5.524512356993820816e+00 -4.524590521034863144e+00 -3.524688727137725408e+00 -2.524216107008133037e+00 -1.523841357705268962e+00 -5.248242904516864371e-01 4.752782518890690255e-01 1.475437478247007661e+00 2.475768857720215266e+00 3.475271769883949702e+00 4.475171730938278358e+00 5.475667127492746644e+00 6.474838764491396503e+00 7.475010671737518209e+00 8.475661725821810322e+00 9.475111120465120607e+00 1.047629378092558738e+01
-1.052309277450492431e+01 -9.523828832263278699e+00 -8.524849390441712416e+00 -7.524895055050205173e+00 -6.524558467621130120e+00 -5.524271933192533623e+00 -4.523903993720342243e+00 -3.524347511882131911e+00 -2.523049441928202796e+00 -1.525201706046395600e+00 -5.249558219855430252e-01 4.767534604126808517e-01 1.474668966775601220e+00 2.475979061966596007e+00 3.475105034356772649e+00 4.474909598177131187e+00 5.474902274256406187e+00 6.475272240286525260e+00 7.475112462585631334e+00 8.475133450871167540e+00 9.475623415952384221e+00 1.047489595616406000e+01
-1.052403954924498919e+01 -9.524159913374598219e+00 -8.524694440378363325e+00 -7.524221909655762985e+00 -6.524469984187298621e+00 -5.524307077242552211e+00 -4.524407779289900233e+00 -3.524535661055276492e+00 -2.524421443654709662e+00 -1.524593708528696467e+00 -5.244007533923991105e-01 4.750767895444010236e-01 1.475848610089595780e+00 2.475160854445270786e+00 3.475531826303777549e+00 4.475479076193147776e+00 5.475274155424411759e+00 6.475436592982584116e+00 7.475679079578695152e+00 8.475344906137763701e+00 9.475402767346675859e+00 1.047541855512696252e+01
-9.880807892722014429e+00 -5.573813279184912872e+00 -8.951219752144456976e+00 -5.214592679278787557e+00 -4.969166443172787773e+00 -3.952861783071961455e+00 -1.998634842152094082e+00 -2.716092526763442372e+00 3.592100229857262406e-01 -9.458619287379790297e-01 -1.216026354298848311e+00 9.835572583608215291e-01 2.643475941084936665e+00 4.161827027865877326e+00 2.495694823902306236e+00 1.129277068109421300e+00 1.148272180840326673e+00 3.040566833839451810e+00 3.732998814564740808e+00 8.378600878294292897e+00 4.901088821400135132e+00 1.190590880344760372e+01
-1.052393738349730512e+01 -9.524347321892312479e+00 -8.524271765554487956e+00 -7.524663740599711659e+00 -6.524440215731196702e+00 -5.524650255048817016e+00 -4.524792419577179814e+00 -3.524798052216123523e+00 -2.524346003139552153e+00 -1.524538213217796923e+00 -5.241617204790784967e-01 4.755560962313918338e-01 1.475874653255397462e+00 2.475278591906477033e+00 3.475442258810451435e+00 4.475722534751346515e+00 5.475509068166662274e+00 6.475569522177629267e+00 7.475266141986310231e+00 8.475373199378894995e+00 9.475219069218093537e+00 1.047553694823925774e+01
-1.052405470270996091e+01 -9.523862254213179668e+00 -8.524523791264382311e+00 -7.524801630865443514e+00 -6.524735238741723009e+00 -5.524500195275631853e+00 -4.524223808537822578e+00 -3.524284508417956374e+00 -2.524398323487133666e+00 -1.524730872701496764e+00 -5.244806822050627204e-01 4.753453392874167349e-01 1.475152093578477874e+00 2.475763979960573735e+00 3.475738722492357269e+00 4.475347119976179400e+00 5.475170630623003021e+00 6.474890712309974816e+00 7.475459325719977954e+00 8.475665215064184466e+00 9.475362177599562230e+00 1.047610168497671346e+01
-1.052402531321754964e+01 -9.524825542826539149e+00 -8.524685717780482008e+00 -7.524269230325131730e+00 -6.524788342077616932e+00 -5.524021245200529506e+00 -4.524586490948088624e+00 -3.524719580669300356e+00 -2.524061418731097461e+00 -1.524284965951327564e+00 -5.248230096291433000e-01 4.759489971805681563e-01 1.475163616578686998e+00 2.475911558013063285e+00 3.475138396363361082e+00 4.475341461937530241e+00 5.475623205642806468e+00 6.476300225000485966e+00 7.475512951951131413e+00 8.474930189888580045e+00 9.475296326320274076e+00 1.047532492164860507e+01
-1.059133928175022810e+01 -6.768640134812182296e+00 -5.321255592954360125e+00 -4.721275918797874560e+00 -3.628706772624034294e+00 -3.264161894282630261e+00 -2.306926934564664577e+00 -9.620135183108187160e-01 -9.777946403985948720e-02 1.420319443697811046e+00 1.953953143536000914e+00 -4.535423285071908950e+00 3.330517815538389215e+00 4.953555942582986482e+00 3.043669804198226636e+00 -6.483268209345718347e-01 7.020907785511983690e+00 8.085239206864267558e+00 -5.711020297608877527e-01 7.843599689293507815e+00 2.483820718987916454e+00 2.742769090861280290e+00
-1.325137985331268098e+01 -7.705939209143780388e+00 -7.312605956286760467e+00 -5.067659170038766980e+00 -4.097304808920171126e+00 -3.452725524135422219e+00 -2.460101487150453625e+00 -7.833482784406711197e-01 -2.016285446091575562e+00 9.818274369597290718e-02 -1.294765392959976724e+00 1.234295826437522114e+00 2.334431873358688847e-03 3.507631260452752642e+00 4.241180704649593736e+00 1.148584029806864359e+00 2.200561341253575609e+00 5.629452116277526841e+00 6.714165277570950607e+00 7.550855846823514739e+00 7.549864354017497448e+00 7.026408186789471877e+00
-1.052213542366570920e+01 -9.524916226213628434e+00 -8.524900468235671269e+00 -7.524782302027425374e+00 -6.525245288556273948e+00 -5.524929257279104888e+00 -4.524606095796293914e+00 -3.524699533527556383e+00 -2.524853276258147261e+00 -1.523382039910007535e+00 -5.252226313406804792e-01 4.749019870703818924e-01 1.475203184241593135e+00 2.474711639637286353e+00 3.475065348500550044e+00 4.477505793625656594e+00 5.474871648306191219e+00 6.477024210447607899e+00 7.474945513362238003e+00 8.477179122919382692e+00 9.474976142699063075e+00 1.047468894516879523e+01
-1.052468126809047533e+01 -9.523254824632930493e+00 -8.523842973465255213e+00 -7.523619493300266470e+00 -6.524454576725291943e+00 -5.524482985789113343e+00 -4.524616909975328838e+00 -3.524717448109921492e+00 -2.524432344192781841e+00 -1.524283630604077899e+00 -5.238916406577196483e-01 4.755646606738039850e-01 1.475165637379355132e+00 2.474868172949021172e+00 3.475017966871920549e+00 4.474938349967660045e+00 5.475163119083111596e+00 6.475067528134053063e+00 7.475217538123787975e+00 8.475055711513222789e+00 9.476588512008849108e+00 1.047503189200705798e+01
-1.020852098391707408e+01 -8.232137337724958925e+00 -7.849014686198794166e+00 -5.511086154110556912e+00 -2.953017734878988332e+00 -3.680068943318726582e+00 -1.988876566235504795e+00 -3.476682275151840695e+00 5.865639848083163965e-01 -4.449386815322282640e-01 -1.280166126730482579e-01 1.778013813794762088e+00 -1.788073930576698611e+00 2.113148165175708026e+00 2.831805190449387055e+00 1.755910621393281135e+00 1.417708668803363548e+00 6.326227887605893052e+00 9.137947265501439986e+00 7.547479437697654170e+00 7.204283072177866565e+00 5.022746792079100686e+00
-9.370056501769870039e+00 -7.143294853450504078e+00 -8.328167519444036770e+00 -4.830200970244099778e+00 -3.042481297108689642e+00 -2.819117212247776560e+00 -7.949350923328113439e-01 2.051813091279941048e+00 -1.139612777373149921e+00 -1.699643148564413675e+00 4.844463334707805879e-01 -2.501267561081521151e+00 5.004568204762621653e-01 2.294743986144340830e-01 1.346571547147086267e+00 -1.153657524108576027e+00 6.780840047238184454e+00 6.429477915241667674e+00 3.609542849800047914e+00 1.152888825554481755e+01 2.960254418412247901e+00 6.362069773668334705e+00
-1.195678711268691785e+01 -7.788609852202000638e+00 -6.871163556685662144e+00 -5.378692059445381091e+00 -4.412523565843642359e+00 -3.913948097344968069e+00 -4.441195380459565634e+00 -3.428335167838616915e+00 -3.202532937987515593e-01 -1.237459889053430073e+00 6.198286826876575617e-02 9.882608932128740253e-01 2.550487629939287793e+00 2.137774000069602831e+00 2.822265363626761392e-01 1.914452698371011952e+00 3.015138812456091610e+00 5.681544186481394476e+00 4.303106168239679619e+00 8.144231503997911403e+00 1.001307065142949426e+01 1.011809301969850772e+01
-1.052324704182417037e+01 -9.523857818069767944e+00 -8.523563602092577796e+00 -7.524432369592524594e+00 -6.524914019825772016e+00 -5.524071277203880470e+00 -4.524786480787120979e+00 -3.524679274382918948e+00 -2.524778650226902954e+00 -1.524349154057823341e+00 -5.245932052758597308e-01 4.749782745811064189e-01 1.474974310872228855e+00 2.475611976263191849e+00 3.474858148870142216e+00 4.475880651650106401e+00 5.475495285269891710e+00 6.474797828969629521e+00 7.476276195523416490e+00 8.475833556530149693e+00 9.475195414302021391e+00 1.047477224367586146e+01
-1.052432709390463828e+01 -9.524360330944698916e+00 -8.524029785936523496e+00 -7.524261484091944396e+00 -6.524503419345057509e+00 -5.523754174059078537e+00 -4.524978922849328455e+00 -3.524830827658833599e+00 -2.524065891450085530e+00 -1.524083668535393343e+00 -5.249723290855161650e-01 4.761794785207023040e-01 1.474983667785476626e+00 2.476182004267522885e+00 3.474840408021753646e+00 4.475002592260192813e+00 5.475756754929369308e+00 6.475482662970376779e+00 7.475921219045476462e+00 8.475664397532291616e+00 9.475118165666412295e+00 1.047443757003004094e+01
-1.288690678556211289e+01 -8.617321151763503551e+00 -6.714989830075201560e+00 -5.477612074930599206e+00 -4.604471720525993739e+00 -5.205769855061795681e+00 -2.493006052610646783e+00 -1.868672071102440935e+00 -8.484811401554775978e-01 -1.658064307720204633e+00 6.365095711329520345e-01 3.556544880433673006e-01 -5.603185026743680019e-01 3.665269294413488144e+00 2.981082410813519878e+00 2.797092263140278590e+00 3.127985244901800410e+00 7.081938778953449365e+00 6.120642626365644823e+00 9.223490180519352322e+00 7.835433169973183176e+00 6.571916457093649022e+00
-1.052229954776435505e+01 -9.523604248735018984e+00 -8.523800690743051689e+00 -7.525222060355282849e+00 -6.525480953129843442e+00 -5.525067930194452970e+00 -4.525134538384989469e+00 -3.524235752495856744e+00 -2.525389266285014145e+00 -1.523208667608816569e+00 -5.249603289094793013e-01 4.744406444105262466e-01 1.474603685465728731e+00 2.475475649264723188e+00 3.474403533068574745e+00 4.476526672867210621e+00 5.474600742486392946e+00 6.478117111054336519e+00 7.475071537223731966e+00 8.476706641641527540e+00 9.475303034213455433e+00 1.047455572607842633e+01
-1.052377307990737165e+01 -9.524232341145914660e+00 -8.524067776446990763e+00 -7.524767896329821681e+00 -6.524694210087702118e+00 -5.524447055702866649e+00 -4.524813881313244579e+00 -3.524399804120724511e+00 -2.524635022675454366e+00 -1.524706592952663087e+00 -5.245492962951061600e-01 4.754252636974438673e-01 1.475684014910994435e+00 2.475579699332051575e+00 3.475648099387226964e+00 4.475289935076771641e+00 5.475118966603815807e+00 6.475903266871508634e+00 7.475349487567489959e+00 8.475499635392962361e+00 9.475482726300301195e+00 1.047550685500555723e+01
-1.052237983149568379e+01 -9.524801426651807290e+00 -8.522542961957787711e+00 -7.525286541405073137e+00 -6.525170588019216567e+00 -5.524808579209178561e+00 -4.524756529453135556e+00 -3.524907798591003782e+00 -2.525256970050669736e+00 -1.525086783888678355e+00 -5.249151448634687966e-01 4.772754673930581504e-01 1.475140354511403018e+00 2.474787778136388283e+00 3.475067823109284859e+00 4.474902271208421212e+00 5.474792568859715658e+00 6.474871246990815621e+00 7.474718010899687570e+00 8.477287731048720687e+00 9.477319097993033736e+00 1.047515179860319101e+01
-1.052431773631406742e+01 -9.524226541207587715e+00 -8.524828205393115255e+00 -7.523959899829195663e+00 -6.523486139760766633e+00 -5.524580972777167531e+00 -4.524571920321742269e+00 -3.524875605986878213e+00 -2.524566771970532031e+00 -1.524442183361804481e+00 -5.250150957568067156e-01 4.751723534004295146e-01 1.475145374848088053e+00 2.476028402759270719e+00 3.476330255581578044e+00 4.476042663170542113e+00 5.475554083897316460e+00 6.475237046791752604e+00 7.474961703135212687e+00 8.475518268956383494e+00 9.475059909238062517e+00 1.047522200406952386e+01
-5.569867187769553141e+00 -9.709689144493806268e+00 -6.273782165762965768e+00 -9.716022703094298052e+00 -6.172581711028111151e+00 -2.845880076927829183e+00 -4.264084477639495496e+00 3.530418437977453916e-01 4.947359162401317456e-01 2.174797356854484554e-01 -6.149977404899179545e-01 1.303970591505367205e+00 2.403708662015716868e+00 3.906677297474460797e+00 1.494520633508117369e+00 -1.694881371681138393e-01 5.521116063440763000e+00 7.607325566597404887e+00 4.508364784063195074e+00 8.295170918608745225e+00 3.971295406806315764e+00 4.720386917799025639e+00
-7.855606418547278480e+00 -7.540207927545031552e+00 -1.227726359498729103e+01 -5.501799411390087435e+00 -5.204840264886033019e+00 -2.471428147221392813e+00 -2.161605106534883802e+00 -1.847288641022625466e+00 -4.031882526962024649e+00 -1.594809460285560920e+00 7.134081880645284368e-01 6.914796695129270532e-01 7.487253607602391003e-01 1.537326994040400407e+00 4.271561809612633098e+00 3.093825137258695346e+00 3.864244134731207758e+00 6.699244555294637138e+00 3.597423482648438142e+00 6.784974975605962300e+00 9.395319929495753897e+00 8.550598255525146740e+00
-1.052444303272807957e+01 -9.524147199974819955e+00 -8.524288358674809274e+00 -7.524568999694182025e+00 -6.524475547061731717e+00 -5.524856711314491520e+00 -4.524443137036136875e+00 -3.524305211888139056e+00 -2.524636285887524423e+00 -1.524280230091385135e+00 -5.241621011360280136e-01 4.755687913433881420e-01 1.475527082993210115e+00 2.475431335581953718e+00 3.475711954249563362e+00 4.475227457894504823e+00 5.475245018912971773e+00 6.475547564639269282e+00 7.475264420224853268e+00 8.475623538209617891e+00 9.475383979691681446e+00 1.047547666491431251e+01
-1.052252255617224819e+01 -9.524692671881480166e+00 -8.524966979907322440e+00 -7.524770813570809125e+00 -6.525164315985010788e+00 -5.524866754697134397e+00 -4.524983155117800138e+00 -3.524962621317685674e+00 -2.522727789865301773e+00 -1.525148185478018448e+00 -5.248511010273109179e-01 4.774775928394170421e-01 1.474895340813811018e+00 2.474987787617855872e+00 3.477292013777914192e+00 4.475063664330660274e+00 5.474607599391163149e+00 6.474848163737471296e+00 7.474954677237693801e+00 8.477163416756805958e+00 9.474877265705282881e+00 1.047489041598004000e+01
-1.052381033111697661e+01 -9.523910243402811560e+00 -8.524969179521903584e+00 -7.524585623632782827e+00 -6.524643648754443248e+00 -5.524118241261342988e+00 -4.524052176963197169e+00 -3.524544556032532583e+00 -2.524811748753865714e+00 -1.524516951631406769e+00 -5.236929248679729199e-01 4.753568727861772203e-01 1.475507478822363439e+00 2.475154872645029869e+00 3.475083585489885607e+00 4.474898200143471172e+00 5.475660528648990777e+00 6.475011665035379949e+00 7.476193267513414398e+00 8.475075598467482152e+00 9.475300948728222039e+00 1.047581360082735280e+01
-1.075602825573020205e+01 -7.372893079841232655e+00 -8.642053038342011106e+00 -5.246921322404926258e+00 -6.913580997473554923e+00 -5.743007448285505134e+00 -4.578667143203674073e+00 -3.747697566957911786e+00 -2.987047133022493028e+00 8.166942815224612628e-01 -7.646360663805260582e-01 2.029342041520748596e-02 1.019871498153892553e+00 1.808341247939962981e+00 2.809890216099531379e+00 3.646358666480423061e+00 4.816551915255756100e+00 5.691068744635616738e+00 6.692641333431195605e+00 7.843908923816595546e+00 1.164724540041488510e+01 9.401067396644856800e+00
-1.191984148287108880e+01 -4.559948993985945442e+00 -3.073355951917294604e+00 -8.511861399426553731e+00 -7.362542812854653285e+00 -6.224806740163344898e+00 -5.171080525897087554e+00 -4.260922453647899566e+00 2.423707971504996728e+00 -1.866633429342262840e+00 -1.443525176911208074e+00 5.362960366557680381e+00 7.423517573956508464e-01 1.324591693279169258e+00 1.710086714954581533e+00 2.760804775373265407e+00 3.603363048253077849e+00 5.394351154211544319e+00 5.529319229959398285e+00 7.378665071790654117e+00 8.252965960620935348e+00 9.372752216284739646e+00
-5.870355543748216220e+00 -4.409765007725686914e+00 -3.238516011665180550e+00 -6.191748470142863781e+00 -1.494979987248145736e+00 -6.307790479400990691e+00 -7.757471875503955339e+00 -5.195460087025326246e+00 -2.048560922589972577e+00 -3.381507315684376014e+00 -1.333683641288412103e+00 -2.566199606997709992e+00 4.223244987284051177e+00 7.183522040263599084e-01 3.034486060236166516e+00 6.535347451871202473e+00 3.267600465590617453e+00 7.601300579587270789e+00 3.431111628526626323e+00 8.082548823105966562e+00 5.170951130736566981e+00 7.192496611224344250e+00
-1.052325534922155725e+01 -9.525805817070327919e+00 -8.522724107923837167e+00 -7.526010231199611766e+00 -6.524787888946850245e+00 -5.526170746507970577e+00 -4.522493288936955125e+00 -3.524088994684555942e+00 -2.523788855495771699e+00 -1.523599193516092853e+00 -5.226216177371458826e-01 4.767532785507739845e-01 1.473790510472927195e+00 2.474687053737309128e+00 3.476299448785448831e+00 4.474497615275051743e+00 5.473774879154827744e+00 6.473870410499241501e+00 7.474242477593092460e+00 8.478804512796065396e+00 9.474901809272431308e+00 1.047512508827176170e+01
-1.165527812759470905e+01 -4.521276935850114143e+00 -3.287215416176620497e+00 -8.190066799980012746e+00 -7.433640661051888365e+00 -5.969418694544101456e+00 -5.279215739138147789e+00 -4.115817711304624815e+00 2.474756399216323288e+00 -2.229502568956903019e+00 -1.330371946540198413e+00 5.557202101053469789e+00 6.444693702800846635e-01 1.315617363106825310e+00 1.911334210648470755e+00 3.778888257880428370e+00 4.475043266043899237e+00 5.208332963587932518e+00 5.414262933025792535e+00 6.634827764645922166e+00 7.747148306761570957e+00 8.311322658054953294e+00
-1.052125566723670147e+01 -9.522386143830679828e+00 -8.525299365547564179e+00 -7.525076622990054531e+00 -6.525165269997975415e+00 -5.524739521470939607e+00 -4.525109278884789532e+00 -3.525330650535499544e+00 -2.524484897879018419e+00 -1.525103147056965369e+00 -5.252834362062532847e-01 4.753021943298261220e-01 1.474422265860168224e+00 2.475655679675664800e+00 3.476862092587079900e+00 4.474673827263442760e+00 5.477105003866284960e+00 6.477646094831552404e+00 7.474235464903445703e+00 8.474966679784387225e+00 9.474528555842963939e+00 1.047523713586005734e+01
-1.052452431923962450e+01 -9.524344231256016258e+00 -8.524294364520088152e+00 -7.524723279543906074e+00 -6.524068835445412162e+00 -5.523785907097838788e+00 -4.524643990465179400e+00 -3.524653005667710559e+00 -2.525405111976636974e+00 -1.524016793139953307e+00 -5.244516239247545286e-01 4.751442789354047846e-01 1.475432929328894360e+00 2.475810375741932745e+00 3.475253698162054761e+00 4.475325976244429071e+00 5.474702489308334918e+00 6.476775494150135870e+00 7.475646224550228425e+00 8.475391660562966223e+00 9.475978296927429767e+00 1.047485103153369401e+01
-1.070230885577768909e+01 -5.226806621229036054e+00 -2.212122297410980210e+00 -1.354104410995478958e+00 -7.885140830547056723e+00 -5.321072611154967547e+00 -6.847910517939756581e+00 -4.432093436832882816e+00 -3.938670299476014325e+00 3.725319437958597657e+00 -1.009327406553964579e+00 9.717427511512499727e-04 5.935953394470111277e+00 5.421462707746927956e-01 1.413961332620341294e+00 2.834518017077279239e+00 3.411781313340709776e+00 4.434563793965671685e+00 5.647864545013211668e+00 6.009152809332214851e+00 6.885767293571894321e+00 7.548958330210316703e+00
-1.080652043830888331e+01 -2.911853900992147359e+00 -5.337318073217789838e+00 -7.555230149288075125e+00 -2.693113616392992071e+00 1.981136294511252061e+00 -3.407154206671814123e+00 -1.903860891075415118e-02 -4.206528373494267115e+00 1.328403904138296010e+00 -3.605205636836106287e-01 -9.598380579087022468e-01 -1.493447617356709722e+00 1.984898880669894838e+00 1.964159063753001311e+00 3.135681699860870530e+00 7.634672408612654948e+00 1.705390706488102648e+00 6.684418241365396973e+00 3.442783954760088250e+00 4.020852770177689273e+00 5.329566675056845781e+00
-1.052485323663468364e+01 -9.524381994862443079e+00 -8.523838862438102737e+00 -7.524281546134858445e+00 -6.524731017310513081e+00 -5.524508162994287375e+00 -4.523931644518270900e+00 -3.524834572930245713e+00 -2.524742439050559284e+00 -1.524831279773614767e+00 -5.240816917609230075e-01 4.752517047930719940e-01 1.475324452262020358e+00 2.475858256559469339e+00 3.476348281245329019e+00 4.475632243197061655e+00 5.475580312650301096e+00 6.474924631755447635e+00 7.475152775983909592e+00 8.475157708268255874e+00 9.475370839576820359e+00 1.047581623528489558e+01
-1.052487085827365121e+01 -9.524971098385055512e+00 -8.525350653312408156e+00 -7.522395469925626799e+00 -6.524668500504695601e+00 -5.524894789538599582e+00 -4.525157690725535531e+00 -3.522330925545904989e+00 -2.522791267118639880e+00 -1.525184058330271597e+00 -5.221715427257720421e-01 4.750570126555277994e-01 1.475100859322338920e+00 2.474722042002470701e+00 3.474951773204596250e+00 4.475037730552942961e+00 5.477427027442249852e+00 6.474901891567498069e+00 7.474575429477491539e+00 8.474794834174904423e+00 9.474927432157784324e+00 1.047469181499699076e+01
