-8.061215349146783060e-02 -2.907480814760550480e-02 7.153335491061360574e-02 9.046199851742602049e-02 -1.550506840487336953e-02 1.073501906698786090e-01 -2.306914359402548534e-02 -1.468296540352603263e-01 2.402183434318405086e-01 -4.663157763617066520e-02 -4.904322629994438409e-02
-3.808658166588894251e-02 6.041068129124851568e-03 4.012501029551923670e-02 7.074400133733733942e-02 -5.635707668770444795e-02 8.714120993771866386e-02 -1.058789452195282449e-01 -1.282652621197166443e-01 3.050826027932260209e-01 -2.431762971832942752e-02 -3.743014116134837921e-02
-8.529863622672921586e-02 1.587519051434467879e-02 2.847833721407624918e-02 7.575958270325792998e-02 2.466493539309606506e-02 8.676757701738924133e-02 -1.035610913653139259e-01 -1.158074316021132644e-01 2.711108607278160387e-01 -2.632561403145570675e-02 -5.286545442395646638e-02
-8.789885625558399584e-02 6.639801190603381031e-03 -4.334661133276168817e-03 5.247464678110999592e-02 1.125945985557204668e-02 2.831012126582355126e-02 -5.278844454546140902e-02 -6.260968477909056862e-02 2.976416064189252864e-01 -4.623172466132523251e-02 -2.366400821688662351e-02
-5.130064557364643479e-02 3.230444258983249800e-02 2.066382532819459328e-02 1.041824399107807581e-01 4.349618596693930611e-02 7.858158531198911056e-02 -7.533670565863544166e-02 -1.786857357388941248e-01 1.945304677349004863e-01 -5.327703552543294752e-02 3.639431574381384732e-03
-3.040828356830552540e-02 -5.237586847161031234e-02 2.778398930150834112e-02 8.906847041481208427e-02 3.988244881395367619e-02 -1.173335883443601783e-02 7.512838642865034278e-02 -1.100968482967597667e-01 1.074507601948961333e-01 -9.693621152852809758e-03 -6.207818909447064895e-03
-3.066067529704909200e-02 -3.786769337204927421e-02 -4.832133526736732965e-02 -1.561879990678102098e-02 5.659615701544447319e-02 1.125271303755723679e-01 -7.274424059789950936e-02 -1.721032263040607468e-01 3.925980819882727846e-01 4.159828666964211774e-02 -1.072054293833150096e-01
-9.795361812891477393e-02 4.132471367937692874e-02 -1.093353346080466054e-02 5.053004110366416529e-02 1.823842531833781005e-03 6.617167053692089851e-02 -8.296466119352950697e-02 -9.049297141806861289e-02 2.941033951447625805e-01 -2.637540932058916876e-02 -2.643521355424190492e-02
-1.215312911817785779e-01 4.414023443500242339e-02 1.917500188999282304e-02 1.006770267900412574e-01 2.179688833780377838e-02 5.127728969372868234e-02 -3.919993855358951118e-02 -1.672863451326737916e-01 2.927162972550145792e-01 -2.552635896334905577e-02 -5.744054864978106328e-02
-7.553161737868956116e-02 -1.708863337385930700e-02 4.193080284157799098e-02 8.889925076896726397e-02 5.616364010899032103e-03 2.341627625974859392e-02 -5.736744066038270556e-02 -7.229627006270022971e-02 2.525577214204334786e-01 -2.063499315881417440e-02 -5.070320474677181277e-02
-7.140062086492862670e-02 -2.100396852960523600e-02 5.265498105051962668e-02 7.382515880617085413e-02 5.394165688629445898e-02 3.748736882421666028e-02 5.619430155854383130e-03 -1.891417002141733694e-01 2.297701620804936118e-01 -3.658351374616955476e-02 -1.637069852826396332e-02
-7.977414967983341432e-02 2.885816757917064601e-02 2.781313175290001799e-02 6.100242047520695182e-02 -8.526970072774045506e-03 9.153516330332893414e-02 -6.658279362622462894e-02 -1.328293362681670642e-01 2.803740563300948230e-01 -2.606535906547395934e-02 -5.700607480781929443e-02
-1.630969891374139391e-01 3.746270123789018081e-02 1.870189194648381320e-02 7.334703534791073287e-02 -4.239932214737151400e-02 9.712084537748440216e-02 -2.203510711138266173e-02 -6.852953582025472778e-02 2.472775861986842016e-01 -5.295601904030616119e-02 -6.094830931314728327e-03
-6.677985457374671641e-02 -7.406502708454309677e-03 7.414434232171317196e-02 1.135922888321531932e-01 -1.291502325055527388e-02 -1.578507408162348885e-02 -1.455951533398158471e-01 -7.451187296362397905e-02 2.807819489330082852e-01 -3.910197347672019624e-02 1.237513022807606479e-02
-1.981033478276703619e-01 -1.408703256430600959e-01 1.875814326374420360e-01 7.131348147731375597e-02 4.355687215022834707e-02 1.972790272341560514e-01 -3.664843184884424010e-02 -4.282474303902280427e-02 7.172616085114742746e-02 -1.415286287513108088e-02 -2.005900719614883698e-02
-9.865950133526803223e-02 7.609252557328943789e-03 -1.061431773763943376e-02 6.425883577207198993e-02 1.892512505586073368e-02 8.817084503219541070e-02 -9.425650130337168142e-02 -9.745305693060045404e-02 2.746354142650416774e-01 -4.275242736875324058e-03 -2.954259671833352197e-02
-8.603151721979260258e-02 8.029516703550549847e-04 5.987734242218515496e-02 4.687082202443055429e-02 5.298456675801776344e-02 7.499657103226031740e-02 -1.000150317365108149e-01 -1.073158966377979473e-01 2.939177664810793122e-01 -6.148653249253813180e-02 -5.580278638127819657e-02
-6.755091537658607093e-02 -2.015229709892411153e-02 -1.273922422660728020e-02 9.478218070741041557e-02 5.400371091153455955e-02 2.872626364617211076e-02 -1.630023218469347362e-02 -1.560043391285996228e-01 2.033754523327421793e-01 2.180393418579312792e-02 -1.114627784783213740e-02
-4.901683296791575078e-02 -6.076787753593177605e-03 -1.870059174105899447e-02 -1.381455466651376751e-02 4.778353828933105951e-02 -4.297430412895245772e-02 -5.326547658291455600e-02 -1.029741044452078813e-01 3.508706541400520851e-01 -1.017161591777735602e-02 1.713833169496041531e-02
-8.324456213653236292e-02 -2.369341999139457870e-03 -4.049543649357899983e-02 1.122584002807347214e-01 -4.934568255904372980e-02 6.368181711358066044e-02 -1.023392504964170113e-01 -1.011419494102745731e-01 3.311016470226560982e-01 3.987122529813064836e-02 -4.917861069970537458e-02
-7.944089910456440806e-02 8.429748882151104350e-02 5.981316341248045509e-02 1.164973518668034336e-01 -2.067449077717449860e-02 7.069009414296303917e-02 -7.844265223724403158e-02 -1.657785041467611520e-01 3.251882740985405085e-01 -1.254373092250725685e-01 -6.791426093107327810e-02
-1.466852500921273506e-01 -8.060490287955465738e-02 3.446571860156567163e-02 2.413422282785909062e-02 2.185290187195488079e-02 3.641797596645227064e-02 -7.102099537878682478e-02 -7.916807652130325446e-02 3.662750640686419645e-01 2.354483578595070389e-03 1.077711387711342665e-02
-1.216546709949978544e-01 5.231901156676688203e-02 7.483087427103220224e-02 7.736805965646816052e-02 8.003825606080074151e-03 8.062956323730235964e-02 -5.326445164109318287e-02 -1.266088519043102323e-01 2.274228300963546945e-01 -2.053958672885182468e-02 -7.970834724433993601e-02
4.539591834713128243e-02 -5.603135848985917045e-02 -1.027066544065017434e-01 8.212933164141401898e-02 2.003624340265967863e-01 -2.087398308145647086e-01 -2.890398300733748593e-02 -1.461045651843614346e-01 4.329989869143277548e-01 -1.689741315570787161e-01 6.937210845064264997e-02
-1.382573348980984385e-01 6.215683242409413348e-03 6.190967496897395450e-02 9.344519326900567469e-02 1.797215875996829165e-02 8.144215773039835404e-02 -2.843682681551668381e-02 -1.992337360919365918e-01 3.199225223655292605e-01 -6.670444821575194361e-02 -2.947678839457066463e-02
-1.044768715365880368e-01 1.353161518186707379e-02 2.787265716393065931e-02 8.947328091030259944e-02 3.792866249974767567e-02 7.575694942012983768e-02 -5.445018873217476879e-02 -1.523120160462048678e-01 3.117482444709496758e-01 -9.306988522892532811e-02 -3.320419218262563033e-02
-2.687700949546726475e-02 -2.170890115779275896e-04 4.631210538074768956e-02 4.674935673439339218e-02 7.316479531897762678e-02 5.500931283107126507e-02 -7.145696235996565338e-02 -1.318722402657499515e-01 1.982832684891437935e-01 -6.369419997728237304e-02 -6.603081723881092449e-03
-1.180393785452712313e-01 2.226901492962309395e-02 5.971183624277245049e-03 9.303931327896049208e-02 6.325498616977670574e-02 1.276295313031414747e-01 -5.555464671884721012e-02 -2.339592766967755755e-01 1.772342064060756783e-01 5.172531688607728828e-02 -1.477199471662756468e-02
-7.594376315204484640e-02 1.824344556937904788e-02 -4.167332591452962975e-02 6.106579279339000021e-02 4.051709509106504042e-03 2.435915862881886385e-02 -6.560356664741764932e-02 -4.067965803952224013e-02 3.100958444748426190e-01 -3.637838526768816944e-02 -3.873899603392352148e-02
-1.222059721539436317e-01 4.405176283407279125e-02 4.139553234514797148e-02 2.611477174815841212e-02 9.920184468484609386e-02 1.015700224907180732e-01 -1.372613362602069509e-01 -9.353728209482983780e-02 2.013956917934597302e-01 1.245557583978699166e-02 -5.438235530679946111e-02
-5.616250508789542156e-02 6.724315929830648741e-02 6.458361018247658902e-02 6.065921647032027075e-02 2.551174932323360678e-03 1.908271675250625826e-02 -7.124994861008208946e-02 -1.406748931652452017e-01 2.780873133113175300e-01 -2.351437562992111582e-02 -8.180721253369729884e-02
-9.055345817971367783e-02 4.926912104597799477e-03 -6.243248931952667669e-04 8.197857360213088584e-02 2.999936712360289082e-02 2.947053684892852327e-02 -7.489055464988969568e-02 -1.353264747470558083e-01 2.990257972429861688e-01 3.131267511043197421e-03 -2.833938604302650710e-02
-1.417235598021799881e-01 3.895014454821845579e-02 4.125975225459443257e-03 1.102470440407227054e-01 4.848844067592590623e-02 1.756174996482234157e-02 -7.668229643507379345e-02 -1.168293822919430208e-01 2.410621975415041529e-01 -8.096237445342545011e-03 1.694179898296089073e-03
-1.613054629707924015e-01 4.773701665506556446e-02 6.723112932099599599e-03 1.009679680569391391e-01 1.267520880302678010e-01 -1.219707446205754546e-02 -6.625136048680463352e-02 -1.781913705087398714e-01 3.110433808886954865e-01 -1.402392915092119316e-02 -4.245611306334126644e-02
-7.207511321088692913e-02 4.160983920285993981e-02 4.258186448875443675e-02 1.030274999385462076e-01 3.833032938966561727e-03 1.900023441697207618e-02 -6.291179983724341784e-02 -1.463492911322288870e-01 2.657610320523559611e-01 -1.578173357062083448e-03 -7.410086958062310492e-02
-5.466292525881508158e-02 3.394499799136117130e-02 -1.717619285357070702e-02 5.408789094217292953e-02 2.343093964847790464e-02 6.449266579871612559e-02 -7.185655722378467281e-02 -1.358374682083282881e-01 2.843321150877355930e-01 -9.488249191942493832e-03 -5.246896081161361858e-02
-6.274277752844929779e-02 1.771188841920841306e-02 2.479216892956316934e-02 8.335367007688891661e-02 3.529445601378554398e-02 4.740402714033387782e-02 -1.025316758241907045e-01 -1.311054178932124226e-01 2.790846837896309718e-01 8.548487676222621748e-03 -8.101125487936927660e-02
-5.030429585983166307e-02 2.051695051681372631e-02 2.469841878389668344e-02 8.559588634474842028e-02 -1.000330010178382759e-02 8.523405972526847119e-02 -8.235618407268453789e-02 -1.612806565797088865e-01 3.176106401715914074e-01 -2.674415757857611514e-02 -8.416910542932451444e-02
-1.182701997408433375e-01 6.862041741042083920e-02 2.984519825822658928e-02 3.657927090237893253e-02 1.245188050465280416e-02 4.733723524077852046e-02 -7.429008908607145911e-02 -1.075611888960335272e-01 1.922369648143239795e-01 3.927991477068441817e-02 -7.431148258108071641e-03
-7.529120188386374812e-02 4.210692085871077864e-03 -1.402727471165324952e-03 1.146728853716362101e-01 -1.645885776929893740e-02 2.673604304044667826e-02 -1.319281673113688880e-01 -7.931798047421549647e-02 3.226768779934184317e-01 -4.226393596113991319e-02 -2.835371699909978657e-03
-1.353989554494575698e-01 -5.910027787509863732e-03 1.662202453219680659e-02 3.663554553943257353e-02 5.915710933006999850e-02 8.385080997816365955e-02 -5.443000261850227534e-02 -1.513073279992369624e-01 2.675292980203064497e-01 2.649703871659554733e-02 -2.444725634164764821e-02
-8.138503669808380692e-03 6.050677848058996777e-02 3.168419351808659384e-02 3.983723436983176852e-02 -8.370815203772086210e-02 1.650423367488552950e-01 -1.280435507583056187e-01 -2.236408371758447922e-01 3.751199236696210471e-01 -8.015993432091880755e-02 -2.970123290397531229e-02
-1.185430579786010269e-01 2.450013231026551205e-02 3.312486043837112315e-02 1.205618415171865049e-01 3.293089377515970306e-02 5.627612624028785482e-02 -7.298554325848502500e-02 -1.219625118428286775e-01 1.989250274585703526e-01 3.074316809124812144e-02 -6.477268083076585803e-02
-1.155517864897148694e-01 5.009000670588670268e-02 3.115234859309130855e-02 8.810460242988910062e-02 3.893793970054044290e-02 6.335938880947282470e-02 -9.986283994511399587e-02 -1.520116233278624163e-01 3.061094244044567092e-01 -5.940958334907699145e-02 -3.211962161115811121e-02
-5.817668315155079956e-02 -3.671307572693938842e-02 -6.714733524895878658e-02 1.196942122554370130e-01 1.266603946404709462e-02 8.961324778578202976e-02 -1.287111762425510175e-01 -1.517854981954290250e-01 3.738346796029429764e-01 8.327606600086225053e-02 -1.177522206232311797e-01
-1.257823380170040029e-01 3.218513443674247965e-02 1.460096989913085147e-02 1.435402367950378288e-01 -7.884502077842674844e-03 8.285996936133770141e-02 -1.268281538698365074e-01 -4.420469072571574232e-02 2.033277408305025069e-01 -4.331530686923895646e-02 -9.700803842702925700e-03
-6.325427372598749209e-02 4.760980050551540110e-02 -2.811931169478302378e-02 3.474377489035962441e-02 2.346665285867578082e-02 5.459154647243080055e-02 -9.258595988308114533e-02 -1.617395369376141145e-01 2.425226201770614987e-01 4.043002084545763847e-02 2.113292241237588187e-02
-1.733657157712796826e-01 3.213231869267053620e-01 -2.109760864605599584e-01 7.032238074836957842e-02 1.578457133395834155e-01 1.038831657812194637e-01 -1.428236327216566848e-01 -2.980261205137784142e-01 1.775720502303064774e-01 7.098093271396725690e-02 4.206238164753261372e-02
-5.104765333484650308e-02 -3.998717318434836382e-02 6.309031439353084136e-02 1.417324439079448717e-01 -9.480689731703109691e-02 -4.319541885495984529e-02 -8.989471022915347664e-02 -1.538383841679814672e-02 2.678538355751360345e-01 -2.049582453840653046e-02 9.331779193409294338e-04
-2.074010286526141791e-02 5.248543002517741529e-02 2.103677664758625554e-02 5.322349983907899429e-02 3.886378143729292411e-02 4.625001463798804335e-02 -9.783153133860164608e-02 -1.525900332218423361e-01 2.844510201218802825e-01 -1.659905025073518670e-02 -8.975154911215312004e-02
