1.667469195153788719e-01 1.623872174902229668e-02 -7.064577865530459466e-02 -2.695647214786094092e-02 2.042082464406044240e-01 5.358387906749094431e-02 -1.415563635837763234e-01 -5.974823279451547259e-02 1.392119093800723018e-01 -9.236174184581857904e-02 -1.597408319983383840e-01
5.114665572034476915e-02 3.827085773224916249e-02 -6.052650061599761794e-02 2.137296261484955551e-02 2.541268158448592440e-01 -2.023496224728906639e-02 -8.942742289848627790e-02 -1.659625353103453757e-02 8.825828381652305044e-02 -3.621882594687449164e-02 -2.011913553621911821e-01
1.068258116916237510e-01 -1.773960158646446447e-02 -5.977890167879681971e-02 8.336360565503456166e-02 1.680022604552393606e-01 -5.945261644406809459e-02 -4.826321556830331927e-02 -8.078787125594541485e-02 -1.094703064754007638e-01 3.282754092388748823e-01 -2.819943189048418897e-01
9.265946646843192802e-02 5.030369219069782960e-03 -7.001946040223255840e-02 -1.121362215719995115e-01 2.563300825773281999e-01 2.962702348814801045e-02 -1.457345716306934491e-01 -7.385741909409712647e-02 5.996273425204595720e-02 2.938935429836037061e-02 -4.227110247740789584e-02
-1.451037618819326844e-02 6.498998559754448623e-02 -6.633024102688848955e-02 5.455461999028840547e-03 2.423579485986086801e-01 4.118681713990617749e-02 -1.171507427995825412e-01 -7.257403848429065663e-02 8.666327156085236461e-02 -5.060384863758960600e-02 -9.050398263244274766e-02
6.113225489938282908e-02 -1.503488671252821707e-01 -6.542750698394741993e-02 -2.056949786493268428e-01 3.783826470490080363e-01 1.065414464845429038e-01 1.898183270515039212e-01 -3.996739525398013138e-02 2.932333472994513857e-02 6.421147073720470666e-02 -3.389904778120995110e-01
6.614536974193950536e-02 3.295133361599188182e-02 -6.816141165818474790e-02 -3.477499904976233402e-02 2.035189330934641938e-01 -9.230514171850730254e-02 -4.388097720381420319e-02 2.114447446775033490e-02 9.898615257212421692e-02 1.835522245525700313e-02 -1.729987011893058257e-01
1.393293383752634285e-01 3.764354329968958024e-02 -8.101807578352722417e-02 -6.429342025938433736e-02 1.558980666403119164e-01 4.716709529630357112e-02 -1.454358290720886571e-01 -2.319467341320945002e-03 1.268862013575157710e-01 -8.184781391403803119e-02 -1.030293834717728452e-01
6.580543796765421505e-02 2.063718362002281426e-02 -1.789067411132824054e-02 -1.046595916028686228e-02 1.325501243333288004e-01 -5.876202624141587533e-02 -9.943555871851574024e-02 -3.610026469426947521e-02 1.442527873380793635e-01 -8.723446882130643856e-04 -1.107384505181031875e-01
-1.082636850371316850e-01 1.218095969912913051e-01 4.041672433104347151e-02 7.122468087532773939e-02 5.396058284495411361e-02 -9.266397559143398077e-02 -1.338789952631121716e-01 3.388590637147677609e-01 -6.313323971012618774e-02 -4.619153666261218150e-01 2.625648685974955598e-01
4.910727912469872725e-02 3.554244121654252797e-02 -3.428635020231145247e-02 8.136091342571469265e-03 1.148601176803025203e-01 3.438121684352153651e-02 -3.720488392865432814e-02 -1.030400220079716600e-01 8.401990431719266739e-02 1.146817310743826479e-02 -1.340037123663774254e-01
7.725061371778038644e-02 -6.052624301146594665e-02 -6.407812004450230692e-02 -7.147611812725983282e-02 3.002242744148262421e-01 -2.970716657812054809e-02 -5.621178471427916434e-02 -1.346704926502398196e-02 1.300596179720635293e-01 -1.635188107498384766e-02 -1.667358881620816247e-01
1.337634090902528605e-01 -2.400883513272652169e-03 -3.074020346788178953e-02 3.972772136789208541e-02 1.779846600318703564e-01 -3.047194536660010472e-02 -1.208762995355579795e-01 -4.771009232710521353e-02 2.743809878845905603e-02 7.643053982245806566e-02 -1.941647497635611286e-01
2.951962236491996114e-02 5.221149919940300949e-02 -4.766610657991712796e-02 -7.176822875074174990e-02 2.592761328883776417e-01 -1.024861676117686318e-02 -5.200016446800232242e-03 -4.642818596838101108e-02 5.538148263228963308e-02 -1.168168128205088890e-02 -1.744156461689698179e-01
2.055126829063640137e-01 -2.706212537172459145e-02 -1.056571017173878468e-01 -3.630260116620140365e-02 1.789751965625322738e-01 -6.595331562489164905e-03 -9.408607258138412810e-02 -4.378712902079240354e-02 -4.367580817790107928e-02 9.720162215013002094e-02 -9.554307689419339056e-02
1.239949084480266861e-01 1.840539375407279632e-02 -1.070616194752750799e-01 6.265955385916299920e-03 3.330319991622686104e-01 -6.509635636433826200e-02 -1.415113999971066849e-01 2.005489246107175494e-02 1.162444197572350540e-01 -1.388276564474759944e-01 -1.365202815574413642e-01
4.224879630904682104e-02 -1.666898730459328432e-02 -6.527295137468726305e-04 -6.496172698848415306e-02 1.599061170988377023e-01 5.973419148339387252e-02 -1.784531518642296782e-02 -7.445424893616135742e-02 1.048662138918192432e-01 -2.766803510763213639e-02 -1.355240206191024310e-01
1.303379997832227188e-01 -3.990686051667762316e-03 -7.087340174251036129e-02 -3.491908553933911058e-02 1.971684222851020074e-01 -3.453138818627777239e-03 -5.974521311868671858e-02 5.749279128166566270e-03 2.074684643753465021e-02 1.754499741015815711e-02 -1.695857646463984625e-01
4.274632718114725061e-02 5.501319966957293750e-02 -1.393768867257336175e-02 1.993597423146141988e-03 2.047352002408290295e-01 -9.147605577972700575e-02 -1.170393552290039524e-01 -7.696318945003789713e-02 1.170120189485566592e-01 -5.402673960207614312e-02 -3.907705960288107572e-02
9.920642941287678707e-02 7.609167406869665751e-02 -3.861705672254225202e-02 -7.654530423199071287e-02 1.432891480478477586e-01 -3.690463296769898316e-02 -1.338031939064056874e-01 -5.579576216716473913e-02 1.593008491992305709e-01 1.199010248501630044e-01 -2.271429204560599380e-01
8.270180984534911128e-02 -2.911842803130245197e-02 4.309089961983750272e-02 3.275703423569166495e-02 2.626712474524640073e-01 -7.992825080281029670e-02 -1.794838602302350206e-01 -1.267425754601344406e-02 3.685386590971289483e-02 -8.214491340466817393e-02 -4.574489192107345642e-02
1.032981070523238537e-01 -6.918378495206647591e-03 -1.219493463185137017e-01 -5.743476173372181331e-02 2.956529349480123137e-01 -1.587750388944087279e-02 -8.792481328970953858e-02 -6.644615449642225780e-02 7.211060454034697031e-02 6.805918553179061969e-02 -1.535896187225047893e-01
1.005360303081781655e-02 2.471312008169652269e-02 -7.929463548508271231e-02 6.538652733378280679e-02 1.003069644593688609e-01 -2.979157902934641278e-02 -7.401223954591087950e-02 -4.491753305261528273e-02 6.346022986175206548e-02 6.582453818354895569e-02 -7.274874071105906503e-02
8.788311573891896544e-02 -4.867768511801339598e-02 -9.087089633138273337e-02 -2.215668242847147751e-02 2.234387904541982051e-01 -8.622960956482173672e-03 -6.806235783565894870e-02 3.796320047535496622e-02 8.787631558110471641e-02 -2.650090911751128153e-02 -1.432896753351057817e-01
2.028267967686351592e-01 2.130175045945361390e-01 9.056145298507674302e-02 -5.143798273183010084e-01 -1.784561832014744387e-01 -1.544484636575446379e-01 4.281761653901295928e-01 -3.393442336627147116e-01 1.811850209635088582e-01 1.329885518944029510e-01 -3.314652962930206975e-02
5.315567179144446014e-02 -4.773145013108915334e-03 -3.163988838906096196e-02 -9.219758273557544445e-03 1.658603766003551028e-01 4.450127609904062226e-02 -1.253677425209387686e-01 1.565594168276693982e-02 1.296658424147091870e-01 -5.106501104942143265e-02 -1.577933082152750410e-01
8.336486571212108065e-02 -2.321320980650141974e-02 -3.452894702706556934e-02 4.274081455111435404e-03 1.130150534682586583e-01 4.615092692197407531e-02 -4.819842047564421722e-02 -5.502001542658178923e-02 7.497303579511867266e-02 -1.591396751560883102e-02 -1.159231479742295207e-01
1.928560576447723440e-01 -1.611812586553886678e-02 -7.942751794242949859e-02 -1.073998759875766373e-01 2.209005909491935093e-01 -1.002801977206333080e-02 -1.102695669964178365e-01 -5.759688760351681924e-02 4.472766756985307318e-02 5.956610782209974253e-02 -1.082301746914219598e-01
9.779850715599747168e-02 -3.662908488394104461e-02 4.948827657051299567e-02 4.078385236937161207e-02 2.229745632598916782e-01 -8.419910990009117635e-02 -1.680857020097664689e-01 1.399029083975174628e-02 5.887657685616817793e-02 -2.059575569888257018e-02 -1.454221594320591893e-01
8.400702993724953882e-02 -1.016233673757455276e-03 -1.154197307290231039e-01 -3.600479569257573897e-02 2.850110097585057956e-01 -7.958883275223024856e-03 -4.281758078050943578e-02 -2.201198940664595913e-02 1.130713867563007680e-01 -2.220208591534126100e-02 -2.056778718520274329e-01
5.732469761675609149e-02 -6.248116678288812703e-02 -4.038843689692359074e-02 -6.986492039132075060e-02 2.225715937376606113e-01 1.181435365021014372e-01 -1.160787529128901180e-01 -7.997912045803216852e-02 8.780093449635407998e-02 6.203748194174520114e-02 -1.501055917256099992e-01
9.247370711233966756e-02 5.608514854528420107e-02 -3.465552183552478988e-02 4.455993376745448487e-02 1.757967845767576531e-01 -7.801105660497373827e-03 -1.173017616871533247e-01 -4.180196858067109639e-02 4.716986664933039280e-02 -2.269257512177922688e-03 -1.832755702481894122e-01
-4.482657891936179390e-02 -5.702288124004035313e-02 -1.424695504976628002e-01 -5.162302278402823574e-02 1.857402095746192028e-01 2.056335225676495793e-01 -4.894269147621829741e-02 2.839342510394179953e-02 -4.721898637577202906e-02 1.497534408781859006e-01 -1.484366317043610273e-01
4.604716894436422514e-02 1.136585976191634498e-02 -8.120948206123886071e-02 -3.316248791812048680e-02 2.005981517511402634e-01 -1.470526996371833983e-01 -1.372232049029496748e-01 2.263249874261348826e-01 3.778661397455709142e-02 -4.082542670779844979e-02 -5.366922550386963447e-02
5.144948452337829575e-02 5.998965724657755877e-03 -1.467807289261839898e-01 5.567353053356221410e-02 2.421373733321574295e-01 2.441858565739992576e-02 -1.163328845355221242e-01 -1.556280056007148561e-02 1.536898243472107350e-01 -7.964096321663782785e-03 -2.177469986479723119e-01
1.268981295403146248e-01 1.117285594034898577e-01 -2.558934688608570374e-02 -1.080244822214493534e-02 1.290739255576993372e-01 5.448151376544568131e-02 -9.135825152686369299e-02 -9.047802530046053504e-02 1.217131275378495192e-01 -1.255888545808158674e-01 -1.710980741614764877e-01
9.786037718652515136e-03 8.521735346905087022e-03 -1.432526203601136028e-01 8.388959378586505200e-02 2.050389872362884947e-01 7.527986981833481583e-02 -1.264463840491056867e-01 2.592162053565636587e-02 1.406942220521609499e-01 -1.603036099232452508e-02 -2.344224459653664328e-01
1.600564867850420292e-01 2.247227523915193426e-02 -1.509230457894649990e-01 -5.304311180690152172e-02 1.808043337819697505e-01 1.006473612258372910e-02 -5.398514389692610216e-02 -3.234156467150979541e-03 5.755362342228149269e-02 -3.548060574383287563e-02 -1.053051365197979483e-01
1.144922208105859651e-01 -7.687010716184897174e-02 -7.177144689782691267e-02 3.556718785843311637e-02 2.330508107701523002e-01 -5.847286429564915906e-03 -1.114394235527759458e-01 -7.540628334244146858e-02 1.516729163786245116e-01 1.206428586257316665e-02 -1.765326191689572388e-01
9.737908320575225374e-02 7.310738052036827583e-02 -1.427916414678029045e-01 1.947432965358021628e-02 2.951295257792224680e-01 -3.956255102062927742e-02 -1.330915053867901821e-01 -9.273054642368042111e-02 7.553935110571448341e-02 2.653531520893188597e-02 -1.500084860477138293e-01
6.145581113456151379e-02 -5.610353817573582313e-02 -9.461661239452996697e-02 -4.247664614264698435e-02 1.953744613568946242e-01 3.619217947435723198e-02 -2.270638733363257097e-02 3.785700502786339822e-02 1.654540296596892779e-01 -7.032584127882907099e-02 -1.811242062010383069e-01
3.809711317783573414e-02 2.934630872671035659e-02 -5.295067071664685127e-02 -1.022122463543733428e-01 2.224651789381538736e-01 4.190092667392622539e-02 -1.339315184744585552e-01 -4.388247538543039311e-02 1.638649654498011143e-01 -5.276566837881985217e-02 -8.095165852974506304e-02
6.060188165950344125e-02 -2.075664210072502083e-02 -4.475806361161329544e-02 -4.628747563638201806e-02 2.089751327703464889e-01 1.233402208319002262e-02 -9.972039300244850413e-02 -1.647001091714559926e-02 1.423657331666356440e-01 1.139452592150350975e-02 -1.786984552059117937e-01
1.127426361252106268e-01 -5.573424632752439073e-02 -2.856176208145500689e-02 -6.163721156739340734e-02 2.144187200149642036e-01 -7.198454758041299140e-02 -1.000062407532851250e-01 -4.451114459000185541e-02 6.129329109556276578e-02 2.239359821592009844e-02 -1.943283742463153968e-02
3.853439867615218034e-02 -2.697530074806514175e-02 -6.960275238960030031e-02 4.823456410573038339e-02 2.378169858167138440e-01 -7.698849036768885823e-02 -1.400973702893388573e-01 5.550799162369737805e-02 1.664651131092365066e-01 -9.264842922503201128e-02 -1.112664551848515371e-01
1.143547813241694022e-01 2.479251063974673500e-02 -3.653871038521041420e-02 -3.188548918603098525e-02 2.025040267451347076e-01 -4.633516954458849479e-02 -9.699801453791967454e-02 -6.654959791619194376e-02 1.041893250275539029e-01 5.704531894258509789e-02 -1.955987259822962454e-01
1.010125998004764575e-01 1.430427575833211062e-02 -6.665468496662045605e-02 -2.014109470501364296e-02 1.453367143061040367e-01 -2.892947363769142119e-02 -8.575442701349154928e-02 2.466806844699849510e-02 6.936774802757797453e-02 -1.108878463538038456e-02 -1.131406862543395675e-01
1.536467726084750351e-01 -2.033115305665432471e-02 5.863524490802827366e-02 -2.574467239365789070e-02 1.370185216782260906e-01 -3.171247025072929712e-03 -1.166657885134270850e-01 -6.147818852162414971e-02 9.060155610260711700e-02 7.580943193708124250e-02 -2.593402225970287134e-01
-1.140473308830505968e-02 2.390399837999507282e-02 2.708706956919993900e-02 3.143343809707369561e-03 1.385824857959615242e-01 1.943093548809844348e-02 -6.115319613339504495e-02 -1.506421062206126857e-02 6.254883522161560662e-03 -3.872018650044940780e-02 -6.308013509396068197e-02
5.363985931242220423e-02 6.171104156011764791e-02 -6.939756684618317295e-02 -6.566598123106229257e-02 -1.043265259239199300e-01 1.040802075405726224e-01 -4.274297128993681527e-02 1.640447535483444408e-01 8.433779920786642348e-02 -1.473259396679963418e-01 -9.374421083271775729e-03
