4.414776131502923945e-02 7.670500566218750593e-02 -2.271815711855473124e-02 4.650005915457126882e-02 2.132338785580505103e-01 -7.127412993987929102e-02 -2.748749814685556153e-02 2.763372449252457508e-01 2.399598171953467307e-01 -1.952360793415281598e-03 6.342002804333923827e-01
-6.690116931000105426e-03 -2.657302089970482728e-03 -8.764815169075745871e-02 3.503363539232214746e-02 2.445590026446691212e-01 -7.124695444896993191e-02 2.930816589795786145e-02 2.557824193927630829e-01 2.503769132871573322e-01 1.185685203824531075e-01 6.422657694084930036e-01
-4.779391928977302917e-02 2.029984662207478738e-02 -1.014064677777543194e-01 1.268662901702721502e-01 2.979782011494282457e-01 -1.888650899855677801e-01 3.640167049611721991e-03 3.052127281655663826e-01 1.625523935592330937e-01 4.681014133153657553e-02 7.823576102504904428e-01
-7.527232194816423083e-02 -7.056551112539551085e-02 -3.596918119142172160e-02 7.700245486499772418e-02 2.412515741772571498e-01 1.619735101843269159e-02 9.090938896389214041e-02 3.138441699821765685e-01 1.398718920437914126e-01 6.952162718907783923e-02 6.408604572704726943e-01
9.973818566160383425e-02 7.075619638950661483e-02 -1.680847120386785853e-01 -8.717578036184339685e-02 1.274767507092104957e-01 5.145539888898112424e-03 4.604887762262681317e-02 1.996849809771200635e-01 3.335211984787144757e-01 2.650917394642613445e-01 5.154489244536989423e-01
-1.973961406780094449e-02 4.072744045474559205e-02 -1.075961499270200600e-01 3.508951019377765101e-02 1.480972299175767615e-01 9.291097826615649091e-04 6.514344917970751880e-02 2.944328981250552424e-01 2.220950054678167418e-01 1.868285725587189028e-01 5.416444495598776721e-01
7.730887519608851954e-02 -9.046322378801759101e-02 -6.101117877559443514e-02 8.279732557190629116e-02 2.278162203541633513e-01 -2.452003611029158689e-02 9.311860108332752073e-02 1.644548622056951626e-01 2.476458101000591494e-01 6.361523766431477489e-02 6.268894077434665757e-01
1.161585659166761847e-02 4.183007949047724133e-02 3.736830029950666959e-02 3.585038313775860269e-02 2.596863249878378910e-01 -1.503718900946851844e-01 -1.952067492292491532e-02 2.363869090469068179e-01 2.911181308505819687e-01 8.495909739945899097e-02 5.787293844585318370e-01
3.162575121114431786e-02 -2.302066884885040077e-02 -8.098051488571225698e-02 5.271951422199146198e-02 3.380481937204605769e-01 -1.495106456482429291e-01 3.709681943018486479e-04 2.324239922674765646e-01 3.148321015538074197e-01 5.717217209622217633e-02 6.339710373625183637e-01
-4.695486899857467811e-02 -1.728221144026196449e-02 -6.174341843389613560e-02 1.226187062552729912e-01 2.934106072444646052e-01 -1.278981852171825750e-01 4.785580362478729366e-02 1.965333312769108887e-01 2.373098613360445364e-01 8.470882613913201242e-02 6.790934494584200953e-01
-7.599100746616969104e-01 2.031108499389726318e-01 -4.404745108769734796e-01 5.532962697724311818e-01 -2.387109523970839531e-01 5.925346048961971368e-02 7.621002750019491012e-01 8.052441721474987713e-01 -3.739593053318220894e-01 -4.128518098658463531e-01 1.250553527028068990e+00
1.351851444688835502e-02 -3.822402471759013542e-02 -7.131909227410586360e-02 6.297626042817928982e-02 2.628368606278150277e-01 -6.689011862884408632e-02 1.207742944432380582e-02 2.409798521018632345e-01 1.876787464378784909e-01 1.254722492761800867e-01 6.785452241025281550e-01
-1.168780560550321430e-02 -5.969613148223404386e-03 -6.557208162708211274e-02 1.052385558103691721e-01 2.733163026746600055e-01 -1.322001821687666945e-01 3.124139448314569231e-03 2.708783855049617939e-01 2.628025834754359469e-01 4.666254957420887944e-02 6.610590673067420209e-01
-4.276332360534093602e-02 -7.682717382807889919e-03 -4.684666966946936240e-02 7.542115551270754670e-02 3.482305427149986476e-01 -6.737968144345779509e-02 -9.488916387764809168e-02 1.892436873285220644e-01 3.873134024105705508e-01 -5.995555919246760984e-02 7.269602284495104705e-01
2.025084967353929510e-02 -3.555207421148710856e-02 -5.148261775833025411e-02 1.100387089853280265e-01 3.171269010731781468e-01 -1.518846150151385577e-01 -1.312580892042922512e-02 2.086785461127007857e-01 1.235179675694261792e-01 1.407979958786229890e-01 7.392860478577061301e-01
8.754040129495561928e-02 -1.796480885494761148e-01 -1.142970580395793467e-01 1.756648838697405790e-01 2.698206237909510641e-01 4.380072899713400442e-02 -2.644798087576213375e-01 2.152877004135831385e-01 4.273219677165450148e-01 -4.548815729003684305e-02 7.921287077989209724e-01
1.582524154186511212e-02 -2.820566413988268364e-02 -6.392470173568629010e-02 5.362397947042504137e-02 2.008054063151546997e-01 -1.079556818710091376e-01 1.334000642785115008e-02 3.106978783366939334e-01 2.584341712492499443e-01 9.814036952546764669e-02 6.568708961249871692e-01
2.889762903225304158e-02 -4.903580378475502766e-02 -1.441131916682182323e-01 6.177283878728727362e-02 2.424826180470385506e-01 -1.462102182398417327e-01 4.228143210682973330e-02 2.445823440235299906e-01 1.999755741228685380e-01 1.895384235527740879e-01 7.374802552653514365e-01
-6.866199351642017501e-02 -7.237117018528164969e-02 -4.027193867041091446e-02 1.499377463633965180e-01 2.330325647467934302e-01 -2.806058096277772376e-02 -3.012836875720205192e-03 3.038488333460086510e-01 1.754971131594137701e-01 7.716247899749373307e-02 6.805516848426199639e-01
7.414122618249441299e-02 -2.757214297322715946e-02 -2.087978188680827962e-02 1.399995911636372492e-01 1.598720885683763138e-01 2.834937946399035402e-02 -5.828221732808745031e-02 1.522227791863341173e-01 1.644819359534283598e-01 1.587402832156831756e-01 6.365787596992946717e-01
5.070368634056180400e-03 -8.772701085846320440e-03 -6.279710341875845148e-02 4.121854548394159740e-02 3.028879952042560775e-01 -1.349149891051121819e-01 4.887081421233750028e-02 1.659713354753218351e-01 2.653171846053780092e-01 1.843406702263929720e-01 6.004597810131490077e-01
9.302208823023823403e-02 1.176411124540465425e-01 -3.153609752384450293e-01 -1.228383776880374589e-01 7.807138225384928354e-02 2.113419222977320211e-01 2.068943274785003672e-01 7.814517834939489760e-02 3.807615536503990983e-01 4.276530392605574216e-01 2.523206501968822679e-01
1.840000784487531155e-02 -1.884955636559651482e-02 -6.455960754061293438e-02 1.136193998862903010e-01 2.447642027155439159e-01 -8.080786642458018254e-02 -9.948008841478998832e-03 1.852006566015035049e-01 2.010817695636132052e-01 1.784815993507148091e-01 6.402693044548440904e-01
1.715766418696561225e-03 -1.819941036924537653e-02 -8.901692419505902176e-02 1.346169696248662451e-01 3.145203365317615907e-01 -1.456214679388995181e-01 -4.133898007435769101e-02 2.669283918245676790e-01 3.078451342258441414e-01 3.336111601021937018e-02 6.428409691867218445e-01
7.872396794039893120e-03 9.478701531589354967e-03 -6.045927846596598626e-02 7.802224876313504365e-02 2.301444749487230046e-01 -1.686001713570227101e-01 2.030191883975712361e-02 2.586513609565057603e-01 2.430193108305976624e-01 1.079959952162373449e-01 6.812249431875221362e-01
-7.748640901647935175e-02 -9.868225382569413562e-02 -7.488754287454942038e-02 1.498285776930076973e-01 2.594721476172078822e-01 -1.017697839895458506e-01 1.304607207991014817e-01 2.992733127582375419e-01 2.135171184171131831e-01 4.633194091360774702e-02 6.615940727531108845e-01
8.382751256797293937e-02 3.319604383309820994e-02 -9.242894190659846354e-02 7.448740148650496995e-02 2.455233809252568289e-01 -5.867035887069548677e-02 -1.113932027561705465e-02 2.920174068781146159e-01 2.114273541799977507e-01 1.295282011188550464e-02 6.164586023151975569e-01
3.898506138252319508e-02 -3.356532424248191704e-02 -6.908282614475268202e-02 8.301297206061156175e-02 2.492434316160975216e-01 -1.776186624871549102e-01 8.834751852127903024e-03 2.957430579919523850e-01 2.524310528982603996e-01 2.429589337217115050e-02 7.353724929457624571e-01
-2.614087719293110151e-02 -5.779295829709643617e-02 -4.085004759591388118e-02 4.421185918280012839e-02 3.473463318367573938e-01 -5.315467487841186306e-02 1.002287270828174093e-02 1.595630058700456821e-01 2.561744138726551601e-01 4.090634097112957890e-02 7.273656347678006950e-01
5.796291243332397924e-04 -1.269233564036069128e-01 -1.103144096515481232e-01 3.644732625883772420e-02 3.433427405872986338e-01 -1.458824392799785985e-01 1.090833360911025590e-01 2.463104520555547960e-01 1.715463979718016840e-01 2.174048365056238941e-01 6.660573879856988011e-01
-4.557826969037253456e-02 -1.425091801792692167e-02 1.643190201437544698e-02 4.866199866039899735e-02 3.034239925501724944e-01 -7.867595086094755774e-02 -3.943970458472713381e-02 2.573781285410334796e-01 2.459534333978697362e-01 8.308558443563975049e-02 6.306617047996012637e-01
-5.836305541208634817e-02 7.447256604949678560e-02 -1.859232760796761946e-02 7.963112927392443363e-02 2.759480693425954145e-01 -1.413461520093159118e-01 -8.515950175526149080e-02 3.534645999996301469e-01 2.214218718699340616e-01 2.112724460892884404e-01 4.949022554048802536e-01
2.691150603470423425e-02 -9.346302209947782158e-03 -3.669678043330562578e-02 9.085775548687437253e-02 2.712635997795301845e-01 -4.310442434628507929e-02 -1.972674492094706952e-02 3.330411083448131526e-01 2.356804183592923763e-01 -1.370827348859393006e-03 5.601425924992478045e-01
-2.122682570485807246e-02 1.014415734983305506e-01 -1.699330025776298325e-01 1.656262917318022249e-02 2.202434331576758608e-01 -9.076942631873692602e-02 -2.525451112863436043e-02 3.189363014040149102e-01 2.554890215346632409e-01 1.322923155752573077e-01 6.698703926318548829e-01
8.010044029903747032e-02 -6.460409536455372081e-02 -1.102287694192833206e-01 1.675049529596844555e-01 2.814748937729829037e-01 -1.413392603480972676e-01 -8.595397666650440860e-02 1.927733823542002456e-01 2.637745330045840331e-01 1.784201741694337873e-01 6.457296264836347444e-01
3.023624616677368822e-03 2.779363347644513149e-02 -2.265046443912163698e-05 5.459228859177563120e-02 2.168338199657334764e-01 -1.004520601619540571e-01 -1.057828993772862991e-01 2.964598961559548052e-01 2.265079077813955677e-01 3.949575103036565005e-02 7.492025896304485011e-01
3.928172742730925981e-02 -3.778005057532101557e-02 -6.961447589767881527e-02 6.395162223516667743e-02 2.175267610846911559e-01 -1.112955305687061136e-01 1.299874341578356740e-02 2.754347342327513326e-01 2.137892759798948883e-01 1.122920654806549429e-01 6.910670284305698852e-01
1.366476123273880350e-01 -1.084417345334338749e-02 -9.891599626156878655e-02 4.337832635508676732e-02 1.189237587703335652e-01 -1.286939561292044787e-01 -9.771098566414766415e-03 2.162939427888401489e-01 2.638367142993073289e-01 8.482164029006977746e-02 7.919751308246240074e-01
1.397410587863620948e-02 -3.690019930259158878e-03 -7.490431261603629209e-02 1.070004502950032584e-02 3.341982386951296013e-01 -1.187355066379296997e-01 1.555289815064968446e-02 1.032640689995893285e-01 2.618817324824298520e-01 5.756765173557980286e-02 8.078429994578271156e-01
5.879977328369226375e-02 4.792417963806174831e-03 -2.090694135357588218e-02 7.439880744641418076e-02 3.184848793567819358e-01 -1.397119612100480857e-01 -2.148750546015226401e-02 3.291211551890303455e-01 1.832277380555314972e-01 -7.307201233657002748e-02 6.940055503102076084e-01
-1.370730135688129001e-02 -1.204574617892009147e-01 -8.774950414111359898e-02 1.066568977265050927e-01 1.960543431084694754e-01 -4.738836853231642721e-02 8.209103556851830852e-02 2.673282088887026786e-01 1.859549133530703502e-01 7.906717955897073213e-02 7.598019588603919239e-01
2.910568987294585852e-02 -2.215322685701853062e-02 -2.587665426284735393e-02 2.404351383550088969e-02 1.350445562458345572e-01 -8.565217441166966816e-02 -4.569682494420958425e-03 3.350164826695262166e-01 2.304315683711804230e-01 8.535201793567599726e-02 7.069098103404084510e-01
4.548482354415527007e-02 -2.036588842946784189e-02 -2.063818791995026755e-02 2.831810094157128505e-02 2.084048118027291840e-01 -3.302315984210438954e-02 -2.004640802926441721e-03 3.219875297462715946e-01 2.162801683412212683e-01 5.934052772509526390e-03 6.572742910911079095e-01
1.241037906340961422e-01 -9.623438867333650171e-02 -6.951911856552120406e-02 4.141920890874212918e-02 2.397540772453312374e-01 -1.103822478562350856e-01 -4.383696994568856559e-02 2.562057089428586010e-01 2.895458848411111008e-01 1.714246849066029532e-01 6.051712708071556035e-01
1.322891888418062725e-02 -3.275222576240896522e-02 -1.006830049138573713e-01 4.211370891154322949e-02 3.060220616581563746e-01 -1.162685196084064648e-01 4.742665928219270965e-02 2.554677940132455416e-01 2.656377189293555596e-01 9.881671822692712770e-02 6.286420716241886142e-01
3.336521474012659610e-02 -1.143158133958943196e-01 1.980579806985497543e-02 9.471688592031646259e-02 2.869835307753152431e-01 -1.798989822855101561e-01 -1.863272102158019389e-02 2.618214466498826609e-01 2.751458700329312834e-01 6.414312752390741168e-02 6.845175442357663842e-01
1.527195122112584569e-02 4.507914143609207530e-02 -1.124523405013814897e-01 1.006822964530005443e-02 3.396828431157316031e-01 -1.040538689435777375e-01 2.295022047588161918e-02 2.403788127831167076e-01 2.692452753621873418e-01 6.067587932491388947e-02 6.208057573257275141e-01
-4.749101411764521802e-02 -1.025596329713845539e-01 -1.175930923597280769e-01 -7.606625819293372226e-02 2.531808447228403036e-01 -1.230709456970331163e-02 1.553493537487939669e-01 3.453952963381764496e-01 2.280876308382671358e-01 1.111870616747620555e-01 6.704688061336719906e-01
6.321242883085975706e-02 -4.161050601972330482e-02 1.614282606220520180e-02 9.941890308425653522e-02 1.769875093347006434e-01 -1.849778294921409771e-01 -7.481617006957551330e-02 2.953773136140396272e-01 3.003328280871545020e-01 1.330726533110204897e-02 7.442773324822380410e-01
-1.204697018433417838e-01 4.775729553850651538e-02 -2.368919367297414244e-02 2.626393811969242598e-01 2.702837892051341839e-01 -3.316568364073829017e-02 -2.041804570301468391e-01 3.061146253276060269e-01 3.683339020078540971e-01 6.098671782633948574e-02 4.730412263299541009e-01
