-3.603020406647556434e-02 -3.802286706029294194e-01 -2.216689186136122092e-01 -2.742346180383343768e-01 -5.401186506136845117e-02 2.819908846164525043e-03 2.540287298777003655e-01 8.204632571363477955e-02 -7.416424361718904068e-02 -5.833147444224159178e-02 -1.101580983522836010e-01
-1.081530018417599381e-02 -5.413944525135010455e-01 -2.299931958268605359e-01 -3.034770263021449588e-01 -1.655887930244622497e-01 2.131312086598858777e-02 2.936812738598071348e-01 -1.467895460004817187e-01 7.200797376083102608e-02 3.202238203784656401e-01 -1.791010033703995807e-01
-3.341882136458801389e-02 -3.857224897887057136e-01 -1.778288670821547290e-01 -3.603288630574536522e-01 -9.580764193264663942e-02 -9.922429879020835952e-02 3.357029740183456457e-01 -1.169270874571587057e-02 7.885758224497464719e-02 4.196517607628900276e-02 -1.624351699350720935e-01
-8.759684311070803364e-02 -3.856493106489181644e-01 -1.794373121984375596e-01 -2.171632069043826774e-01 6.382387596391992865e-03 -8.610155801348629012e-02 2.618484936788852968e-01 -8.184299356041994933e-02 -4.767319795150660490e-04 5.211808109877900247e-02 -1.520141343151237556e-01
-9.464198834787640457e-02 -4.755901738497695930e-01 -1.452376428908830064e-01 -1.444769385079705259e-01 2.890921070659346198e-02 3.382962674150803966e-03 2.618749978459459227e-01 1.078060980954166984e-02 -2.015401305585785147e-02 -1.058093861603994490e-01 -1.889707665804084835e-01
2.691993788179304972e-04 -4.367460593213604025e-01 -1.734683645999272883e-01 -2.537526455234288547e-01 -9.048571300000822493e-02 -9.465097399020934443e-02 3.336625920338457951e-01 5.600319816236746379e-02 4.432707539601953538e-03 -1.531687858175868194e-02 -1.998801904548736796e-01
3.168827839243149296e-03 -6.262673676800962763e-01 -1.840644568669566328e-01 -6.813688707893622576e-02 8.162852714460223924e-02 -9.696154543502762124e-02 1.091336138173647080e-01 3.310893998764440072e-02 2.307522243483800181e-02 1.343316261115836720e-02 -1.580511651307673349e-01
3.059861930430912702e-02 -4.128429304462059024e-01 -1.871669155889841007e-01 -1.902435009702236890e-01 -3.171186944501167004e-02 -1.074197461861996911e-01 2.581857222688909714e-01 1.377641489998470137e-01 -1.975376134858968236e-01 -4.823471079180050025e-02 -1.213243320156581623e-01
3.836624489759743462e-02 -4.752383903312175084e-01 -1.403748466383479832e-01 -3.007470516406718364e-01 -9.918079105825483577e-02 7.441590257675367859e-02 3.055356407701153576e-01 -1.179266259075288648e-01 1.842289183673619449e-02 9.628037435738795446e-02 -2.694864772195037506e-01
-4.943706597669451919e-02 -3.889131999972352260e-01 -1.913616393947487615e-01 -1.198350111612001556e-01 -1.507551335930019110e-01 -1.773541702818570709e-02 2.720418606211207346e-01 4.282843706153276891e-02 -6.736858919312634086e-02 -1.617616043523730993e-02 -1.832212092601578635e-01
8.333946125374431385e-03 -5.094779422512730749e-01 -1.909979980169570768e-01 -2.365569282967279197e-01 2.413163250589063155e-02 -1.329204549414533254e-01 4.290190735182292658e-01 6.617363184249321073e-02 1.784553230746261168e-02 -1.911341591295726700e-02 -3.263702052370152096e-01
-5.152136862932215483e-02 -5.876849973128575044e-01 -1.391526295205192665e-01 -1.715806141103491944e-01 6.323277456618652155e-03 -1.439358406632990778e-02 3.030832879326192941e-01 -5.089177225002143069e-03 -4.376104750214104833e-02 1.813991422220651364e-02 -1.842961896018564805e-01
-7.832343130109381546e-02 -4.259171149776930787e-01 -2.336120999518576380e-01 -1.969503899204715913e-01 -2.193667869524370054e-02 -6.924393983917520590e-02 3.254541024938122917e-01 1.915746015739028599e-02 -1.164887683854909650e-01 4.404590453284726315e-02 -1.161181724699552054e-01
-8.115844361950351471e-02 -4.656496899450570659e-01 -2.359030309729029384e-01 -2.158901841004073063e-01 7.595355971026050701e-02 -5.531175584947838064e-02 2.671826253051745037e-01 5.038222206663346692e-02 -6.810151898523063296e-02 -6.357496112883670447e-02 -7.786195083758511160e-02
3.287256683390754608e-02 -3.691514787955257892e-01 -1.661799266256777929e-01 -2.265305075147365232e-01 -3.017549054896092112e-02 -4.770214465567715334e-02 1.163987436883403281e-01 1.605090451109004654e-02 -5.286923754175476553e-02 8.970786361953697607e-02 -2.323544213274751635e-01
-1.484369572465621401e-01 -4.859167222862964541e-01 -1.803028132487245194e-01 -1.913212322883894312e-01 -5.088814113078033580e-02 -2.549136001503956445e-02 2.302017214430567560e-01 3.318047097470079587e-02 -2.443804634677275434e-02 9.466190405497887372e-02 -1.211819522671038624e-01
3.001040415255146893e-02 -3.620298330889727412e-01 -1.396416867312028076e-01 -1.847595752409619541e-01 -8.406635655118271239e-03 -6.445963469228054021e-02 1.813040304793139268e-01 -5.863208801608345982e-02 -3.571051464100753747e-02 -4.364605119401774452e-02 -1.839615437291538813e-01
5.550147966979054881e-02 -2.934426907096449044e-01 -2.199219074164154575e-01 -4.728818395000602415e-01 -5.982753666010143245e-02 4.308884403361838700e-02 3.883853791143767609e-01 -5.217702447095075302e-02 -2.285376952408768939e-02 2.078296813009691563e-03 -2.378823597064681494e-01
-6.415063740071327847e-02 -4.827255204727298188e-01 -2.167438329486582049e-01 -1.906861354667168662e-01 5.449821314207094897e-02 -1.394734294536247865e-01 2.797975708080422397e-01 1.412213613286310565e-01 -9.457507563048928034e-02 5.849429268005062327e-03 -1.629450715307519948e-01
-1.060874973983837455e-01 -4.439730961145178512e-01 -2.470016485850368149e-01 -1.251696823359786381e-01 -5.576860444730517841e-02 -5.762281274433334738e-02 2.894931147868495813e-01 6.219665214222241945e-02 7.363317229898726224e-02 -1.134698358532300749e-01 -1.461628901062066166e-01
-1.970432149912667089e-02 -4.708533351724234484e-01 -2.056395260684477089e-01 -2.088424786678344802e-01 -1.844042002712894049e-02 -3.519074861936095228e-02 2.725842466538574427e-01 -2.527377121772970622e-02 -1.104905345450482579e-02 -6.213947577088257436e-03 -1.413097727071452037e-01
-2.054994386585437191e-02 -4.488942627014336217e-01 -1.316289107365498645e-01 -1.425321619088088798e-01 4.417780058192022005e-04 -1.510876322844110220e-01 2.299776461885031931e-01 6.284100509876587581e-02 -7.844599467965039652e-02 4.316991152227394810e-03 -1.943716426255406582e-01
-4.190933016212367718e-02 -4.643148548720592572e-01 -1.476047800402164323e-01 -2.436713810682102632e-01 -1.545326201095599886e-02 -1.217666136116400816e-01 3.820820122748363468e-01 1.243937575630026972e-02 -4.860315062175651901e-02 -2.942819020199979527e-02 -1.517029537991090304e-01
1.073456826923700497e-03 -4.065786335198516288e-01 -2.171051414695759907e-01 -1.489893554533319175e-01 -1.812312870271954798e-02 -8.043861086190619292e-02 3.018726622844077334e-01 4.062638529708991614e-02 -6.342796873083576814e-02 -1.176068092388161089e-03 -2.776667259347453398e-01
-3.182437252353421259e-02 -5.931154332977603971e-01 -1.935611311952796232e-01 -2.439139312503464940e-01 -7.600512517005278412e-02 -4.753942538290695241e-02 3.654196378169644044e-01 6.278618007528546929e-02 -2.840062152738327336e-02 6.438718588507688634e-02 -1.481660917869969396e-01
-8.919251907231439932e-04 -4.674836545208488903e-01 -1.062805245091170692e-01 -2.362633648220327787e-01 -7.564797957294196185e-02 1.238228377022096253e-02 1.013531238601670659e-01 -1.534236306621210863e-03 3.126122248012308535e-02 1.326629211699425492e-01 -2.594909947151017859e-01
-1.858847762035413798e-01 -4.017504681777784858e-01 -1.531377896558687723e-01 -2.302896104114802722e-01 -3.840114082627971853e-02 -1.304829273547647786e-02 8.621083027819753664e-02 3.193483387602450568e-02 7.230846543175534213e-02 5.925791995085691322e-02 -9.713309988334291323e-02
8.927740953611215668e-02 -4.363506216479935973e-01 -1.577407618857342153e-01 -2.978399362349690715e-01 -1.194103803587439339e-01 -7.047202645392564024e-02 2.721134358162747846e-01 3.884062715673966548e-02 -7.117939111389287588e-02 -2.745122782878414366e-02 -8.972025534201510943e-02
-9.703857620166136955e-03 -4.726804446756087130e-01 -1.574282809717292009e-01 -2.388636031946061999e-01 -2.777952349246479158e-02 -1.306387355021903507e-01 2.912504490643069155e-01 2.776969422202828046e-03 -2.899430708573117951e-02 6.556400586394153795e-02 -1.634358001648893444e-01
1.324486265946303110e-03 -5.037670464416040828e-01 -2.027533321462874905e-01 -1.759036194889471161e-01 -7.372217126683047218e-03 5.453436856462571744e-03 2.526793924056798812e-01 -8.906618317257680717e-02 5.890107472386000437e-02 -2.376152562574011459e-02 -1.856675946070447669e-01
-1.044269712538717504e-01 -4.633106898047731348e-01 -1.857226123250206029e-01 -2.712796278054088739e-01 -1.158631979027207465e-02 -1.777073997345793993e-02 3.835570532417965639e-01 -1.276712968656116831e-01 5.795200605187813409e-02 6.842568257708907253e-02 -1.980996124092798405e-01
-6.430070938227125388e-02 -3.423716144298977193e-01 -1.870922589880141818e-01 -1.479931648519118292e-01 5.668331802571549560e-03 -2.998983277302662634e-02 2.832806014593700628e-01 -1.176664132179531669e-01 -2.772610732207230963e-02 -6.300791687406870345e-02 -1.787340437796584303e-01
-4.110055891348747548e-02 -5.009708887823794976e-01 -2.080030860030641082e-01 -1.322609831574188544e-01 -3.825138635581923959e-03 -1.932575497299819645e-02 3.442134522459909807e-01 1.889105566234395434e-02 -5.064058464463908060e-03 -1.019618690681205059e-01 -2.205252982677545770e-01
-2.218231405753937763e-02 -4.769810100824681820e-01 -2.606290940564541803e-01 -7.247961401643859825e-02 -7.374212802314645925e-04 -1.050933892588975516e-01 2.347424947442336429e-01 2.579081212191761466e-02 -4.357320571084597610e-04 2.042635624584219003e-02 -2.123542166597891245e-01
-1.141011008912879744e-02 -3.965273507861954982e-01 -2.647485774019648908e-01 -1.277533155925809349e-01 -1.261463813082388530e-01 -4.614991629265585704e-02 2.565915708882242074e-01 -1.066429881210168712e-01 3.489339681501434781e-02 1.409812144008486257e-01 -2.230206708692396567e-01
1.669297704276402963e-02 -3.640058296706804031e-01 -1.674287228036360764e-01 -1.658280364738755064e-01 -7.894083852804524570e-02 3.202365568882637598e-02 2.278017423201982861e-01 -5.115159508471110728e-02 -4.454303080374173718e-02 -6.742257462884670982e-02 -2.071308754151864051e-01
-3.509217470455330140e-02 -5.041698493807666992e-01 -2.315918388028046504e-01 -1.662551081076880655e-01 1.937164226921090499e-02 -2.188517403529593314e-02 3.402084715852126684e-01 3.977293526454449973e-02 -5.257891418582767706e-02 -1.393297287754028009e-02 -2.437801453814251729e-01
-5.610526302653252861e-02 -3.869385817905884317e-01 -2.247608565620764220e-01 -2.288398296290958533e-01 6.264689382113322255e-03 -7.356252893542748750e-02 2.929132354180588038e-01 2.378078960227064664e-02 -7.884766390326172769e-02 6.904110488848327898e-03 -1.507412294012434040e-01
-1.615770061548629788e-02 -4.170592739109692526e-01 -2.061371277658314571e-01 -3.692064189074109049e-01 -2.014879091287105281e-03 -1.302379222373912515e-01 3.063914091282072816e-01 2.414245397118208736e-02 1.984865128204990961e-02 1.124392234222153786e-01 -1.919415436322107482e-01
-7.612567465903333219e-02 -5.334413926910541726e-01 -2.162609372376646244e-01 -1.049019012112546445e-01 -1.671267373193250153e-02 5.132271163802053400e-03 3.232136510295407494e-01 7.993569709256369282e-02 -9.823393876590028051e-02 -4.897838829059417143e-02 -1.835598410554062920e-01
7.530785304357207055e-02 -4.740594213385961875e-01 -2.216866255693496213e-01 -3.278899721235100650e-01 -9.162664654673577380e-02 2.018805225544540328e-03 2.669601894848722679e-01 6.018424478276151839e-03 4.784327151564345820e-02 1.164279360827370768e-02 -1.644618001349255620e-01
-6.967799090610057866e-02 -4.430419010002888403e-01 -2.169732575604876867e-01 -2.330236340508314852e-01 -2.934874669370877640e-02 -1.306190241385955797e-01 2.685682665078189535e-01 1.275394627880860332e-01 -2.273294460797726027e-02 6.431688627247209022e-02 -1.849402449673222537e-01
-3.839800394436736902e-02 -2.260422693375902792e-01 -1.445793083167743465e-01 -3.956317633635351716e-01 -3.540308361045317598e-02 -2.578580729719065143e-02 1.337966303017910363e-01 -3.649022234088455247e-02 -3.216633063801244835e-02 2.554272032499101119e-02 -9.477569013490697025e-02
-3.554986183021127677e-02 -4.691843004129708228e-01 -1.719876082705266429e-01 -2.117911957238788889e-01 8.037068020813890185e-03 -3.584303380233858777e-02 2.664460196482649756e-01 3.394986589495246898e-02 -4.289587511923185353e-02 -7.120490207010776729e-02 -1.399093046916994321e-01
-4.797050037233589227e-03 -4.420326422825632262e-01 -1.869915755070659658e-01 -2.882419532461177325e-01 2.144512169621889258e-02 -1.602996284143477224e-01 4.221254322487606458e-01 2.956781469493183385e-04 -2.035503335875998854e-02 1.820740237128568896e-03 -2.129022178399028742e-01
-4.308126031748969048e-02 -4.182391859725712591e-01 -1.717613175175540241e-01 -1.779310640391505716e-01 -5.311236391542819429e-02 -8.064024509731373969e-02 2.886497003536528383e-01 -2.852607063513884489e-02 -1.760322690982893748e-02 7.299415594119337131e-03 -1.749875099002293488e-01
-3.153989533023067449e-02 -4.987514587340455274e-01 -1.669843589947093976e-01 -2.075241336606772069e-01 1.268016787829560031e-02 -7.154464468865052995e-02 3.215113465016182226e-01 -1.765848485481741684e-02 -3.266858665736040168e-02 6.435745467994746782e-03 -1.838888252843505489e-01
-7.841253476514205289e-02 -4.429138977507396380e-01 -2.588400756217951182e-01 -9.504020049656090874e-02 -4.989823124603165461e-03 -6.606107043088341180e-02 3.547570371223991992e-01 -6.218586623770507027e-02 1.483628954294862780e-02 -9.322232808998527631e-03 -2.217607537858512223e-01
5.807686689488059800e-02 -4.408330872799693934e-01 -1.937185575191348319e-01 -2.506103640794535292e-01 -1.418753681149289847e-01 -2.908120088810970533e-02 2.090371347299630200e-01 2.600392339549074255e-02 -1.673673972139463548e-02 3.226488018845291572e-02 -1.224606159627294882e-01
-5.804002089415567084e-02 -4.637702909340189472e-01 -2.032272977950832227e-01 -1.142778014111591189e-01 -6.771176221135484508e-02 -4.121021897743083751e-02 2.339483451039650330e-01 -4.780483619918927257e-02 7.271778876166444527e-02 -4.026900606307979441e-02 -1.402880277370912865e-01
