-1.899052685033231214e-02 -2.284246232637789364e-01 -1.308823690498660264e-01 -9.727347438746011821e-02 -1.778924306174040626e-01 -5.766064300184945042e-03 1.306450228958776216e-01 -3.479325738327986028e-02 1.633090435075215119e-01 -4.529954651403564347e-02 -1.203785582472622073e-01
-7.069596173206614542e-02 -3.419767078976433949e-01 -2.447702405535556042e-02 -2.169355226776594966e-02 -1.498336638449303815e-01 -4.810800676577996204e-02 1.830656845116351850e-01 -1.825044185673815531e-02 6.790104034761687557e-02 -1.351872455427150510e-01 -6.490905106463306859e-03
-3.777529708776954792e-02 -4.658516914723668800e-01 -2.885984979313306609e-02 -2.170101339686835579e-02 -2.871120885891345065e-01 -1.336858152084468565e-01 1.936831005450526944e-01 4.479412003215993421e-02 1.689136407229138714e-01 -7.556613240915882081e-03 9.404723278303585288e-03
-2.974474640083353896e-02 -5.657348784401824426e-01 -7.608135127616867666e-02 -4.632799216726095348e-02 -1.087170076921859380e-01 -4.317802985341069599e-02 9.839428034155439651e-02 -2.884994286117163048e-02 2.053238166322602087e-01 -1.059026974971844365e-01 1.350717650043797013e-01
-3.843065444889104398e-02 -3.962702769091892563e-01 -3.083937052631249495e-02 -9.001764383949156789e-02 -1.687731612754169719e-01 -9.692662182710637397e-02 1.037759217161614428e-01 6.136546482543658171e-02 1.280712330727211967e-01 -1.340673322482307736e-02 -2.429494177329372812e-02
-1.038585376586503017e-01 -3.786156706277572503e-01 -9.963780450285635026e-02 1.534217411358089131e-03 -1.371274293403710598e-01 -7.823666310970959006e-03 2.542899808810392681e-01 -6.307779850959564782e-02 1.621149134284012860e-01 -5.869343570920418363e-02 -1.348515532715980902e-01
7.414458425140497966e-02 -2.890875295756690777e-01 -1.234248628777964152e-01 -9.618911961556281254e-02 -2.526984196638412117e-01 -5.777624840926112726e-02 1.320012493229924255e-01 -1.953820826979640879e-01 1.592777042165035850e-01 3.958309036344949405e-02 4.380485047553898947e-02
-4.371429810177446251e-02 -3.956898955011723396e-01 -1.408528248627898827e-01 -7.909041800128870092e-02 -1.829474272701034909e-01 -2.478687436790438237e-01 1.661688400391123643e-01 1.680681624739285840e-01 2.438038636391433034e-01 -5.267788226208306585e-02 -9.461606841352850246e-04
-7.206773864595029944e-02 -3.807582364220095661e-01 3.978780739392177163e-02 -8.392460562322998086e-02 -1.611876091941982780e-01 -5.893777451302074921e-02 4.233464551632858813e-02 -4.974026179535484884e-03 2.531268261974752853e-01 -1.577780088550261584e-01 1.863193611503870598e-02
-3.474891802481192699e-02 -3.459103670833452715e-01 1.234564322622883070e-02 -8.385512558865661215e-02 -1.339548310849373036e-01 -3.716887543085429374e-04 1.476138494848928673e-01 -7.899830894349320343e-02 4.569688504785276995e-02 -9.921805275788429801e-02 5.654130268257377516e-03
6.285800243823162770e-02 -4.156430201513864331e-01 -8.482700215113293807e-02 -5.674498822962380229e-02 -1.471044472165881634e-01 -4.826662007358240025e-02 9.361000800808542965e-02 -5.175084428469448050e-02 2.446099681237291490e-01 -9.893545413228387042e-02 -6.355238654095961282e-02
-6.839184358483757498e-02 -3.824740529331699945e-01 -6.535589085402120080e-02 -6.349713961572553411e-02 -1.177445230387827446e-01 -6.534885177136096068e-02 1.595470429892399122e-01 -1.019925171544033699e-01 2.177494672173912738e-01 -3.517203113113459567e-02 -4.306644433340078848e-02
-7.519063876170486993e-02 -4.192099848409805429e-01 -1.397055634188545947e-01 -4.691028547204456611e-02 -1.703968904854849253e-01 -5.674256994044760138e-02 2.387544103063543310e-01 -4.120906244143340141e-02 2.341719957209276726e-01 -1.092891273384757195e-01 1.998093246193768935e-02
-8.902976361638448299e-02 -5.091786307526711269e-02 -1.253945969476046030e-01 -1.453030817078465597e-01 -8.672878568512458475e-02 -1.058548791275840534e-01 6.319174075911759836e-02 -1.073623955717878525e-01 2.274025923734179777e-01 -1.576051392384143768e-01 1.185538762727297510e-02
-2.471693806658060294e-02 -4.398004467826776565e-01 -7.349466993447097141e-02 -1.219713865207983916e-01 -1.547506172872079311e-01 1.126570385074853083e-02 9.057831499646135098e-02 3.362381385665810796e-02 1.997379579344086276e-01 -1.917034501698739249e-02 -6.704817123975916060e-02
2.566687591025061319e-02 -4.417192003929321098e-01 -7.208303582797737086e-02 -9.937248411411256366e-02 -1.690231255954453282e-01 -1.492931765469077132e-01 1.816036088970474638e-01 -2.358774852875014649e-03 1.356820223737309206e-01 -9.535279560653463563e-03 3.468578549966917085e-02
-8.552959637579438112e-02 -3.253366316349745047e-01 1.568556062808283691e-02 2.449733118521729008e-02 -2.195172519911455788e-01 8.017024399645103494e-02 1.440348509672802202e-01 -2.720270154646796997e-03 2.648236202105129500e-02 -2.431786567571328772e-01 1.966527390540731557e-02
-1.202122332934790760e-02 -5.513484625684554885e-01 8.627933251104102919e-02 -9.022890823250663550e-02 -1.371735286601789838e-01 -1.323013881524877366e-01 1.157124722420509316e-01 -3.750244214393087284e-03 1.303932657463746370e-01 -6.576112739453410239e-02 9.445302784223087722e-02
-9.281138098907998346e-02 -3.962054104411397160e-01 1.655777331816934983e-02 -8.789463477258174784e-02 -1.403658284033404702e-01 -5.719771231223531177e-02 1.318946384707228858e-01 -5.428522265955997017e-02 7.762263387796376757e-02 2.133682006624901956e-02 1.560153963462762583e-02
-9.446495435638896376e-02 -4.124022683766981889e-01 -8.727039968155494987e-02 -6.894588938321713489e-02 -1.128427203801373319e-01 1.038285195419346753e-02 1.266951437072534603e-01 4.489417622346838360e-02 2.037268237407306379e-02 -4.753032595869891713e-02 5.536491966750263505e-02
-1.422787029712059906e-02 -3.802090021081647175e-01 9.487648181337397790e-02 -1.130929785290926692e-01 -7.772484076581948065e-02 -1.205365919369794092e-01 -2.732151430711181675e-02 -1.000137192155427790e-01 2.441150447093995701e-01 -7.203243670964550038e-02 4.206431364981522494e-04
-3.788141661677060096e-02 -4.833159441759937169e-01 5.483643938857065553e-02 -1.328578054657609531e-01 -8.443910475497053147e-02 -2.930972343592373394e-02 9.441969011285568369e-02 -2.253296397946063373e-02 1.241492989545630310e-01 -1.128346938157923085e-01 6.401943957847704147e-02
1.362937949410576374e-02 -4.801535502269038136e-01 1.556546441713353626e-03 -1.345665171017555728e-01 -2.281614944530665490e-01 -2.434094684409985471e-02 6.459657212782765612e-02 5.577642813310563705e-03 1.791305926352234068e-01 -3.880264901741528605e-02 7.578763992085488232e-02
-1.179527915810562599e-01 -3.099006278882332488e-01 -8.247709438443920349e-02 -1.397713900814506749e-01 -2.158533466727239614e-01 -4.292008193098327540e-02 1.162959182635995292e-01 2.500329837498741284e-02 1.586335650524250407e-01 3.347235568078692214e-02 9.723410956883074552e-03
-2.326560758050146838e-01 -3.533548664041407106e-01 -5.090563710189317109e-02 -7.363129156470633874e-02 -1.228179343803158241e-01 -3.704828502067648854e-02 2.473682147998617492e-02 -3.348219211893400243e-02 3.625469058476290529e-01 -2.753681137979695215e-02 -2.159741776234197844e-02
-3.244934751490878566e-02 -4.218495428401231595e-01 1.931622988345809561e-02 -6.674141077683830477e-03 -6.269565903960806763e-02 -9.149701205591982689e-02 1.462650236687405014e-01 -6.384072728192581592e-02 1.444898968963179986e-01 -1.745809421789037141e-01 -2.223056266964862360e-02
1.071193933619760466e-02 -3.841816657631906273e-01 -1.158294811013132891e-01 -3.972788336795435998e-02 -9.562376957592996773e-02 -7.693184830447143130e-02 7.114731331746997067e-02 -4.305610816280752012e-02 1.446551507503359701e-01 -7.800490643647164934e-02 4.109447509792948233e-02
-1.445334690034165148e-01 -4.611510924010424062e-01 3.702324291037718124e-02 -7.585313908203729361e-02 -1.184850847899499848e-01 -4.556867451602552438e-02 1.386610857539234964e-01 -3.574157071466229491e-02 1.609010986231002027e-01 -4.488195380536420809e-02 2.388277281489364565e-02
-3.712360957102567999e-02 -2.414903005248471846e-01 -7.142675057686756479e-02 -7.802019043300031931e-02 -1.611538959768081536e-01 -6.588286924603554973e-02 6.959179843946512733e-02 -8.947985745465351914e-02 2.407755565458196134e-01 -4.355570613991646689e-02 -8.798095927233560987e-02
-6.694975605172606703e-02 -4.330445009484327201e-01 -9.648801379395428868e-02 -6.152429416965405490e-02 -1.903705239333473298e-01 -1.482941009704699387e-01 1.782273731622656954e-01 5.932185910883787383e-02 1.759039671175343933e-01 1.907076023331717718e-02 -1.599553964576276143e-03
2.948563033698093153e-02 -3.622536201581886273e-01 -1.031999807455692419e-01 -3.984970371558507057e-02 -1.116099447779083098e-01 3.493814031734956971e-02 1.904186049533483360e-01 -1.766493050322331115e-01 2.397873269607107838e-01 -1.337124782232012032e-01 -1.331014541259079864e-01
-6.983884622737328296e-02 -4.685163590796105892e-01 -6.746385543372657168e-02 -3.665897978909557486e-02 -1.671857961575083373e-01 -2.154793376286208775e-02 1.156878734365503619e-01 2.154625024139801212e-02 1.643257043850758214e-01 -2.896450258309195280e-02 -7.130339239961483271e-03
-1.208305886264537943e-02 -3.766193551594754219e-01 -1.234730538152503110e-01 -6.307735492692215229e-02 -1.388419772288948806e-01 -1.369682751959810062e-02 9.719818601299755334e-02 -9.946188040970938005e-02 1.970841322880268476e-01 2.396890166211540149e-02 -5.674449625084984627e-02
-1.735468032604761332e-02 -3.629507675614409568e-01 -7.481487869026129389e-02 -1.006548152296026372e-01 -9.199157414237935093e-02 -6.990449548482179087e-02 8.491781839266171472e-02 -4.599915693110897402e-02 1.419300012351489559e-01 -3.510494321606080596e-03 -2.541374115074572504e-02
-2.219794674146152724e-02 -4.126926356615754909e-01 -8.201022732841675711e-02 -4.401132969662479091e-03 -5.209921101679881872e-02 1.650221200763324261e-03 1.228253805494781692e-01 -7.117050574103393756e-02 9.968638016348435604e-02 -1.327425172386129948e-01 -1.259458942636876300e-02
-4.652273678542621915e-02 -4.411161255549292393e-01 -1.220219481308091741e-01 -3.531841161171760113e-02 -2.176693769903182210e-02 -1.222483479666131370e-02 8.030645111904653743e-02 -1.247495307069957371e-01 1.770647480225374659e-01 -1.340785265790360448e-02 -5.989605408313063324e-03
-3.777062584656079580e-02 -4.022713316947979512e-01 -3.631381500792492389e-02 -1.373331235409943341e-01 -1.033762788865669885e-01 -5.409034699359830528e-03 2.604130339075793610e-01 -1.468270355494178947e-01 1.074742359457724755e-01 -5.482496093457848302e-02 -9.507847903356000940e-03
7.289976819506907568e-02 -3.766798128353547881e-01 -5.323032789669928516e-03 -1.538646244999492263e-01 -1.627584815007251662e-01 -2.235005658212712090e-02 7.987589810938323931e-02 3.322755374355150504e-02 2.314665483792801293e-01 -1.768274150782717935e-01 -8.541312935139086515e-02
3.196708495901676855e-02 -3.744865884355124130e-01 -2.521886514258197057e-02 -3.233652127958033806e-02 -1.479738672399472377e-01 2.928676222758514608e-02 1.802429633154525590e-01 -4.283419331060985685e-02 6.919892787363449149e-02 -1.538167269940675930e-01 -9.977576018359461674e-02
-8.921902540708778750e-02 -3.992259522086748502e-01 -1.188826210222527352e-01 -5.046347939442477615e-02 -1.810490554225342441e-01 -1.768140426882733318e-02 1.626186322142266216e-01 -8.405807442122921469e-02 2.023769096740554996e-01 -1.932098543909803803e-02 2.915827148564191160e-02
-5.664154732116628843e-02 -3.795802702623536917e-01 -4.694496593354845204e-02 -1.115158719095713513e-01 -6.478810488492647846e-02 -5.937976100026355619e-02 7.477969341109862167e-02 -8.942210060228993063e-02 1.438681381469698872e-01 1.083338952967784347e-01 -8.445588915093148186e-02
-1.447188509415396063e-01 -3.370336906873041549e-01 -4.338585856976872462e-02 8.272226277280719797e-02 -2.031944538829359714e-01 -9.548519709547850787e-02 7.913837604734370867e-02 -4.264692013211705823e-02 1.209366046306102338e-01 8.463294000140045292e-02 -6.671199635322284938e-02
1.119471194708153566e-01 -4.557524871263031740e-01 -6.654294444157075883e-02 5.233560101366134532e-02 -1.129490224552890526e-01 -1.051028855826875164e-01 1.667590007875228431e-01 -5.820923765603263494e-02 1.659416408201135409e-02 -1.501120352666472091e-01 3.528594296431479538e-02
-8.010972261214538426e-02 -4.931124680057513143e-01 -6.462359529541372716e-02 -6.263242160059556696e-02 -2.191947092900460858e-01 -1.411753759716219241e-02 2.018931095178564672e-01 -3.118601437524943371e-02 1.895841477191819169e-01 1.896616436460465613e-02 -1.121373703548446572e-02
-9.572339365551635337e-02 -4.333511508202649853e-01 -4.110527344395500243e-02 -9.795667776340737098e-02 -7.456534306912079857e-02 4.308781114792816641e-02 1.040838061599497905e-01 3.520604095549386553e-02 8.828955445932334944e-02 -5.576842119711672430e-02 -3.794373698352013907e-02
-6.643053307924716433e-02 -4.232237144409231044e-01 -2.074945045235198834e-02 -6.328129721851953604e-02 -1.530347461761157046e-01 -6.588204441050255628e-03 1.213884799269818043e-01 -3.950616973959013289e-02 1.097521976978147878e-01 2.198716083950338906e-02 -4.606050712670611141e-02
-4.057521276033738966e-02 -4.065153036171191836e-01 -9.723422441181016340e-02 -2.599401109354156428e-02 -1.133579619864950594e-01 9.306898714851132015e-02 1.190388305111683420e-01 -1.658746481929231631e-01 2.517162973721371877e-01 -1.478686460337757524e-01 -3.215089114601966253e-02
-7.942967910160124434e-02 -2.458487152757282690e-01 -5.958024687019206414e-03 -7.978517690446716715e-02 -1.165189166884634808e-01 2.702258008920490825e-02 -2.264702194716514128e-02 -3.762585436991929336e-03 1.626132120250178004e-01 -1.853602360631753099e-01 -1.607222021981469934e-02
-1.296859727056705602e-01 -3.761255162682625164e-01 5.581211505594403655e-02 -4.486609625293644377e-02 -1.843391376428826223e-01 -1.257531464797529731e-02 1.991762118059635933e-01 -1.241961974136920333e-01 1.082241637928976069e-01 -1.695297536544958586e-02 -4.021806456814072672e-02
-6.974784282540199068e-03 -3.873813167652387368e-01 -5.000818288668971989e-02 -4.789126653273605150e-02 -1.981141669760254631e-01 -5.850466758801903949e-02 1.810047559395350225e-01 -3.012402662051954019e-02 1.500311369340257828e-01 -4.986912782081587281e-02 -6.791513761118096737e-02
