1.342094185551869212e-01 -2.645409084538196121e-01 1.633736762185396610e-02 -1.989115095411787826e-02 1.033511202866151391e-01 -4.390799662727682962e-01 8.124521805927984452e-01 -9.243341681789550568e-03 7.863066577767027776e-02 1.314866549793884953e-01 1.493989023895574419e-01
9.375406459337563836e-02 -2.779136399942910840e-01 -7.930927341657793839e-02 -5.935576149553381531e-02 3.137228836710436730e-01 -5.097733472311957170e-01 8.065234602002128161e-01 -1.334037285781504989e-01 -7.103076846994620108e-02 3.892718549503929593e-01 2.206251986112459096e-01
5.192651764843134871e-02 -2.537344991184027898e-01 -1.132771949383011428e-01 -3.176122951267177502e-02 3.298432752951471758e-01 -5.034136672711189142e-01 9.380568448013558713e-01 -4.302493140964743640e-02 2.431094587878599930e-03 2.598290085222301760e-01 5.623572423567493872e-02
1.544537016421322351e-01 -2.463780499751193620e-01 -8.242772139767390316e-02 4.903843148101325738e-02 1.010853875698651538e-01 -4.781131520640254928e-01 8.680178965161466920e-01 -1.557039156933569812e-01 4.416067229899914293e-02 2.618448782371354810e-01 1.771328142254610105e-01
-1.722552930349027442e-02 -3.468672182401865145e-01 -1.391301362212911674e-01 1.277397372991264934e-01 2.362898937856535986e-01 -4.044098787767437253e-01 6.643989665788871957e-01 -2.638749649083698134e-01 4.355381494454021313e-02 5.813045370226823660e-01 2.113317206597675746e-01
2.576018216191233376e-02 -2.141755037555991004e-01 -1.768014490160111363e-01 6.960358580767088410e-02 1.734697757906751014e-01 -5.399994522878260872e-01 8.951284214147476881e-01 1.863279741886900848e-02 -1.041900784323420044e-02 2.980519128541150864e-01 1.538596802952570120e-01
1.228561937722656983e-01 -2.512501585234627188e-01 -1.325367549996003536e-01 -6.858535255708422818e-02 2.371422376682146838e-01 -4.783896982257382358e-01 9.230652977524003155e-01 -3.535401552541266729e-02 -8.693934063967996648e-04 3.131618038014712391e-01 6.387078308391876125e-02
1.364536988401977013e-01 -2.602371510175134350e-01 -9.797069653814827195e-02 9.758017999701398826e-02 -4.526115883982446270e-02 -1.160301833219312961e-01 8.270601772261290119e-01 -2.160711154330830289e-03 -1.245698015913910967e-01 1.480258786800427995e-01 1.302207105603333248e-01
6.368632003173677059e-02 -2.946913861642209143e-01 -4.257195534895856504e-02 8.686935113741867109e-02 3.446637288862491322e-01 -6.042837299104619753e-01 6.591042507390516558e-01 -2.110853563223402951e-01 2.305564455310346594e-02 4.235267878754410686e-01 2.448372873635576152e-01
1.458201910724932215e-01 -2.846755718469033969e-01 -1.250212747871329022e-01 -4.842391317809167928e-02 2.437315410160176277e-01 -5.185594517131563164e-01 8.519260192973401313e-01 -1.305455176135071893e-01 2.536371066096356278e-02 3.915015964367102863e-01 1.419936134958413310e-01
9.689502416100470583e-02 -3.102558994929069391e-01 -2.545829015984950594e+00 -1.193545495888698876e-02 4.087329862921725843e-01 -6.019128813409336809e-01 9.254962648791628110e-01 2.454170984015050294e+00 4.239978997210473027e-02 2.471618432681824962e-01 -1.181269796942329559e-02
6.639733618484218447e-02 -2.404202995997164194e-01 -1.210354817322147336e-01 8.803767830089316571e-02 1.042268908978863234e-01 -5.178503435288197565e-01 7.714628619356254102e-01 -5.116549087849049660e-02 -3.479681886845842342e-02 4.128916425474750684e-01 2.153629675815534050e-01
8.705172283347792361e-02 -2.537370996565109227e-01 -1.241834845003447624e-01 1.459583963849586941e-01 6.001692261227106751e-02 -4.789488479592574066e-01 8.173633737365499918e-01 -2.968606213934711635e-02 -5.196440128706730777e-02 3.853122981936607516e-01 1.359281246221844541e-01
1.867773699532232212e-01 -2.882837345864888157e-01 5.770370533788575507e-02 -7.890498037852974877e-02 8.910738096630919924e-02 -4.011044940061117003e-01 8.286204829051049270e-01 -1.004799065517338746e-01 1.124371320515571860e-03 2.144829124796651110e-01 1.840678354007365125e-01
1.351470863525297272e-01 -2.602112770244356388e-01 -9.577196114312040709e-02 -2.272590635548212695e-02 3.917098002669971990e-01 -5.646582970438218663e-01 7.273439264515774161e-01 3.960085602384611630e-02 -1.270750459881994643e-01 3.375708661726248838e-01 1.321808951280599720e-01
6.826210611658246885e-02 -3.059956986684352898e-01 8.392212188697598108e-02 -6.857645223187320942e-03 2.657093458932152652e-01 -4.174826384045278727e-01 8.508798740794706328e-01 -2.769923066212725063e-02 -1.681872609575542354e-01 1.925514966445291132e-01 1.580084721356358191e-01
1.653247717367493375e-01 -1.543046812324297690e-01 -1.373754144583390069e-01 -6.552792232315782228e-02 2.123185581467741667e-01 -4.539856613576986333e-01 7.712395965291045652e-01 -2.142350766330924638e-01 1.621796110782540434e-01 4.279452551694302165e-01 -2.046809381501883338e-02
3.130337805074737134e-01 -6.839224597266816419e-01 -2.065870155749904846e-01 3.344539562743574501e-03 1.846328691879258743e-01 -6.019825795263824553e-01 1.251573340518453481e+00 -4.773488006735890354e-02 -1.184830830381124883e-01 4.516275635561490254e-01 1.476088674413552071e-01
2.202817209350691752e-01 -3.105995184092071315e-01 -1.148527655602578357e-01 -1.195313167616913752e-01 1.233149951077905648e-01 -3.949987019068261773e-01 8.507297384803770290e-01 1.893444492137991153e-02 -1.238098304346848220e-02 8.968912862637960781e-02 3.425242004510311022e-01
1.982524503665085425e-01 -1.935153853094486454e-01 -1.255546116613404928e-01 -3.644620468462846097e-02 1.344095398172871214e-01 -4.216308834540120620e-01 6.880056773642913015e-01 -2.855094298155827839e-02 -4.670119244617546017e-02 3.742409475344788405e-01 1.506015482951724438e-01
1.091392903792941793e-01 -2.830221501108368121e-01 -1.633903158506822828e-01 -9.136571658182818245e-02 8.408132899905072788e-02 -3.554674527526647254e-01 9.214404206977606648e-01 -7.986116969056554493e-02 1.271990359668404708e-02 2.269756530366198732e-01 3.118611511177447060e-01
1.700516012377535358e-01 -2.784414614215200978e-01 -5.083864889033783835e-02 1.120420102874572499e-01 2.534704101637837992e-01 -3.555908699514471194e-01 7.676973669035362935e-01 -2.452839167079680360e-01 -1.584035054961440148e-01 3.259927252046921908e-01 1.524152315107689115e-01
1.139077094239446808e-01 -2.495446675968698846e-01 -9.492842873312348773e-02 -1.018917328605870726e-01 1.253556901194524398e-01 -5.093858585084807267e-01 8.524890405166715146e-01 -1.249773201862765803e-01 1.260070515451757189e-01 3.726056585531716259e-01 1.834738005674983186e-01
1.953968611700172553e-01 -3.531952758203757425e-01 1.096603186133094689e-02 1.056717315108147114e-02 1.089207742489490260e-01 -5.347382005001163341e-01 9.030119851566102973e-01 -8.821813306928512344e-02 -3.716005051634261452e-02 3.794943287415885602e-01 9.806544841711946348e-02
4.330378121321894203e-02 -1.904132754717776932e-01 -4.465722734522208776e-02 1.265495190867264169e-02 6.651645998385991021e-02 -2.242932451231098301e-01 9.138752022491358762e-01 -7.480089144851534422e-02 2.598808272097842889e-02 6.436094941874172248e-02 1.005761547345932205e-01
1.175633915852926509e-01 -2.803669628745562581e-01 -7.753630258696932176e-02 1.656714646870992014e-01 1.064359487833341777e-01 -4.987451101087938543e-01 6.771633917858314033e-01 -3.592567835240732116e-02 -4.886267990169318454e-02 4.442037942243121096e-01 1.235096855991260761e-01
1.579114547974514726e-01 -3.285374853879144963e-01 -1.695113356031987817e-01 1.594008273049527247e-01 1.201325517975093127e-01 -5.886728676010841710e-01 8.631874636395764355e-01 1.480817999464629220e-01 -4.639747247468701402e-02 2.418436152043440535e-01 1.356723912171638458e-01
1.701884909867276696e-01 -3.658929992763096384e-01 -1.260461923529678785e-01 1.658306158155462354e-02 2.237556615671541238e-01 -6.163057568130503316e-01 8.496913294278916062e-01 -1.366365720460619056e-02 6.559856693292553942e-02 3.246527778495544858e-01 1.645496601417037741e-01
1.012386267758786929e-01 -2.014112102469790555e-01 -1.896411500031253972e-01 1.994567786321903985e-02 3.197029988837267744e-01 -4.620605800087962400e-01 8.185069939080622525e-01 -1.433565494551341246e-01 9.466356141068019018e-04 4.505603993523618067e-01 -2.132089984274504815e-02
8.660855613879664405e-02 -2.154615719799551077e-01 -1.575209508801218850e-01 5.860770641508982609e-02 1.776764019873521006e-01 -3.768791103191947989e-01 7.554915944241568093e-01 -1.777198566958410886e-01 -5.727528952379254412e-02 3.936437406738578781e-01 2.059397226002291081e-01
9.836512204511606294e-02 -1.927901717739930465e-01 -8.366215861576906110e-02 6.120031430549404544e-02 1.728179836640761358e-01 -4.365345369962304045e-01 8.318372612414457468e-01 9.531419617988345569e-03 -9.916764328014360252e-02 1.277360911902312990e-01 2.037772614423606077e-01
3.048050938460198367e-01 -3.715960884154322907e-01 -7.485986030202856911e-02 -5.177404850184338762e-03 2.291279419777199899e-01 -5.857579396152788886e-01 8.640116253642776689e-01 -3.342772784320985346e-02 9.758719137516110595e-04 3.381951427205766025e-01 2.681428804436444477e-02
1.138361007685479570e-02 -1.953095970556424088e-01 -7.401606993009865465e-02 7.183761224135946921e-02 2.976370340683475169e-01 -2.783124866907049633e-01 9.603910386071693450e-01 -3.503464019102338067e-01 -1.290904036018188372e-01 3.487636648997241018e-01 3.017294213562035296e-02
1.353379585988823963e-01 -2.660424858135067017e-01 -9.354157611994240451e-02 -3.561648685646875978e-02 1.703117846820874359e-01 -5.558043263922685107e-01 7.821349689133253458e-01 3.596725377350208641e-02 5.258861269463985938e-02 3.040781917757112152e-01 1.636970475846133144e-01
8.291617427968321630e-02 -3.292600011992316000e-01 -1.388137474606291888e-01 1.588486157011630845e-02 1.733571655595615366e-02 -4.287996494915512491e-01 8.068066786390571954e-01 1.724546461124663171e-02 7.857757954836590286e-02 4.498930286146722302e-01 1.213248371728909009e-01
7.520287908277110966e-02 -1.969696319373052118e-01 -1.063116758492572006e-01 -7.977696769402287807e-03 3.072778968865351734e-01 -4.911190241735465256e-01 8.038939871621080258e-01 -2.945456934356584927e-02 7.662574408573412377e-02 3.109761807489106467e-01 -4.903314705240611332e-02
2.032001160049099753e-01 -3.248911563524388701e-01 -2.216288635591025513e-01 6.928709796669599297e-02 2.123447210566707932e-01 -5.977922115316173235e-01 7.116801622046171616e-01 -1.164836340294293504e-01 1.520370120867987618e-01 4.265412814216216209e-01 1.788164175718495730e-01
2.031434716595926504e-01 -2.156186343323499843e-01 -5.826191152625737751e-02 1.198123122222866099e-01 9.569747673597152338e-02 -4.081388330308459711e-01 7.810481741684280887e-01 -1.520838320684551326e-01 -7.653405895078210786e-02 6.965819167325697225e-02 3.343885862897318928e-01
1.011322949137525018e-01 -3.230920863159756906e-01 -1.516254252612915798e-01 -8.926857964754056005e-03 1.842404358927718921e-01 -4.674790542424709372e-01 7.417117685025854668e-01 -1.751000074045313271e-01 7.575582884528721250e-02 4.501918720305097543e-01 2.663021738446925135e-01
1.171395780768474532e-01 -3.135007044402605692e-01 -3.262089045934050274e-02 6.206873909547739113e-03 -1.680430938964354304e-02 -5.274177318148519644e-01 7.954984131322219154e-01 -3.951598395179301004e-02 -5.092849030992236542e-02 4.675904683042950150e-01 2.874637197834747360e-01
4.376840559500011496e-02 -2.463005306434539743e-01 3.595235158744741755e-02 -7.238732013116368214e-02 1.781509086622593552e-01 -4.574060442243153002e-01 8.326510516847697163e-01 4.816031951291700058e-03 -9.357757974174239074e-03 3.497581515742895775e-01 3.346569475862450072e-02
1.750265640935856071e-01 -1.633691709739166220e-01 -2.954337054587237443e-02 -2.847648217250572239e-02 2.422845510050516266e-02 -4.087654928030886037e-01 8.416965421966744465e-01 -9.624744445293083317e-02 1.284890169391458489e-02 1.425636347079192734e-01 2.231488059962902504e-01
1.135827767210925154e-01 -2.021550625111259436e-01 -1.647066567049616514e-01 -4.533877061391824309e-02 1.842174684490739955e-01 -3.958972809932051473e-01 8.889356812871980207e-01 -5.627609272153893949e-02 -1.267978531673669695e-01 3.718815446615003628e-01 1.256651884338287617e-01
1.700859911340962816e-01 -3.309170715113926575e-01 -1.516544340251726464e-01 7.914453611799729393e-02 2.129318517542731770e-01 -5.436632947993224052e-01 8.377823589774817670e-01 -7.662575405638280546e-02 -1.426023283936444369e-02 2.772130724882909125e-01 2.330739196000722602e-01
1.334511829410251482e-01 -3.099897459326005356e-01 -8.560491014319741854e-02 -1.376751480945943851e-01 5.127546510020063453e-01 -4.670891430968385771e-01 5.113349266491933331e-01 -4.312215545662674565e-02 5.506170890004981333e-02 2.605048852324653441e-01 2.634846908396933918e-01
1.213928443269463031e-01 -2.425984020220214032e-01 -1.378976025310746367e-01 3.881603823676676307e-03 2.852354781896697666e-01 -5.205099541629994997e-01 8.875587271763047958e-01 -1.177705493111334267e-01 -3.026824652871338076e-02 3.211404277540079177e-01 1.229466161259124973e-01
1.523063955399399094e-01 -3.362613530253384941e-01 -9.406076157861253950e-02 -6.242522371709933147e-03 2.405306682608313873e-01 -4.952415009934945100e-01 7.512862242649328559e-01 -2.013925698111510704e-02 -1.275907728690894860e-01 3.202816860144780398e-01 3.082421365797551882e-01
1.819858310423647096e-01 -1.951800210044116468e-01 -5.346355567065311232e-02 -8.086709202588579504e-02 2.369010077008500970e-01 -6.093910392970146583e-01 7.749949932877395753e-01 -1.357804336719854177e-01 1.967694748568038846e-02 3.046773125254598202e-01 2.495569924684308272e-01
1.647838980046951451e-01 -4.169300789541582897e-01 -1.368835534929923048e-01 2.393348465610848144e-02 3.356024992535721063e-01 -3.538355618451655693e-01 6.726400578735837188e-01 -5.044952993379118317e-02 -9.998612488972706547e-03 2.139874487988301377e-01 2.502608909688678884e-01
2.149548557068116095e-01 -3.491369061984410660e-01 -2.031216819211029145e-01 -6.706867327739561568e-02 2.079275776461489700e-01 -5.048924714672549108e-01 8.740263822064020527e-01 -9.750748594278738079e-02 2.193624462569247202e-01 2.997438591659613571e-01 9.882304066530925302e-02
