-5.252053619891302455e-02 9.144397687916172579e-02 -1.584565783955905749e-01 1.162323601434456753e-02 5.584083319151710717e-02 -3.080555837698751853e-01 -1.613754484855484950e-01 2.502155263041953570e-01 1.937948513577813781e-01 5.617551011777876385e-02 6.123729440642504684e-01
-1.338820009027310697e-03 6.476174179270392794e-02 -9.982285359501442967e-02 2.021812981918388180e-02 1.988001435306350484e-01 -3.059418043191893255e-01 -1.111754724178723730e-01 1.766474986507286793e-01 1.645319801834197182e-01 -8.414043936610399871e-03 4.927922313801442744e-01
3.204667934606637153e-02 -3.667946613149527385e-02 -1.645265637167932227e-01 -1.001935355706181502e-02 1.036444082716517223e-01 -2.739080681703101039e-01 -1.882700375187346953e-01 2.220998955571182876e-01 1.576686650529863232e-01 1.440366581117590861e-01 6.049659138339157360e-01
-2.136961376528798487e-02 -9.725433942085341676e-02 -1.009161341311045484e-01 8.064058009349588108e-02 1.561210752298206328e-01 -2.944552441857932190e-01 -2.984877676633457266e-01 1.468311364961242538e-01 2.533968240656452320e-01 1.255071457600415719e-01 6.410450686003581477e-01
-8.300522686055796656e-03 2.772806902519097186e-02 -2.533213639055183486e-01 5.539011479082626976e-02 1.826971299680706096e-01 -2.911946586852763863e-01 -1.517642939853314221e-01 3.621026026091791472e-01 9.317752421074000646e-02 6.350304445910541495e-02 5.110410852781713809e-01
1.071806349930782137e-01 7.276534094656111895e-02 -1.811823836390156484e-01 -2.121360317547329663e-03 2.544724126896540928e-01 -3.890708044277906841e-01 -1.805325539212561947e-01 1.760754170139494368e-01 1.190146360716363705e-01 -4.018316182544692111e-02 6.546405534952793870e-01
2.026746438058721345e-01 2.046432831323588206e-02 -3.635569565314920870e-02 5.150480462584407226e-02 1.591735403372326607e-01 -3.778864959944215896e-01 -2.130577741854079443e-01 9.027324116963471312e-02 1.349309934922069132e-01 -3.114248093493795361e-02 5.904796261029927607e-01
1.341636270906203798e-01 5.931311105277745077e-02 -1.165837728518115263e-01 -9.174520659377168041e-02 3.596947466234232116e-02 -2.417045443109941405e-01 -1.271982906838009242e-01 2.301723483749574806e-01 5.468128133079382114e-02 8.280243165817051387e-02 5.711882713498173114e-01
1.805437269866114885e-02 -1.770142813681678529e-02 -1.024470144790975840e-01 -1.115406180803994382e-02 6.064705847629239116e-02 -3.364668604465276269e-01 -1.658080747428128943e-01 2.141328334919411491e-01 1.990548546127831053e-01 7.158587844460115313e-02 6.611611729681188265e-01
-2.292652819318806868e-03 1.927697556817162608e-02 -4.072386542937253551e-01 1.138774785073311813e-01 3.432279969214756948e-02 -3.833627434660387689e-01 1.867765156572744889e-01 2.473567782118014924e-01 1.050620139471593190e-01 9.564705551824519147e-02 5.816331645560541830e-01
-1.671596917059996190e-02 1.328770676637258952e-01 -9.967495035477902388e-02 -1.041166545026602289e-02 -6.525717964871241561e-02 -3.734777908184912509e-01 -1.157239825597540656e-01 2.673596740744757505e-01 1.559699390898305893e-01 1.573093585586777809e-01 5.588042296949945476e-01
-5.661390247175449031e-02 -1.306870407796750441e-02 -9.484592960207011147e-02 5.836284971296196167e-02 1.200762201491286096e-01 -3.437179974733452492e-01 -1.557741915148277978e-01 2.535947838623004436e-01 3.907186490018543790e-02 1.726186143644959092e-01 6.113551232299949678e-01
2.139803520087544056e-02 1.080651491835285943e-01 -1.459162300133412526e-01 2.704387179205958516e-02 6.303735047342895470e-02 -3.091248055317360466e-01 -1.925502809145179239e-01 2.129480618297287797e-01 8.835218098292793587e-02 1.370647869648761730e-01 5.807406111112726199e-01
-1.230287207462344226e-02 9.682651009774201345e-02 -1.292171899752336817e-02 2.437353716662139444e-02 1.227959773555069301e-01 -5.049549155817606438e-01 -1.785897417346312965e-01 1.564389517315522837e-01 1.823596598722842244e-01 1.164329240704325974e-01 6.006004191735014874e-01
-2.053422379220408173e-03 3.187056317922340107e-03 -1.248874730340950867e-01 3.251413147122626107e-02 1.231582662499343256e-01 -4.337840533591252323e-01 -1.441963972645753655e-01 2.545921621269116031e-01 1.069441404616560398e-01 1.827751137932519948e-02 7.573068091091397225e-01
3.671534631652368513e-02 1.337370831863497478e-01 -2.335711130416799897e-01 -3.396195092915344632e-02 1.141392968062712454e-01 -2.870980864394271914e-01 -1.831557285135422541e-01 1.266003563404279331e-01 1.835729060153832304e-01 8.044677715395684436e-02 6.536338441839938396e-01
2.648881779395809242e-03 2.046862788634640218e-01 -1.161953040527036046e-01 -2.060015580721570247e-02 3.375336172567123399e-02 -3.514160800385073835e-01 -2.675393534522376160e-01 2.989040722556228213e-01 1.300974089720568216e-01 3.695382897621710128e-02 6.397657918573366187e-01
-1.664296389504802201e-02 9.994825749043169394e-02 -1.638004250164113995e-01 4.388718778549142302e-02 7.582145050914368412e-02 -2.982596034930857232e-01 -1.608176119971106155e-01 2.862155185335396035e-01 1.629649179240061918e-01 6.438945619890547312e-02 4.973525470392396453e-01
4.231002070211948435e-02 -1.284828310912355769e-02 -1.026066964655486663e-01 -2.150509836584505591e-02 9.354621255224158938e-02 -3.509422748177578044e-01 -1.178833496781154094e-01 2.831861942856516157e-01 1.274457827495373008e-01 6.731956574144877525e-02 5.830366574844925154e-01
-1.151916022828562425e-01 -1.040846933020975057e-01 -1.488219448650402732e-01 1.038384909584136873e-01 1.732500391690308672e-01 -2.735793476730822849e-01 -2.494777201438999267e-02 1.621051774210534313e-01 1.117360565955133611e-01 1.006178559431603337e-01 6.061364711293956153e-01
-3.432948340305148199e-02 4.191219540314655018e-02 -5.437512803619104496e-02 1.431440742462670307e-02 2.258844848371378000e-01 -5.331614100045507509e-01 -1.320245968956088034e-01 2.509223657106429139e-01 1.673459095245012906e-01 8.970394275131939044e-02 5.548660437671285584e-01
5.433546417346318130e-02 -5.923223254286370809e-02 -1.734155456486791980e-01 7.422243221104077304e-02 4.316704832877844150e-02 -3.533670317264524519e-01 5.030967803416783526e-03 1.518282712855760497e-01 8.444816744150235310e-02 1.987455157899313540e-01 5.652956739633890892e-01
3.210964987722129526e-03 -5.949885025017163237e-02 -3.076463345497000221e-02 -2.742430684404720265e-02 2.843383644090890713e-02 -2.977184481596812371e-01 -2.248688351594237411e-01 3.010158451515022038e-01 1.897389427624755487e-01 4.069403122723634636e-02 6.682401843775499506e-01
-8.513847845825603736e-03 2.030764406280397699e-02 -1.930205309973355987e-01 7.949692623821232040e-03 1.819399020702295311e-01 -4.209398590489202840e-01 -4.742470741692580288e-02 2.597200438318012505e-01 1.151860700514605040e-01 3.552088539860540507e-03 6.723022352081310382e-01
5.828050579939148684e-02 1.071437338027079189e-01 -1.145038169265518019e-01 1.537540012710378497e-02 5.404329736620858311e-03 -3.688536713707361581e-01 -2.745774777614202744e-01 1.952718849532643630e-01 1.147289494728521986e-01 9.912294198553200930e-02 7.536659512603378630e-01
1.016341567482490355e-01 -5.056075500030956030e-03 -2.317748510280092100e-01 -1.430207656900374102e-01 1.179076583484450491e-01 -3.138329026572869718e-01 -8.850473023731515732e-02 2.522424390303217301e-01 1.230752962430870651e-01 1.455563130932904792e-01 6.328321927283899750e-01
-7.297466439998327552e-03 4.181772762621362161e-03 -1.119823106499347881e-01 1.039779329242373068e-01 3.219343661154051850e-02 -3.994261697381892851e-01 -1.892117874272039035e-01 1.846038110115447994e-01 2.041047697973752961e-01 8.050692956444045756e-02 6.894078126626687064e-01
-1.506918257529488332e-02 4.440445738831417383e-02 -3.018798764748192517e-02 -3.797108614496606110e-02 2.385949511950658311e-02 -2.363456432106586791e-01 -6.251840806499858738e-02 2.476645219172952661e-01 1.647541239561620685e-01 -3.089733352916081838e-02 5.233657738703851869e-01
-1.056097203192934569e-01 4.350970059233951609e-02 -3.692798713435560543e-02 4.390697803690751799e-02 1.016264476879382428e-01 -4.162963704145111743e-01 -7.895968088607366320e-02 2.273394886217421085e-01 1.417572038951497304e-01 1.438431724240535337e-02 6.563283537568543879e-01
-8.689324729707555151e-02 -5.847653757826073301e-02 2.392618791799467487e-02 1.077836088929907121e-01 7.691724499510058100e-02 -3.889390507430527943e-01 -9.695337718033179841e-02 1.135458710337660521e-01 2.282826801771638270e-01 4.684433049095877016e-02 6.250210203698475242e-01
8.556336392621433085e-03 8.317165896071739006e-02 -2.070352830672982591e+00 2.323171430999626877e-02 5.445750973201238243e-02 -3.368745293345258296e-01 1.929647169327018963e+00 2.581480160559262993e-01 2.942254958458196540e-02 6.353269649980122780e-02 5.481184402239347442e-01
2.141949022589598184e-02 -9.969429702004357560e-03 -1.418819612030944588e-01 -1.945205785069422863e-02 1.673492408963515865e-02 -3.822431400939065860e-01 -1.342068269065630481e-01 2.467626236221644731e-01 2.015632470768287943e-01 1.269333609334243329e-01 6.653985008874164775e-01
-5.611556283854253480e-02 9.312597978389915154e-02 -1.899793577266627176e-01 9.047125173757133987e-02 8.827631940328203863e-02 -3.480444931946434783e-01 -9.571660643218290326e-03 1.853856927948624167e-01 1.229019296880669160e-01 1.788461533964615449e-02 5.967240167348403235e-01
3.624379893703569278e-02 -6.608622595716426296e-02 -1.245116132186394609e-01 -6.602748946249345670e-03 1.133587446257872250e-01 -2.633937986376623241e-01 -1.559034656341491687e-01 4.399778753668213138e-01 1.198259743510403201e-02 1.164293945582788731e-01 4.895641725499396135e-01
-1.273522249542663465e-02 5.615337488237287511e-02 -1.941085713886694375e-01 -1.351419614778067921e-02 1.129650116407447807e-01 -3.379762012543165439e-01 -1.487969193644128052e-01 2.687915441845337705e-01 1.827346112692140867e-01 1.149949809619566499e-01 5.625503187908862390e-01
-3.849096020346241820e-02 3.997816183729435702e-02 -1.927226154074744013e-01 1.296241905666098704e-01 1.478625243438254078e-01 -3.465894530148241892e-01 -1.593446471368965833e-01 2.213224559779042311e-01 1.554963734853059831e-01 7.879378819221968810e-02 5.551289124385987428e-01
5.130315373615445401e-02 -2.367673556620041586e-01 -2.984557676427217199e-02 -3.400586697478272941e-02 5.686265657036432275e-02 -3.300790746361180750e-01 -1.360975863352207049e-01 4.942513579563079795e-01 6.688955722913723922e-02 1.079388348216941546e-01 5.806086311378413356e-01
-9.191982532487025237e-02 -6.126560710088525818e-02 -7.333567873390563208e-02 6.787442943467780765e-02 4.695325356082872409e-02 -5.287160008354254703e-01 -4.426045297300427311e-02 3.572841877886718809e-01 1.494068114199758601e-01 1.486922350310871943e-01 6.203453788119518419e-01
-6.587169933543035594e-02 1.917181147087349546e-01 -3.757386911209339986e-02 6.003592750327305105e-02 1.397211709997908946e-01 -4.764325052254219650e-01 -1.704587668790419619e-01 2.377972141184324650e-01 8.790309267714990771e-02 7.072183488434781451e-02 5.534982167393596164e-01
2.858868494417927952e-02 -8.169428628455984581e-03 -9.055901755647492724e-02 -9.927579904083327911e-03 1.058695370278314313e-01 -2.896343319137615335e-01 3.684332599449944429e-02 1.927997360469492216e-01 2.118076901370827270e-02 7.732851808937551974e-02 5.267385179653332195e-01
-9.500551117613369179e-02 -4.122804604872213480e-02 -1.543407756986001078e-01 1.820268733483845769e-02 9.926776657157927730e-02 -3.277506305830664712e-01 -8.283281560814746702e-02 2.825763362107707177e-01 1.824814225320048611e-01 1.284808935494432536e-01 5.812074039951348192e-01
3.262632317084752237e-02 2.831462424522672439e-02 -1.060538773429321319e-01 -1.729403043378897539e-02 9.836796102300394973e-02 -3.661763277639275560e-01 -1.788721932462343511e-01 2.636387101168100044e-01 2.899922888769164153e-01 -2.921643423532786429e-02 5.757316866685071588e-01
8.858731229970424892e-02 7.252147471910593002e-02 -9.337958598164249058e-02 -3.172913445767263502e-02 1.200842509230090754e-01 -2.747306135983894615e-01 -1.232677866401696160e-01 2.744579222039748023e-01 2.865620903760238147e-02 4.428257713221173120e-02 4.855761054413678668e-01
2.554037162690423086e-03 1.419302596365870986e-02 -1.565132227415186317e-01 -3.817243021772822806e-04 1.068587720362220717e-01 -3.059125658578841223e-01 -1.501223910572683229e-01 2.022299379283917786e-01 1.180025035230951175e-01 7.597087187058082502e-02 6.841794865533094017e-01
-1.669985696595172042e-02 2.036179719728846080e-02 -1.435575663102009458e-01 -1.057082256391912896e-03 2.928494858997405387e-02 -1.243509713838054503e-01 -1.138038726555146568e-01 1.696906114889140949e-01 1.461845528542554673e-01 2.412533423942084948e-02 6.008808362811121073e-01
-7.485858994480716622e-02 1.488861809772483724e-01 -1.639968341855905509e-01 1.534802619494668452e-01 1.520078756585661051e-01 -5.603162502709032600e-01 -1.694561962566176194e-01 4.260855493735623001e-01 2.523845676941370852e-01 -5.393410099364102234e-02 4.807762670776797864e-01
5.228961040100393864e-02 4.034173407156319002e-02 -1.417890134756394915e-01 2.659938133862866511e-02 8.271059338423084051e-02 -4.924599840845869103e-01 -2.013038578521763322e-01 4.104442075214818630e-01 7.918156399383713406e-02 8.207985793408972830e-02 6.529646378466694712e-01
-5.705304713986578818e-02 6.446205665870763032e-03 -1.134485479280221698e-01 1.172159513864852315e-01 1.573765830587598724e-01 -3.105250325178635640e-01 -1.884986026796684755e-01 1.957405829586215951e-01 1.215398885960246034e-01 3.024661688440263493e-02 6.320181327943550365e-01
-4.342676948998835246e-02 3.988361631642596550e-02 -1.450528962097230867e-01 7.287514983698578641e-02 -3.989092148183638331e-01 -3.363808714235338448e-01 -1.741067288499223709e-01 7.521220035586474451e-01 2.608772046133186473e-01 7.014589186820968311e-03 5.561626483584342084e-01
-2.944385664400454156e-02 7.960284834538264298e-02 -1.031443663066917982e-01 5.943111837895502514e-02 1.315607339077309867e-01 -3.788329018361855649e-01 -2.290640897748993654e-01 2.653632578035152734e-01 9.612207183356061280e-02 9.214055755549423882e-03 6.902498596161894540e-01
