-2.423853755369050761e-02 3.976558809162480390e-01 5.755029895602490481e-02 1.077881109479768840e-01 -6.022646808764052506e-02 -9.771419247403805020e-02 -7.825043891210131664e-02 -1.542919218529160974e-01 1.235919099939123827e-01 -2.182423024834315856e-02 -4.197919342371432549e-02
2.155635492176008819e-02 3.642956841060610018e-01 6.112704255239510137e-02 1.592136363553489642e-01 -7.060116196809643196e-02 5.741004681971863949e-02 -1.438229719230847137e-01 -1.414028583520754445e-01 9.260241994989200365e-02 -6.465439191744745684e-02 -1.276625822827545942e-01
6.163595231523820960e-03 4.122044758478846660e-01 5.429334818292306380e-03 6.551797321935762253e-02 -4.272784823408980193e-02 7.718108116954827333e-03 -8.190120615023403772e-02 -1.321327781587600669e-01 1.045965719281977818e-01 -4.760449053796701746e-02 -8.920251781944124603e-02
-1.971752669145468428e-02 4.657357440973748930e-01 9.534907755891980363e-02 2.143981807376132420e-01 -1.742541628957724464e-01 5.906276686834451700e-02 -1.940477785943331424e-01 -4.689509373626153388e-01 3.688665829120218453e-01 -8.352082111602970871e-02 -5.485990725235107696e-02
-1.024466824322466801e-02 4.221731141954765398e-01 1.527111212349573088e-02 1.130752435519992161e-01 -6.416399126650339235e-02 7.705460807130903866e-02 -7.957009424975516887e-02 -1.542930807858614028e-01 5.185250502106941023e-02 -1.143078933914146861e-01 -4.878563676487181894e-02
2.874046364158561878e-02 4.437513045474042461e-01 9.115831272689846332e-02 7.929603980353655546e-02 -3.718459720295198140e-02 2.238037584286041090e-02 -6.392804718762255811e-02 -1.422388301926882093e-01 1.104225989167020722e-01 -7.572228227707378245e-02 -2.486141203569323388e-01
-3.926620935749210867e-02 4.577925355237682514e-01 -4.187930446981166788e-02 9.964572947139094250e-02 -1.439838593436945091e-01 6.698295632484670137e-02 -6.143719195954980283e-02 -8.985451305395024402e-02 1.446116498893566804e-01 -8.490315165135431386e-03 -1.760602595980108875e-01
-2.025301602556848005e-02 4.269050042901800235e-01 -4.492232187410200722e-03 7.995265756329297813e-02 -1.003222285129877905e-01 -4.464466760915701549e-02 -5.764572522780546382e-02 -2.630684724881042838e-02 1.308601101070371864e-01 -8.868572446149530775e-02 -8.730611242555590124e-02
-2.583200067647593509e-02 3.361564395103648351e-01 -5.476396273634846074e-02 7.661515032783842993e-02 -8.862358291708573310e-02 -5.914171235456512112e-03 -1.027790693811727329e-01 -1.476649139630016039e-01 3.953851508415692773e-01 -4.920332678706670904e-02 -1.253144947214455407e-01
2.729790200670970807e-02 4.196808256320005426e-01 1.366561528989240597e-02 2.020345810883250048e-01 -9.414200305671586999e-02 -2.944837319281738350e-02 -1.355264844424359794e-01 -1.797943281172073582e-01 1.190773689902654142e-01 -7.575958500893882619e-02 -5.902430092735923284e-02
-7.200880293852270422e-03 4.627842580971406328e-01 -2.472502498683012973e-02 9.936791867095701170e-02 -3.498970113115305869e-02 1.694786545541834138e-02 -1.041771429238403934e-01 -1.374524645372196818e-01 1.522578722627763725e-01 -6.319127521871860387e-02 -1.515602071329583966e-01
-6.961969993020677983e-02 3.953174049493189957e-01 9.067028695133969030e-02 1.367543262923562875e-01 -1.591496433852910286e-01 -6.775126157448373154e-02 -7.578800589150828937e-02 -1.242684518996294979e-01 5.944382551350976818e-02 -3.569143290679472474e-02 5.814387014310704732e-02
-6.983995083980334626e-03 3.244609652613190121e-01 5.608668208400283822e-03 1.571289899319909533e-01 -8.503896655944903626e-02 3.819459784150400217e-02 -1.615989185314729015e-01 -2.914653560782120012e-01 2.333295566283721811e-01 -9.333089932854668480e-02 8.775657597179301050e-02
2.878901708536284534e-02 4.301750167593064722e-01 1.189272698363385006e-01 1.208449100645279523e-01 -8.631692316958770872e-02 -3.476355515150289510e-02 5.147696073781514101e-03 -2.726766336514586941e-02 3.947993359073957709e-02 -1.737460702003817969e-01 -2.132084132617205197e-01
-6.744742138472230308e-02 3.975697297683759013e-01 4.731354528321965285e-03 6.436607209207795277e-02 -5.593662628611228982e-02 2.026256541539003114e-02 -1.000011535474056301e-01 -4.992248931476039875e-02 1.752500820169533291e-01 3.054241898012315104e-02 -2.113533140065235461e-01
-1.250045871706613292e-02 4.241119645567295038e-01 -5.317674402780656062e-02 1.849288409064709093e-01 -7.796616630735536679e-02 -2.123831128656700207e-02 -4.354409265736481488e-02 -1.135548179241567812e-01 6.257048060821479574e-02 2.535606569474922745e-02 -1.669255425841284779e-01
5.026972330347605385e-03 4.166659915124691915e-01 1.307708860871337753e-01 1.554480622805112233e-01 -7.826387732522932517e-02 2.202558348308873704e-02 -3.312558637265659162e-02 -1.841818749251854515e-01 6.284726129032953620e-03 -8.291170524154077570e-02 -1.496779596962517500e-01
-8.434623018583110865e-02 3.347407336146380197e-01 3.042422786207194668e-02 1.796553770770234482e-01 -3.121257341814449859e-02 -5.464860413663471736e-03 -6.636875723078736189e-02 -7.154341161939119231e-02 1.494189940225248980e-01 -8.385209880862515286e-02 -1.433901826380974409e-01
-2.445041754837670722e-02 3.089501303217453421e-01 1.912904385463954152e-02 9.713847034042595585e-02 -3.128482020092836213e-02 2.332993487923294695e-02 -1.779288702367235742e-01 5.114187332953709642e-02 1.241118607260192491e-01 -1.005317744759686716e-01 -8.154421272788239805e-02
1.936803670447542758e-02 5.257476435385604052e-01 3.812738717603771782e-02 1.441714072196006446e-01 -6.824961687975765467e-02 2.287595882342248824e-02 -1.037846417548573125e-01 -1.747004580964777176e-01 5.361759877112567269e-02 -1.181775935210301470e-01 -1.309345037193805350e-01
-9.244726846582630719e-02 3.829048167047723328e-01 -7.081215862010904749e-02 3.130662352384586122e-01 -1.376584089366381658e-01 -4.509017213105901561e-02 -1.324714065589163436e-01 1.490000827315761944e-01 1.127056614247782529e-01 -7.147725283692393794e-02 -1.996589102883939426e-01
-1.697750853137150809e-02 3.690077800156866816e-01 4.926097704042431413e-02 1.205193807775565007e-01 -6.537769886378125284e-02 3.586352888779235915e-02 -8.058944235589086957e-02 -9.123318211241490672e-02 3.596560584666779609e-02 -4.159127949780216937e-02 -1.067869429451483027e-01
-3.401241389587249947e-02 4.138705094009292318e-01 1.749155056878595044e-02 9.221900974036263687e-02 -8.141889337344172806e-02 -7.905850256094744399e-02 -6.154900023019086591e-02 -2.145211211236352014e-02 -7.567194423241747903e-02 -3.044184024691332438e-02 6.808485520378783351e-02
-4.885484726864344068e-02 4.259950958927235520e-01 7.048944689500658001e-02 5.814908796706967642e-02 -1.136862111412600823e-01 2.530579723661921174e-02 -1.191430709486435979e-01 -9.203251432603160032e-02 1.463972713587796681e-01 -6.847569707065316591e-02 -7.608314033324815873e-02
1.439095699042009999e-02 3.967588260595805716e-01 5.567912699366571461e-02 9.533756792068059926e-02 -1.154039038205330464e-01 5.364004814559331785e-02 -6.405834657004648436e-02 -1.257776583719569519e-01 9.580897724088842382e-02 -7.717303165944879029e-02 -1.211413446671233962e-01
-1.691166193145603874e-02 3.350584173026395218e-01 -3.280587847944602120e-02 8.123605186996014915e-02 -3.656213034891360458e-02 -1.751503914360323655e-02 -2.241969575596907197e-02 -5.275642812989529695e-02 1.367522741065541059e-01 -6.723735741869542315e-02 -9.877733380945584452e-02
-9.189296974030004839e-02 4.985476465023349069e-01 5.864764391043995884e-02 2.024356845300220864e-01 -1.384715217193663861e-01 5.202209703447898542e-02 5.957234975011052591e-02 -1.968907330738266515e-01 1.210150053311868749e-02 -1.193507352825337250e-02 -2.360754059370407665e-01
-3.603983913773319437e-03 3.938612037207225858e-01 5.430296451674731378e-02 9.443494681850025940e-02 -9.363123519964977604e-02 -1.587537618121357200e-02 -2.513462439455630554e-02 -1.139389894477342013e-01 1.642288319563016130e-01 8.237739246473377297e-04 -2.474062935382737027e-01
-5.525372211598565675e-02 4.909179498115585072e-01 -4.737775398789397657e-02 3.742802282410329778e-02 -3.612355992868526017e-02 -1.054833759519424319e-01 -7.680987077818766939e-02 -8.244298255481857796e-02 2.026162937465854907e-01 4.250646501178631520e-02 -1.619162478148023221e-01
-9.410025003664349019e-03 3.606316053396106946e-01 1.875442627824453617e-02 1.206397904923096481e-01 -6.653733213888278486e-02 7.129222077420434810e-03 -1.108854315775246596e-01 -1.410466026562363917e-01 9.784154815923803983e-02 -5.426799277590468179e-02 -1.478798993289040693e-02
-5.722642721767656759e-02 3.458986839159458593e-01 7.696368000709573332e-02 9.222118394871986480e-02 -7.356890832204066033e-02 1.427703993279923894e-02 -4.644477400684134810e-02 -9.490379600419344974e-02 7.118303721417096330e-02 -3.282389436378863740e-02 -8.751460684247193422e-02
1.025821299451544072e-01 4.545327654785293325e-01 2.099430620491942942e-02 4.888513593713080668e-02 -9.520508232143780336e-02 1.775187539218806010e-02 -1.584755981241648959e-01 -1.159906556839804675e-01 1.641879135979701920e-01 -1.331482342097206062e-01 -9.805333795487107540e-02
-2.826923462305583681e-02 4.857266837255564407e-01 3.488617148789831257e-02 1.504427065780694073e-01 -1.101622063481941111e-01 -5.385381222374324012e-02 -4.846163166369882314e-02 -1.709254027290432465e-01 6.262277554337863927e-02 5.411851037100937761e-02 -1.680633418564583814e-01
-3.248849892768253950e-02 3.134695590277585264e-01 1.886547918386540651e-02 7.367873498494835471e-02 -1.761603052077214959e-01 9.457232659576207678e-02 -6.439925233899335133e-02 -1.399982225619637588e-01 2.603859189589747825e-01 1.470050159663609766e-02 -1.545650230498653854e-01
1.059014494829976227e-01 3.696737188213607972e-01 -5.411843717331330655e-02 1.340982544653125663e-01 -6.878291960212581935e-02 -4.372550163764907932e-02 -9.931163545272377047e-02 -1.078777741422032033e-01 1.959751653417763084e-01 5.295282948197708832e-03 -2.290663847899108152e-01
1.257067144336176598e-02 3.897097115500469111e-01 3.473929581719446824e-02 1.373240148727083443e-01 -1.379578461013672708e-01 -2.030359232176292064e-02 -6.031522016124352820e-02 -1.104775041562153920e-01 7.101949642914420768e-02 7.369127087780813490e-02 -1.819390799879563037e-01
-1.860761684909154057e-02 3.639476659736726183e-01 1.885764824272843920e-02 6.442192983524656913e-02 -1.011554836831264903e-01 1.046821845461920475e-02 -1.192123658950157289e-01 -5.754194091285394497e-02 1.636362384518424973e-01 -9.541546045714127677e-02 -2.133761489916072285e-02
-5.447017069653804083e-02 4.445828393879625029e-01 5.588957706062899766e-02 -3.988661716433321985e-02 -8.201150490992893671e-02 6.731894581085695606e-03 -8.055388510424116300e-02 -6.211886522427063906e-02 3.810796492458259910e-01 -2.665796151283370552e-01 -9.460208378613554903e-02
2.750804556182899138e-02 3.984150461099226215e-01 -1.933854630099365521e-02 1.280610059102902099e-01 -1.096329814736386465e-01 8.253639658672128065e-02 -1.227430748202887334e-01 -1.472995275872381049e-01 1.591910424348540465e-01 -8.321117179825124333e-02 -1.054250163614882663e-01
2.714695546432716738e-02 4.696261518586983819e-01 6.631844462099627246e-03 1.162252678066508504e-01 -6.122366696764854760e-02 -9.223573102938864565e-02 -4.313872470128909259e-02 -1.300211080161695065e-01 1.445621760952408574e-01 -1.896968895075496625e-02 -2.105422577600477019e-01
-2.950768300838204142e-02 3.791784605223815219e-01 1.165498173377232660e-01 1.396482896569062604e-01 -1.124474139598666128e-01 1.041658457814481284e-02 -5.598762277988204167e-02 -1.390090450995819793e-01 5.862811118588780873e-02 -1.236781025553813571e-02 -1.470404699160732243e-01
-1.040442497506342042e-03 3.355285505730959406e-01 1.220493772554557960e-01 8.499214995167589382e-02 -1.211134373293492467e-01 3.879249691698623964e-02 -1.419313960153941734e-01 -9.601045444396691386e-02 1.065993070520869640e-01 -3.026346078007782422e-02 -8.954147242128721040e-02
4.991857294377260133e-03 4.454911747129686739e-01 8.686349164817012969e-02 5.128646410842040843e-02 3.167926061907441054e-02 3.663677329433210478e-02 -1.094158141230899689e-01 -1.210434990933669658e-01 -5.453319693494166481e-02 -6.239726781560362562e-02 -1.014980254486213540e-01
-4.604845614412347160e-02 3.095621319776393765e-01 7.410024361375965908e-03 8.928836264957566715e-02 -7.362075348024518795e-02 -4.890258760499957558e-02 -8.920644101945118809e-02 -1.454857481528638863e-01 3.832104883710480969e-01 -5.937337794605407337e-02 -1.187724247501832364e-01
-2.825430140754482330e-02 4.076651252355941724e-01 -3.587880314042315305e-02 2.027633539414785691e-01 -1.229254490756836737e-01 -6.530341129521646804e-02 -1.161877723094818238e-01 2.100537861206182647e-02 1.511439182644789547e-01 -1.529888382230242261e-01 -5.297798234051917521e-02
-2.107532759719631804e-02 3.461206853662527894e-01 3.750063299293978497e-02 5.570666752811282568e-02 -8.562047600044882245e-02 4.037688417599722551e-02 -5.717081720365193437e-02 -1.579409049348940441e-01 1.374897286152954590e-01 -1.201627257625476758e-01 3.283687108185985581e-02
8.419500667289081530e-03 5.055396801678789798e-01 9.189971872709572220e-02 7.439174060602195271e-02 -1.175525869535528345e-01 3.999420210601180997e-02 -1.221347785794854590e-01 -1.393018397689075316e-01 1.432971849964522204e-01 -1.441139053011534221e-01 -1.323776984059333028e-01
-7.658619905627016278e-02 3.766202108130159432e-01 6.165327714554004468e-02 2.246952597529800477e-01 -6.047357512280598230e-02 -6.016871010710804768e-01 3.983128989289209110e-01 -1.409676564428855583e-01 2.067432521212552998e-01 1.194389022235012657e-02 -1.921930390293018487e-01
2.156467824738391424e-04 3.012371266600955555e-01 -1.111727974744775443e-01 3.881728577354118248e-02 -9.093181214241641275e-02 5.434524139910221902e-02 -3.898063883214667596e-02 -1.199457130726065968e-01 1.042237364167226676e-01 -4.372398723029832096e-02 1.139771299817276401e-01
-3.711285251274891450e-02 4.525414654033358408e-01 -1.085291266571679347e-02 2.243565167096944479e-01 -1.348519841055284552e-01 4.520562081608853894e-03 -9.437924172170944481e-02 -1.811609342362393849e-01 8.971218647749513997e-02 -8.113276672954120028e-02 -2.357882043893191198e-02
