4.604279518212970324e+00
3.894397119428959719e+00
4.718305013596606479e+00
5.382828901992162685e+00
1.909272759838184896e+00
3.893108674608606545e+00
6.710703447389358978e+00
3.269067637240681279e+00
5.928518541567913580e+00
4.234094751577597293e+00
4.638966813607355633e+00
3.561805625494819605e+00
4.652278235658439343e+00
6.783495857156986553e+00
4.416032566213306865e+00
3.189014055900543099e+00
3.755516615747089837e+00
9.775315370513476765e+00
4.259338513955118088e+00
5.569720210620065615e+00
4.622850560140239651e+00
4.267560263336200421e+00
4.342810820317633436e+00
3.389515508401086841e+00
4.484183821394582381e+00
5.382266436171478929e+00
2.326713795428896780e+00
4.046519251677700879e+00
4.664147730914081080e+00
4.720776031351318736e+00
7.480904399854089171e+00
4.196607847120927381e+00
4.382340367413157800e+00
3.387298000505129192e+00
3.378452777037135757e+00
4.434608486357530133e+00
4.056451509557767565e+00
3.833991617515657868e+00
7.525334805169380914e+00
1.910940750941596766e+00
4.368673593114854370e+00
7.714743632944993657e+00
3.212286242867374852e+00
4.230748840036443248e+00
4.323554828061992872e+00
4.253374683336425655e+00
7.955832270711947984e+00
4.447439745206074768e+00
2.466178534368434594e+00
6.790159470956997900e+00
