5.142618876599087230e+00
5.648687039915442298e+00
3.716997126274609986e+00
7.822718706660854338e+00
4.891574809524569467e+00
4.604899112505910885e+00
4.085693745205738914e+00
3.592134642339119388e+00
2.365764514501691451e+00
6.540038476752132013e+00
7.606981931348310688e+00
4.945449635573601732e+00
4.424699155840825959e+00
4.450369768880104715e+00
5.681197351493305625e+00
3.174448070550002665e+00
4.407632217049111567e+00
3.888850533808605459e+00
6.828586434775504976e+00
4.253235038918737665e+00
1.013385234973849514e+01
7.194362122567222961e+00
4.314282780552052721e+00
4.111698252783594576e+00
9.775596812951480530e+00
5.462516882215856739e+00
3.711340452271305157e+00
3.581314263357203931e+00
6.077491652937450972e+00
3.784832900757594043e+00
4.102698865333450406e+00
7.086072023994520741e+00
3.501887173059923253e+00
2.478380434995555159e+00
4.089108260583821597e+00
4.130695599228707771e+00
3.615505018039151253e+00
3.938839078275255812e+00
3.957801645003002022e+00
1.976253394541016561e+00
4.261040187128823931e+00
3.174566299861986796e+00
6.657989673524267182e+00
4.310107148904751995e+00
4.213000976669405873e+00
3.797721111801082294e+00
4.063707672784646618e+00
9.957773836234597553e+00
4.172353959413684699e+00
6.412746447436070696e+00
