2.532964523394998224e+00
9.073189037796373091e-01
8.747359539762223912e-01
2.155722235077012439e+00
1.438876442675308232e+00
1.867614668066349903e+00
2.245772189614926528e+00
1.540800073413824522e+00
7.556985998425387319e-01
1.754832030774212681e+00
2.062160254490546407e+00
2.796508865138996214e+00
1.412388123214469271e+00
5.487282296440774143e-01
1.423337844167365418e+00
2.543669933476570222e+00
3.050334805156543538e+00
3.011616221219947098e-01
2.720063194786910277e+00
2.833595771600422975e+00
2.733742118554906231e+00
1.927384054179596573e+00
1.944785636594051015e+00
1.486451233780269110e+00
7.438909337387583642e-01
2.071870613651653592e+00
2.229167474701174267e+00
1.632446149587127193e+00
1.566213164741069530e+00
1.547913841583090422e+00
1.694096707372767519e+00
1.642591267294573276e+00
1.593478738456435950e+00
3.291120013245028897e+00
1.887071774209519992e+00
1.064006294907656969e+00
2.388816303832537180e+00
4.014990689570373306e+00
1.332228684573552036e+00
7.346511302115839026e-01
4.178323568968326795e-01
1.197002105415698070e+00
1.062704873741533662e+00
3.039070196465670115e+00
2.261191200805175328e+00
1.820149623157754304e+00
2.465749276835903281e+00
8.781710129581078439e-01
2.282393920148713118e+00
9.897760589749058369e-01
