2.442430950839133086e+00
2.300435264624385301e+00
1.656354202813568266e+00
1.795028022281601521e+00
1.491040323492751174e+00
9.643116205157429288e-01
1.684030418052750333e+00
2.207109964945390690e+00
9.026314494846212622e-01
1.218813665333385865e+00
1.259033093724377217e+00
1.630387753803158590e+00
4.372050073190492547e+00
9.135711993665009967e-01
1.148485771104536424e+00
9.686419270910440193e-01
1.464938786885618516e+00
2.070018235499143433e+00
6.861651238439037126e-01
1.486865815843670724e+00
1.049595710034734175e+00
2.230857366754948501e+00
2.720822074475168328e+00
1.990134757841604207e+00
3.616550722107306992e+00
2.812394295805800137e+00
1.713949325712031291e+00
9.484650171005428732e-01
8.209302400090138230e-01
1.256945430901696081e+00
1.758639408227641976e+00
1.132040749650138123e+00
1.221769803772255081e+00
4.118289756446521288e+00
1.240805238632675112e+00
1.287862244513662935e+00
1.608508789126740890e+00
1.888291298585444533e+00
6.895785220893585477e-01
9.758714159377083197e-01
2.349289657532627640e+00
4.023582827169677856e+00
2.293936171216963693e+00
1.100578438645005042e+00
8.830176996356543517e-01
2.521381761486906736e+00
3.087782630874195355e+00
1.832925546560462804e+00
5.748027078948092505e-01
2.870866194342016176e+00
