3.782662443096178051e-01
1.166012072842167457e+00
1.771674283501420533e+00
1.395933884857816887e+00
1.631641389801868458e+00
2.016786328853127586e+00
2.481124071929638131e+00
1.164019560142487864e+00
3.366878042281187700e+00
5.191462706992576726e-01
1.031273696300136988e+00
1.236206956781237709e+00
9.769238360642603647e-01
2.229124602949370537e+00
1.600136297634679128e+00
1.629456261548367646e+00
1.804186151436845131e+00
7.634081592187914600e-01
6.386110430577012220e-01
8.031666467207586591e-01
2.378637073583677708e+00
6.782352384589904748e-01
7.185469612079071755e-01
1.433813440342400769e+00
2.748092348393107898e+00
2.715046149022025013e+00
2.296122053381981498e+00
1.687911782275763439e+00
8.576715388549708274e-01
1.090787341789817066e+00
1.237734734109895207e+00
1.308457099750853780e+00
2.239080950740151899e+00
1.447413454737459970e+00
1.491475247743014210e+00
1.194080120061861150e+00
9.585807829077940267e-01
1.207893134097967280e+00
1.519666283005924212e+00
1.237522337195159583e+00
1.008560034586638565e+00
7.355775385960180435e-01
1.817387806676511453e+00
1.752305963485276230e+00
1.694160565703786592e+00
2.008432727490796932e+00
9.016938935748020079e-01
3.781815978378515464e+00
3.640526444419031615e-01
2.989694718637918136e+00
