-5.769055427259156543e-02 -1.022561133145379664e+00 -1.213082649930923573e-01 3.217339767254868477e+00 -3.854746644813800693e-01 5.537321811388943305e-01 6.645728093031713080e-01 4.146357219611799816e-01 -6.019858338095902539e-01 2.768970600835944929e-01 2.553277449303702484e-01 1.016706922206013886e+00 6.177814688404663634e-01 5.124614699552586250e-02 -2.704310976097491492e-01 -8.924374805638004560e-01
-5.784508099876360943e-01 -5.881167727016424207e-01 6.924313753827636697e-01 3.399691489296044367e+00 3.484563483461365352e-01 9.709353613282564743e-02 -4.120876744487739773e-01 -5.312285873548483472e-01 -2.177677298987579502e-01 8.684680520075879206e-01 -1.077918545391117533e+00 -4.212308338208992642e-01 9.585868709669407295e-01 9.046039657471953710e-01 2.022462673916591569e-01 7.157384217102277790e-02
1.150596421839614747e-01 -3.370916258398247156e-01 5.368597881449545250e-02 3.692222907141472277e+00 -6.473934845279882833e-01 -3.557948451401487522e-01 -6.470517174993870024e-02 -2.626989129240918375e-02 5.771723119152927239e-01 3.638708533720874660e-01 4.265620637479659583e-01 1.700409586562646735e-01 3.145014039494456459e-02 -1.548682158759646654e-01 2.437327593716576701e-01 -3.713235873333672332e-01
9.091849483549869770e-01 5.143429080947015120e-01 5.494847249286316515e-02 1.440490781429741185e+00 -2.866196041457332311e-01 1.981321943680869335e-01 -1.524535131447080083e-01 -3.858349775896833811e-01 5.453797969415954405e-01 -8.053254676456202965e-01 -1.747539795908263915e-01 2.291390596851636818e-01 3.620259113810002094e-01 -2.863406454384634925e-01 -4.381992998841685583e-01 1.992234208529564565e+00
-2.876819509843119294e-01 7.963791273713922703e-01 -3.627114356430625741e-01 3.887253175975192931e+00 -4.324023625554730410e-01 -5.998353759129639862e-01 -5.418654590069297283e-01 -1.948897386510791141e-01 6.095557521085179786e-01 -1.806473728776348542e-01 -6.830302256458568866e-02 -1.858244331598601640e-01 3.306713330224038128e-01 3.415998108430844393e-01 -1.475828588541927278e-01 7.526356047280023942e-01
-1.019056131404847132e-01 -2.757658190203908788e-01 2.330345222472530176e-01 3.622685931084905775e+00 -5.162140446448859610e-03 6.883816820666452396e-02 -1.956272576195531854e-01 -4.112834401739002277e-01 7.909868628942566537e-02 1.425602000002492431e-01 5.094977238860740609e-01 8.878098213771647151e-02 -3.219492885837745011e-02 4.054405385291906527e-03 -1.333643149867879130e-01 1.231036888468627077e-01
-7.419245263443363658e-02 -1.984440917828367013e-01 7.924198412950198556e-01 1.755060570754076510e+00 -4.004819312733144399e-01 -1.063256508958246416e+00 -1.340865423506259591e+00 7.901516177558379761e-01 1.031873625244226766e-01 2.420561478854713844e+00 2.776134407821205796e-01 -3.260780222608752332e-01 1.218046774479728533e+00 -1.705135133710387496e+00 8.137873537972866167e-01 6.539759177216480923e-01
5.871612903631004236e-04 6.964420467876507592e-01 -4.159143176435503575e-02 2.916852330375142799e+00 6.229223624581282648e-01 -8.566304286214720953e-02 -4.655286914254075370e-01 -4.963364030888158251e-01 -7.474955525983306703e-01 1.348987575125105420e-01 4.591501197801020617e-01 1.076135236985832633e-02 -2.210612304738279743e-01 2.581378395605182230e-01 2.858856872189551868e-01 3.883894886981568151e-01
2.474163078290483320e-01 -6.921325704913212640e-01 -1.250946291156735946e-01 2.579950537906770425e+00 3.944885563004812967e-01 -5.525563031786191459e-01 6.139040487044344907e-02 4.129029869862784197e-01 9.444670072856449217e-01 -9.277313439648452453e-01 2.503237825493138669e-01 1.351228815618049861e+00 3.214916954810772554e-01 -2.208141023563765237e-01 3.225472536050482120e-01 -6.515276054868193167e-01
1.820677056936080007e-01 -3.480499024819144749e-01 5.762530124043967472e-01 2.707265699179629337e+00 -1.858345207176146374e-01 1.487538530290258287e-01 -4.508083497617448865e-02 2.589090945853984582e-01 9.694582094258524796e-03 3.294750551832152929e-01 -2.228945924489212360e-01 5.903981292730593466e-01 4.057836111498386300e-02 -4.468338200274060701e-02 6.729792189205405228e-02 -3.477993879837643076e-01
-3.108336288270485692e-02 2.523396752903036555e-01 2.165069348283106265e-01 3.096002062437553271e+00 -6.573410966970989477e-01 -1.926913876259645497e-01 2.562500170730738214e-01 4.195373122079837369e-02 4.324448869390954409e-01 2.357811068338092064e-01 2.071267807144706596e-01 -4.845078121247182734e-01 -1.360376325678169240e-01 1.634069231987341220e-01 3.569658958141362914e-01 -4.076592861348027341e-02
6.804374485705369513e-02 2.834503846252175649e-02 -2.588339605340952976e-02 3.416302185616848952e+00 5.998667709856622676e-02 3.429377741033885069e-02 1.201209072275954692e-01 -1.889876511838944895e-03 1.333580295207602018e-01 9.313999413699472485e-02 -7.863600138944587536e-02 -2.050921265415401318e-01 2.783471232357825897e-02 -1.344328925894711611e-02 -9.454474675510515791e-02 1.544151636945317596e-01
1.572820313519537883e-01 -2.140602609834850178e-01 2.348518877643512304e-01 2.754548442297779953e+00 3.577003149382086966e-01 2.407719810073170041e-01 -1.843571678611157505e-01 -2.608170388767378500e-01 6.580639719088314521e-02 2.959991224749097261e-01 6.761850597099238191e-01 -2.139051295754208770e-02 -4.570392887986383934e-02 3.816093763067257560e-02 -5.163824630144679961e-01 1.377559920457143428e-01
-1.060065585519763598e+00 -3.305532876720070068e-02 6.050984610368890237e-01 2.966699633754597443e+00 5.719327549874002603e-01 5.678271518273764196e-01 -2.859907553809572511e-01 -1.692735375201492865e-02 3.064437479274324527e-01 -2.840037436011568772e-01 3.487852395063487099e-02 -8.998121584769835923e-02 1.581770388694943574e-01 4.723429509058242881e-01 3.653141393029919748e-02 -2.335569004826548722e-01
2.321025324143375645e-01 -1.444980992793754304e-01 -1.824943438047285094e-01 3.434917199631131624e+00 -9.177631602952207590e-02 -7.542329040949752317e-01 2.783904361329084809e-01 -2.141596656113412545e-01 1.980183404833905647e-01 4.310405255543164893e-01 1.421729532365277326e-01 5.805686505294758160e-01 -1.976538035952378758e-01 -4.003077837656169313e-01 5.695697084728257309e-02 3.473061011899264972e-01
-6.787539453326441041e-03 2.717681810185124669e-01 -1.253890233632959372e-02 3.580543368199056165e+00 -2.408256754718021697e-02 -1.207100096667918371e-01 -4.345807156633088031e-01 -1.201070142099623927e-01 1.154796264883214546e-01 -1.799255019834543057e-01 -7.048526826135353973e-02 2.160388222033685635e-01 4.330261931525414276e-03 -2.600884375298254669e-01 4.263864582016046456e-01 3.311100324476445866e-01
1.220152647607913865e+00 6.967803614055551042e-02 -5.891972001929179914e-02 2.203771038287404060e+00 -5.297291115578266485e-01 3.538679286065464225e-01 -5.157705349895587155e-01 1.274699757818933410e-01 -1.415723021092096356e+00 -1.230857497736219441e+00 1.644808411151272853e+00 8.495044677160792368e-01 -1.011711881302002625e-01 1.160624158717068477e-01 2.246779386491231101e-01 7.585290075512000074e-01
4.768889686976751086e-01 -4.331427784695980332e-01 2.957768783096836884e-01 3.076610007116256540e+00 6.064481419323527467e-01 -2.216027721226435376e-01 -1.475970808961631908e+00 -9.892498435444199156e-01 4.273179404199485276e-01 5.613635869802515721e-01 2.608460419283711862e-01 4.733440845950937503e-01 9.437288075853977887e-02 3.977993721562128604e-04 -2.138844873088550647e-01 7.768351541353191170e-01
-3.136379293225638465e-01 1.272963719756795009e-01 1.101563434852253387e+00 1.969954415752007026e+00 -7.370894063208635050e-01 1.942512694186450672e-01 -3.959768849349427633e-01 6.361337181105126692e-01 -1.576857255668202118e+00 -3.082351466667634932e-01 2.923736470270337229e-01 1.899439527302060782e+00 1.094274554631700924e-02 5.948262257079164339e-01 1.944940739647560424e-01 2.687198709465388191e-02
-1.122526547947471087e+00 -4.442510788587670234e-01 -1.267009414044072968e-01 3.740797186609705616e+00 5.935343051367473199e-01 9.116329495633301860e-01 -4.137279174875469479e-01 5.264231497068150301e-01 3.875002989890158900e-01 -6.391930158057184119e-01 -5.463523626168749203e-01 5.667082513184298342e-01 9.925701497608596657e-02 4.689774942312894268e-01 -5.937814036491478875e-01 3.080534110770165035e-01
-1.175367839333187892e-01 2.648708499382417814e-01 -9.115440141253647877e-01 2.251929097725718254e+00 -1.238124620307380075e-01 4.628153006134894110e-01 -8.555901062074189323e-02 6.130649691034115167e-02 7.641381713572779066e-01 -3.084989694983732433e-01 3.238070715475254158e-01 4.370652425301506661e-01 -1.498546709977705227e+00 1.126147867583933593e+00 1.593567182375277280e-02 1.053832973994311750e+00
1.119793622708300795e-01 4.323671607769337122e-01 5.339874838009398550e-01 2.918298090408237844e+00 -7.062444008912621696e-03 -2.037431784292941250e-01 -3.718791305650613888e-01 1.701889059597150311e-01 -1.982113460477336608e-01 9.338883931598349064e-02 -2.399988956088698333e-01 -3.820885078015437419e-02 -6.036264928616230652e-02 -4.673665649151402535e-02 5.498481503256447134e-01 7.249595219791676870e-02
2.462294305663791372e-01 8.280426356954243006e-02 1.820031137639318286e-01 3.256302886998564183e+00 -5.432917044458945854e-03 -3.912095116009740581e-01 -1.049860118855043822e-01 -1.566303212576740100e-01 3.068044905630887276e-01 2.443505102024345899e-03 -1.987875599416187300e-01 4.826969673394634341e-01 -8.628545868843172373e-02 9.207478304155518323e-02 -3.086664086516684169e-02 3.918977417778023165e-02
7.082617762508836012e-01 -7.243942920855849232e-01 3.177063910449853257e-01 3.128828193809472857e+00 9.209641634912547892e-02 -1.245942301196533153e-01 -4.675340929760678499e-01 -5.529338144503327668e-02 6.309031313383932638e-01 -2.217757194933731024e-02 2.158971714195033198e-01 -2.553099466759325420e-01 6.560511661552002050e-01 -1.875360430053734651e-01 -6.014860630043329381e-01 4.049321687322544605e-01
-6.960958838657826941e-02 9.105171462331668186e-02 4.657223024980682302e-01 3.339397279185070566e+00 1.159477026716604353e-01 -1.817645407474178243e-01 6.347008446664606507e-02 -1.605456641019534225e-01 -2.620981152034352890e-01 1.187301121628355077e-01 -2.362944713427888865e-01 2.244834514047542029e-01 2.120095728919490496e-01 -1.969469077107770250e-02 -7.445840849086268753e-02 9.000405297831376439e-02
-3.270401033693350334e-01 2.267489207351720826e-01 2.672804247864452032e-01 3.763515674091337360e+00 -7.914369701672832047e-01 -1.470148215786223067e-01 -1.428564150899797047e-01 -3.209023515900241152e-01 -2.247143649649790687e-01 -1.229371099625131691e-01 -7.153719332177476131e-01 1.095676447896318795e+00 6.160282542973143372e-01 7.041638128043971045e-01 -6.457804405959950422e-01 4.809917697639939926e-01
3.605687148039868339e-01 -4.226454509881964472e-01 5.148638261272078243e-01 2.898207202987665099e+00 -6.946275317373423741e-01 3.989744692680339405e-02 -3.867567513976957749e-01 1.325687230317285303e+00 -5.781338505863421462e-01 -2.870737347052715500e-03 -2.743038212663047593e-01 3.661924623888713204e-01 4.674545357201953522e-01 -6.130043173546936286e-01 6.404358304003558988e-01 7.538600484376116462e-02
1.616733112911187265e-01 -4.189908667542438514e-01 1.230943057973457183e-01 3.213151811181906847e+00 4.090870946067010072e-01 3.014057223730307392e-02 2.076515105322542798e-01 -5.184197599892511471e-02 -8.156862919386304034e-01 4.011475700564276492e-01 1.711488751333127001e-01 -1.484642414858030612e-01 3.022208826124555547e-01 -2.284324098029175687e-01 4.700788426478449966e-01 -1.096281962776508856e-01
-1.012102300028230872e-02 -1.995515740559745121e-01 5.497279321818580033e-01 3.186152036740437232e+00 2.931151307318474730e-01 2.825615686469873378e-01 -1.581817160590535398e-01 -4.713980223567176830e-01 2.568240014242493402e-02 -3.487820774388752931e-02 -6.393094520981535966e-01 1.084947629103781841e-01 7.726098135868531003e-01 -6.488319598060032778e-02 -5.433235096357721949e-03 8.176357528874260427e-02
-6.369907286467665908e-02 -6.338957217756353846e-02 1.688612865608960789e-01 3.913177544641159855e+00 -1.232510719232293717e-01 4.776775827724538681e-03 -5.326737986450325035e-01 -1.409512863142676486e-01 -1.466734407954699282e-01 -9.051930466464050418e-02 1.939810984792969262e-01 -1.904794414167071404e-01 3.021772134753589745e-01 -4.626548529902289875e-02 -7.683809979998496020e-02 6.081174487546604501e-01
2.064873758423100003e-01 5.146984339583780127e-02 -4.457668239672817889e-01 3.011777400617130507e+00 3.541422545214679141e-01 -4.016873375814387220e-03 2.926557275689963822e-01 -5.452628951517550782e-01 -5.418567500125598402e-02 3.211690951283638906e-01 3.983098266905789053e-01 1.120264832170393132e-01 4.919725960144697985e-01 5.690080846653591123e-03 3.420992585066495173e-01 -8.222168810148899887e-01
-3.769388681104079986e-01 5.709106304995893721e-02 1.691701730175264873e-01 3.452838047429346968e+00 2.170956909956832381e-01 -1.035020777538034759e-01 -3.262302194135319744e-01 -2.129572671684489549e-01 1.408644916265708869e-01 6.508596179613116428e-01 -7.510539785050869555e-02 1.013446600675998038e-01 3.018311675586910492e-01 2.349538389522022042e-01 -5.102928091892896534e-01 -4.671317334396461393e-03
-2.097026214322007254e-01 -1.460745668135388919e-01 3.477917382381729428e-01 3.401426726972319514e+00 -1.218575027835567676e-01 -4.196990080043878635e-01 6.001064625641043815e-01 -4.386260531788697681e-01 -4.139282136174858295e-01 4.479617570135013271e-01 5.545461858542555245e-01 3.348951675323220689e-01 -1.722093677748926799e-01 -3.473946114173370181e-01 -2.703081258508936990e-01 5.694228265369870590e-01
7.734775616071427606e-01 -1.955449613225856975e-01 -1.258099739254575633e-01 3.509086358649724513e+00 -1.343549375154816872e+00 -4.829457440086841746e-01 2.576432129797898152e-01 -1.487327775627967918e-01 -4.339922151744156631e-01 -3.809043505308687960e-01 -1.310503013592100030e-01 4.539991904354835350e-01 6.304955579712595570e-01 5.105129525748546282e-01 8.022280801995561594e-01 2.143757845952598551e-02
-9.723407948818493796e-02 -6.795972738807417590e-01 -1.999057795566810958e-02 3.283670554276306941e+00 -2.551413942633150578e-01 9.275402232740598274e-02 5.586602182140907313e-01 -1.510513695994533112e-01 9.216779952368613360e-01 -2.671830800810278683e-01 9.793167310398678826e-02 -3.394358388893141121e-01 6.224209958851836255e-01 2.003536464726927147e-01 3.124431133133030447e-01 -5.639278108336238660e-01
5.812496092622252419e-01 7.123009722606342409e-02 -6.517275935499498019e-01 3.302417851312412278e+00 -2.815355481857720887e-01 -3.287083476451493902e-01 1.810049444844838151e-01 -4.476645091826580644e-03 -9.200449894612505036e-03 -4.865836600421813429e-01 1.180130238358338524e+00 8.609143411317793371e-02 -1.406333867577595487e-01 2.153084856052837892e-01 4.553945343009679902e-01 -4.536107696572018178e-01
-6.103036058013940890e-01 -6.815656850412608048e-01 6.765225619688719494e-01 3.061183844595519066e+00 6.644677161289209710e-01 6.679445495159935797e-02 -4.284124733590493617e-01 6.070395313782555036e-01 -2.387344956144501346e-02 -3.668354096958386101e-01 7.356333634344944805e-01 -6.257397768145822603e-03 -6.824113968378775485e-02 -2.613199699104272189e-01 -2.091699209296603024e-01 5.606883731318484942e-01
-1.626676124359604514e-01 1.453063304539592079e-02 3.985878372577574269e-01 3.156554301183873257e+00 -3.178691971259038351e-01 -7.220324580617962784e-01 -6.829194941173775957e-02 -3.979611411099709950e-01 -5.252156733119648369e-01 1.148844898460378516e+00 8.186542370806155766e-01 -8.741466126682560789e-02 -1.223433913123444849e+00 9.378310374752120149e-01 9.838593095722671933e-01 -2.376248543893925702e-01
2.574520677470009122e-01 1.866081541021125112e-02 2.725110678403159792e-01 2.958624116864084108e+00 5.312079797061568520e-01 -1.270045366642269746e+00 4.271895572837782207e-01 -2.242711954414729203e-01 1.646381886076171419e-01 3.215850569635547718e-01 -1.201831017435925242e+00 -3.639252919042528234e-01 6.475596358618158632e-01 8.892758090138420668e-01 1.744048348538773663e-01 1.133145351101682297e-01
-6.410243697884085989e-01 -3.718649025173593192e-01 5.453783085877297321e-01 3.374716578663699451e+00 2.866723926973387959e-01 5.419794873744903513e-02 3.615673542347369596e-01 -4.918234617120320618e-04 5.235588769328194253e-02 -4.489295897976424143e-01 8.380710236507280531e-01 -3.780627504709735964e-01 -8.069912816496014329e-01 1.814802388967164115e-01 1.757919424159564148e-01 4.934838359465608670e-01
6.163084243946983509e-01 -7.060149371872446178e-01 -1.113190376507736667e+00 3.463058674892025124e+00 8.263997594252198153e-01 -3.660357823514769349e-01 -5.064423331234170211e-01 3.755115245453780615e-01 3.323280103966537169e-01 -2.293482947208759781e-01 -2.584277191344900304e-01 9.929571383672652907e-02 7.808000318766955550e-02 7.892587514009899996e-01 4.524489070768776822e-01 -1.368795322924962199e-01
6.284645576967465286e-02 1.164674805243827577e-01 -6.878992779890023834e-02 2.998260637565751008e+00 7.526736909495042038e-01 -1.513910930131690813e-01 6.942162809549320968e-02 -1.940154901205064231e-01 -4.926253627647336208e-01 2.475039674838397374e-02 4.585715953304675963e-01 -1.061676249217989310e-01 -1.660646209671912954e-01 2.068195222230875818e-01 -1.074485487967425240e-01 3.130420550147989256e-01
1.088813569365598921e+00 -1.046915562790716958e+00 -1.051301001775203581e+00 3.627878395552246893e+00 5.140276791597148121e-03 -9.584720057809882343e-01 -3.226180307307922046e-01 1.378188656611365609e-02 3.284133193491114988e-01 7.303317203101759025e-01 -7.358205493385282514e-01 5.673908643242472349e-01 -1.729457058883632214e-01 8.562264991198019759e-01 4.910923799968008319e-01 2.953547387673996494e-01
-1.241588971143601783e-01 -4.782228485417787389e-02 3.430691464804009883e-01 3.221532876433589987e+00 -1.995840684991554703e-01 1.992772084279950395e-01 3.331948934253166072e-01 -2.938262735956591043e-01 -5.226076506456258514e-02 -2.260501759799450339e-01 6.360724890427673639e-01 -7.954986996130873622e-02 9.658092615357732891e-02 -2.985240481465746831e-01 -2.471677653827837884e-01 4.555674024733791794e-01
2.575356663671307111e-01 -2.593189246102630685e-01 -6.045037782259645720e-01 3.691136430087452069e+00 -8.639909400182621546e-02 1.509756208308848657e-01 -3.000222418364127397e-01 3.455220795275407708e-01 -5.087512455035994585e-02 -2.351828117217913960e-01 5.162391280156570783e-01 1.406137677161650168e-01 -7.262746679914946490e-01 4.005295133311690403e-01 -4.782034794894792773e-01 9.545787103900932324e-01
-2.126477765454133362e-01 3.717698609813952504e-01 -4.939384825212166930e-01 3.090639520450074951e+00 -5.391069609986037792e-01 8.899381048192355204e-01 3.551945527476960685e-01 4.164203112939047213e-01 -8.290839591979415335e-01 -1.515707894307797843e-01 -1.329690627941312764e+00 5.071527426402431260e-01 -6.742431496472596208e-01 6.019664520722385337e-01 7.969468223493950676e-01 9.166041727668453598e-01
3.733926613219091251e-01 -4.676928624044516813e-01 5.809830091712869793e-01 3.433045804490984398e+00 -3.810698372804842138e-01 -2.933705155389823571e-01 -4.678979839048121869e-01 -1.048405735428722535e-01 -1.734152543240934444e-02 2.934347675643392828e-01 5.359048762590616910e-01 1.448724719014293227e-01 -1.379667387315171856e-01 -2.172922480511058074e-01 9.879744921539512781e-02 3.433920388007296043e-01
-7.349966112997144418e-02 -1.582780246388194312e-01 1.357649035207993293e+00 3.141922341050844114e+00 -2.212502762153758518e-01 2.992374517498006536e-01 -1.120192932496671734e+00 -7.747633113184460019e-01 -5.640153827752514282e-01 -4.068533562149536098e-01 2.843649119850482077e-01 -6.164995670553788387e-02 6.277727330569282671e-01 -3.896562221888539290e-01 4.403542811643095245e-01 1.335209163307458091e+00
-3.075609003821868637e-01 -1.317801229735366120e-01 5.538205317936726324e-01 3.105777319465358399e+00 2.477221919197378219e-01 -2.033583850480927269e-01 3.961976462021497558e-01 2.233878143051288845e-01 -4.007458733563915021e-01 4.067813854977039290e-01 -3.585955443124168029e-01 6.957246640538403137e-02 -1.191053043425959260e-02 3.811439837945345133e-01 -2.218059193738231016e-01 -3.229526966446188974e-02
1.396556362642581428e-01 -5.958359403765458584e-01 -7.486306531910299489e-01 3.815649786720693104e+00 -2.381243340137654818e-01 -2.540861841866486892e-01 1.604641540878343431e+00 -3.163852114926629655e-01 -1.152812238634127961e+00 -8.188433394974929946e-01 2.779536252960741471e-01 -2.686880316996616003e-01 9.129098028372291118e-01 1.243150750749586031e+00 2.010290054325862830e-01 -8.523342124833502287e-02
