2.664927694002747205e-01 1.618077210247739206e-01 3.618115282230110336e-02 3.849412687575298531e+00 -5.172612257436477456e-01 -5.771079083159081913e-01 -1.114589064696378085e+00 1.634908654752037505e-01 5.560607657724701003e-01 -3.397057754638535543e-01 -5.114316872283533599e-02 -6.827898221831223413e-01 2.610997560427340547e-01 -5.348970366602268101e-01 1.407169194184229477e+00 8.233288998982323248e-01
-2.149791760021959597e-01 -9.999635164963363576e-02 -7.046414752930014735e-01 4.108377885925542650e+00 4.935887208071887411e-02 1.332865450489117976e-01 5.293357832105773098e-02 -7.050406716500349225e-01 1.771662284477785176e-01 7.194737429601721912e-02 -6.822920187596029917e-01 5.559636154280322984e-01 6.290947981175388781e-01 4.458673539625497839e-01 2.886545790240959697e-01 -3.981513268882284073e-01
2.343772338131146493e-01 6.388659596831111065e-01 -4.764105311884813121e-01 3.801510927821976082e+00 -3.632489873762757004e-01 -1.679385068546603854e-01 -1.893749159024191442e-01 8.948689262723952265e-02 -1.026062886516777017e-01 -2.686788480453987105e-01 5.620639283435072131e-02 -1.404553258174903729e-01 -3.431884030037780642e-01 3.212982933508692907e-01 1.752190573323474942e-01 4.424868597867186448e-01
-7.336857342685960681e-01 7.620763465617466093e-01 -1.532248062902970442e+00 2.854627433913321077e+00 -3.504545750453367248e-01 -2.732714223182123869e-01 7.298789621425646468e-01 6.727115709135245147e-01 7.106404171319427032e-01 1.052381073470075812e+00 -1.307311360282820412e-01 -4.413104931301139316e-02 -4.466900428448984939e-01 1.541562711028054977e+00 -1.235017539814416698e-01 -9.816149280489355755e-01
4.224529120896368117e-01 -3.421386904388112882e-01 -3.182040877076117713e-01 3.606354742675882186e+00 -5.221398204116307895e-02 5.102141453203076216e-01 -1.789476159664098731e-01 -3.415352622558310430e-02 -1.124506544652027901e-01 1.106268957150273458e-01 -6.238499195899668837e-02 -1.017732879688140052e-01 2.261216581782004020e-01 -6.856208611397104913e-02 -2.312400235964721940e-02 1.257323816767030866e-01
-4.971642796111882395e-02 -7.185814795890370366e-02 -3.658956651914906377e-01 3.870754395967267669e+00 1.297897694599482177e-01 1.174793701252563743e-01 8.199636839472311534e-02 9.388884143466508236e-02 -1.639832942880374567e-01 3.256095517705935305e-01 -2.134452702093040388e-01 3.475380090838426361e-01 -9.551039021366070081e-02 -1.570192850127641315e-01 3.361177544349098767e-01 -4.781957694263819780e-01
1.627923373281489894e-01 -3.406098334522287274e-01 -3.390445205243156068e-01 3.742978158444597803e+00 1.976653501520821976e-01 3.426911302665285874e-01 -6.621535065709673873e-01 -1.684231042854070770e-01 -1.795932413701184782e-01 -2.569701534894373862e-02 5.416139087903552030e-01 4.039027393461132598e-01 1.453324179916091474e-01 7.734598687204146117e-01 -9.187944686838318831e-02 -7.954854322099396136e-01
-1.751228088169214936e-01 -1.063956283214045340e-01 2.602181391473281091e-01 3.434915578125208313e+00 3.611724656025446789e-01 5.840535518465768405e-02 -5.777390840263953997e-01 2.718859184074716162e-01 -5.247808981830105746e-02 2.944289798019167348e-01 1.792373830632530141e-01 3.001002867021338588e-02 -1.799979349578245680e-01 -2.179578184106036320e-01 3.537669876845588035e-02 9.159062798994647980e-02
-3.034968735804610684e-01 -5.573861046428435495e-01 -3.812836693841576974e-01 3.497240565270594459e+00 -7.476516459087765298e-01 8.008007856973337057e-02 -2.574982614488139920e-01 6.335958528834217951e-01 5.605534343792204499e-01 1.033373603194049473e+00 2.324846250642141343e-01 3.185853832052359946e-01 9.046413978470252415e-01 -7.487365900538093255e-01 -2.577702524062579492e-01 -2.991817325788280746e-01
-5.790770873312132139e-01 3.552585282555476009e-03 -6.927111147045950101e-01 4.108241822255429554e+00 -6.371572711929200938e-01 -4.320006429905486334e-01 -4.070414953563127325e-01 4.135363046144509558e-01 9.363526630285807784e-01 4.608727839606474586e-01 -2.008884732646963656e+00 2.794700428735555353e-01 1.570133643033875037e+00 -1.240441036693011867e-01 1.249042966585528491e-01 6.914021165937525026e-01
6.143965625637672762e-02 -4.532920377931674016e-01 -2.316548807500008744e-01 3.200223076420740220e+00 -1.349955537362210745e-01 -1.452230394808942948e-01 5.397013852425808222e-01 -1.346596272775177905e-01 7.668976631591544191e-01 -3.174231108036583704e-01 -5.161217949354737211e-01 9.809171304314769912e-01 3.191826400139298192e-01 1.737966637495107491e-01 -3.480901673348286707e-01 -5.314819275246113195e-02
-5.367688507547820898e-01 -3.590096454236456069e-01 -2.862328510909708523e-01 3.966977951245957534e+00 2.468528113227483334e-01 -3.382473361742266427e-02 -2.097652314749551827e-01 5.662767391001201078e-01 -8.967290044872123778e-01 9.454510443740296033e-01 3.388996955570693359e-01 -5.001786512285163466e-01 -1.194421797623351211e-01 4.762239999858776107e-01 -6.345653277514737289e-02 1.722752494387319588e-01
-5.178995474229682872e-01 8.488238450508955868e-02 -9.939688650788954805e-01 3.599742398136509536e+00 -3.427262341432274484e-01 -1.027017374593350851e-01 9.133852936847433046e-01 3.445663547202899579e-01 -2.430582784105478344e-02 1.077467769813431397e+00 -4.668422462787211735e-01 -1.982960844169314452e-01 1.443079238276465670e-01 4.543669157659919744e-01 -2.916576192492036368e-01 2.722893184618080387e-02
-3.936838289913656141e-01 -3.117389088214795878e-01 -3.252659365525040203e-01 4.070303662100573483e+00 1.550670539734025355e-01 -3.648319102832828231e-02 3.736443624652932560e-02 5.315105362069361128e-01 -1.289801902811860967e-01 3.686212301006179803e-01 -4.873839602551819500e-02 -5.582404031973523528e-01 1.444563421333628361e-01 3.482466520982357983e-01 1.908502902317411598e-01 -3.357395377841215778e-01
6.064882695124746981e-01 -7.617849651166018476e-02 -7.592912421930283484e-01 4.580674339609513979e+00 -8.313300295357167746e-01 -3.935172739364922734e-01 -1.852067622927917323e-01 -3.463834337601903735e-01 -2.928605701143030537e-01 -6.065703602017071816e-01 1.327449230873796182e-01 7.290699021436238825e-01 3.256039315935367329e-01 5.322261854536757264e-01 3.240502211165498941e-02 2.596754054435755910e-01
-6.130429747472443403e-01 1.372183424069861601e-04 -3.033079167463237358e-01 4.234065026324394410e+00 2.535926229893889494e-01 1.968823352196423515e-02 6.575742387300574920e-01 -5.339986426936769170e-01 -2.696031161309442314e-01 3.464764892010904207e-01 -1.231017032570884684e-01 -5.730785398231952321e-01 6.458944059134466564e-02 1.460449747202855475e-01 1.105788510807697578e-01 2.909356083063159293e-01
-1.205341416805109089e-01 2.706183936991924943e-01 -7.617653271924195169e-01 4.955598302705367608e+00 -1.524461127719731746e+00 -9.866048103776277056e-01 -4.240851599974983510e-01 1.579409580333562824e-03 5.579653085098460613e-02 2.889913893394140398e-01 2.199124631202465374e-01 6.084940507360361295e-01 3.150399558507147590e-01 -1.040969335188998146e-01 1.134987381638974835e+00 -2.219205666250317899e-01
-3.627627604273678807e-01 -1.292503651443301371e-01 1.671361887554806969e-01 3.703906930906480266e+00 -8.286949293776427750e-01 -3.072799755959803036e-01 7.300569514948864747e-01 1.407731993793866765e-01 -1.684556412126243796e-02 6.561120075838447474e-02 1.455125209365350225e-02 2.449384460965862709e-01 6.895157894407840660e-01 -4.114994715899792932e-01 1.340098567185668554e-01 -1.266169389781009735e-01
8.112976538194745235e-02 -9.243757095724900452e-01 -2.470636272024540614e-01 3.636617643442141556e+00 4.410877392398166452e-01 2.051089148966626363e-01 6.652864900454018571e-01 -3.973637484036759981e-02 -8.149996970453756706e-01 -6.580672579415427492e-01 -5.242729809832330501e-01 4.036466307145126220e-01 -3.711572877834667938e-01 4.939544549225852177e-01 9.483243104662966161e-01 4.120667966691117234e-01
1.381676887606087811e-01 -3.617574244472940292e-01 -5.030592849921604603e-01 3.785240439973107662e+00 2.500228172218387779e-01 8.178067090419026686e-01 8.317641663897385601e-03 -5.056161733602772268e-03 -1.223953776573501878e-01 -9.355706686186280319e-01 -2.974115808928109450e-01 -1.174271759320764802e-01 3.503283776925915083e-01 1.917437606158510777e-01 4.116042559805138112e-01 9.699579373315581066e-02
-4.889869706816553641e-01 3.697182243064355001e-02 -8.710831652405430781e-01 4.149429217866289932e+00 -1.829259387791451474e-01 5.478672347855144675e-01 2.395411595884025524e-01 1.722517312462515937e-01 -2.274553410370134809e-01 8.618368948235458071e-02 9.154261888257904378e-02 1.774609242398653697e-01 2.378869259977025030e-01 -5.520992627166754207e-01 -3.491089381775724920e-01 6.400741025225483716e-01
-1.030226045984603545e-01 -1.376941272412557371e-02 -3.732926366209398106e-01 3.940914102394987850e+00 -5.674650924999457002e-01 -7.882611942502784075e-01 8.633910570956552233e-01 -1.718336626077839324e-01 -3.943775046446182375e-01 -5.601768999447183095e-01 -7.694065689426737853e-03 1.068615201788841507e+00 -2.538104363039701550e-01 8.178601271040464304e-01 6.636517559537922217e-01 -4.131789240435107535e-01
2.066567969447463127e-01 -1.005527503144144408e+00 -1.256415954788158817e+00 3.837004585604935958e+00 2.914257816032149728e-01 1.387665062225491575e-01 -1.005054127268495828e-01 9.822602488895917361e-01 7.108631012959645279e-01 -5.992022471616259560e-01 2.404969440561764982e-01 3.717804104440426971e-01 4.790751501290872738e-02 1.532927902895041550e-01 1.921527374976861324e-01 -5.034064896309951020e-01
-3.448593935641272035e-01 4.036138089904411919e-01 -1.002232711590906433e+00 4.200547100559574254e+00 1.044646939959689713e-03 -1.102214422467048122e-01 2.198139925703465891e-01 1.412232458058545193e-01 -1.538046289546604606e-01 -1.335179102329237533e-01 1.979761848879803277e-02 1.086538629592143507e-01 2.096949475446962807e-01 -8.458269252723343845e-02 -5.311432405847846261e-02 2.854936897256945549e-01
-1.150536077035135829e+00 -1.002444903157226896e-01 -1.252256478813669194e+00 4.618059054423765630e+00 -3.412507099767383423e-01 3.947872236634080156e-01 3.914010983368679808e-01 -8.816677913761838958e-03 1.108654962811398637e+00 -1.020997690132807501e+00 -7.615066091003874771e-01 -3.462547418775785979e-01 8.739253627095840971e-01 3.606966294525015826e-02 6.194990698986683197e-01 6.470168507864032525e-01
-2.607399574203399517e-01 -3.484304786431865475e-01 -8.378056967012549316e-01 4.214915134782797779e+00 9.795849131670245069e-02 -2.258019266079714926e-01 6.020727742031394270e-01 4.337019099349993523e-01 -9.354347485948346641e-01 -1.401438883112760270e-01 3.427790841775855135e-01 -3.109531085491937241e-02 -2.098649118418343673e-01 7.543931799160273899e-01 3.458643993481375079e-01 -9.481824429422505696e-02
-3.546588894833645478e-01 3.060029881291841392e-01 -7.364338837475441490e-01 3.407711519416952939e+00 3.244180594091854442e-01 1.772765039083228356e-01 -3.186264627867380073e-01 -1.733613999912200221e-01 1.136478281581050354e+00 8.747651224763695887e-02 -2.244907944790809629e-01 1.394346478590096916e-01 -1.311261935049194971e-01 -2.874131259968825125e-01 -1.863520869909995881e-01 5.412141348389520878e-01
-3.087558159227881127e-01 4.488728686622292519e-02 2.406753292787670306e-01 3.866223339143241677e+00 2.376485782312631745e-01 5.582187536155786001e-02 -1.569990678965909603e-01 -8.344830344650220333e-01 -2.989581234635223517e-01 2.658082653066664025e-01 4.024985872535853659e-02 -1.829739273204424310e-01 -1.949633330656390107e-01 -2.756313792872636670e-01 7.326970294840323694e-01 4.763029294337046138e-01
2.408284488619181762e-01 -6.298762069511519845e-01 -6.602701165444767317e-02 4.096911812944626696e+00 -3.076106697039959759e-01 1.055440651164338134e-01 4.987145438405863468e-02 -2.176294829821037446e-01 -6.450986359718170748e-03 -9.089449480070783682e-01 2.251708955641662790e-01 9.586210669321519884e-01 3.612086101690699103e-01 -2.605829871172986589e-01 2.258187112039577449e-01 -1.593029619910426575e-01
4.953434996544103797e-01 -9.397926125662763031e-02 -3.266951588034484599e-01 3.676724213571012978e+00 -4.089189511450683212e-01 9.121545875659665958e-02 -2.760355399627530959e-01 6.206696347110582934e-01 1.691030080451243478e-01 -5.059848365944227266e-01 -2.177468562137676866e-01 -1.721056563846922183e-01 -3.825765140767999894e-01 -4.647154724257805403e-01 5.638515341570420336e-01 9.394007083776603206e-01
-2.052372229481592703e-01 -1.561835758009871844e-01 -2.236017701376179501e-01 4.021962183696862425e+00 -1.008048520524549296e+00 4.911677075243069956e-01 -8.183279766877342709e-01 6.796374513083557334e-01 1.074076813735837632e+00 6.601849711967355816e-02 -4.244906575862232856e-01 -1.236818494547693714e-01 -5.922177644565100596e-02 1.513409930998273478e-01 -1.419929428974674446e-01 3.841324564078405501e-01
-7.933500964790912713e-02 -4.059821272324900393e-02 -8.725825651045781006e-01 2.824065271744854222e+00 -4.523349347322240255e-01 -1.810991304391131734e-02 6.280883263521669369e-01 2.068576320743544528e-01 6.635057439172200588e-01 4.774828223428075336e-01 -2.779966441737320992e-01 1.438168962166936016e+00 -5.124909075075025910e-01 6.468087905341761597e-03 -7.279087133665086418e-01 4.442698642054798697e-01
5.780055175939408096e-02 1.387755044445168617e-01 -1.166191634692230750e+00 4.071716262137330844e+00 -2.104875185144568506e-01 -5.821718828773978505e-01 8.286446587663626184e-01 2.010004894272637843e-03 -2.016263183517717494e-01 -2.681020451590793163e-01 6.517419723980221180e-01 -1.989015697480943645e-01 -2.005004035770779902e-02 1.491685601306429465e-01 7.723353358602763619e-02 3.779897719937140854e-01
-6.983476060206865732e-01 4.699640868497251267e-02 9.273855493216787149e-02 3.496926940566034148e+00 4.680244480670788243e-01 -6.057998484432941533e-01 2.821430683280253815e-01 -2.826580128108261425e-01 9.218643203707009848e-01 -3.357231434530368319e-01 3.921540182850535849e-01 -1.090131450395659951e-01 1.964267893700532008e-01 4.191350718702795408e-01 -2.053103745147508152e-01 -3.720076797826596948e-01
-2.782272495214875851e-01 -2.201340408368440138e-01 -3.350645478530820953e-01 3.947404974998345306e+00 2.360168722380482920e-01 2.069863167038062668e-01 9.498392889812343198e-02 3.110071500298447478e-01 -1.058244139477573453e+00 9.759978198086384227e-01 -8.251286691655127514e-01 -4.838084991564353676e-01 7.099884203208778333e-01 2.678058115755866941e-01 -2.549911833392168869e-01 4.129568451864247258e-01
6.609882125547894560e-02 2.593012624373569608e-01 -5.585267318273992032e-01 4.232441469367705267e+00 -7.055361944479464631e-01 -2.318417199342774349e-01 -6.934190826343921144e-01 -5.190129157458430731e-01 1.314968969045336444e-01 -1.494170356290664969e-01 6.431846518499401144e-02 -3.486205755902495595e-01 1.168459872787274811e+00 1.901546335557573186e-01 9.178031694622365011e-01 -1.161505247366161342e-01
1.280463637815010269e-01 -4.212206194275712190e-01 -4.394436687139674502e-02 2.814394096405305579e+00 1.121937427905181084e-01 -8.570863747392295506e-01 9.126633359938092216e-01 5.877128145923630198e-01 4.088111955633999539e-02 1.038241998310715619e+00 -1.112728728445304127e-01 -3.562772660718522832e-01 -9.302843865940524370e-02 -4.222228890001795687e-01 -2.386781763056089467e-02 4.023369842237188854e-01
-1.055304450396086446e+00 8.365250206689657242e-01 -5.164797197727789557e-01 4.644765525268283568e+00 -1.009956644532279180e+00 -6.754463136011201740e-01 1.504273946472739487e-01 -2.862865580663597753e-01 3.667904998671376454e-02 6.544780584459910511e-01 1.601784170232092297e-01 -8.535318964165931194e-04 1.682257604906774728e-01 -1.153547398025401016e-01 6.232607661256741594e-01 9.269177582033702456e-02
-2.658295382448810362e-01 2.177645396084847695e-01 -2.437075316368068068e-01 3.993565949836202389e+00 -2.447747708454545701e-01 -4.047676514641471712e-01 -2.539886062017265855e-02 -1.919118519886109653e-01 4.872857519128825365e-01 -3.156027261713136300e-01 5.179230807826386285e-02 4.186359142359099561e-01 2.619817238096849299e-01 4.471688820184347435e-01 -3.375402123976366520e-01 -1.411121157212923971e-01
-3.475523862340801351e-01 7.430713231187338619e-03 -3.716440760504461371e-01 4.346517776926874355e+00 3.598290224892896072e-01 -3.292615951941917363e-01 -9.495761431337523817e-02 -2.749242632760701133e-02 5.476800764198117011e-02 -6.212553974220964559e-01 7.488605584644772439e-02 1.523141293834449073e-01 -4.432759514241400023e-01 6.757769027771646231e-01 -2.441920012610616364e-01 5.156586503401533461e-01
3.853623113608533046e-01 -8.301982823803436551e-01 -7.502458980446847780e-01 4.021087214472412796e+00 -3.735628846284893001e-01 -1.809883851788041120e-02 2.272027891427973734e-01 -5.786519850252256347e-01 4.265676553258069825e-01 3.219268794294189995e-01 7.688334181632594522e-02 1.144985202365023103e-01 1.136171241824451172e+00 3.758388891024497802e-01 -7.370799577566184979e-01 -9.015118594823011422e-02
-5.986881973196586104e-01 3.280606978488265213e-01 -7.090806166042500358e-01 3.797477291526042631e+00 -9.871828838712753962e-02 -4.989893354570854589e-01 1.440327062201077757e-01 -4.461315395217154700e-01 7.952933725003096255e-01 4.282228475190180683e-01 7.038921687002885896e-02 5.006936337070974075e-01 5.096742937646652205e-01 -9.177459657242073021e-01 4.359215104053321688e-01 -3.286181693783690738e-02
4.061618471921040197e-01 2.033978517802463304e-01 -8.826030614212716507e-01 3.827881518868593513e+00 3.759234760012292731e-01 -7.273431063827889842e-01 -2.925494431282169017e-02 1.025235802526682782e-01 1.360228512270388324e-01 -2.154164079366852891e-01 1.668101148505362064e-01 -5.221387752045428821e-01 -5.086618919768894909e-01 3.471670083779327953e-01 6.780650307679904065e-01 3.490147183262052311e-01
-1.127148398186761935e-01 -1.296432847393631516e-01 -2.111053881832264112e-01 2.927251085511791473e+00 3.840261856834191745e-01 2.008945970664952618e-01 -5.312140680789248504e-02 6.189522337174936384e-01 -9.879800007839331655e-02 7.297342705673314223e-01 -8.661638483607292383e-02 -8.294922274668118378e-01 1.085552192703476138e-02 3.041508956786873608e-01 1.060621306768897987e-01 -5.288557848915964588e-02
1.299714651856564984e-01 1.138299283546847507e-01 -5.371688510513599191e-01 3.606003055962777815e+00 7.336532475890972238e-01 -7.808626881065434677e-01 -2.832677185542306630e-01 1.318322041958439605e-01 -9.462798686245857960e-01 5.306676556236293862e-01 4.813253605413387315e-01 2.951621703993910217e-01 -4.379684680979031852e-01 -1.075112147747803171e-02 2.329705590198132281e-01 4.484328794494137904e-01
8.999891250714445179e-03 -7.764984085969024730e-02 -9.769970425871951636e-03 3.824394218227511022e+00 -4.041793232045126083e-01 3.777275778731518097e-01 -8.000895466926616351e-03 -3.337145153705078360e-01 2.889056265428901482e-01 -3.530031474408718006e-01 -2.148025814931681099e-02 -5.126761824176979260e-02 -3.394531548729838311e-01 1.214513618563513031e-01 4.354200131993741785e-01 2.491698454920048544e-01
2.043704949384319569e-01 -1.084271081930763048e+00 -3.949554341230842591e-01 3.947086261995511158e+00 5.215973920268851538e-01 7.243041934314949915e-01 -4.450528171652586296e-01 -1.652056570578253336e-01 -1.671475399783826365e-01 -3.176806432634811106e-01 3.602274998729328992e-01 -1.638657271093338919e-01 6.177113279546825320e-01 -8.014293467489903566e-01 1.048102647108495045e-01 7.670506228558765516e-01
-1.810091403025687606e-01 9.838728031742094426e-02 -1.026459187022847219e+00 2.849008095790648731e+00 -2.360690715447813837e+00 3.711868829146990345e-01 -2.748650659030721366e-01 2.720443035432490442e-01 -3.270309403607031262e-01 6.876060942369338624e-01 -7.455320596196749472e-01 1.151410015030849499e+00 1.905339198585549010e+00 2.086388965926498695e+00 1.014924807570314336e+00 -1.813158724849935899e+00
-1.226511584641182484e+00 4.058510488252964343e-01 -1.664378478233683234e+00 4.894794460236242983e+00 -8.781864680727404782e-01 7.340095065536454688e-02 -2.708318312991508936e-03 -1.144898155990532462e-01 7.411033681854046762e-01 7.362700900964790351e-01 2.720945923378814690e-01 -1.379831369033565736e+00 -4.894585012870489305e-02 6.564433527682884684e-01 -3.537121671351652896e-01 1.596355998461674863e+00
4.780358606216106310e-02 -2.876521080231010385e-01 -2.101621839092892574e-01 4.112125196908753111e+00 1.226261344246027674e-01 9.358173070587016973e-02 2.765752015656696705e-01 -4.834027741042345450e-01 -2.179273130714262374e-01 2.223280715297372701e-01 1.514827000194396422e-02 2.588516530206863564e-02 1.077828830735752530e-01 -2.945724078032435633e-01 1.290612702677357837e-01 4.834908747872165846e-02
-2.803874307896201956e-01 1.229523869617936416e-01 2.693542232554317351e-01 3.297005337391598623e+00 4.182277703143139069e-01 -1.836312361649106717e-01 3.122100950180289325e-01 -3.476140089110887343e-01 -7.224227376173235626e-01 -1.423917676049384073e-01 2.565842302605278458e-02 4.617102360003700334e-01 -2.633310769806205265e-01 4.656496838084991374e-01 -9.009538570551167691e-02 3.646552984074705739e-01
-1.494604293671827344e-01 -8.125869750945469150e-02 -5.634427215797389588e-01 4.239745254179608125e+00 2.144960752206406807e-02 -1.289293219902536702e-01 3.437432564332155160e-01 1.134595318197682001e-01 -4.467593493088703460e-02 1.348965777506979519e-02 -1.710540893277950059e-01 9.651041922313180477e-02 -4.711809682821015977e-01 4.881987239693452718e-01 1.433258792750649602e-01 -1.423703568003086006e-01
-1.160241919612187145e-01 -6.395563674768094120e-02 -4.371798004122163239e-01 3.905934000979928378e+00 2.719395810278947834e-01 -9.371193369359956393e-02 8.933643925349776804e-02 1.527373555543196787e-03 3.697491637127422320e-02 -8.227260296937788375e-02 1.212906548052996580e-01 -4.043527406336168417e-02 1.725064577353034034e-01 -2.454573053465382571e-01 2.431298252222791334e-01 -5.605269334748130827e-02
3.445521625344035166e-01 -3.708334529649177647e-01 -1.630864217944630046e-01 2.488957447360833797e+00 6.556939116912842147e-01 6.616893761268203278e-01 -7.902751117094065636e-01 9.853970553551040235e-01 -1.481331266553241877e+00 -3.390401483874621036e-01 -2.345838431941937030e-01 1.942547564786900605e-01 -2.074342207524705328e-01 2.519885554833809632e-02 7.108145766840565649e-01 1.227576133986171492e+00
-3.018572497047075087e-01 3.940649768558858734e-01 -3.527510549375370008e-01 4.055787483005671490e+00 2.821784717328398306e-01 -6.868461273793803334e-01 -5.507272438834444062e-01 1.796762082349486755e-01 5.707548795093272953e-02 4.055271430781214881e-01 -1.730873305286459996e-01 2.429002779964685721e-01 6.546153225139531018e-02 -1.884661651096941615e-02 9.922209051190473972e-02 9.771761736063200310e-03
-2.044807268593188954e-01 8.453656250287980289e-02 -1.724292063524434648e-01 3.637245059727164609e+00 4.449568053508644039e-01 -4.316254779608197367e-01 3.471926001646252202e-01 -3.356017233451723258e-02 2.589552262914636693e-01 -1.023301576297259569e-01 -1.649821409946571615e-01 1.328410373387814980e-01 -6.389162842574982459e-01 3.564300482718427143e-01 -2.413488533588923901e-01 4.350654905097964820e-01
5.056127849469492785e-01 -9.906896453512064049e-01 -4.541743009313793378e-01 4.071619528106485753e+00 3.118397791374422079e-02 -1.891643533306832659e-01 -2.536498060088142603e-01 1.492098754108244774e-01 -2.668727667029784367e-01 -4.550625778563831547e-01 4.973423933068188418e-02 7.046004664878107171e-01 -7.130670417181654841e-01 6.037854573820268245e-01 8.947484890578613070e-01 1.973548367277261351e-02
1.952177359830610914e+00 -6.159796658997311880e-01 1.827859372626772227e-01 1.171235476364078654e+00 -6.958724071938222622e-01 -8.791997824987922705e-01 -4.503734265518857249e-01 -1.212256751644595454e+00 2.600408025029489201e-01 6.710214575789823499e-01 7.601669123252662308e-01 -4.102444725474553300e-01 1.396220606362757355e+00 1.922315087915849263e+00 -2.512673450812966669e-01 -9.321997831604579565e-02
-2.190278626277922802e-01 2.491752340092981410e-03 -2.369826699356586963e-01 4.019668684061672437e+00 -3.283171670389464225e-01 -1.032571925770397470e-01 -6.964039805479189937e-02 -1.344818338036835037e-01 2.895162606480857215e-01 2.986115065846206007e-01 2.338356251949158526e-02 1.941252641485406438e-01 2.164791954447555511e-01 7.634800839753173862e-02 -3.035464639414104382e-01 -1.782083575592079139e-02
1.067926313823884255e-01 -4.927638813971985665e-01 -9.837970095582408980e-01 4.334843702173714064e+00 -1.430350632108252362e-01 9.665423611266354964e-02 1.818056853928361194e-01 4.895821833207475438e-01 4.192427932553609571e-01 -4.244733331030526302e-01 -1.048843363203433077e+00 -1.040160641698055083e-01 3.562765713128138167e-01 5.085271666558750514e-01 -4.391299128099852844e-02 4.546665467267008154e-01
-3.793110238871837958e-01 4.669669909690595810e-01 -7.710313785282604249e-01 4.530067720651311802e+00 -1.138851832147905085e+00 7.209872421124291497e-01 -7.970710141148720229e-01 -3.038410717339927736e-01 -7.365248628276238607e-02 -8.076530919796165442e-01 -1.086363886417724967e-01 2.944074147409185827e-01 4.074934467407883010e-01 -2.809083061789800773e-02 5.800035712716100633e-01 1.115762541857692414e+00
-5.048829063439274067e-01 4.727923285808199871e-01 -6.974882256518216694e-01 3.546974552430244287e+00 -2.955271204686417130e-01 4.008537410035675763e-01 -3.815112033947970493e-02 7.001750350484652330e-01 2.564405831401831981e-01 -6.731536910863169382e-03 4.204332755068094785e-01 -8.561070242913458861e-01 -4.001719836866968194e-01 4.413872447249364006e-01 1.764399719351470996e-01 9.111299573214826086e-02
6.356982065933973747e-01 -9.007854745275646335e-01 1.076345013125712402e-02 3.246373301176522119e+00 2.075092902877420098e-01 -1.389765019909998456e+00 9.256430178404110309e-01 -6.198531471050545694e-01 1.511071780413325849e-01 -2.718558371336505797e-01 -3.302884004199485579e-01 8.564694224938259604e-01 3.377020130126798803e-01 1.137921333134927160e+00 5.011470649597519200e-01 -7.902365881660841085e-01
4.829720414960035624e-02 1.522955386345871409e-01 -3.230815601160416106e-01 3.641961805032793098e+00 2.801181808466537970e-01 -4.955707105883667696e-01 -9.357941372707430372e-02 1.500546022201967589e-01 -8.546203620287351477e-03 1.178513810997769695e-01 1.300088469533254021e-01 -1.307256022758484515e-01 3.635301694822227203e-01 8.105005391845661322e-02 7.507023079173741342e-02 -2.811847123921840108e-01
-1.165489040943880727e+00 -5.364792198990094851e-01 9.256699065393433901e-03 4.533279496540385090e+00 -9.567420399498970385e-01 1.625209558794304399e-01 -4.927136937477701317e-01 5.457143212212383077e-01 -7.388600905293052357e-02 7.895684778558191841e-01 9.499590829084982868e-01 6.422033374218982793e-03 -2.612497934004276434e-02 -1.011682819920617926e-01 1.144991704772306829e-01 -5.106716198707531018e-02
-3.569457735662351361e-01 -3.601912571269537677e-01 -1.061287355736408450e-01 4.326039337588047928e+00 1.075027240120914884e-01 -4.222154561836244380e-02 -9.134225555318092882e-02 1.120349222830262503e-01 3.092742976181990233e-01 -4.388323852965030913e-01 3.208747635443315316e-02 -1.431457400744393094e-02 2.297621668443060594e-01 -4.818722467057295900e-01 3.639066569514141092e-01 1.187910022060770787e-01
1.302225042699232394e-01 3.469419953456338579e-01 -5.894865783101549406e-01 3.914864757330833278e+00 -3.220397733740515411e-01 1.560962958977436532e-01 8.183475561694819600e-02 -2.470075993021648153e-01 -4.325988345464402696e-01 2.015029590750311850e-01 2.377480185342027430e-01 -2.711860733735488860e-01 2.070889421390302854e-01 1.927329070009771717e-01 6.732779724770660001e-02 3.350773685787822309e-02
2.385751943330556291e-01 -2.119403633801054676e-01 -6.599188232243273777e-01 3.657668853261656139e+00 4.410119275691968821e-01 -9.995619257057424267e-01 -4.815121268238203855e-01 6.859027118982600202e-01 9.248733838423170428e-02 -1.412148093644213787e-02 1.055351876803027611e-01 2.458482809925036372e-01 5.108841259421992298e-01 -1.131853381078079535e-01 2.828387215080330752e-01 -7.296247298164584838e-02
1.618807537401633148e-02 -1.338667913998534686e-01 -7.915587624319153637e-01 4.022867620554888113e+00 2.809705127084936027e-01 -3.301848391041668773e-02 2.535234728557556605e-01 -1.757531735033503739e-01 -3.814919033410908988e-01 1.360403956960097027e-01 1.485283458263247577e-02 -2.089578453261368707e-01 6.407245226036485386e-01 1.069637394203763747e-01 2.155461129059870751e-01 -2.554805163794973133e-01
-1.546943388923769369e-01 2.579904125895191580e-01 -6.108993002922278315e-01 4.127339665328546126e+00 7.184163946770663611e-02 -3.238840367804810549e-01 -4.684351769869806170e-01 -5.796805033561208687e-02 -7.505513672010474813e-02 -5.126928036257866195e-01 6.875956260196012249e-01 2.551331080081834513e-01 4.540986010009102070e-01 2.053863113718375766e-01 -3.880118714498422272e-01 2.398051617066523644e-01
-1.318617326485134855e+00 3.697575231334569446e-01 3.535541485161253217e-02 4.144022985580615881e+00 -1.579195703073305590e-01 -1.499595500704829165e+00 1.139030406884015800e+00 -6.509593379100087063e-01 -5.564939228872254340e-01 8.440552449889444642e-01 1.952564470889380788e-01 -9.694345752801572860e-03 -2.016158561959784656e-01 6.194478212762473124e-01 1.081478203854880693e+00 -3.259583770058562813e-01
5.809054885744097119e-02 -7.102925950660921028e-01 -1.750793399476198442e-01 3.575314679536654161e+00 1.924452222013794955e-01 -4.079793557028436879e-02 7.039230526575337432e-01 9.793457842460175089e-02 -7.397451952018456733e-01 -7.594692504460812121e-02 3.796575687198364135e-01 2.715343947751951426e-01 4.608038360138460021e-01 1.776568061054810410e-01 1.500656350124854321e-01 -6.180145210644585330e-01
-7.104494921221718995e-01 -3.160766116438692985e-02 -4.799314747953394300e-01 4.822682017087410955e+00 -6.283185334807539490e-02 -4.027358827869403912e-01 -1.338855737590322337e-01 -2.171430373893844523e-01 -6.235958184223955314e-01 -5.683111737809360964e-01 5.390109789293565656e-01 4.389774165049433186e-01 2.797745173828155574e-01 -4.935553605191040916e-01 2.292662159238740838e-01 1.121885992668913090e+00
-1.092026390409950976e+00 -7.753136875957664098e-02 2.412596302344936827e+00 2.817324687678396167e+00 -3.755024831943865049e-02 -1.388827826059501946e+00 -1.775720137572992297e+00 -1.187853995569853272e+00 -1.069913088149476499e+00 -9.324470921295932024e-01 7.141852674391477862e-01 1.628728882073103623e+00 1.149194758256961713e+00 1.271256061424309358e+00 1.076746880661966443e+00 1.993871175011087404e-01
5.596175610382950749e-01 -5.691982658191994116e-01 -2.452210515711230610e-01 3.975970100220303394e+00 -1.784628243253371993e+00 1.019755676246275389e+00 -8.365822431968279460e-01 -4.898863590019930103e-01 -1.417283577357637103e+00 9.022257786881665576e-02 9.862291601175121603e-01 2.863187692559375774e-01 5.001364189273712624e-01 6.339242144749259733e-01 5.145810164662653063e-01 4.835940559939961858e-01
-4.967325528989883221e-01 -7.245831419551848063e-01 -3.101549762813692324e-01 4.301402882980690734e+00 -8.460993597917150222e-01 3.813707703645496383e-01 6.844336295314601415e-01 4.117318668757563582e-02 1.694385674088316196e-01 1.511650201436612884e-01 5.131672798744915109e-01 -2.063033972610863742e-01 4.746157020299179852e-03 -3.180910844929100145e-01 4.952512115729922337e-01 -1.326343824937534221e-01
-4.382113313342469452e-01 7.369720095068309218e-02 -3.783740331978037719e-01 3.844700868467399779e+00 7.815142128620204964e-01 -1.351792741340381854e-01 5.953261967815164091e-02 -3.395486918859974557e-01 1.445781190776743164e-01 6.750676067918701118e-02 -4.650693502344184216e-01 -1.257072075623501262e-02 -4.314680707005630333e-01 7.863918021521718593e-01 -1.034047819827476622e-01 2.534544807683063450e-01
-1.617315426807805212e-01 -1.381436184739479600e-01 -4.497419234812787825e-01 4.082195650977411105e+00 -1.347811972630352240e-01 5.222318951041597934e-01 1.971453775287150822e-01 6.483428563788103116e-02 -2.609880102670869562e-01 -1.459351560716311974e-02 -1.380317892469969110e-02 -3.078147456368017232e-01 -6.095574365261643979e-02 2.321969757454177552e-01 5.525831613651140117e-02 9.624078526686102864e-02
-4.054794007176443227e-01 2.207624167237547397e-01 -5.914395516180740442e-01 4.067011365886314067e+00 -1.278081984413159400e-01 1.156687514672365136e-01 2.850648729820177696e-01 -2.318089456002785792e-02 2.965424521823766812e-01 -1.901947704442950304e-01 -2.381796493372101142e-01 -5.341869123791542773e-01 2.508469923273312085e-01 -1.584641966356980514e-01 4.592075398611932258e-01 2.813789931127408384e-01
1.658353361857560493e-02 -6.835224708590575959e-01 -2.360889481491482145e-01 3.662822430259722317e+00 1.116994010950411953e+00 -6.749018091798208996e-01 -9.699386286686924041e-01 -8.768429966534815323e-01 6.486967254637342473e-01 -1.959241158156218299e-01 8.142910674458865294e-01 9.186309890021607805e-01 3.855325367706130546e-02 -6.574271675083812605e-01 1.019784285786028283e-01 6.836455082475930700e-01
2.024766661244801202e-01 1.869295638218323730e-01 -5.418940708673540829e-01 4.208307603747864611e+00 -3.673685055163394830e-01 -3.821366667080998702e-01 -3.521835179331932464e-01 -7.379868702520683832e-02 3.106942864054590414e-01 -7.931042917338809728e-02 -1.171767929640350203e-01 2.183923113893053158e-01 2.628310991628615145e-01 -6.315231700335156850e-02 3.348047619579836570e-02 2.614587907529118405e-01
-7.375678146006101610e-01 3.418717779333514950e-01 2.607553437918917749e-02 3.048182307856913020e+00 1.251619082319788134e-01 -4.897019935636452992e-01 4.973325169796169454e-01 9.171038636103256980e-01 -4.356480134041783581e-01 4.200715316042084591e-01 -5.213936558950833522e-01 6.161186805412071088e-01 7.593197034163138293e-01 -3.779224213935912235e-01 6.496604967927693819e-02 -5.464201649657253190e-01
-5.883301559047562357e-01 -6.055610392783994378e-02 -4.416464412061660294e-01 3.305354544695639607e+00 9.727788992990449302e-01 4.071738884392769875e-01 -3.349199830657401122e-01 4.103300444575235240e-01 5.400686298719114403e-02 -5.327823834946906340e-02 1.891866921508663368e-01 -1.621963779841807951e-01 1.447542072460110685e-01 -4.754017914226293939e-01 -3.106162229001268038e-01 6.509099858949007888e-01
3.606344973232839535e-01 -4.290746578195117067e-01 -3.776376259391256429e-01 3.867926411413445731e+00 -2.653696552077540738e-01 2.960520915871270864e-01 -4.801949332195568632e-01 3.915541712205916070e-01 5.392064690529181359e-01 -2.722917065202788978e-01 -3.188793438657975265e-01 -4.411326207982786407e-01 -1.863109272144122808e-01 7.367001966393994516e-01 3.387431481017795787e-01 -5.237570434428651112e-02
1.049053801652092055e+00 -3.202318342617623825e-01 -4.618677151680677939e-01 3.336696389067515423e+00 -5.510297026176627089e-01 -4.427127526040638972e-01 -1.567115329400035617e-01 -5.381072084586591142e-01 2.078855505048592400e-01 5.362229525153572318e-01 1.518534151989234804e-01 5.089733032825558556e-01 8.075231192912086797e-01 -1.339547853389715382e-01 -2.935784367117812987e-01 7.535246998005673547e-03
-1.747791190751735169e-01 -6.704642987743397731e-02 3.618661469585128243e-01 3.444914754240541832e+00 -8.408015510689964556e-01 8.509463963672379005e-01 -4.892985633336199847e-01 -1.011266629584763876e-01 -2.183259601540839534e-01 -4.651093079109224759e-01 4.446691522172038225e-01 -7.088898058973021055e-01 9.109921975451865661e-01 -5.563703229350648316e-01 6.472176796981407021e-01 6.686912065937959948e-01
5.411072807534041962e-01 -7.528337270799313474e-01 -6.728108342849313805e-01 4.059617305947765153e+00 3.448008479467687959e-01 4.837338054762845285e-01 -2.904140817934801055e-01 -4.133510141427630957e-01 1.724305790237709579e-02 -2.034317491557447455e-01 -9.818570316176014057e-01 7.248822168895330265e-01 -3.982385107322115592e-01 6.648571550909967987e-02 5.862553675435370204e-01 5.963611612474392087e-01
-2.302859088803947962e-01 -7.876164539958597777e-01 -8.930827100497561455e-01 3.856290127268979351e+00 3.388026986716510258e-01 -2.537934697633394132e-02 9.238802881606716921e-01 5.393774312331550691e-02 5.854086340541087008e-01 2.719662419365869721e-01 1.038250425412060030e-01 -5.445903314967931452e-01 -3.851145954213080480e-01 1.654753492110511148e-01 7.299374209803229929e-01 -4.559043887178998999e-01
8.353785777526848144e-02 -9.360496178837379722e-01 4.263264284880980415e-01 3.341209801929126755e+00 -1.182922630735379899e-01 9.564987706643798826e-02 3.583299838435269336e-01 1.842553451284932933e-02 1.820553918889770972e-01 2.048460035288477421e-01 1.720219535011671963e-01 -1.086761701460404878e-01 -4.649337302695373264e-01 4.168420779568114964e-01 -2.265094140182643823e-01 2.627660953095521945e-01
1.127896665321749259e-01 -6.441412928115017866e-01 -7.356062564268394111e-01 3.625583637356641464e+00 3.099121822384225400e-01 -3.625055376305263422e-01 8.239357606635522302e-01 -9.978019219116383010e-01 8.171810592645961657e-02 9.843309016484523832e-01 -4.440786928082481322e-01 3.279992460938397913e-01 7.740143030309086791e-01 -2.495213243204568720e-01 1.264837874613466973e-01 -2.556275463304180651e-02
-1.614316005573194213e-01 -1.850371058069433250e-01 -6.010236409005577096e-01 3.832665736975963799e+00 7.172997944534381665e-01 3.450191132024622021e-01 -2.612169250866911985e-01 -2.016918972569018420e-01 -8.466759616026708901e-01 -1.757940003125587070e-01 4.435777007476537914e-01 2.426632005095087918e-01 -3.049430019326593300e-01 9.585489785800210827e-02 4.984069025242325868e-01 2.698765975945864315e-01
-3.077336582520932562e-01 5.743374046973211133e-02 4.312998531943503799e-01 3.900298323346459650e+00 -4.549126270511778536e-01 -1.542009625006746099e-01 -2.234929988934662992e-01 -9.938911313209654319e-02 1.380510750963379885e-01 -6.150779813200413226e-02 1.593954601417202910e-01 4.479190312904878790e-01 8.396418739395816733e-02 9.999039392232404733e-02 -5.263206959337624058e-02 -2.569330268909357784e-01
-1.807668860259398214e-01 7.932290862100082052e-01 -3.714631246020839161e-01 2.492559516444375678e+00 3.310885229299476706e-01 3.149301177932579687e-01 5.315035528864834324e-01 4.996341592655045294e-01 -4.131121838400835244e-01 -6.689052226882895580e-01 -9.330771868616640763e-01 2.006822279069180870e-01 -3.081620963341381580e-01 7.142414278402966499e-01 -4.260264211151726377e-02 7.477705415964702729e-01
-2.932145073368520038e-01 5.136708580320092921e-01 -6.446753728017671214e-01 3.730290131621571525e+00 -4.056203709412098402e-02 2.945594494357196003e-01 -3.795090157638924544e-01 -4.501404100859901503e-01 -3.615352037016150155e-01 -4.125141765788886694e-01 1.298880776507049251e-01 8.202828880764604369e-01 1.722781972439789699e-01 4.734914893348394216e-01 5.714558078761881044e-01 -4.162163654987991457e-01
-2.855156176137281232e-01 1.675895810047469126e-01 3.039288581224892649e-01 3.674459901753722058e+00 -2.157415699708322976e-01 9.916841619338412350e-02 -3.974527502477390728e-01 -3.808413232364506462e-01 -7.452817107597009549e-02 1.762598041547328576e-01 1.515164542008144710e-01 3.112231101426312652e-01 2.017751594927806869e-01 -9.686785033985353954e-02 2.382082695587492971e-01 -1.656324617299286261e-01
-3.573559343064460214e-01 4.524741328838338683e-01 5.962340214150374518e-02 3.730692194232273273e+00 -2.272377822378315315e-01 7.687026901740084961e-03 -8.572324269437262556e-01 -1.981332595116952477e-02 5.138950410721968565e-01 3.367041959806750528e-02 1.815660229005554016e-01 1.434244359623784715e-01 -2.011102577476043818e-01 2.162796944150327805e-01 3.709445623762639976e-01 -3.399573948875239116e-01
9.286878119413609634e-01 2.426815019745365287e-01 -1.349794193247791485e+00 4.012750241681774632e+00 -3.151959173010263626e-01 -6.872696721039689427e-01 -4.739001420694914923e-01 -3.080422858886450732e-01 6.348570814356382375e-01 -4.745354636580038088e-01 -1.142585194848079189e-01 3.192005403197478719e-01 2.982992732639785927e-01 -9.478266092586035141e-03 4.592919540504221687e-01 5.442558655884065510e-01
-2.192909394110103549e-01 2.367911632454502979e-01 -3.126674910739596358e-01 3.921014051807830469e+00 4.325863672319757436e-02 -3.292669868812533873e-01 -1.748341992863302052e-01 -7.544899618571448974e-01 5.914453851443347565e-01 5.074890682010654158e-02 9.179670911290485624e-02 -1.213063469284518248e-01 6.150428078283169953e-01 -1.781750651411173891e-01 2.322315509905580611e-01 1.525158931611385674e-02
-5.788798047195563568e-01 -3.003703568997574402e-01 -7.724116911358464010e-02 4.260906726019971558e+00 -1.060925037139814064e-01 6.501158582850599665e-02 3.882423604271263429e-01 -1.270042324546969137e-01 -9.048678454606706723e-02 3.461781550660559259e-01 6.547363654039517478e-02 1.617009547101093681e-01 -7.660979786816135562e-02 -5.292597977929662800e-01 4.543657686289533926e-01 -1.483849297027990399e-01
3.226741610415289618e-01 -1.483920184139029264e-01 5.290563451219976177e-01 3.393623852614594316e+00 -2.732234526204152525e-01 -2.523248527108112871e-01 -1.299700959082338514e+00 -3.060263554394686003e-01 4.934662902892894554e-01 -2.747644503964570273e-01 -5.042288893852726606e-01 -3.433456986428853885e-01 8.784241700998400848e-01 1.234144656114302352e+00 5.109711745571531294e-01 -2.528041627376083067e-01
