-4.751618315596689568e-02 1.765349826606767425e-01 9.368867389212457431e-01 -1.704494863738412747e-01 1.326064627824691255e-01 -1.664338441960599990e-02 -4.671380997998557660e-01 5.357690000688686283e-02 -3.228910162827585140e-01 4.580744989739139739e-02 1.576738692888834947e-02 -3.673139866269062304e-01 -2.613987054965187240e-01 3.666032575369209123e-01 5.129985285009093232e-01 1.525822774786596003e-01
-6.077718510327000459e-03 1.389531003455547753e-01 8.705493109283589659e-01 -4.372727110605110212e-01 -3.308541307872971404e-01 3.324724150533999723e-01 2.576426615490151617e-01 1.469899451354566289e-01 -7.719059213203894876e-01 -1.101314618025136388e-02 -8.133560513810841885e-02 -3.427637590260719236e-01 4.038956731441731840e-01 4.257625093288175400e-01 1.406685257706636882e-01 4.301973326110732770e-03
-2.750937169643812297e-01 -1.854186181606183870e-01 -3.558513987400333534e-01 3.379904380083698090e-02 4.752834132087920826e-01 5.469068215374461861e-01 -6.184030629849615046e-01 -9.518970508847824918e-01 4.219446187780170332e-01 3.229131653513324096e-01 4.798928250557232822e-02 -3.670334202133776480e-01 2.153453304141036417e-01 1.077448071987951561e+00 4.082923866255522283e-01 -5.621174370285569877e-02
-6.434133905761705297e-01 -4.182394116152285402e-01 1.853225664295697683e+00 -7.785648017881046101e-01 -2.267359308901095716e-03 -3.805903589030255885e-02 1.770403573017644561e-01 -1.326417405323632392e+00 -4.680852738569795668e-01 -9.890389078298755798e-02 -2.355989720728615400e-01 2.543190723484581306e-01 1.968382379438690322e+00 -7.847011531759886527e-01 5.487375570145071046e-01 7.325587865506332230e-01
-1.085652491729023783e+00 -8.979493487662650875e-01 9.179358972237851022e-01 5.653585669078919906e-01 2.013921744432162764e-01 -2.384346075011337940e-01 -3.388431386422725011e-01 8.291182345863261638e-01 -5.836728844331949828e-01 9.256563188462963998e-01 -2.532710868470219520e-02 1.242844442878107136e+00 -7.803612786556582970e-01 1.040780243807886418e-01 -4.625203979562825252e-01 3.663907196607143479e-01
-4.139526258152020910e-01 -5.286318724088920340e-02 8.058095760314962774e-01 5.873042511093473639e-01 -2.846077663505681629e-04 -1.175270500036207366e-01 -7.707765912927572183e-01 4.802672027101044794e-01 -1.858264664485720086e-01 -5.437311802810014250e-01 -4.836481535354006378e-02 6.440438541735918343e-02 -2.908745390273062004e-01 6.196174045727590451e-01 5.666479518055816955e-01 4.016341414118526632e-02
-2.655949954606451335e-01 6.597873680143359065e-01 5.829521328811592129e-01 -8.959591112809370816e-01 -1.875087154310493831e-01 -9.673622629646960736e-01 4.705203313641698193e-01 -4.127817940110981021e-02 6.902564083241635728e-02 6.074878419681827291e-01 3.524813313282320060e-01 -8.214134966959315554e-01 -3.501177269614401677e-01 1.265481048958398302e+00 7.531485258866552623e-01 -4.916366104791465297e-01
5.928720724203064840e-01 -7.345412100454056237e-01 7.914599735609453290e-01 -8.546429800676625943e-01 5.765443294385393935e-01 -1.812507329189199656e-01 -3.923567294919963477e-02 -4.673549899781472838e-01 1.267964935284739969e-01 -3.889764087450628960e-01 -1.599812596675356247e-01 2.615887709173878029e-01 3.521591195559370391e-01 -1.211424786657064323e-01 8.236627885928363701e-01 1.620553075818073063e-01
4.914778144586363640e-01 -1.055526755681325035e+00 5.966327116117935425e-01 -1.469761357226458287e+00 -7.657486721920527817e-01 6.432640152149367019e-01 7.426026357379365006e-01 -5.655755595422773396e-01 1.122188269429320151e+00 -8.594026138531347669e-01 2.977647604353189092e-01 -8.242484789067028306e-01 1.922835974080578936e-01 9.873407887501330915e-01 1.265798232319791161e+00 -5.907626540537977422e-02
-5.017793463130874043e-01 5.624737823946874826e-01 1.514153713740760354e+00 -1.076841988829488894e+00 -1.374336170185917472e-01 -5.866671090805687383e-01 -1.681144989541168422e-01 -1.398788400529926701e-01 -9.135431098025017516e-01 1.622334890736717439e-01 4.139751840664179783e-02 1.381750529796576865e+00 3.210914054522773231e-01 1.120457544186301557e-01 -3.567065773752547964e-02 2.047960970642223044e-01
-1.298263967659893936e-01 -1.511787519394172108e-01 1.534463709446632684e+00 -8.602605965371064034e-01 -1.055793212731478636e+00 7.900328260309157358e-01 -3.039091946846984582e-01 -3.548629077086803418e-01 -3.386537444309660749e-01 2.197894263291793049e-01 4.180898021164071166e-01 2.259639438538215139e-01 -1.037795447470936328e+00 2.256236987061200072e-01 1.237660452809135947e+00 3.206695155356544258e-01
-1.378872969832046214e-01 2.102698616773979734e-01 7.084469366615597785e-01 -1.040162468627047754e-01 -1.784476570315807198e-01 2.434831314588495332e-01 6.181536534980503622e-02 -4.060533695457235193e-01 9.094320633804710285e-02 1.218644796895136523e-01 1.750253586393782645e-01 -1.288981727284503262e-03 -3.829503000963948578e-01 -6.285336440149008608e-02 2.636500214040671253e-01 1.380119779883589859e-01
5.646763765003904867e-01 -7.488513353774141068e-01 1.778250112187931276e-01 -6.837152852778822787e-01 9.466893548797007396e-01 -7.521063717546999650e-02 -5.832991490842597271e-01 -1.391257040582367654e-01 3.594657510020223268e-01 -2.324866028150117669e-01 1.200799175405383723e-01 8.106818267731263905e-01 -1.331551224404561029e-01 -1.991988826509795973e-01 8.431366712626550686e-03 5.472062368111063613e-01
-8.031835253608099467e-02 -3.059133516615799020e-01 7.071934291229802216e-01 2.883762667906880628e-01 6.283069857131173830e-05 -1.261769728651578049e-01 -1.213225903026903807e-01 3.407072249109528439e-01 -4.303529502823795205e-01 -3.034398197582222068e-05 -1.299917416126993575e-01 1.935819259330937570e-01 2.727738500384506160e-01 -3.583863645526517150e-01 3.848378175204639207e-02 4.513264811070261118e-01
6.264723836070912322e-01 -2.709626207304257073e-01 1.293877953161508998e+00 -9.481633502129095392e-01 2.601482202926874709e-02 -3.406688839271806435e-01 -2.107320874819304246e-01 -5.780549698440180517e-01 -5.624788580671336025e-01 -6.451399318965678198e-02 7.171981476420014046e-02 2.809390371417375687e-01 8.850258713349632433e-01 2.934814134110536044e-02 5.478437226235048918e-01 -4.565385999153188934e-02
1.558505239565246281e-01 -6.976322025483197020e-01 8.062472168152505780e-01 -2.577852973424862859e-02 3.850923977032066348e-01 -3.737172271031937165e-01 9.104324631986199234e-02 4.430100795029437988e-01 -5.879773364965396043e-01 2.283552258914248179e-01 -2.176290875741008213e-01 4.191555813459906243e-01 -3.967793831538630744e-01 2.906120587082592910e-01 4.525285049765110368e-01 -2.323679460511138828e-01
-4.895552865074225823e-01 3.630925107945192631e-01 5.911798587016574569e-01 3.216329272748341683e-01 -6.572127715194997499e-02 -9.083797531904802547e-03 -1.505500013063343356e+00 6.420240896391618546e-02 4.747042069167821676e-01 -1.017706675796651750e+00 9.536277537184790765e-01 2.560200554476664281e-01 3.338353703140107820e-01 3.057952670360887248e-01 -2.471869365220384085e-01 4.106767499639510377e-01
-1.061616296615917499e+00 -7.264893282699361743e-01 1.649277330508094552e+00 -6.384219076710015983e-01 9.013860059311676332e-02 -9.887602596544348144e-02 4.695230972433990790e-01 9.757280777728580268e-02 2.088146674001941094e-01 1.086788674649077580e+00 4.496518241162509311e-01 -6.070036279887784936e-01 1.205293509431703547e-01 7.468355504933638089e-02 -3.666116658625320213e-01 -7.947933347722493935e-03
-1.226360262586422556e-01 -7.454325828373943308e-01 8.278297357956238001e-01 -3.013981734931889811e-01 7.346615900088429019e-01 7.430754313442113901e-01 1.450445910549002515e-01 -6.025755403020662815e-01 -3.379256991036853064e-01 3.910874030611449781e-02 -1.337761964488416999e-01 -3.128248235767708829e-01 -3.315428138313381012e-02 3.201628198019714766e-01 3.692328500515769107e-01 1.506206875990757088e-01
-8.334857018041968990e-02 -1.568082635822806714e-01 4.160832973731450890e-01 1.376543272092065062e-01 8.706104970230249540e-03 -1.046038941765066177e-01 -9.338280381342267678e-03 2.369684115565566795e-01 4.316732231718001245e-01 -2.969459997519124372e-01 -5.178918215286931748e-03 -5.752465943701939866e-02 1.289046374235676140e-01 9.531731471673091094e-02 -5.696531622118672367e-02 5.541970808331109222e-02
3.775017656105192354e-02 1.676844465624165170e-02 6.010364602496622854e-01 -7.776113671336327693e-01 3.922388449839396829e-01 3.897116557357374611e-01 -3.609148791228046771e-01 7.719078459121058167e-01 -3.109511408148559197e-01 -2.704267107405895487e-01 -8.415458999476314039e-01 3.194084898074023848e-01 4.609118644166863565e-01 4.643808136491739957e-01 -5.324932858542587022e-01 3.798418102003654484e-01
-1.613518902638266805e-01 -3.546759272168458210e-01 1.558757430922223797e-01 -7.175686555946851897e-01 -1.184706782603348191e-01 2.904207305888782953e-01 1.389676194415743749e-01 1.104671297838418109e+00 -4.437734866861803296e-01 6.824670702555420965e-01 6.559354682525304625e-01 1.268400854956777679e-02 -3.248079791274186869e-03 -6.123197378939385649e-01 3.572729499414208920e-01 -2.468733096944745742e-01
-3.201429096600940660e-01 -3.802769951652517494e-02 -1.993321028811972928e-02 6.687663070391186571e-01 3.726733950864443562e-02 7.566279472499564118e-01 -3.112156337080654867e-01 -4.383635344794282185e-01 -2.448282749427236615e-01 -6.578103642022421482e-01 1.075469675786611956e-01 2.580296051879941155e-01 4.178465701319675762e-01 7.950440373126357874e-02 1.769543680634477756e-03 4.429760652475527305e-01
4.291944123964846480e-01 -2.148026788581662017e-01 -7.251285540274204910e-02 -4.248439817495558435e-01 1.268434385288191302e-01 5.383803273290530544e-01 2.918911993191220661e-02 4.881423117126104660e-01 -4.627085106581658724e-01 -9.667404292209469396e-03 -2.284548811128644941e-02 6.189002873659077419e-02 -6.691499799800916248e-01 1.754728597789254052e-01 8.672300081152908291e-01 -9.979848491887508000e-02
4.108438788436535316e-01 -2.117963838464917981e+00 3.953878945390085775e-01 -7.456383922123124841e-02 6.671319149911540958e-01 -7.759019204249808510e-01 1.134167344916801740e-01 9.751852550317111068e-02 -3.873916440047736609e-02 7.970083090763175893e-01 -6.432618089743554757e-01 1.227879784690051990e+00 1.323288646099284538e+00 -9.776597556036090708e-01 -9.816497953790644937e-01 1.317277556792908255e+00
-1.675787778040555842e-01 1.542089805717040685e-01 4.563985228205752476e-01 2.699919922143169115e-01 -5.062827597203035657e-01 1.559710553559299218e-01 -5.600135433887840075e-02 -1.784283838584477810e-01 2.276336681506779258e-01 -5.099073836071844612e-01 1.538752281337447125e-01 1.265461927612793191e-01 2.560123777566260528e-01 -2.897139463947747684e-01 8.510339795900890847e-01 -2.037462690727049885e-01
-1.374337084765205885e-01 1.145578717019814230e-01 8.742705580772399676e-01 -2.635667172188740914e-01 8.487105283532399291e-02 -1.094158100116024435e-02 1.560695488954617072e-01 1.018112013345606470e-01 -1.562539397336046576e-01 1.364118469517969778e-01 -2.525739669948681709e-01 -1.531219475812800601e-01 1.365497958042816151e-01 -5.522047706564953140e-02 2.331128824519136389e-01 -6.852929742200909724e-02
-5.690383911662714178e-01 -2.929112126620367906e-01 1.474732563040299871e+00 -7.603990311025277116e-02 -1.867538218571532238e-01 1.034889620676215094e-01 -3.188182022524441717e-01 1.619173542845395164e-03 6.441338867437654270e-03 5.036409766726139825e-01 -2.342886926001237213e-01 2.137118254415537322e-01 5.177593258529353815e-01 3.600716496372977082e-02 -3.105747234564965042e-01 -1.289632607856651125e-01
-1.580809118830474591e-01 -4.578097237541629561e-01 7.105126400950330101e-01 6.185452760751983803e-01 -5.475968855752477715e-01 -5.910271374285895885e-01 -5.054134222287575140e-01 4.674896664485871933e-01 5.789915473103797172e-01 7.409737384879329092e-01 -3.427007989235773822e-02 2.723445762303333684e-01 -1.198931775045796844e+00 2.734753133064209973e-01 -8.511243211267276176e-02 6.559227325253406127e-01
5.665997441800663115e-02 -7.174740675589222905e-01 7.817516607233558901e-01 4.065289268972415715e-01 -4.418380117191283984e-01 5.789205375480411808e-01 -1.779486612947649427e-01 -5.265707745007124352e-01 -2.710616525138832000e-01 4.504797676020133590e-01 2.039056965940717892e-02 -2.413199394216931915e-01 7.966557960463187538e-01 1.809807993359363321e-01 -3.946913109784199736e-01 2.385495083157982144e-01
-7.195895847480288099e-01 2.546379718966571004e-02 3.027874651050594945e-01 -3.138227488025406853e-01 -4.990411227556963703e-02 9.250061273183811661e-01 5.579248899790852922e-01 8.173355137377757984e-02 8.133183563420362527e-02 -4.690439765967353569e-01 -1.071695425766240328e-01 -9.924275583565476955e-02 8.078335998203205470e-01 5.536320058433172875e-01 -7.456041568054091462e-01 -9.132327206465402913e-02
-1.364652940108803669e-01 -4.329866503984139969e-01 7.518687184422210290e-01 4.022765399638231765e-01 -5.098923726613037166e-01 5.752410301960112493e-01 -1.443456488766979573e-01 9.325787051359782365e-02 -5.518982706961788054e-01 -1.352524588250177962e-01 3.222673835547220644e-01 6.323689092452251526e-01 9.788485302845095770e-03 2.669030660891981155e-01 -5.757693879395670011e-01 1.726512026590098225e-01
-2.481602139234749815e-01 3.405779734941031256e-01 1.993408766025118739e-01 1.285014854537369355e-01 -6.584213742957163440e-01 4.974175087656756977e-02 -3.047867878844138234e-01 2.290799395453271270e-01 1.622922094443476904e-01 2.260649583902225312e-01 4.250441803908522331e-02 1.228724675546264133e-01 -1.878114031518625104e-01 7.178861901962969583e-01 3.567892021908354305e-01 -4.364585699735989976e-01
-7.566464251018198972e-01 -1.580426070038788711e-01 7.731799006902545512e-01 3.646296604809611264e-01 2.744052666624277603e-01 -1.349735442209158420e-01 2.005657405120285508e-02 -3.045284081392820585e-01 2.165545411368641204e-01 6.864986132757329163e-01 -5.028572589120775538e-01 5.215542808139100872e-01 -3.072229261310428505e-01 1.589390950462756524e-01 3.649002429559582428e-01 -4.764338830459768359e-01
-7.175725047287424552e-01 1.877898918910769210e-01 6.738143243787901859e-01 8.850383768070588242e-02 -1.720139118303069259e-01 -8.357131749597277448e-01 7.144349898074781047e-01 5.505516554642432281e-01 -2.051052022610669878e-01 5.539637520416564875e-01 -2.734253926839044779e-02 -1.324200882337472074e-01 -4.756299418047109095e-01 9.427930060339512197e-02 4.120296852424155665e-01 3.044304853552544377e-02
7.303724713799417123e-02 -6.803163704023320602e-01 5.268322771829215823e-01 1.810715331719283394e-01 8.740569869235065292e-02 -3.395096214184776806e-01 2.699686124737615822e-01 5.225161079088372906e-01 -2.027811534309145181e-01 5.632173726518736601e-01 -3.290728744401960615e-01 -6.393680573116431454e-01 3.213294022771321368e-01 -6.062273711280165983e-02 1.903226096642583395e-02 4.272734242117336434e-01
-2.897220173226088824e-01 -2.596486785779210660e-01 7.761350113714409193e-01 -6.614790277197896140e-02 3.411910430965599539e-01 -4.206904992598951842e-02 2.519844062355759695e-02 8.730833418192696094e-02 3.840517095222913957e-01 7.224978371006313127e-02 2.023874217194356756e-02 -3.067455546964074076e-01 -1.742458414536913192e-01 -1.703433479424458219e-01 4.755343989533636906e-01 -1.329719483815100523e-01
7.681363041608998410e-01 -2.425240952031729180e-01 5.597944361229312271e-01 -3.923289937984558717e-01 -1.236099194498721410e+00 1.055566536421573970e-01 -3.943340973107350989e-01 5.557662517061807694e-01 4.464093496897403313e-02 -2.085959309971239795e-01 -5.566793659615335566e-01 3.517670763667690714e-01 2.757437731789175173e-02 -1.602772149869892693e-01 9.745178263316296441e-01 5.430981546978921326e-01
3.254702213861402349e-01 -4.217779004570292867e-01 3.830196086498832697e-02 -4.267991448309289559e-01 -2.761316230268986982e-02 6.784651928843752344e-01 1.182951760386345141e-01 -2.304857696906165154e-02 2.354446987954157688e-01 3.072631061627557614e-01 -1.672939529194185093e-01 -4.053721387716027191e-01 -1.579186036046723585e-01 8.331092527814313309e-01 -2.902305422069038077e-01 1.237175357071598480e-01
-2.582639566518039609e-01 -4.692064103291405663e-01 9.616661855472831144e-01 8.953721420984689372e-03 4.509191682492924569e-01 -1.275014514984348923e-02 4.546099027821409733e-02 2.942449835972507644e-01 1.590319800641812054e-01 -1.925149274891561069e-01 -1.994054998572309667e-01 -1.264491775283065333e-01 -2.504311318876921710e-01 -5.308890748086253497e-02 2.971292866746901296e-01 8.471696310073340008e-02
-5.808809255211049294e-01 -2.434805320458186539e-01 8.251547091828181912e-01 -9.627008050796281857e-02 8.244224372248174504e-01 -1.734370218116920714e-01 -5.855706508228564200e-01 3.041047564850848373e-01 1.771382604155188334e-01 -5.600508840521210008e-01 -4.232202028178932984e-01 4.689951323640231262e-01 -9.194698007213919499e-02 -5.760781361770661579e-01 6.663723254343758562e-01 8.047609152806106669e-01
-2.848723386743712283e-01 1.831473956468732123e-01 1.135345286197681380e+00 -3.823686153166959700e-01 4.885667834635511186e-02 -4.271303124692301112e-01 2.309363655898937773e-01 -6.141463271605538399e-01 -5.432348159135689247e-01 3.254445976545299324e-01 -2.509152327002348026e-02 4.342312374388073715e-01 8.185062345931897188e-01 -5.064904864530395123e-01 -2.516744355296079982e-01 5.985541818783539636e-01
-9.874563411575834615e-02 4.254012579110181269e-01 7.970989298521585775e-01 -4.222073147760720957e-01 1.585035066494572265e-01 -6.238519306872891690e-01 -3.914581214499378015e-01 -2.516978570242954794e-01 7.744841621873428394e-01 -6.074027141604182445e-01 -7.189231622919363129e-01 -8.829367957834655112e-02 7.764495050257426145e-01 -1.987751951382715765e-02 8.906917995249199471e-01 1.398418950058364640e-01
-3.517459024691069192e-01 -5.492466623993577102e-01 1.663005324035098154e+00 -5.491656048020809866e-01 2.491555769275983212e-01 -5.739567552190458777e-01 7.979029408301466786e-01 -4.347808394948400323e-01 -2.268999553605258457e-01 7.630302351871867672e-02 4.229579167651523197e-01 3.512601952253013304e-01 -3.714795659059675348e-01 -7.367184148983975112e-01 2.135568855871603777e-01 7.598649602187410590e-01
4.010165765322588893e-02 -5.954965388868903586e-01 1.202237899198727478e+00 4.408745426886793994e-02 -5.079622157803466154e-01 -8.238988265750096796e-02 2.334898877060319344e-01 7.054907980878357687e-01 -7.399045257246122942e-01 -2.715092222812936495e-01 3.147932281993032211e-02 -9.927190293346597194e-01 -7.117991404343518291e-02 7.883357415750504027e-02 1.024223009224548564e+00 6.412308481506598934e-01
5.897826778918462409e-01 4.303979299371518685e-01 8.124349146893912188e-01 -1.085360939103237277e+00 -9.462548274730978592e-01 -4.769439887813514689e-02 -1.039278831521762703e+00 -1.381928648159078676e+00 1.060918509178482960e+00 7.511226681450386966e-01 -1.138944478665512294e-01 3.362007949154084407e-01 4.079166368074146343e-01 1.654472413092300809e-01 1.610836908577461812e-01 6.391201518287467076e-01
4.123762951389752240e-01 -1.470618910974618831e+00 1.226277209232477849e+00 -1.973690646275268468e-01 -9.993007070189656726e-01 -8.431587435427438659e-02 -3.148776335125800796e-01 -4.023699914208674344e-01 6.732733215281417882e-01 5.555587031991442437e-01 -2.429098221846290317e-02 7.556413723295746232e-01 -1.313539888316694604e-01 1.070804175586804741e+00 3.218897966518216580e-01 -6.513105981493806373e-01
6.821820781684527768e-01 -2.422461598514700776e-01 3.475872449277894738e-02 -3.620647985707021732e-01 2.918644140221777761e-01 1.852292920637474138e-01 -3.857590333911189440e-01 5.878068672990072185e-02 2.594437700701429650e-01 -5.411697064105083221e-01 1.830009398145797661e-01 -2.913963186476161704e-01 -1.273229947819932983e-01 5.137635212811644259e-01 4.202471515413299663e-01 6.070155602772789316e-02
6.687295221866514927e-01 -6.240065133308244638e-01 3.375865748752099327e-01 -3.889031025540636843e-01 -8.224755527484388651e-01 -6.280893146973071106e-02 8.187442709073319280e-01 5.032440105309662903e-02 6.658126659693111571e-02 -4.905566725143875040e-01 3.356520194241552346e-01 4.760424040535888857e-01 5.557022537077099811e-01 -3.744199580951649287e-01 -1.712336723123274729e-01 3.650548127788573738e-01
7.068733303501550935e-02 4.085842681921296460e-02 1.469446470915493297e+00 -1.141413517639391362e+00 -1.869493570820124073e-01 9.789577732503637608e-02 -4.212000609119705419e-01 7.828238408701376772e-02 -3.049229046105966789e-03 -4.227337208712696470e-01 6.445773850811340466e-01 7.826128074135078883e-02 -1.375067573711176439e-01 -4.043242897539596203e-01 4.752231502436699562e-01 5.019578469864947046e-01
