-4.778055166865862735e-01 -5.937659242276915883e-02 3.248304348110558348e-01 -7.121110009990247458e-02 -3.421977193944461537e-01 7.019727254155565532e-01 -2.295626271083321401e-01 -7.242858446978743814e-01 -6.019523821448369283e-01 1.384110757858883767e-01 9.419828182243094039e-01 1.681253512373181991e-01 -9.153717973926560614e-01 4.387238219513549947e-02 2.278865784586508458e-01 5.625920553569643268e-01
1.502555975480153183e-01 2.523471656982882727e-02 1.983994566761366485e-01 -6.071369199738743117e-01 6.417563090474764920e-01 -5.285666372659387768e-01 1.748142626755344320e-01 -2.144844723710872814e-01 -3.284840046806575820e-01 -7.785266645165700439e-01 -1.159283299883984153e-02 9.013636654418522021e-02 1.437919252824568228e-01 2.498472573981673772e-01 6.209799502668437166e-01 -1.385144686642014455e-01
4.765263988984846377e-01 -4.365174716915540265e-01 -2.863742820286286350e-01 -3.391620863778593842e-02 1.284129201258848996e-01 -4.198658025698861485e-01 -4.042532268659514427e-01 -1.370049966189992863e-02 -5.995976526965830500e-01 3.983202636512045425e-01 -3.174150954661683621e-01 9.114843519256169424e-01 1.657088166287320197e-01 -1.081770097502448152e-01 1.321838042813500702e-01 9.509053539490509854e-02
2.150820046116336814e-01 7.656002557205826564e-02 5.742685111003389409e-01 -5.579847462561375870e-01 4.337915745000969769e-02 -2.855553006681688655e-01 -1.215848981230606002e-01 -9.224960428673281698e-03 -1.837316972845027263e-01 -1.951631866078293864e-01 -1.286492613354292824e-01 1.013539244236242587e-01 1.172210270258392389e-01 -8.654542142917022451e-02 4.038034911919013981e-02 8.810431436775345571e-02
-2.965329542823457176e-01 -5.369349755705926652e-01 4.640573700309570393e-01 -6.297553019037540611e-01 3.688120228662717937e-01 -1.007315479084113452e+00 2.493403711985819338e-01 6.247262457282206638e-01 -1.400300152896306327e-01 2.917895002830480089e-01 1.171947046918894869e-01 3.043620451295805385e-01 1.588642033134192721e-01 -2.057849245153739459e-01 1.153333504237719492e-01 -1.902163214824545423e-01
-2.366469745288431181e-04 -2.554181257145811124e-01 -1.110528928783277025e-01 -1.155027464219394034e-01 -1.013693259880883157e-01 2.332062853594009041e-02 4.240042348648057069e-02 3.239600587858265102e-01 5.319817927840741340e-02 1.490255605642797909e-01 -2.734510102544763788e-01 1.136155887663833769e-01 -3.375841663497487488e-01 3.077770877060736002e-02 2.076557278927513017e-01 -6.142911996151051435e-02
1.445108878662296481e-01 4.456800124061868762e-03 3.910300505653684922e-01 -7.275187648106293814e-01 2.750604460278860963e-01 -3.554992271096066303e-01 -3.610566385810259904e-01 -1.613630604934968016e-02 -3.975849271307567712e-01 2.145767291396256660e-01 -2.948649781879832954e-01 7.472191351920783875e-01 -8.669937876971865742e-02 -1.613691372281266800e-01 4.161635660981360951e-01 -1.043784156087136789e-01
-1.580258277594407124e-01 -6.968477710831401106e-01 6.058483434621805275e-01 -4.119377808001569163e-01 4.933928384430265046e-01 -8.586805429085208052e-01 3.984642250025153820e-01 3.079647582237098336e-01 -4.318122756581187216e-02 3.594088400745518858e-02 -1.906784383170285202e-01 6.015411100219042462e-01 -3.917098001579240596e-01 2.629290973900180045e-02 -5.596526262579201716e-02 2.549142385549753309e-02
-3.295675448191659473e-02 -3.201982180014175117e-01 5.806812746952758619e-01 -7.716155586270472266e-01 3.841570260301374051e-01 -3.069690321055175142e-01 -1.424644806590312784e-01 -1.409989624262899532e-01 1.690351379295915446e-01 2.448500092803888029e-01 -4.214211601892358106e-01 -6.937473624191781152e-02 2.434395892061841926e-01 4.559060386563741907e-01 -1.304728103177493770e-01 -5.368752121035309799e-02
-7.852038806450847841e-02 1.612803027427621994e-01 -3.970404044480448369e-01 -7.543951860047942715e-01 3.924167425660975983e-01 -3.509793815773686321e-01 1.104402429146979780e-01 -2.801066739811149398e-01 3.042049699872504953e-01 3.689567345043610058e-01 -1.323028592574631290e-01 1.003954982506749083e+00 -3.743463436102656416e-02 -9.265496400059923809e-01 -3.478047395160738242e-01 6.517897735319452268e-01
-1.802576311953180133e-01 -6.829162902473298047e-01 6.345043504948890689e-01 -5.812781994433632304e-01 1.569526770942333838e-01 -6.658242022380943537e-01 7.565134709750659381e-01 -2.041361661700537289e-01 4.457270871676401180e-02 6.131269360641714572e-01 1.940104032334111217e-01 -5.183274544983060839e-01 -1.157709539309468849e-01 3.324728363320696434e-01 1.309548558522884432e-01 -2.266874995020053685e-01
5.704748489711296278e-02 -1.130757250032120020e-01 -1.960325011581756649e-01 -5.181500661980154021e-01 5.812410959026167445e-01 1.932026513690622560e-01 -1.752762645501741157e-01 -6.701899342475853977e-05 -2.590246210446818242e-01 3.879688356788790760e-02 -1.216800594263975493e-01 -1.527634092720669967e-01 9.985505396886880380e-02 1.304339185955866176e-01 7.154702675726302974e-02 5.185539212522499719e-02
7.119269957595590892e-01 2.786375913006174931e-01 9.169165314252193388e-01 -1.690101038558373459e+00 -2.142510086626678856e+00 -3.006525098068018043e-01 -6.794597194832595610e-01 2.133108509233889172e-01 -3.729904428152338580e-01 -5.549528822670590777e-01 3.573809698971747162e-02 1.149014908579997662e+00 -9.735791501266213843e-02 6.690747632586743210e-01 7.724883182230706247e-01 7.788263796472991718e-01
-6.871455532543996325e-01 -1.542411700774433791e+00 1.048232789956970779e+00 -4.025136122133545213e-01 1.239865915779982675e-01 8.350715782479287697e-01 -8.613157756284209876e-01 6.362518688714894344e-01 -4.324386803209089303e-01 -7.306875513509766829e-03 -9.201616050630938570e-01 -1.901610273286549191e-01 1.241924067822711919e+00 1.779765088936552386e-01 1.153386330289515316e+00 -4.854650640260180228e-01
3.515123025340792240e-01 -1.505578266155719991e+00 -7.871701081204161010e-01 -9.108771644857088789e-01 3.933322522603880378e-01 1.081665638652047789e+00 -3.135347403956145751e-02 -4.158843790185211553e-01 4.116070861693647831e-02 1.276997732955198694e+00 1.348119904587167239e-01 -6.820930517877632493e-03 5.460004986411393091e-01 -4.398513002959746343e-01 2.826305102637707289e-01 -3.226661702110213414e-01
2.108671537309970423e-01 -1.346598951414215706e-02 3.096475742641314199e-01 -1.036796057073711141e+00 -1.152517709230367338e-01 7.918910154728119322e-01 -6.768874655268845852e-02 -1.058138530668618627e-01 -5.571066865605960317e-01 -3.593267292349425768e-01 -7.523240513390125894e-01 -4.264139093391021706e-01 -1.036827187819528984e-01 9.665545184123001121e-01 1.467351245461066545e-01 8.000849674971749481e-01
-4.259883464506805661e-01 2.971244517298826660e-01 -8.253221910978908449e-02 -7.129206281189286454e-01 5.301333147886410080e-01 -6.354715710288970643e-01 5.897541425979277996e-01 1.039091506175992760e-02 -6.512680760425817450e-01 -1.036727967367862963e-01 1.948274289303958406e-01 2.780123517032150396e-03 4.997283720156622255e-01 4.957392959184433456e-01 1.306340072327972501e-01 -4.513485727674030334e-01
-2.674417418528289292e-01 -1.107817748804366675e-01 -2.317904801209892396e-01 2.849027709545309262e-01 7.911186048144722149e-02 -4.794775729789717278e-02 -5.170401417953003342e-01 8.221747307086468837e-02 -4.483891189101038011e-01 4.446791408431753911e-01 5.137743128856452762e-02 4.743871735583556348e-01 7.051569504925108145e-01 -5.283038345192203611e-01 -2.782621682945167763e-01 -3.965941480680709383e-03
-4.865097179481327472e-01 5.051936847690773336e-01 4.284595101136964845e-01 -1.116525084915245492e+00 8.929097061335320926e-03 3.833242481994560968e-01 -1.244146219422799238e+00 4.639849759689228526e-01 -6.271494452283817855e-01 -7.135145413755217270e-01 -8.836955930494886507e-03 1.938960552612230548e-01 1.581365179436715840e+00 -1.467731375746586797e-01 -3.556141025448070203e-02 5.017736033767636883e-01
-6.160150629549421275e-01 5.791577395073022050e-01 8.923022445216886034e-01 -8.698061920658215485e-01 -4.594233390802037742e-01 -1.104097739619007479e+00 3.150704742789282864e-02 1.685012173306512095e-01 4.447367660919340215e-01 -5.074734178027148768e-02 -7.805143260737242850e-01 -5.064311705472125391e-01 2.147565231260419594e-01 7.421826679148058048e-01 1.100390436928583737e+00 -9.858962919024139016e-02
-2.111366298735031233e-01 4.816146635470356374e-01 1.168284393108136143e+00 -8.590252889313563234e-01 -1.043421794273608150e+00 -1.996961798108542463e-01 5.424887807170986065e-02 -7.798230710501599106e-01 -8.432278302322663288e-01 4.791915076412023300e-02 4.171241331550063630e-02 7.044990106859534418e-01 3.800774007842911417e-01 -3.904261119715467521e-01 3.430778915145533681e-01 7.932329458894695762e-01
6.685085498086738021e-01 -6.444725549747945537e-02 4.274736526039489837e-01 -9.555837016806121298e-01 -1.407933301098348577e-01 -3.640536484154498487e-01 9.462075115716356288e-02 -4.060601954508438194e-01 -6.020002666090676913e-01 -2.483036702773860072e-01 4.580226516939785442e-01 -6.575027491876181407e-02 7.667419215337697991e-02 3.512188540350103527e-01 2.574544652428834013e-02 4.326380865204706438e-01
4.701679556772963009e-01 -3.264217742500633707e-02 1.027066941047307946e-01 -5.933303977714160515e-01 -5.028834141492508625e-01 -2.055090607765623911e-01 6.377494023327541506e-02 2.096289267288543312e-01 -3.965325240725752765e-01 1.259752722830632249e-02 -6.510848172899185160e-01 -2.265570138125255761e-03 5.251797276658506375e-01 1.063968720595187323e+00 -6.066767252882993011e-01 2.308100362151281615e-01
3.775945441205247333e-02 -5.730061791343611377e-01 3.581050767604684326e-01 -5.495280080020206182e-01 5.511514673922414120e-01 1.395262740987234240e-01 -7.224932998496704784e-01 -1.451600956611297510e-01 -8.917593532706169501e-01 5.949001836964755707e-01 6.699385648521425374e-01 -2.896962748834827073e-01 5.986693391485684579e-01 -1.486946686034694154e-01 -2.394224219091537764e-01 2.976197824907076961e-01
-3.364859027668140046e-01 -1.796340755310008030e-01 3.477488842411359249e-01 -1.592233327463268844e-02 -7.614640107359128551e-01 -6.154488202079145820e-01 9.229510334384228853e-01 -4.237791445772572940e-01 -3.742016194434525378e-01 -9.462382436463332436e-01 1.406769138739960123e+00 -8.153941450705459726e-02 2.113167947077212727e-01 -7.699864204827251424e-01 1.255251874056985129e-01 1.178298788177634560e+00
-1.389210392870935951e-01 -8.595051002913211002e-01 2.717865370005840275e-01 -8.996840223544981530e-02 3.260650855130585168e-01 4.112118698278587892e-01 5.817339997966588377e-02 -6.973145079295711701e-01 -2.103461114960131495e-01 3.955541771775248905e-01 2.463700106980414029e-01 -6.628745261771685771e-01 3.696676617318775948e-01 6.131605690612360604e-01 -3.471251158147081184e-01 1.975333778954062400e-03
-1.330999594446309331e+00 1.902925245239640573e-01 -8.975269352343889784e-02 -5.142250705012351153e-01 -1.102726446623540912e+00 -4.708606041029848033e-01 -3.844232043337491023e-01 1.606352114062589376e+00 -8.298253321327983545e-02 1.055557230480286712e+00 -1.013241587465488092e+00 1.133059792887985529e+00 3.295011561793901311e-01 3.190876451099805555e-01 -9.113325014895421461e-01 9.546036139928476549e-01
-3.197247778440105992e-01 4.759385882037792670e-01 -3.668376454178641222e-01 -5.283769149991709435e-01 -3.948752270212931292e-01 4.666735191955938555e-01 4.106080657282906721e-04 1.932033920060725607e-01 2.827827986023013218e-01 -2.430676351562916504e-01 -2.375143123735284079e-01 -5.261434499941518572e-01 -2.620825626644096018e-01 2.329881956935623832e-01 7.423126219686908556e-01 1.722226432724673351e-01
3.011495585549213705e-01 1.569294214559850964e-01 2.555242383656966543e-01 -1.531641352300866732e+00 -4.217809117098064720e-01 -7.478602250487547121e-01 -3.289219461021944957e-01 -9.561665942130876950e-01 5.158477486418949765e-01 -8.577169176011043561e-01 2.608365003908642565e-01 1.253952643264900191e+00 1.519000042260906236e+00 -3.302839813155900028e-01 -4.199892427066069800e-01 1.019030859600318806e+00
-1.103866048388582488e+00 -8.012336599302665174e-01 9.234722359643229295e-01 -6.383991448067645180e-01 9.591963365505966621e-01 6.755729592024914409e-02 -1.856794304235888371e-01 -4.335782038564016672e-01 2.721107575028980374e-01 2.968083368597151939e-01 8.340670647857462150e-02 -1.633525954566554250e-01 1.939500891312269104e-01 6.809802368794748428e-01 -1.954252460132448466e-01 -2.680378248740783453e-01
7.477205085608203960e-01 -1.940280715474064499e-01 -3.461025626140918909e-01 -1.169242645429199978e+00 -2.232597478245567924e-01 3.972190738353108541e-01 -3.334552849114158501e-02 -5.650715342275354214e-01 -2.120540052606858517e-01 9.632864495954585049e-01 2.061285593962939311e-01 -1.544461843076387342e-01 -3.230335045620845724e-01 4.116424886954996309e-01 -3.263391439233918057e-01 5.088356896418251285e-01
-3.291372508994800383e-01 -1.981142336806278603e-01 1.044154142826579368e-01 -4.755537256029682691e-01 -9.018092859387579763e-01 1.063750250470360870e+00 1.621960779730681756e-01 -9.068486662023245160e-01 3.259414465348889900e-01 -1.063007280515570585e+00 -7.083728934236168673e-01 -1.494858525483308553e-01 6.635043823975375066e-01 1.207831542568480021e+00 1.070598732253380536e-01 7.855400428968208892e-01
-1.051740781169513417e-03 -7.965443837197283550e-02 1.929391812694961905e-01 9.874679976451808394e-02 -2.278400103010529976e-01 2.574601163656900504e-02 -3.074859206495121344e-01 -2.224907623874557427e-01 -7.528610808785234365e-01 1.671680015880900871e-01 4.544716579601381645e-01 -2.430481279072997658e-01 5.305177746588126686e-01 -1.577312378580087993e-01 -2.491118336020373136e-01 4.595955673968838973e-01
3.229441687746281014e-02 -5.530313613770079240e-01 -6.279391172528716591e-01 1.356457783811038098e-02 -3.397886670162834633e-01 -1.014240135377520557e+00 2.405084178069063494e-01 9.445476659110026985e-01 6.936842620244720869e-01 -3.780094117729559389e-01 9.466993339276615904e-01 -8.148799768448675707e-01 9.320797830853377874e-03 5.614347455497050721e-01 1.079323754315041906e-01 -1.341880820186957812e-01
-9.910822898242610535e-02 5.968732376193675027e-02 4.192958464426081999e-01 -3.980772649479367153e-01 -3.199185128490140972e-02 8.529790237203785375e-02 2.329454757010289423e-04 -4.466700840911418113e-02 -4.037894683740548829e-01 8.683986080200953306e-02 -2.140961159261797059e-02 -1.321121078728091092e-01 -6.616922240727609629e-04 5.784828453709318918e-02 -1.747224200245526549e-01 2.852473318585749817e-01
-5.812965076139556819e-01 3.307776168730791611e-03 3.566637555618571986e-01 4.013557749259586416e-01 -5.277726038331937986e-01 -4.782720275950173017e-01 -4.278566367924591662e-01 -4.506563293069544562e-02 -4.153144824490525577e-01 7.195625466200818998e-01 -1.168514912898871577e-01 -1.979283252713023300e-01 -1.029474484664509165e-01 1.507096819246341424e+00 -5.258179599331466725e-02 -3.541898787501659984e-01
-1.082142500707214294e+00 2.033000529088534736e-01 -2.872960869513559445e-01 -1.955222652910752756e-01 -1.424311340571743356e-02 9.741252168539185075e-01 -1.563944064096464137e-01 3.514185576556919099e-01 -6.524859372462985529e-01 -1.130675676427716492e-01 -3.048297966386852575e-01 8.544870347856690085e-01 -7.721537726577032412e-02 -7.822634307232605444e-01 -2.988933484494605830e-01 1.268932810064599126e+00
-4.150738348158787283e-01 2.027766647356414320e-01 7.898333875009899696e-01 -9.742061860633567383e-01 -6.848158148337885054e-02 -1.055141853977607402e+00 -2.113177671303123617e-02 -2.777302687087231381e-01 1.068775928273257847e-02 1.128585400272023254e+00 -6.575465613176996182e-01 -5.279996063840166620e-01 -2.690292417856613438e-01 3.988766709008170763e-01 1.155753648681860479e+00 2.677372214127649031e-01
1.183241766506635539e-01 3.246856004241458482e-01 2.244769039555286061e-01 -8.247934770705730445e-01 5.944061163613725829e-02 -4.802978067973164844e-01 -6.588485919668939095e-02 -2.599815806625249692e-02 -3.457033481065282521e-01 -1.008339906172781852e-01 6.453687268702720803e-02 -2.191171773041893367e-01 4.907888947246189515e-01 7.503170072178396710e-01 -8.887114778450076746e-02 -1.931602608151571365e-01
-1.269231205638148285e-01 -3.003384832104830093e-01 8.955159594887569519e-01 -5.993385915773032924e-01 -1.035827791025819788e+00 4.420435960879075532e-01 2.893950521730199177e-01 3.508713095247314451e-01 -2.471806763310130384e-01 9.133621179953926861e-02 -4.949362124940758223e-01 -1.101309965301280613e-01 -7.733342522109995509e-02 -1.378195664993628333e-01 3.006247338162001403e-01 4.479518421004205497e-01
-1.176035384731489580e-01 -6.175619953266570095e-02 6.655679862907049049e-01 -1.174720061336717247e+00 7.752484696029672551e-02 -3.641192336418016540e-01 2.692507348562790948e-01 4.662780693880234084e-01 -4.978699757688555549e-01 -1.606619304837533790e-02 -1.480195687422237449e-01 8.656364752174376953e-01 1.445851199875894388e-01 -5.234182193182104759e-02 -3.430011798208477680e-01 -2.543561886639934128e-02
-1.580773125362917586e-01 3.429046684239905884e-01 -8.623613214139846939e-02 -5.784561138079749032e-01 -1.165205380301405497e-01 6.378317511132254314e-01 1.253214705324673939e-01 -3.756674788952146793e-01 3.049408407728484982e-02 -3.422448393581478121e-01 9.261482885222827033e-02 -1.377898008079611047e-01 8.671371618311524143e-02 2.377539752237234905e-01 -4.452408956946901641e-02 -2.620834772196175763e-02
1.453691715101007031e-01 -1.845719041237699476e-01 1.430190030446676919e-01 -7.113938515537766571e-01 1.488930675097944745e-01 3.237292780411371584e-01 -2.282563485110107870e-01 6.142762059083073378e-02 -2.883502112180090782e-01 1.539204937087261249e-01 1.321129238397632522e-01 -9.543728853022764858e-02 -7.165250245504071192e-01 1.355962846821929524e-01 3.402592685833711883e-01 3.281173585140925164e-01
-7.009345512522671129e-01 -2.307460755121542029e-01 8.080072124848485249e-01 -5.377384326222545141e-01 3.023133515732671639e-01 -2.441961903465773021e-01 6.706629412812428193e-01 1.986454936773659752e-01 -4.034062976234680242e-01 -9.497663418545340686e-02 -3.117876432064020098e-01 -5.235624325509271593e-01 1.438065025517822892e-01 -8.825372056922109465e-02 4.744021622844721842e-01 2.256741555532215948e-01
4.145131339154825567e-01 -8.006027935535377227e-02 4.940347361881813892e-01 -6.137606795804443349e-01 -4.816336426786035352e-01 9.250633475598360467e-02 1.277169001118059755e-01 -1.724048000496818667e-01 -2.724497040770900158e-01 -2.831282263648590147e-01 2.769372605081919514e-01 -2.312633844711246001e-01 -9.873594152151325687e-02 3.687629475183864386e-02 2.532032480791645002e-01 2.255585913254972430e-01
1.266794353580621424e-01 -8.946432053247675986e-01 3.668731278740147150e-01 -3.985399868777370069e-03 -4.610484168587605236e-01 1.227574524918962628e-01 2.930396026412846466e-01 -5.502567049250517428e-01 -4.679530299750055411e-01 5.829639001957325206e-01 -1.151676167196462736e-01 -1.235322816792358974e-01 -6.445055432635501957e-02 6.415434090026310709e-01 6.614408290983885275e-01 -4.263507054469345414e-01
-6.597350380168212625e-02 -7.913103011829284439e-01 5.060613587921101164e-01 -1.006911746362536997e+00 2.590175878196320225e-01 -9.951950484214781845e-02 1.029958642520739653e+00 3.566477872131708637e-01 -4.753260490619922174e-01 6.982169654859426977e-04 9.475995922761350221e-02 -8.799971127320749265e-01 -1.722835783327174852e-01 -2.002857509928898661e-02 4.990598308721254373e-02 9.022106773268799840e-01
-1.626659309658030184e+00 2.440054553484796163e-01 3.347007603613677551e-01 -1.082503020213289924e+00 -3.373271100197331451e-01 1.122986997453319979e+00 -6.313902598130176624e-01 2.020910020451012479e-01 -2.618343363022651582e-01 6.850865108228421096e-01 -4.639456824072779595e-02 1.025605643688820845e-01 1.258301143411893364e+00 -3.993996605093529106e-02 -5.367909804446752142e-01 3.010169584682639843e-01
2.017996562560855078e-01 -2.739114117057927719e-02 -1.668022971521709030e-01 -7.450720755639916870e-01 4.230830754992532805e-01 3.751616088547613526e-01 -4.044852742685567937e-01 3.627379267306544974e-02 -6.594801989991317948e-01 -6.504099134773142499e-01 6.979824859881006427e-01 5.688898475151593637e-01 -3.658059805428577338e-01 3.201995947104955276e-01 1.727657476757343824e-01 -8.879908646057731170e-02
-1.998801113281858943e-01 2.545635625259158319e-01 -4.189361534016736166e-02 -4.082942713083801967e-01 4.476156050033783806e-01 1.718660767728809602e-01 -4.473771231064671561e-01 -6.317738255804046243e-01 -6.075187572954947601e-01 -4.365565433212718061e-01 1.580912069821797383e-01 5.590241286078225791e-01 8.266822361349631665e-01 -2.753942323600602760e-01 3.423869449418113220e-01 -2.363143979104324194e-02
