-1.335010834057575582e-03 -4.683379312798616745e+00 -3.601225790854351239e+00 -2.599617592057335447e+00 -1.774427007997182226e+00 -9.716863985104828849e-01 -2.979018129529561465e-01 7.242601661081007336e-01 6.155015737771657447e-01 1.615101411154790112e+00 1.282070552356080473e+00 3.734228626334123113e+00 -2.827821033861795397e-01 5.068948139401281416e+00 1.631569059308900504e+00 4.433623947922339936e-01 -1.043285978784998375e-01 -1.506099892268791818e+00 -4.266661315028811435e-02 2.410638160236850680e-01 -6.316789787302861531e-03 -2.293782361196552641e-02
-1.335010834057575582e-03 -4.683379312798616745e+00 -3.601225790854351239e+00 -2.599617592057335447e+00 -1.774427007997182226e+00 -9.716863985104828849e-01 -2.979018129529561465e-01 7.242601661081007336e-01 6.155015737771657447e-01 1.615101411154790112e+00 1.282070552356080473e+00 3.734228626334123113e+00 -2.827821033861795397e-01 5.068948139401281416e+00 1.631569059308900504e+00 4.433623947922339936e-01 -1.043285978784998375e-01 -1.506099892268791818e+00 -4.266661315028811435e-02 2.410638160236850680e-01 -6.316789787302861531e-03 -2.293782361196552641e-02
-1.335010834057575582e-03 -4.683379312798616745e+00 -3.601225790854351239e+00 -2.599617592057335447e+00 -1.774427007997182226e+00 -9.716863985104828849e-01 -2.979018129529561465e-01 7.242601661081007336e-01 6.155015737771657447e-01 1.615101411154790112e+00 1.282070552356080473e+00 3.734228626334123113e+00 -2.827821033861795397e-01 5.068948139401281416e+00 1.631569059308900504e+00 4.433623947922339936e-01 -1.043285978784998375e-01 -1.506099892268791818e+00 -4.266661315028811435e-02 2.410638160236850680e-01 -6.316789787302861531e-03 -2.293782361196552641e-02
-1.335010834057575582e-03 -4.683379312798616745e+00 -3.601225790854351239e+00 -2.599617592057335447e+00 -1.774427007997182226e+00 -9.716863985104828849e-01 -2.979018129529561465e-01 7.242601661081007336e-01 6.155015737771657447e-01 1.615101411154790112e+00 1.282070552356080473e+00 3.734228626334123113e+00 -2.827821033861795397e-01 5.068948139401281416e+00 1.631569059308900504e+00 4.433623947922339936e-01 -1.043285978784998375e-01 -1.506099892268791818e+00 -4.266661315028811435e-02 2.410638160236850680e-01 -6.316789787302861531e-03 -2.293782361196552641e-02
-1.335010834057575582e-03 -4.683379312798616745e+00 -3.601225790854351239e+00 -2.599617592057335447e+00 -1.774427007997182226e+00 -9.716863985104828849e-01 -2.979018129529561465e-01 7.242601661081007336e-01 6.155015737771657447e-01 1.615101411154790112e+00 1.282070552356080473e+00 3.734228626334123113e+00 -2.827821033861795397e-01 5.068948139401281416e+00 1.631569059308900504e+00 4.433623947922339936e-01 -1.043285978784998375e-01 -1.506099892268791818e+00 -4.266661315028811435e-02 2.410638160236850680e-01 -6.316789787302861531e-03 -2.293782361196552641e-02
-1.335010834057575582e-03 -4.683379312798616745e+00 -3.601225790854351239e+00 -2.599617592057335447e+00 -1.774427007997182226e+00 -9.716863985104828849e-01 -2.979018129529561465e-01 7.242601661081007336e-01 6.155015737771657447e-01 1.615101411154790112e+00 1.282070552356080473e+00 3.734228626334123113e+00 -2.827821033861795397e-01 5.068948139401281416e+00 1.631569059308900504e+00 4.433623947922339936e-01 -1.043285978784998375e-01 -1.506099892268791818e+00 -4.266661315028811435e-02 2.410638160236850680e-01 -6.316789787302861531e-03 -2.293782361196552641e-02
-1.335010834057575582e-03 -4.683379312798616745e+00 -3.601225790854351239e+00 -2.599617592057335447e+00 -1.774427007997182226e+00 -9.716863985104828849e-01 -2.979018129529561465e-01 7.242601661081007336e-01 6.155015737771657447e-01 1.615101411154790112e+00 1.282070552356080473e+00 3.734228626334123113e+00 -2.827821033861795397e-01 5.068948139401281416e+00 1.631569059308900504e+00 4.433623947922339936e-01 -1.043285978784998375e-01 -1.506099892268791818e+00 -4.266661315028811435e-02 2.410638160236850680e-01 -6.316789787302861531e-03 -2.293782361196552641e-02
-1.335010834057575582e-03 -4.683379312798616745e+00 -3.601225790854351239e+00 -2.599617592057335447e+00 -1.774427007997182226e+00 -9.716863985104828849e-01 -2.979018129529561465e-01 7.242601661081007336e-01 6.155015737771657447e-01 1.615101411154790112e+00 1.282070552356080473e+00 3.734228626334123113e+00 -2.827821033861795397e-01 5.068948139401281416e+00 1.631569059308900504e+00 4.433623947922339936e-01 -1.043285978784998375e-01 -1.506099892268791818e+00 -4.266661315028811435e-02 2.410638160236850680e-01 -6.316789787302861531e-03 -2.293782361196552641e-02
-1.335010834057575582e-03 -4.683379312798616745e+00 -3.601225790854351239e+00 -2.599617592057335447e+00 -1.774427007997182226e+00 -9.716863985104828849e-01 -2.979018129529561465e-01 7.242601661081007336e-01 6.155015737771657447e-01 1.615101411154790112e+00 1.282070552356080473e+00 3.734228626334123113e+00 -2.827821033861795397e-01 5.068948139401281416e+00 1.631569059308900504e+00 4.433623947922339936e-01 -1.043285978784998375e-01 -1.506099892268791818e+00 -4.266661315028811435e-02 2.410638160236850680e-01 -6.316789787302861531e-03 -2.293782361196552641e-02
-1.335010834057575582e-03 -4.683379312798616745e+00 -3.601225790854351239e+00 -2.599617592057335447e+00 -1.774427007997182226e+00 -9.716863985104828849e-01 -2.979018129529561465e-01 7.242601661081007336e-01 6.155015737771657447e-01 1.615101411154790112e+00 1.282070552356080473e+00 3.734228626334123113e+00 -2.827821033861795397e-01 5.068948139401281416e+00 1.631569059308900504e+00 4.433623947922339936e-01 -1.043285978784998375e-01 -1.506099892268791818e+00 -4.266661315028811435e-02 2.410638160236850680e-01 -6.316789787302861531e-03 -2.293782361196552641e-02
-1.335010834057575582e-03 -4.683379312798616745e+00 -3.601225790854351239e+00 -2.599617592057335447e+00 -1.774427007997182226e+00 -9.716863985104828849e-01 -2.979018129529561465e-01 7.242601661081007336e-01 6.155015737771657447e-01 1.615101411154790112e+00 1.282070552356080473e+00 3.734228626334123113e+00 -2.827821033861795397e-01 5.068948139401281416e+00 1.631569059308900504e+00 4.433623947922339936e-01 -1.043285978784998375e-01 -1.506099892268791818e+00 -4.266661315028811435e-02 2.410638160236850680e-01 -6.316789787302861531e-03 -2.293782361196552641e-02
-1.335010834057575582e-03 -4.683379312798616745e+00 -3.601225790854351239e+00 -2.599617592057335447e+00 -1.774427007997182226e+00 -9.716863985104828849e-01 -2.979018129529561465e-01 7.242601661081007336e-01 6.155015737771657447e-01 1.615101411154790112e+00 1.282070552356080473e+00 3.734228626334123113e+00 -2.827821033861795397e-01 5.068948139401281416e+00 1.631569059308900504e+00 4.433623947922339936e-01 -1.043285978784998375e-01 -1.506099892268791818e+00 -4.266661315028811435e-02 2.410638160236850680e-01 -6.316789787302861531e-03 -2.293782361196552641e-02
-1.335010834057575582e-03 -4.683379312798616745e+00 -3.601225790854351239e+00 -2.599617592057335447e+00 -1.774427007997182226e+00 -9.716863985104828849e-01 -2.979018129529561465e-01 7.242601661081007336e-01 6.155015737771657447e-01 1.615101411154790112e+00 1.282070552356080473e+00 3.734228626334123113e+00 -2.827821033861795397e-01 5.068948139401281416e+00 1.631569059308900504e+00 4.433623947922339936e-01 -1.043285978784998375e-01 -1.506099892268791818e+00 -4.266661315028811435e-02 2.410638160236850680e-01 -6.316789787302861531e-03 -2.293782361196552641e-02
-1.335010834057575582e-03 -4.683379312798616745e+00 -3.601225790854351239e+00 -2.599617592057335447e+00 -1.774427007997182226e+00 -9.716863985104828849e-01 -2.979018129529561465e-01 7.242601661081007336e-01 6.155015737771657447e-01 1.615101411154790112e+00 1.282070552356080473e+00 3.734228626334123113e+00 -2.827821033861795397e-01 5.068948139401281416e+00 1.631569059308900504e+00 4.433623947922339936e-01 -1.043285978784998375e-01 -1.506099892268791818e+00 -4.266661315028811435e-02 2.410638160236850680e-01 -6.316789787302861531e-03 -2.293782361196552641e-02
-1.335010834057575582e-03 -4.683379312798616745e+00 -3.601225790854351239e+00 -2.599617592057335447e+00 -1.774427007997182226e+00 -9.716863985104828849e-01 -2.979018129529561465e-01 7.242601661081007336e-01 6.155015737771657447e-01 1.615101411154790112e+00 1.282070552356080473e+00 3.734228626334123113e+00 -2.827821033861795397e-01 5.068948139401281416e+00 1.631569059308900504e+00 4.433623947922339936e-01 -1.043285978784998375e-01 -1.506099892268791818e+00 -4.266661315028811435e-02 2.410638160236850680e-01 -6.316789787302861531e-03 -2.293782361196552641e-02
-1.335010834057575582e-03 -4.683379312798616745e+00 -3.601225790854351239e+00 -2.599617592057335447e+00 -1.774427007997182226e+00 -9.716863985104828849e-01 -2.979018129529561465e-01 7.242601661081007336e-01 6.155015737771657447e-01 1.615101411154790112e+00 1.282070552356080473e+00 3.734228626334123113e+00 -2.827821033861795397e-01 5.068948139401281416e+00 1.631569059308900504e+00 4.433623947922339936e-01 -1.043285978784998375e-01 -1.506099892268791818e+00 -4.266661315028811435e-02 2.410638160236850680e-01 -6.316789787302861531e-03 -2.293782361196552641e-02
-1.335010834057575582e-03 -4.683379312798616745e+00 -3.601225790854351239e+00 -2.599617592057335447e+00 -1.774427007997182226e+00 -9.716863985104828849e-01 -2.979018129529561465e-01 7.242601661081007336e-01 6.155015737771657447e-01 1.615101411154790112e+00 1.282070552356080473e+00 3.734228626334123113e+00 -2.827821033861795397e-01 5.068948139401281416e+00 1.631569059308900504e+00 4.433623947922339936e-01 -1.043285978784998375e-01 -1.506099892268791818e+00 -4.266661315028811435e-02 2.410638160236850680e-01 -6.316789787302861531e-03 -2.293782361196552641e-02
-1.335010834057575582e-03 -4.683379312798616745e+00 -3.601225790854351239e+00 -2.599617592057335447e+00 -1.774427007997182226e+00 -9.716863985104828849e-01 -2.979018129529561465e-01 7.242601661081007336e-01 6.155015737771657447e-01 1.615101411154790112e+00 1.282070552356080473e+00 3.734228626334123113e+00 -2.827821033861795397e-01 5.068948139401281416e+00 1.631569059308900504e+00 4.433623947922339936e-01 -1.043285978784998375e-01 -1.506099892268791818e+00 -4.266661315028811435e-02 2.410638160236850680e-01 -6.316789787302861531e-03 -2.293782361196552641e-02
-1.335010834057575582e-03 -4.683379312798616745e+00 -3.601225790854351239e+00 -2.599617592057335447e+00 -1.774427007997182226e+00 -9.716863985104828849e-01 -2.979018129529561465e-01 7.242601661081007336e-01 6.155015737771657447e-01 1.615101411154790112e+00 1.282070552356080473e+00 3.734228626334123113e+00 -2.827821033861795397e-01 5.068948139401281416e+00 1.631569059308900504e+00 4.433623947922339936e-01 -1.043285978784998375e-01 -1.506099892268791818e+00 -4.266661315028811435e-02 2.410638160236850680e-01 -6.316789787302861531e-03 -2.293782361196552641e-02
-1.335010834057575582e-03 -4.683379312798616745e+00 -3.601225790854351239e+00 -2.599617592057335447e+00 -1.774427007997182226e+00 -9.716863985104828849e-01 -2.979018129529561465e-01 7.242601661081007336e-01 6.155015737771657447e-01 1.615101411154790112e+00 1.282070552356080473e+00 3.734228626334123113e+00 -2.827821033861795397e-01 5.068948139401281416e+00 1.631569059308900504e+00 4.433623947922339936e-01 -1.043285978784998375e-01 -1.506099892268791818e+00 -4.266661315028811435e-02 2.410638160236850680e-01 -6.316789787302861531e-03 -2.293782361196552641e-02
-1.335010834057575582e-03 -4.683379312798616745e+00 -3.601225790854351239e+00 -2.599617592057335447e+00 -1.774427007997182226e+00 -9.716863985104828849e-01 -2.979018129529561465e-01 7.242601661081007336e-01 6.155015737771657447e-01 1.615101411154790112e+00 1.282070552356080473e+00 3.734228626334123113e+00 -2.827821033861795397e-01 5.068948139401281416e+00 1.631569059308900504e+00 4.433623947922339936e-01 -1.043285978784998375e-01 -1.506099892268791818e+00 -4.266661315028811435e-02 2.410638160236850680e-01 -6.316789787302861531e-03 -2.293782361196552641e-02
-1.335010834057575582e-03 -4.683379312798616745e+00 -3.601225790854351239e+00 -2.599617592057335447e+00 -1.774427007997182226e+00 -9.716863985104828849e-01 -2.979018129529561465e-01 7.242601661081007336e-01 6.155015737771657447e-01 1.615101411154790112e+00 1.282070552356080473e+00 3.734228626334123113e+00 -2.827821033861795397e-01 5.068948139401281416e+00 1.631569059308900504e+00 4.433623947922339936e-01 -1.043285978784998375e-01 -1.506099892268791818e+00 -4.266661315028811435e-02 2.410638160236850680e-01 -6.316789787302861531e-03 -2.293782361196552641e-02
-1.335010834057575582e-03 -4.683379312798616745e+00 -3.601225790854351239e+00 -2.599617592057335447e+00 -1.774427007997182226e+00 -9.716863985104828849e-01 -2.979018129529561465e-01 7.242601661081007336e-01 6.155015737771657447e-01 1.615101411154790112e+00 1.282070552356080473e+00 3.734228626334123113e+00 -2.827821033861795397e-01 5.068948139401281416e+00 1.631569059308900504e+00 4.433623947922339936e-01 -1.043285978784998375e-01 -1.506099892268791818e+00 -4.266661315028811435e-02 2.410638160236850680e-01 -6.316789787302861531e-03 -2.293782361196552641e-02
-1.335010834057575582e-03 -4.683379312798616745e+00 -3.601225790854351239e+00 -2.599617592057335447e+00 -1.774427007997182226e+00 -9.716863985104828849e-01 -2.979018129529561465e-01 7.242601661081007336e-01 6.155015737771657447e-01 1.615101411154790112e+00 1.282070552356080473e+00 3.734228626334123113e+00 -2.827821033861795397e-01 5.068948139401281416e+00 1.631569059308900504e+00 4.433623947922339936e-01 -1.043285978784998375e-01 -1.506099892268791818e+00 -4.266661315028811435e-02 2.410638160236850680e-01 -6.316789787302861531e-03 -2.293782361196552641e-02
-1.335010834057575582e-03 -4.683379312798616745e+00 -3.601225790854351239e+00 -2.599617592057335447e+00 -1.774427007997182226e+00 -9.716863985104828849e-01 -2.979018129529561465e-01 7.242601661081007336e-01 6.155015737771657447e-01 1.615101411154790112e+00 1.282070552356080473e+00 3.734228626334123113e+00 -2.827821033861795397e-01 5.068948139401281416e+00 1.631569059308900504e+00 4.433623947922339936e-01 -1.043285978784998375e-01 -1.506099892268791818e+00 -4.266661315028811435e-02 2.410638160236850680e-01 -6.316789787302861531e-03 -2.293782361196552641e-02
-1.335010834057575582e-03 -4.683379312798616745e+00 -3.601225790854351239e+00 -2.599617592057335447e+00 -1.774427007997182226e+00 -9.716863985104828849e-01 -2.979018129529561465e-01 7.242601661081007336e-01 6.155015737771657447e-01 1.615101411154790112e+00 1.282070552356080473e+00 3.734228626334123113e+00 -2.827821033861795397e-01 5.068948139401281416e+00 1.631569059308900504e+00 4.433623947922339936e-01 -1.043285978784998375e-01 -1.506099892268791818e+00 -4.266661315028811435e-02 2.410638160236850680e-01 -6.316789787302861531e-03 -2.293782361196552641e-02
-1.335010834057575582e-03 -4.683379312798616745e+00 -3.601225790854351239e+00 -2.599617592057335447e+00 -1.774427007997182226e+00 -9.716863985104828849e-01 -2.979018129529561465e-01 7.242601661081007336e-01 6.155015737771657447e-01 1.615101411154790112e+00 1.282070552356080473e+00 3.734228626334123113e+00 -2.827821033861795397e-01 5.068948139401281416e+00 1.631569059308900504e+00 4.433623947922339936e-01 -1.043285978784998375e-01 -1.506099892268791818e+00 -4.266661315028811435e-02 2.410638160236850680e-01 -6.316789787302861531e-03 -2.293782361196552641e-02
-1.335010834057575582e-03 -4.683379312798616745e+00 -3.601225790854351239e+00 -2.599617592057335447e+00 -1.774427007997182226e+00 -9.716863985104828849e-01 -2.979018129529561465e-01 7.242601661081007336e-01 6.155015737771657447e-01 1.615101411154790112e+00 1.282070552356080473e+00 3.734228626334123113e+00 -2.827821033861795397e-01 5.068948139401281416e+00 1.631569059308900504e+00 4.433623947922339936e-01 -1.043285978784998375e-01 -1.506099892268791818e+00 -4.266661315028811435e-02 2.410638160236850680e-01 -6.316789787302861531e-03 -2.293782361196552641e-02
-1.335010834057575582e-03 -4.683379312798616745e+00 -3.601225790854351239e+00 -2.599617592057335447e+00 -1.774427007997182226e+00 -9.716863985104828849e-01 -2.979018129529561465e-01 7.242601661081007336e-01 6.155015737771657447e-01 1.615101411154790112e+00 1.282070552356080473e+00 3.734228626334123113e+00 -2.827821033861795397e-01 5.068948139401281416e+00 1.631569059308900504e+00 4.433623947922339936e-01 -1.043285978784998375e-01 -1.506099892268791818e+00 -4.266661315028811435e-02 2.410638160236850680e-01 -6.316789787302861531e-03 -2.293782361196552641e-02
-1.335010834057575582e-03 -4.683379312798616745e+00 -3.601225790854351239e+00 -2.599617592057335447e+00 -1.774427007997182226e+00 -9.716863985104828849e-01 -2.979018129529561465e-01 7.242601661081007336e-01 6.155015737771657447e-01 1.615101411154790112e+00 1.282070552356080473e+00 3.734228626334123113e+00 -2.827821033861795397e-01 5.068948139401281416e+00 1.631569059308900504e+00 4.433623947922339936e-01 -1.043285978784998375e-01 -1.506099892268791818e+00 -4.266661315028811435e-02 2.410638160236850680e-01 -6.316789787302861531e-03 -2.293782361196552641e-02
-1.335010834057575582e-03 -4.683379312798616745e+00 -3.601225790854351239e+00 -2.599617592057335447e+00 -1.774427007997182226e+00 -9.716863985104828849e-01 -2.979018129529561465e-01 7.242601661081007336e-01 6.155015737771657447e-01 1.615101411154790112e+00 1.282070552356080473e+00 3.734228626334123113e+00 -2.827821033861795397e-01 5.068948139401281416e+00 1.631569059308900504e+00 4.433623947922339936e-01 -1.043285978784998375e-01 -1.506099892268791818e+00 -4.266661315028811435e-02 2.410638160236850680e-01 -6.316789787302861531e-03 -2.293782361196552641e-02
-1.335010834057575582e-03 -4.683379312798616745e+00 -3.601225790854351239e+00 -2.599617592057335447e+00 -1.774427007997182226e+00 -9.716863985104828849e-01 -2.979018129529561465e-01 7.242601661081007336e-01 6.155015737771657447e-01 1.615101411154790112e+00 1.282070552356080473e+00 3.734228626334123113e+00 -2.827821033861795397e-01 5.068948139401281416e+00 1.631569059308900504e+00 4.433623947922339936e-01 -1.043285978784998375e-01 -1.506099892268791818e+00 -4.266661315028811435e-02 2.410638160236850680e-01 -6.316789787302861531e-03 -2.293782361196552641e-02
-1.335010834057575582e-03 -4.683379312798616745e+00 -3.601225790854351239e+00 -2.599617592057335447e+00 -1.774427007997182226e+00 -9.716863985104828849e-01 -2.979018129529561465e-01 7.242601661081007336e-01 6.155015737771657447e-01 1.615101411154790112e+00 1.282070552356080473e+00 3.734228626334123113e+00 -2.827821033861795397e-01 5.068948139401281416e+00 1.631569059308900504e+00 4.433623947922339936e-01 -1.043285978784998375e-01 -1.506099892268791818e+00 -4.266661315028811435e-02 2.410638160236850680e-01 -6.316789787302861531e-03 -2.293782361196552641e-02
-1.335010834057575582e-03 -4.683379312798616745e+00 -3.601225790854351239e+00 -2.599617592057335447e+00 -1.774427007997182226e+00 -9.716863985104828849e-01 -2.979018129529561465e-01 7.242601661081007336e-01 6.155015737771657447e-01 1.615101411154790112e+00 1.282070552356080473e+00 3.734228626334123113e+00 -2.827821033861795397e-01 5.068948139401281416e+00 1.631569059308900504e+00 4.433623947922339936e-01 -1.043285978784998375e-01 -1.506099892268791818e+00 -4.266661315028811435e-02 2.410638160236850680e-01 -6.316789787302861531e-03 -2.293782361196552641e-02
-1.335010834057575582e-03 -4.683379312798616745e+00 -3.601225790854351239e+00 -2.599617592057335447e+00 -1.774427007997182226e+00 -9.716863985104828849e-01 -2.979018129529561465e-01 7.242601661081007336e-01 6.155015737771657447e-01 1.615101411154790112e+00 1.282070552356080473e+00 3.734228626334123113e+00 -2.827821033861795397e-01 5.068948139401281416e+00 1.631569059308900504e+00 4.433623947922339936e-01 -1.043285978784998375e-01 -1.506099892268791818e+00 -4.266661315028811435e-02 2.410638160236850680e-01 -6.316789787302861531e-03 -2.293782361196552641e-02
-1.335010834057575582e-03 -4.683379312798616745e+00 -3.601225790854351239e+00 -2.599617592057335447e+00 -1.774427007997182226e+00 -9.716863985104828849e-01 -2.979018129529561465e-01 7.242601661081007336e-01 6.155015737771657447e-01 1.615101411154790112e+00 1.282070552356080473e+00 3.734228626334123113e+00 -2.827821033861795397e-01 5.068948139401281416e+00 1.631569059308900504e+00 4.433623947922339936e-01 -1.043285978784998375e-01 -1.506099892268791818e+00 -4.266661315028811435e-02 2.410638160236850680e-01 -6.316789787302861531e-03 -2.293782361196552641e-02
-1.335010834057575582e-03 -4.683379312798616745e+00 -3.601225790854351239e+00 -2.599617592057335447e+00 -1.774427007997182226e+00 -9.716863985104828849e-01 -2.979018129529561465e-01 7.242601661081007336e-01 6.155015737771657447e-01 1.615101411154790112e+00 1.282070552356080473e+00 3.734228626334123113e+00 -2.827821033861795397e-01 5.068948139401281416e+00 1.631569059308900504e+00 4.433623947922339936e-01 -1.043285978784998375e-01 -1.506099892268791818e+00 -4.266661315028811435e-02 2.410638160236850680e-01 -6.316789787302861531e-03 -2.293782361196552641e-02
-1.335010834057575582e-03 -4.683379312798616745e+00 -3.601225790854351239e+00 -2.599617592057335447e+00 -1.774427007997182226e+00 -9.716863985104828849e-01 -2.979018129529561465e-01 7.242601661081007336e-01 6.155015737771657447e-01 1.615101411154790112e+00 1.282070552356080473e+00 3.734228626334123113e+00 -2.827821033861795397e-01 5.068948139401281416e+00 1.631569059308900504e+00 4.433623947922339936e-01 -1.043285978784998375e-01 -1.506099892268791818e+00 -4.266661315028811435e-02 2.410638160236850680e-01 -6.316789787302861531e-03 -2.293782361196552641e-02
-1.335010834057575582e-03 -4.683379312798616745e+00 -3.601225790854351239e+00 -2.599617592057335447e+00 -1.774427007997182226e+00 -9.716863985104828849e-01 -2.979018129529561465e-01 7.242601661081007336e-01 6.155015737771657447e-01 1.615101411154790112e+00 1.282070552356080473e+00 3.734228626334123113e+00 -2.827821033861795397e-01 5.068948139401281416e+00 1.631569059308900504e+00 4.433623947922339936e-01 -1.043285978784998375e-01 -1.506099892268791818e+00 -4.266661315028811435e-02 2.410638160236850680e-01 -6.316789787302861531e-03 -2.293782361196552641e-02
-1.335010834057575582e-03 -4.683379312798616745e+00 -3.601225790854351239e+00 -2.599617592057335447e+00 -1.774427007997182226e+00 -9.716863985104828849e-01 -2.979018129529561465e-01 7.242601661081007336e-01 6.155015737771657447e-01 1.615101411154790112e+00 1.282070552356080473e+00 3.734228626334123113e+00 -2.827821033861795397e-01 5.068948139401281416e+00 1.631569059308900504e+00 4.433623947922339936e-01 -1.043285978784998375e-01 -1.506099892268791818e+00 -4.266661315028811435e-02 2.410638160236850680e-01 -6.316789787302861531e-03 -2.293782361196552641e-02
-1.335010834057575582e-03 -4.683379312798616745e+00 -3.601225790854351239e+00 -2.599617592057335447e+00 -1.774427007997182226e+00 -9.716863985104828849e-01 -2.979018129529561465e-01 7.242601661081007336e-01 6.155015737771657447e-01 1.615101411154790112e+00 1.282070552356080473e+00 3.734228626334123113e+00 -2.827821033861795397e-01 5.068948139401281416e+00 1.631569059308900504e+00 4.433623947922339936e-01 -1.043285978784998375e-01 -1.506099892268791818e+00 -4.266661315028811435e-02 2.410638160236850680e-01 -6.316789787302861531e-03 -2.293782361196552641e-02
-1.335010834057575582e-03 -4.683379312798616745e+00 -3.601225790854351239e+00 -2.599617592057335447e+00 -1.774427007997182226e+00 -9.716863985104828849e-01 -2.979018129529561465e-01 7.242601661081007336e-01 6.155015737771657447e-01 1.615101411154790112e+00 1.282070552356080473e+00 3.734228626334123113e+00 -2.827821033861795397e-01 5.068948139401281416e+00 1.631569059308900504e+00 4.433623947922339936e-01 -1.043285978784998375e-01 -1.506099892268791818e+00 -4.266661315028811435e-02 2.410638160236850680e-01 -6.316789787302861531e-03 -2.293782361196552641e-02
-1.335010834057575582e-03 -4.683379312798616745e+00 -3.601225790854351239e+00 -2.599617592057335447e+00 -1.774427007997182226e+00 -9.716863985104828849e-01 -2.979018129529561465e-01 7.242601661081007336e-01 6.155015737771657447e-01 1.615101411154790112e+00 1.282070552356080473e+00 3.734228626334123113e+00 -2.827821033861795397e-01 5.068948139401281416e+00 1.631569059308900504e+00 4.433623947922339936e-01 -1.043285978784998375e-01 -1.506099892268791818e+00 -4.266661315028811435e-02 2.410638160236850680e-01 -6.316789787302861531e-03 -2.293782361196552641e-02
-1.335010834057575582e-03 -4.683379312798616745e+00 -3.601225790854351239e+00 -2.599617592057335447e+00 -1.774427007997182226e+00 -9.716863985104828849e-01 -2.979018129529561465e-01 7.242601661081007336e-01 6.155015737771657447e-01 1.615101411154790112e+00 1.282070552356080473e+00 3.734228626334123113e+00 -2.827821033861795397e-01 5.068948139401281416e+00 1.631569059308900504e+00 4.433623947922339936e-01 -1.043285978784998375e-01 -1.506099892268791818e+00 -4.266661315028811435e-02 2.410638160236850680e-01 -6.316789787302861531e-03 -2.293782361196552641e-02
-1.335010834057575582e-03 -4.683379312798616745e+00 -3.601225790854351239e+00 -2.599617592057335447e+00 -1.774427007997182226e+00 -9.716863985104828849e-01 -2.979018129529561465e-01 7.242601661081007336e-01 6.155015737771657447e-01 1.615101411154790112e+00 1.282070552356080473e+00 3.734228626334123113e+00 -2.827821033861795397e-01 5.068948139401281416e+00 1.631569059308900504e+00 4.433623947922339936e-01 -1.043285978784998375e-01 -1.506099892268791818e+00 -4.266661315028811435e-02 2.410638160236850680e-01 -6.316789787302861531e-03 -2.293782361196552641e-02
-1.335010834057575582e-03 -4.683379312798616745e+00 -3.601225790854351239e+00 -2.599617592057335447e+00 -1.774427007997182226e+00 -9.716863985104828849e-01 -2.979018129529561465e-01 7.242601661081007336e-01 6.155015737771657447e-01 1.615101411154790112e+00 1.282070552356080473e+00 3.734228626334123113e+00 -2.827821033861795397e-01 5.068948139401281416e+00 1.631569059308900504e+00 4.433623947922339936e-01 -1.043285978784998375e-01 -1.506099892268791818e+00 -4.266661315028811435e-02 2.410638160236850680e-01 -6.316789787302861531e-03 -2.293782361196552641e-02
-1.335010834057575582e-03 -4.683379312798616745e+00 -3.601225790854351239e+00 -2.599617592057335447e+00 -1.774427007997182226e+00 -9.716863985104828849e-01 -2.979018129529561465e-01 7.242601661081007336e-01 6.155015737771657447e-01 1.615101411154790112e+00 1.282070552356080473e+00 3.734228626334123113e+00 -2.827821033861795397e-01 5.068948139401281416e+00 1.631569059308900504e+00 4.433623947922339936e-01 -1.043285978784998375e-01 -1.506099892268791818e+00 -4.266661315028811435e-02 2.410638160236850680e-01 -6.316789787302861531e-03 -2.293782361196552641e-02
-1.335010834057575582e-03 -4.683379312798616745e+00 -3.601225790854351239e+00 -2.599617592057335447e+00 -1.774427007997182226e+00 -9.716863985104828849e-01 -2.979018129529561465e-01 7.242601661081007336e-01 6.155015737771657447e-01 1.615101411154790112e+00 1.282070552356080473e+00 3.734228626334123113e+00 -2.827821033861795397e-01 5.068948139401281416e+00 1.631569059308900504e+00 4.433623947922339936e-01 -1.043285978784998375e-01 -1.506099892268791818e+00 -4.266661315028811435e-02 2.410638160236850680e-01 -6.316789787302861531e-03 -2.293782361196552641e-02
-1.335010834057575582e-03 -4.683379312798616745e+00 -3.601225790854351239e+00 -2.599617592057335447e+00 -1.774427007997182226e+00 -9.716863985104828849e-01 -2.979018129529561465e-01 7.242601661081007336e-01 6.155015737771657447e-01 1.615101411154790112e+00 1.282070552356080473e+00 3.734228626334123113e+00 -2.827821033861795397e-01 5.068948139401281416e+00 1.631569059308900504e+00 4.433623947922339936e-01 -1.043285978784998375e-01 -1.506099892268791818e+00 -4.266661315028811435e-02 2.410638160236850680e-01 -6.316789787302861531e-03 -2.293782361196552641e-02
-1.335010834057575582e-03 -4.683379312798616745e+00 -3.601225790854351239e+00 -2.599617592057335447e+00 -1.774427007997182226e+00 -9.716863985104828849e-01 -2.979018129529561465e-01 7.242601661081007336e-01 6.155015737771657447e-01 1.615101411154790112e+00 1.282070552356080473e+00 3.734228626334123113e+00 -2.827821033861795397e-01 5.068948139401281416e+00 1.631569059308900504e+00 4.433623947922339936e-01 -1.043285978784998375e-01 -1.506099892268791818e+00 -4.266661315028811435e-02 2.410638160236850680e-01 -6.316789787302861531e-03 -2.293782361196552641e-02
