-4.472043992006791591e+00 -7.579920115622645227e+00 -6.066062761100107004e+00 -5.686475358224313936e+00 -2.287414638301259906e+00 -5.177186038002697721e+00 -2.188055277179649316e+00 -5.697933872396760080e+00 -1.169963702269749106e+00 -1.253410433269311008e+00 -1.384286225423641881e+00 7.365939553308072929e-01 1.095749608583848955e+00 1.788985695543723775e+00 5.056655003426236306e+00 2.292062503783265370e-01 9.883879088893067433e+00 2.303493617426854545e+00 3.987393607003144602e+00 3.431386378576376739e+00 8.880569415709357983e+00 5.975307469087901779e+00
-1.048199382695281656e+01 -9.481706696477784746e+00 -8.479143354025742596e+00 -7.483084994283595748e+00 -6.482394258407012444e+00 -5.481557789173978179e+00 -4.483311007645982116e+00 -3.482093709436329121e+00 -2.481930944052590959e+00 -1.478711488572026056e+00 -4.792191934856457891e-01 5.177009078589378532e-01 1.517550204965203875e+00 2.517914575609294658e+00 3.521243793043225878e+00 4.516435978087516290e+00 5.517536503347486132e+00 6.516858768734067553e+00 7.521546688946822101e+00 8.519033362242311114e+00 9.517860953780740374e+00 1.051793320206078874e+01
-7.059502421184905785e+00 -9.797198780811106289e+00 -7.890179675435306628e+00 -1.611217990188196225e+00 -3.019416333265250607e+00 -1.729980511834568357e+00 -5.242293021231432704e+00 -3.030343816975935578e-01 -3.362501698885187018e+00 -1.539722380412920977e+00 3.669280397202056676e+00 -1.224669928146333131e+00 -1.199791506494936044e+00 4.186387380891304133e+00 1.752528846824829900e+00 3.478814533791424246e+00 8.619547944850203258e-01 3.601096946572361013e+00 5.353597048148830417e+00 5.465403660385467433e+00 9.175552823130194824e+00 6.841359874318973411e+00
-1.048227896880020893e+01 -9.480811025608666398e+00 -8.480624939907677629e+00 -7.480232748795659248e+00 -6.481965008784413840e+00 -5.480474803258070793e+00 -4.481291722167613401e+00 -3.481883767653606299e+00 -2.481831978667850436e+00 -1.482659037817606773e+00 -4.808981228958515430e-01 5.180722217668147778e-01 1.517784107815126404e+00 2.518516023050649366e+00 3.517414991151198933e+00 4.518529747020108900e+00 5.518637765537603102e+00 6.518211525272233686e+00 7.518205073069443856e+00 8.518741358410224507e+00 9.517832655798299513e+00 1.051947433162818690e+01
-1.048139002546670184e+01 -9.481373205780977642e+00 -8.481562335044143808e+00 -7.481970466673388387e+00 -6.482297241687771105e+00 -5.481621738523259069e+00 -4.481166128069155263e+00 -3.482040960341699076e+00 -2.480910096317522573e+00 -1.482324589043855667e+00 -4.812977202236705665e-01 5.195583105087244746e-01 1.517926037311546850e+00 2.518904596567146825e+00 3.518388420343391942e+00 4.519052602350708270e+00 5.518106631934635686e+00 6.518838115036480474e+00 7.518781341612337243e+00 8.518174689263098287e+00 9.518511764705174016e+00 1.051817967370151763e+01
-7.512456265123388377e+00 -9.764502200611685723e+00 -8.736178609297430953e+00 -7.774366335906495173e+00 -6.758240725817366901e+00 -5.728462424047562784e+00 -4.748205789345560035e+00 -3.771656786628305724e+00 -2.778461374161495190e+00 -1.761790162246984703e+00 -7.771146844326795033e-01 2.605635774082602496e-01 1.203679927457808052e+00 2.210787590202823338e+00 3.226622282641373740e+00 7.438603303707968628e+00 5.192181675595166190e+00 6.183179155113654346e+00 7.176666348661073336e+00 8.229346429445758559e+00 9.216607650165251187e+00 1.017966509338253012e+01
-1.048097359897057146e+01 -9.480770809067900373e+00 -8.482491692020113661e+00 -7.481956934048371366e+00 -6.481587839736162593e+00 -5.481719059361653379e+00 -4.482654442502672865e+00 -3.482243088497355643e+00 -2.481639829887575033e+00 -1.482008015228926112e+00 -4.808923354880345613e-01 5.202309661968200771e-01 1.520163769410419974e+00 2.517978879199787912e+00 3.518296743319799802e+00 4.519952530549334213e+00 5.517685631798077139e+00 6.517531449483200845e+00 7.519347856329254398e+00 8.518064993010330710e+00 9.517548727379605111e+00 1.051860377429561666e+01
-6.914865330702505197e+00 -6.710359073742937497e+00 -5.419915018130792461e+00 -4.783303985186535101e+00 -1.800834193575906905e+00 -3.790702085607036587e+00 -1.988684344034926221e+00 -5.681593773355886334e+00 -3.348768052654979233e+00 -2.471117917969292144e-01 1.674019566643718537e+00 -1.400289980467914308e+00 4.406617995600730087e-01 2.797006018084574830e+00 -1.254701891458691598e+00 5.181056533929586649e+00 5.672753534713097068e+00 5.806046750173821991e+00 6.644266025601315739e+00 1.821350642096402517e+00 3.207312625606061118e+00 1.050312370046910537e+01
-1.047738497162399796e+01 -9.482996316795979652e+00 -8.481710108166371498e+00 -7.482446717267684733e+00 -6.481351198797856483e+00 -5.479362989013836227e+00 -4.482134262269184433e+00 -3.481379294937298141e+00 -2.482238518243461201e+00 -1.482867824083008657e+00 -4.832611849362073997e-01 5.227790156548781653e-01 1.517869336361247434e+00 2.517035899514510788e+00 3.520194081420260801e+00 4.516932120377379789e+00 5.518015218729335203e+00 6.516887580806566049e+00 7.521330339664778819e+00 8.517772076482135191e+00 9.516894055361104776e+00 1.051789133792575015e+01
-1.047643557461832842e+01 -9.482613104310901875e+00 -8.484649839726369436e+00 -7.480880903926788505e+00 -6.479665639725606496e+00 -5.483039039102479251e+00 -4.482318523255273135e+00 -3.476724180308274015e+00 -2.483817654577169520e+00 -1.480536254969528898e+00 -4.799367067488908845e-01 5.188883515921354217e-01 1.522052747282103269e+00 2.517117169770310525e+00 3.518825021657065122e+00 4.515325483950688223e+00 5.514533338221621506e+00 6.515188378366540078e+00 7.519935098561363773e+00 8.518886965784140841e+00 9.518421766432835440e+00 1.051791077581317424e+01
-1.048167317800896825e+01 -9.480228517881831962e+00 -8.480815362862546891e+00 -7.481263090602379151e+00 -6.480924782089195091e+00 -5.480954480103452653e+00 -4.481796753338780803e+00 -3.481278222731573280e+00 -2.481306460432012528e+00 -1.481695909730401439e+00 -4.827510982074461054e-01 5.177889571271201419e-01 1.519083860584283130e+00 2.517428676851771741e+00 3.519512626596480231e+00 4.519089552827860956e+00 5.518552380867983942e+00 6.517797786065129273e+00 7.518438878723177510e+00 8.517566728659659248e+00 9.517530012198472278e+00 1.051836607164957904e+01
-1.048199466107927691e+01 -9.479882116006180581e+00 -8.483159514652063748e+00 -7.480862530456374060e+00 -6.482318366454405734e+00 -5.480931031094360861e+00 -4.480175825343902574e+00 -3.481873007999245928e+00 -2.480469109998498567e+00 -1.482850017534072862e+00 -4.814067432149045089e-01 5.189629024402506730e-01 1.519863238050163545e+00 2.517277677966772487e+00 3.518206608905021682e+00 4.519077745689573433e+00 5.518430632962409987e+00 6.516194490207853462e+00 7.517777403308576467e+00 8.519666401161369862e+00 9.517852199687181880e+00 1.051908129961651639e+01
-1.048130391944536655e+01 -9.479700897227624878e+00 -8.481687371026376709e+00 -7.481252838264826011e+00 -6.482129071246481189e+00 -5.482619148086410377e+00 -4.481094349514332720e+00 -3.480895687233319435e+00 -2.481801819394924280e+00 -1.481318224560119745e+00 -4.824016879905350663e-01 5.197874192487095257e-01 1.517829116095199993e+00 2.517064731229432084e+00 3.519352744926104393e+00 4.519277039576662602e+00 5.519468154419552519e+00 6.518003973771227422e+00 7.518488015640867772e+00 8.518086496401918950e+00 9.518021132458342137e+00 1.051729386638511521e+01
-1.188725682315072874e+01 -6.087926241973645070e+00 -4.934703301895537741e+00 -4.608231170838029911e+00 -3.414670630141406260e+00 -4.448266910165612487e+00 -3.081001473374642252e+00 -2.076781489143658455e+00 -9.950886850985920518e-01 3.962449039740243428e-01 2.238263315202323245e+00 1.331784032922299854e+00 3.160425450972813355e+00 2.406440628159483008e+00 -9.985174094759794450e-01 4.314792082154909281e+00 5.843765924081256280e+00 6.770197509121864243e+00 1.363540378261554942e+00 7.943915847956933618e+00 3.217698059231469010e+00 3.951843679381627616e+00
-7.550036714975551178e+00 -7.285695583561277999e+00 -4.696621320210921269e+00 -5.809666772223701869e+00 -6.293498094032080381e+00 -4.606040009791454892e+00 -5.042129016355715976e+00 -2.695925293536894696e+00 -1.677021975487551719e+00 -3.389292623946527527e+00 -2.346858276589868009e+00 -3.556106034373386349e-01 3.535003786278998028e+00 2.984953248311852825e+00 4.221246827807534352e+00 2.064301774429334824e+00 5.322252769099909742e+00 4.549300409175356386e+00 8.101080624753338455e+00 7.655049247629501785e+00 8.672499579546531834e+00 5.049175693279240207e+00
-1.074976042581311653e+01 -6.609049465050961913e+00 -8.800679326541033021e+00 -7.790628638496178482e+00 -3.534550611035014001e+00 -5.855022577074586287e+00 -4.872175083517166883e+00 -3.915337601926493605e+00 -2.919163580014782600e+00 -2.019064359398261121e+00 -8.814571320896766871e-01 7.247420959494030313e-03 1.112423470582137197e+00 2.048432097747236558e+00 3.049279737094503506e+00 4.105388447445617039e+00 4.990336688316352465e+00 5.991416338231390526e+00 1.017253133312573077e+01 7.959693308800933842e+00 8.981427211062378291e+00 9.935180423754218282e+00
-5.466133714764887408e+00 -1.013393345652478139e+01 -8.988614637944518648e+00 -7.905612966812537223e+00 -7.330150999435219639e+00 -6.513229903436591250e+00 1.096269241630336566e-01 -1.472742151673892996e+00 -6.314987563830407602e-01 -2.553282459029575513e+00 -1.473447658097774227e+00 -4.628696544842826333e-01 7.748143554429126612e-01 1.483563236005094321e+00 2.181056969295414927e+00 6.052267083926390789e+00 6.986465870625492514e+00 5.171689586557569385e+00 5.983913182377996520e+00 7.074059692506267538e+00 8.043115510478379804e+00 9.477411623371272853e+00
-1.048258560387922955e+01 -9.480779680000095411e+00 -8.481377633796489235e+00 -7.480987275527297697e+00 -6.480521085248749813e+00 -5.481249603019520578e+00 -4.480697500096127328e+00 -3.481515752659609220e+00 -2.482116940007948358e+00 -1.481898891316212996e+00 -4.809107804162913169e-01 5.180716043846214092e-01 1.517909323288639811e+00 2.518078496171671787e+00 3.519185369326315538e+00 4.518795234574511710e+00 5.517983531071383396e+00 6.517866556956008139e+00 7.517884892834867827e+00 8.518101466311648551e+00 9.518404541029171995e+00 1.051882740618153100e+01
-1.048170107704667231e+01 -9.483087615194625286e+00 -8.478628718378864448e+00 -7.482598059895360976e+00 -6.480981693687743572e+00 -5.481259011748159438e+00 -4.481859014454196100e+00 -3.481726513328865735e+00 -2.483086519959273986e+00 -1.481719085100008826e+00 -4.828440259126001166e-01 5.219712694260287833e-01 1.517263187942193170e+00 2.520144126293343945e+00 3.522112420675439282e+00 4.520299530503436358e+00 5.517464942214171941e+00 6.517736359414737279e+00 7.517988658425498016e+00 8.517142086205163665e+00 9.517032428559943469e+00 1.051680400120941172e+01
-1.048226001350720793e+01 -9.481160352514541145e+00 -8.479300963269045255e+00 -7.482917639003577648e+00 -6.478557462380685195e+00 -5.482131192968655142e+00 -4.483374828980732474e+00 -3.482383402572448716e+00 -2.481528806076800819e+00 -1.482229741798207101e+00 -4.794059121473317475e-01 5.178624814884162930e-01 1.518218440427014926e+00 2.517267709089940908e+00 3.518647161735723117e+00 4.517925975336261502e+00 5.521015403284264877e+00 6.519562182439990750e+00 7.518680748953059378e+00 8.517563877119249227e+00 9.517823798073958841e+00 1.051715021343393097e+01
-1.046959560432217273e+01 -9.483556591651646883e+00 -8.485531353137698574e+00 -7.484722071073278471e+00 -6.484689705751151223e+00 -5.485017918727614017e+00 -4.483786754987441725e+00 -3.483399712226610490e+00 -2.484923206947055263e+00 -1.484436236999247427e+00 -4.838222495534196810e-01 5.304834016344752712e-01 1.517510033466596298e+00 2.515531725504175142e+00 3.531490064480092173e+00 4.530791617252610592e+00 5.515536344864154117e+00 6.515916741707107107e+00 7.515551126816061966e+00 8.514898992397567312e+00 9.516357279636640243e+00 1.051588175378062218e+01
-1.048205391486943938e+01 -9.482063377106729973e+00 -8.482565657997689357e+00 -7.480290794575783053e+00 -6.482148052955222894e+00 -5.481860222125614968e+00 -4.480653257871228590e+00 -3.481417583132351723e+00 -2.480824054980820037e+00 -1.480571167374215236e+00 -4.808338301425756356e-01 5.182841328734557607e-01 1.518059997057358501e+00 2.519626004790703533e+00 3.517476445233265636e+00 4.519182508980671642e+00 5.518270543014448748e+00 6.518246239220538030e+00 7.518243728374880419e+00 8.518014146184361479e+00 9.518719388341349230e+00 1.051762645522300588e+01
-1.048319891027428241e+01 -9.482677444138300160e+00 -8.479256733574642269e+00 -7.482186927714153057e+00 -6.482103093781244496e+00 -5.479266344823621182e+00 -4.482158257879994778e+00 -3.482205271043563144e+00 -2.481628245928055421e+00 -1.481472901322614888e+00 -4.812131442806926174e-01 5.168495184995904879e-01 1.520680271766401859e+00 2.516997010193083639e+00 3.517408818683838589e+00 4.517715313217857798e+00 5.521110773763876267e+00 6.518540465018963559e+00 7.520458333871584244e+00 8.516943485222077115e+00 9.518146590075707181e+00 1.051898437061093183e+01
-3.984865513669455517e+00 -8.831618253695909360e+00 -2.510926042108975409e+00 -6.574945584274996868e+00 -6.328562943153310805e+00 8.486503928498105864e-01 1.901758633585044045e+00 -4.468583581545359174e+00 -3.503130415810722376e+00 -3.114237963645123397e+00 -7.081002064105146321e-02 -1.480436065981011406e+00 -2.857546157956702970e+00 2.533496793575586548e+00 1.093021267718989664e+00 2.267060577140776800e+00 6.120670891907478151e+00 6.444108204852853738e+00 3.975087534599995642e+00 3.263182582448175495e+00 7.586613029525704377e+00 8.098480310440940855e+00
-9.268236358188367774e+00 -7.857334182982860682e+00 -7.142934705036794618e+00 -6.108466626391493293e+00 -5.415510732840686181e+00 -4.069074403583817556e+00 -3.570741721015405101e+00 -2.467379019826084541e+00 -6.043750896830555774e+00 -2.445398953292480804e-01 2.745239550465009559e-01 1.574790988321062013e+00 2.324219655508655169e+00 -1.346268517821289645e+00 4.408982442746428809e+00 4.950063645182115835e+00 5.813698677394969927e+00 7.053373816056178747e+00 3.298810979814605915e+00 3.798395698342948101e+00 9.885347335211788433e+00 1.055849754238407634e+01
-1.001977170164645159e+01 -8.593462016548635063e+00 -3.687566442690995316e+00 -3.173781000121066675e+00 -7.024631210831644879e+00 -3.802136440394893846e+00 -4.729882318502960814e+00 -4.899635834522759748e-01 2.019608448746196938e+00 -1.982586618835479708e+00 -4.765755374442297021e-01 2.277538081615182453e-02 2.076010660643692773e+00 8.181497384238398674e-01 5.202001431965723732e-01 7.376401124318506142e+00 4.104790247894952948e+00 3.734375454759040203e+00 5.605207379689478131e+00 5.221933092722359504e+00 5.822792112494346028e+00 7.064580762926214064e+00
-1.051886769105559516e+01 -9.869325599439561003e+00 -8.508781552766530254e+00 -4.299820654519071361e+00 -6.523105421518282654e+00 -5.742282602854100304e+00 -1.473776134530742521e+00 -6.775108170235568661e-01 -2.460951265994911097e+00 -2.126423327626994375e+00 -8.587853947332250160e-01 9.307954195943124454e-02 7.754878493568122533e-01 1.940475024871834764e+00 3.305647235641892223e+00 3.832527453840008036e+00 8.190802787623139736e+00 5.171795197911039033e+00 5.920325928340738564e+00 7.017732540376337091e+00 8.145683328765596087e+00 9.072541249538472741e+00
-5.668378432364927555e+00 -7.175429833467411811e+00 -5.009976026230528845e+00 -7.683874679902105598e+00 9.918285451458830337e-02 -2.849156550154345879e+00 -5.605867544926905310e+00 -3.347328585568973836e+00 -3.368022208582803323e+00 4.123603701264974219e+00 -2.265128871104430175e+00 -1.628787245431992936e+00 -5.379895431566139585e-03 -3.339347684359292856e-01 8.694367472737257074e+00 1.814182715261697609e+00 3.423968287145907397e+00 4.806102201846176314e+00 4.070456493997417269e+00 4.355409592432073040e+00 6.591984136136343153e+00 7.368474862428210592e+00
-7.843480546376189189e+00 -6.503257705141482603e+00 -8.847561300446121990e+00 -4.599987192143368375e+00 -3.588802032338910930e+00 -2.255607273486306852e+00 -1.609552004565937500e+00 -1.129096358322387417e+00 -5.208491047780541727e+00 7.846951768819243611e-01 1.604325643051224715e+00 -3.931583879595225817e+00 3.474362888139821415e+00 4.903252884610722617e+00 2.164265623513892400e+00 6.306856252957164344e+00 -2.633932406010758509e+00 1.702178367733388598e+00 9.274513280250635816e+00 5.387302660822467004e+00 7.793826630760752217e+00 5.162240013647950931e+00
-1.048302254893566499e+01 -9.480456382713532193e+00 -8.478627719662410911e+00 -7.482326418838741944e+00 -6.480807409367782768e+00 -5.482376494190933869e+00 -4.481907688758592911e+00 -3.482729137621152660e+00 -2.482044034383511288e+00 -1.480798319659449191e+00 -4.807106933810576521e-01 5.182120867750779070e-01 1.519979275085706405e+00 2.517313598909149519e+00 3.518451384522691683e+00 4.518736250021234468e+00 5.519121415235769490e+00 6.518581218340170125e+00 7.517963207580818263e+00 8.518651983954679707e+00 9.518465957858333937e+00 1.051679814539171787e+01
-1.048226972466164142e+01 -9.481033792549901307e+00 -8.481357363814652217e+00 -7.479778034443226531e+00 -6.483001878315739930e+00 -5.482074370438388300e+00 -4.482238581234751607e+00 -3.481137504631826474e+00 -2.483149727637101734e+00 -1.481014175171191383e+00 -4.808898249810376058e-01 5.169453715736196386e-01 1.518704453652555131e+00 2.517765680497339176e+00 3.519965330308133744e+00 4.518601680343801164e+00 5.519241729920564055e+00 6.518693091517144822e+00 7.518114702945409178e+00 8.519589850848367618e+00 9.519069502299482011e+00 1.051772126013582742e+01
-9.164744241817349035e+00 -7.968459473397831339e+00 -7.020374053171567041e+00 -5.862967737280007086e+00 -5.836762234651537540e+00 -4.358009178571538023e+00 -3.813289978722480100e+00 -2.739699281130310027e+00 -1.547215208567715772e+00 -5.700476517708468194e-01 -3.873099338808409176e+00 -2.584606468759457432e+00 1.860079200714349623e+00 3.514444602776559456e+00 4.915109695961710656e+00 4.876124131412341356e+00 1.724263930882528495e+00 2.783391779706484215e+00 7.760756483529344329e+00 8.470156635748898211e+00 9.318114387977558977e+00 1.052330167410199202e+01
-1.047855418039991093e+01 -9.482392987744368895e+00 -8.481684035198245653e+00 -7.482622853056961176e+00 -6.481503373519919009e+00 -5.478887936608339615e+00 -4.483649394051598236e+00 -3.481179019944244502e+00 -2.483447796241778249e+00 -1.480325108902013298e+00 -4.829129041595869865e-01 5.176108418540543710e-01 1.517705732448538569e+00 2.518772968514399579e+00 3.518104085190731922e+00 4.516690978272396961e+00 5.520573028786616376e+00 6.520282038910826472e+00 7.518393674357383816e+00 8.517211624844509998e+00 9.517408737404780439e+00 1.052087355540557745e+01
-5.072935448779936074e+00 -4.960429329230255036e+00 -5.321427433644362992e+00 -4.003903953558914708e+00 -7.466089130208408697e+00 -2.167473116211929618e+00 -1.534685073973402591e+00 -1.491569537149150637e+00 -3.910601800249315030e+00 1.483363200055491937e+00 2.724549892747526236e+00 -1.116874465968223928e+00 -2.040822748748573279e+00 -1.098305155227831786e+00 -3.035778091589315331e+00 2.226846992505322032e+00 5.590074359489713096e+00 5.978027017513549701e+00 7.439774569763764944e+00 4.275256587572316747e+00 3.966132921584767601e+00 9.943337419469891358e+00
-1.048175685751162689e+01 -9.480592927810798543e+00 -8.481205015358584731e+00 -7.481667018410835368e+00 -6.481428525325904744e+00 -5.480555980381627279e+00 -4.480907163498070389e+00 -3.481545663354072673e+00 -2.481408557769908541e+00 -1.481615221974511343e+00 -4.813772429796721042e-01 5.196310291913448509e-01 1.517717831852769095e+00 2.517815955999225253e+00 3.517693617465825540e+00 4.518978157165379983e+00 5.517948926511140328e+00 6.518826165321200961e+00 7.519023039462899405e+00 8.517314904454082125e+00 9.518434428694577676e+00 1.051714379442009495e+01
-8.158493881928819746e+00 -7.130315029409121763e+00 -7.165518801506904012e+00 -8.558423381041521338e+00 -5.507832899729963927e+00 -5.687372497828965479e+00 -3.490018323276932843e+00 -4.329681257950324103e+00 -2.490275919865624576e+00 -2.811766079509533944e-01 -7.789577577461588298e-01 9.255145459019364917e-01 2.199261970889922146e+00 2.545299616430740652e+00 3.199449686667514392e+00 4.333199614907236707e+00 5.957110087943762622e+00 6.313188995499046108e+00 4.966193380213656638e+00 5.360892433497646437e+00 9.030841224602076167e+00 9.153582477844473431e+00
-1.048054821247400525e+01 -9.481634834950609658e+00 -8.480857679789705728e+00 -7.481291735714140856e+00 -6.481210479682127712e+00 -5.481463210826564847e+00 -4.482597718184631930e+00 -3.481355006044559275e+00 -2.482456902211358951e+00 -1.481879616325535665e+00 -4.805166890675334201e-01 5.178466418927403225e-01 1.517931623215032388e+00 2.518492823297327377e+00 3.517783632332628585e+00 4.519028669053859915e+00 5.518277903849432064e+00 6.519885746592828824e+00 7.518001345748256625e+00 8.518529293889351095e+00 9.517874402756042684e+00 1.051862767880613525e+01
-9.292196915240817034e+00 -8.523726910731973305e+00 -6.331894645424783974e+00 -4.850506301648104035e+00 -3.751401020959630905e+00 -8.582326613315471420e+00 -2.979818612145043843e+00 -3.303829909422256184e-01 -2.578260068162473218e+00 -1.253784776021271252e+00 2.662426230405652294e-01 2.610204171522965133e+00 1.884692369382532595e+00 2.938647483639563962e+00 -1.000803321050564243e+00 4.088442083040328967e+00 6.076520389135409594e+00 2.162031391065846186e+00 7.743580325279904031e+00 3.602312963202251250e+00 8.639094414596476312e+00 9.869801637899236368e+00
-8.296633673205098702e+00 -4.516836401027674697e+00 -2.963347558882258870e+00 -3.301974630313968984e+00 -1.548994588367453407e+00 3.039923543691203989e+00 1.307188519123385184e+00 -3.558662328470391323e+00 -1.193692933154819391e+00 7.486018673297685222e-01 -1.625148252794453629e+00 5.892688688078320247e-01 -1.734071596719995112e+00 -2.562883570310656722e-01 2.792654778900164114e+00 -1.353380925518191225e+00 3.634755413588048434e+00 -9.154254637698975294e-01 2.492388705033791396e+00 5.220949626229053564e+00 7.071903444235624114e+00 4.773289618479124030e+00
-8.430968979157407617e+00 -6.966654632008391523e+00 -6.154577170572206768e+00 -5.747670092244963946e+00 -4.692972709325398561e+00 -4.970537903456872186e+00 -2.935927755943582795e+00 -2.182840167183871305e+00 -4.899824425187087940e+00 -4.646300208661559239e+00 -1.028583416642950610e+00 6.529446123191852136e-01 2.422622195195777373e+00 3.628580321267376174e+00 2.345132752268547227e-01 4.512634622940352003e+00 5.699668226023754336e+00 6.232877021959888353e+00 7.082515289634573996e+00 8.681842325384780068e+00 8.488458023916431117e+00 5.426669222678034643e+00
-1.048063325373959032e+01 -9.482583636925971504e+00 -8.482178280638006385e+00 -7.480882952497765359e+00 -6.482328335331226654e+00 -5.481633017347597558e+00 -4.480948785827912673e+00 -3.479621956632900748e+00 -2.480560901151449116e+00 -1.480845595286634619e+00 -4.816495203836304029e-01 5.171624472872853318e-01 1.519032394005504827e+00 2.517857705666266099e+00 3.518340309573853020e+00 4.517817107452593461e+00 5.517696728421890739e+00 6.519185019149029259e+00 7.517229606820791332e+00 8.518933882428852300e+00 9.519037736071782163e+00 1.051804097504778746e+01
-5.224718939979240417e+00 -8.598489022924344027e+00 -3.702744802644283517e+00 -2.944939596167836182e+00 -3.378944240050730574e+00 -3.106968988806955601e+00 -6.190305756777476631e+00 -3.237780345817097505e+00 -4.716770326117897483e+00 -1.130938742870554847e+00 -1.515552593245170332e+00 -6.585431835999966399e-01 6.870291923551914870e+00 -3.388605641722117756e-01 3.866015347276856584e+00 2.769783032099880415e+00 7.272289135817096906e+00 4.135040792226931217e+00 2.150751425024020502e+00 5.907939492422602967e+00 5.341358945429742988e+00 6.838554685487480356e+00
-1.048089164190675149e+01 -9.481165055862875946e+00 -8.481801372698761554e+00 -7.482233960858820865e+00 -6.481146779588675244e+00 -5.482264895669445082e+00 -4.481605079702354999e+00 -3.482277762822141298e+00 -2.480674390427084930e+00 -1.480180543593387910e+00 -4.812353520908239091e-01 5.180707529864410077e-01 1.517225171693336705e+00 2.517281669446001402e+00 3.518647331067096928e+00 4.518645513125434832e+00 5.518977749415414635e+00 6.518766853281032780e+00 7.520948316224590258e+00 8.517550501295099608e+00 9.517472970553409795e+00 1.051835768229581269e+01
-6.185216020893836486e+00 -1.128086313923164496e+00 -5.923743882881451484e+00 -6.000530238701312413e+00 -6.253196834236173451e+00 -5.803316871958719148e+00 2.455470579407564635e+00 -1.911096414089995088e+00 5.019213221471789055e+00 -3.949772190678618511e+00 1.172779902699587540e+00 -1.582525145800723454e+00 7.506081243350015697e-01 -5.049240749149777052e-01 9.417182708889026976e-01 3.580846950419747543e+00 1.565307028097866038e+00 3.229805242834390633e+00 5.450018397680596038e+00 8.087980566772957403e+00 3.479612803057616333e+00 3.915514576575674255e+00
-8.952816011177874955e+00 -7.430381451546634430e+00 -6.444564189349877736e+00 -5.733876274988756627e+00 -4.733883838311355952e+00 -3.684652593951027288e+00 -3.132889656029423708e+00 -2.302541279531086449e+00 -1.812521589802785105e+00 -5.482039311834303597e-01 5.951991786987258504e-01 -3.892995501139750125e+00 -3.192669071344583109e+00 3.462626061929750865e+00 -7.022695606438549287e-01 4.613419476650583384e+00 5.867161179519380099e+00 6.924763190087284137e+00 7.125595442894454123e+00 8.613052467050849259e+00 9.959736836982195030e+00 5.809178791349935089e+00
-1.048140122809188313e+01 -9.481146589598857588e+00 -8.482880868694985921e+00 -7.482398220083929630e+00 -6.480798967859945137e+00 -5.482020520351149173e+00 -4.480757900259703774e+00 -3.481194094500754233e+00 -2.479625277898502844e+00 -1.482238606295783967e+00 -4.815788052298710653e-01 5.181223668835457374e-01 1.519841960885315757e+00 2.518669835545805924e+00 3.517068698324946396e+00 4.517300351776865952e+00 5.519432432272223465e+00 6.517513803460388999e+00 7.519804000177179759e+00 8.518597058274533396e+00 9.518474555828356998e+00 1.051768369159915295e+01
-1.048331843722947809e+01 -9.469098974357937237e+00 -8.483871568333009705e+00 -7.484008122574207889e+00 -6.484742153774597284e+00 -5.485133726488454542e+00 -4.484285105358464918e+00 -3.483956564556471847e+00 -2.484314460646011469e+00 -1.469667721878385791e+00 -4.837964962829186533e-01 5.154496837746034288e-01 1.515198807824747362e+00 2.515777390111580303e+00 3.530228685248985698e+00 4.515226434577598980e+00 5.516775499690663054e+00 6.515861164439813891e+00 7.515540104020733025e+00 8.515781711448326519e+00 9.516456644643440654e+00 1.053036488186229391e+01
-9.224202246082263912e+00 -9.952387247898119682e+00 -4.625307765177671726e+00 -3.389385460619379842e+00 -6.548949197810331135e+00 -6.493326741110156952e+00 -3.432825660040904614e-01 -4.034762387096368919e+00 -2.024942451612732341e+00 -2.210710755332769395e+00 -6.930849717746612182e-01 -4.272253799020861442e-01 9.709893362261760030e-01 1.179087058129889787e+00 2.604049112808159983e+00 3.733912685078569105e+00 4.401391442827291556e+00 4.192017877587891128e+00 5.963916175148587406e+00 1.110707117046264436e+01 7.757182228611388730e+00 8.464417759702751454e+00
-1.048236485638401660e+01 -9.481731199405398769e+00 -8.482231207869258327e+00 -7.482803509316676482e+00 -6.482555397532193453e+00 -5.480880343101235397e+00 -4.479129046879011256e+00 -3.482143641195515116e+00 -2.481274374506686087e+00 -1.481635042212216646e+00 -4.801522500135693150e-01 5.175907605073639672e-01 1.519676043905995755e+00 2.520671374418512301e+00 3.520331717350265066e+00 4.518527276136657278e+00 5.517640239813106362e+00 6.517874992706557791e+00 7.518088742413306491e+00 8.516870930113572769e+00 9.518678224899549178e+00 1.051741824231364397e+01
-1.048142095926131390e+01 -9.480598981407549530e+00 -8.483235473659902937e+00 -7.483996207741189011e+00 -6.484861458567046100e+00 -5.482711012390527827e+00 -4.473936329511072785e+00 -3.480989257720391805e+00 -2.481672848490125816e+00 -1.485187525776300532e+00 -4.792861593040544932e-01 5.241241502490918691e-01 1.517025177451692741e+00 2.518696312877262145e+00 3.521488641473379033e+00 4.516389896246518987e+00 5.520060901614753490e+00 6.515906547280874150e+00 7.515149598094554406e+00 8.520869170400228398e+00 9.519835029813375371e+00 1.051481846449049762e+01
