2.059807746215539836e+01
2.981220856618882564e+01
2.839542466814466337e+01
2.259730145723447947e+01
2.981224042893698467e+01
2.981195671052428153e+01
2.800139377623969494e+01
2.271385853144196787e+01
2.981181713118383314e+01
2.571372817000629851e+01
1.790601167453613840e+01
2.981186958540419951e+01
2.981198165862893745e+01
2.981157164048298824e+01
2.853961531077669633e+01
2.981173913824626709e+01
2.981126333817399754e+01
2.981108822750142551e+01
2.349872737806283496e+01
2.981191187510295393e+01
2.167661163687300174e+01
2.981223774519848391e+01
2.981259841548479983e+01
2.591874779393339168e+01
1.777206906237282880e+01
2.981094397582323907e+01
2.802089823242628341e+01
1.826601747407137211e+01
2.118759595499864901e+01
2.981119312131982468e+01
1.828326436952774614e+01
2.811566517320919090e+01
2.711890204629953161e+01
2.183381255108016461e+01
2.981188684153142177e+01
1.611099267031032056e+01
2.981196093669324299e+01
2.981172142651550416e+01
2.981120819199125549e+01
2.981145151587925923e+01
2.981175774771556064e+01
2.981156124116959916e+01
2.981187920096576960e+01
1.895536147176478181e+01
1.942351838595116575e+01
2.981220204240472071e+01
2.730155995712338068e+01
2.187389527144330970e+01
2.981171950159772877e+01
2.981179273708483279e+01
