2.003100587740631511e+01
2.179078426196729623e+01
2.117072516767896317e+01
2.270289659049879205e+01
1.887221134322090066e+01
2.980370756199623727e+01
1.928844580374209627e+01
1.737441852681643439e+01
2.584116696813573100e+01
2.697613153420090271e+01
2.289205151340858180e+01
2.980369103139087983e+01
2.980322960117522513e+01
2.980366338131973336e+01
2.348778289295190191e+01
1.778378062985990482e+01
1.925998317182245145e+01
2.844605771798096328e+01
2.769080904777577956e+01
2.203875094272389745e+01
2.980292137530097207e+01
2.980358291391229741e+01
2.489816473409446473e+01
2.980316067736049490e+01
2.980242781361841864e+01
2.980288291763982045e+01
2.980386401660896567e+01
2.426375973133119857e+01
2.980341727479257941e+01
2.483043249865970026e+01
2.569359522066109136e+01
2.980422813405319360e+01
2.980343704336801736e+01
2.980366289412124914e+01
2.980341532812684946e+01
2.644760692199027829e+01
2.980292647818887275e+01
2.826377259657899543e+01
2.314392922868658786e+01
2.141323520484100840e+01
2.980357471254018620e+01
2.980459941237753796e+01
1.503303531973853779e+01
2.980302280190728936e+01
2.980340703824355941e+01
2.980275466194451894e+01
2.980320432976312262e+01
2.980335442208824048e+01
2.446758041518403815e+01
2.980459781652627171e+01
