2.913044107142613370e+01
2.979084004337066816e+01
1.959335803846632373e+01
2.320759278994938057e+01
2.462612791863019623e+01
2.319071986156790999e+01
2.979158234571241692e+01
2.338365533776796568e+01
2.979143690720067639e+01
2.979130704550734166e+01
2.979180717804935341e+01
1.900983912842886525e+01
2.979208350731488508e+01
2.429892845710764959e+01
1.722659116139491786e+01
2.153456605695033943e+01
1.971504750273012618e+01
2.828333480257057175e+01
1.586840648520829511e+01
2.321693479299677776e+01
2.979156005547560326e+01
1.958771932495765000e+01
2.059575297045316944e+01
2.979158321894649220e+01
2.941693389496802880e+01
2.979188692340998301e+01
2.979102302601919305e+01
2.618544477048853025e+01
2.794665707802184329e+01
2.979173297829124678e+01
2.979092954509910030e+01
2.979145433189515302e+01
2.213026227743812058e+01
2.979145711221971027e+01
2.979158012021893143e+01
2.979110429004479599e+01
2.626252926564457368e+01
2.252610642135843833e+01
2.979126112541407778e+01
2.491978563376899203e+01
2.979198311639883556e+01
1.499789815964602369e+01
2.631128294868942774e+01
2.285467902853437749e+01
1.666745653775210911e+01
2.744573336381100148e+01
2.188571602252253712e+01
2.979191528706621739e+01
2.828002873329381828e+01
1.886900446536747111e+01
