1.442374982797836880e-01
7.523715360030233112e-01
1.173694778019885421e+00
3.113748697256741305e-01
3.568155094680144357e-01
6.501829991395807751e-01
5.113667385678192234e-01
3.523648508754750330e-01
4.196126325335499119e-01
5.187021135265756921e-01
9.182438849533298697e-01
6.064999486524172978e-01
7.553258453868586519e-01
1.793123563308709256e+00
4.019945661208697563e-01
3.160293321818862244e-01
2.869622627373789037e-01
5.253291395125558871e-01
5.097574061412672997e-01
6.010762208667840278e-01
1.235214334720258877e+00
5.365067393838897081e-01
3.303397113784839467e-01
4.028130588417490054e-01
4.740109813242706083e-01
5.182235719883616643e-01
2.660338777215150441e-01
7.453145495630305595e-01
1.254099585781191628e+00
3.763407382625823527e-01
2.881958431502451567e-01
4.509128063073488124e-01
4.115837755702557721e-01
2.924731305470176790e-01
5.034538345330615838e-01
3.331944387836756061e-01
4.254686142906695112e-01
1.010577097528624568e+00
4.000995520599141542e-01
4.996240932592609929e-01
3.995037937386414773e-01
5.996836773737606041e-01
6.087515015112433536e-01
8.158233415815334677e-01
5.752837647189812387e-01
5.283749266435940894e-01
4.370885692227463037e-01
3.164904095497808600e-01
1.103363254512648162e+00
4.531446363158214141e-01
