2.286357858181733604e+01
2.980320475140063152e+01
2.980294401917742420e+01
2.120466132020720096e+01
2.980283859457160744e+01
2.613246934689893664e+01
2.980357305187316541e+01
1.763633341889433481e+01
2.325034197120314872e+01
2.706939241950354713e+01
2.980277617899777454e+01
2.744916658284354583e+01
2.285708364563511097e+01
2.980269260759483529e+01
2.980218168156539349e+01
2.980204227162481700e+01
2.980309300331262889e+01
1.847485003174522689e+01
2.356716483588186861e+01
2.724784813940547323e+01
2.980304688460507379e+01
2.980327624895445382e+01
2.263012889912171843e+01
2.980308133384443536e+01
2.980327884342331046e+01
1.812858026287452518e+01
2.980271807407596540e+01
2.980325431325900354e+01
2.980318723325178709e+01
2.980283183743811293e+01
2.660252860981980660e+01
2.570416608854616314e+01
2.035744648495175113e+01
2.421230034019753674e+01
2.980270993216285547e+01
2.734465661717590379e+01
2.252909986096076267e+01
2.838653863637523855e+01
2.980277521966666399e+01
2.515610958139002307e+01
2.270832493182918199e+01
2.396857909632673866e+01
2.014194585324860398e+01
2.697871362333373213e+01
2.980294275874715382e+01
2.980277175659754363e+01
1.688355478280726274e+01
2.980283282370003661e+01
1.418744874930318289e+01
2.980192127606790464e+01
