2.982349339800224897e+01
2.982242730158611366e+01
2.982299513229759924e+01
2.982260968911664989e+01
2.166636985749662259e+01
2.441172084949965182e+01
2.982246531443734483e+01
2.982242476912151119e+01
2.982273292904262973e+01
2.982319346607946287e+01
2.982283985466945708e+01
2.779625831776383293e+01
2.982238069824447990e+01
2.519658397883325307e+01
2.424640309437989316e+01
2.982311867502169633e+01
2.982308173903369664e+01
2.694302942059789530e+01
2.371167052463438196e+01
2.405648733538175676e+01
2.560615776060909354e+01
2.982311757698379040e+01
2.292975295675841707e+01
2.651025258286201947e+01
1.844858220630423418e+01
2.982204507538295601e+01
2.477143803986896486e+01
1.617836113915919327e+01
2.982290497829236031e+01
2.026731318920053937e+01
1.985028889079546843e+01
2.471587964586132102e+01
2.982307965971487107e+01
2.982330859759056452e+01
2.982262137540373104e+01
2.982192678012822640e+01
2.982312268883964634e+01
1.387162738906141612e+01
2.638172123994801410e+01
2.982304388568590880e+01
2.982325734544364337e+01
2.668614449872157834e+01
2.982225301962395747e+01
2.517140242862196331e+01
2.982297522533873035e+01
2.982305985030853890e+01
2.204015814600198198e+01
1.818327608560198172e+01
2.348143607245375719e+01
2.982254915909840420e+01
