2.963298530792425822e+01
1.984159644316771320e+01
2.963367434929775612e+01
2.963335360805895391e+01
2.295060898278752859e+01
2.393133821378928161e+01
2.877560966902327877e+01
2.963397472576516378e+01
2.783021751323842707e+01
2.963343675140341205e+01
2.963308366871597954e+01
2.963336989436612612e+01
2.963345803309292847e+01
2.963230354997346794e+01
2.963389491915861385e+01
2.332150526368153720e+01
2.963326039448191906e+01
2.334369524043162869e+01
2.013364478200752927e+01
2.963378024141001887e+01
2.963323247992088483e+01
2.735807124076286811e+01
2.918842910794236190e+01
2.963448166812323947e+01
1.672271855213834257e+01
2.411036320301503721e+01
2.963308511918725330e+01
2.621220801103737585e+01
2.963305313093673377e+01
2.963370236091836318e+01
2.963344831902255194e+01
2.360445753623061904e+01
1.907607551332419504e+01
2.963336467335942004e+01
2.065659497960947277e+01
2.702532254111372367e+01
2.963386233311601003e+01
2.486118485814721524e+01
2.747102955071123276e+01
2.441117157510601032e+01
2.274941515137666670e+01
2.963317032298743570e+01
2.799249293741984346e+01
2.963371411899683139e+01
2.963348001207214821e+01
2.963291167743681953e+01
2.963377104319768307e+01
2.963382307607611210e+01
2.963335331870387179e+01
2.552360145906957101e+01
