-8.627134842679701210e-01 -4.557643182826909278e-02 -4.482187034043322998e-02 -2.864303749659112205e-02 -1.073107999459812500e-01 3.259201771655333146e-02 -2.037517460644201694e+00 -1.975474930773179594e+00 -9.754749307731765962e-01 2.452506922682140891e-02 1.024525069226816187e+00 2.103231367188746592e+00 3.883776483888463638e+00 -9.794692602626551281e-01
-4.460138545452096981e-01 -3.802298320581275481e-01 -1.106418324697537592e-02 -5.982318410199975733e-02 -2.156994380300126385e-02 2.271570748038076112e-02 -2.413843202812173683e+00 -5.620485531817873692e-01 -4.138432028121610262e-01 1.437951446818225731e+00 1.586156797187827205e+00 2.586156797187821432e+00 -8.629537399190468916e-01 -4.499432512788284488e-01
-2.179319353396730552e+00 -6.893097604994227745e-02 -5.557902844678742904e-02 -9.162687007620275159e-02 -1.917131490512999706e-02 -5.983358264036025415e-02 -2.113903312594667572e+00 -1.113903312594661799e+00 -1.139033125946571495e-01 8.860966874053252118e-01 2.219324530167709142e+00 1.945161324461950558e+00 2.945161324461950780e+00 -2.167925002282854674e+00
-1.857354457184134944e-01 -5.082550764648885444e-02 -3.325185399341609171e-01 -5.897461828316957755e-02 1.227470087018278366e-01 1.916212937776285985e-01 -2.828233613631475851e+00 -1.648920278380600735e+00 -6.489202783805959607e-01 1.717663863685292280e-01 2.602880669584568096e+00 9.199657068895885637e-01 1.919965706889594115e+00 -1.631706893218887178e-01
5.373400890035962690e-02 8.685753577448628027e-03 2.210897817721999697e-02 -1.528464811784534944e-02 2.352587754754004862e-02 1.224915725710030816e-02 -2.371310192182957799e+00 -1.700622159924731092e+00 -3.713101921829575214e-01 2.993778400752730162e-01 1.299377840075264245e+00 2.628689807817036872e+00 7.961168253716022214e-02 4.281404735903074354e-02
7.365741988901938764e-02 2.751302255425556662e-02 -1.208067476984397634e-02 -2.128141796254699389e-03 1.025214403754268547e-02 -2.923734825304429019e-02 -1.144689700100961494e-01 1.129196750869076397e-03 -2.007534742004998485e+00 -1.007534742005000039e+00 -7.534742005008145463e-03 9.924652579949866382e-01 1.992465257994996186e+00 9.468486253751939863e-02
2.812706252702916465e-02 8.784300904462132020e-03 1.539373602155242118e-02 -2.032333043507436598e-02 -6.770536006887352409e-04 3.658465380427453062e-04 -1.349902843655474749e+00 -3.499028436554900701e-01 -1.680159811282873505e+00 1.650097156344530358e+00 3.198401887171173352e-01 1.319840188717119833e+00 5.262982391532157467e-02 1.753537985936901716e-02
-4.163123972564919395e-01 -3.226767037928883752e-01 -1.399281286600110863e-01 -1.965035482831870017e-02 -8.546508215331805047e-02 -5.829349400989651542e-02 -9.742857784819509981e-02 9.025714221517940894e-01 -1.143936506772226025e+00 -1.439365067722209734e-01 8.560634932277721987e-01 1.856063493227769090e+00 -7.655000042328271581e-01 -4.099228513659979312e-01
-3.081971346201411305e-02 -4.801500565940635540e-02 -7.206882724938991347e-02 3.673332807841770548e-02 1.774000100053863688e-02 -1.690644035547175100e-02 -1.817519566098485084e+00 -8.175195660984772017e-01 -1.744887124655794874e+00 -7.448871246557994263e-01 2.621716878767474945e+00 8.158766438622661044e-01 1.815876643862258666e+00 -3.672326421174820776e-03
-8.097960399148941946e+00 2.379094566073325714e-02 3.361283516369221319e-02 -2.563945982071649810e-02 -9.487589334477998515e-03 -2.286530349754516134e-02 -1.674684137890008806e+00 -6.746841378900126918e-01 3.253158621099901948e-01 1.325315862109984533e+00 -7.092114767587897051e-01 7.140655985088947277e-01 3.902039600851069601e+00 4.902039600851072265e+00
-5.571362030500668361e-01 -4.057937096995850035e-01 3.335865208212369926e-02 -7.225596401195018281e-02 -6.939182838771676409e-02 -8.394342532354229225e-03 -2.492608826703315739e+00 -6.680159124040919716e-01 3.319840875959231274e-01 1.331984087595901700e+00 1.507391173296673825e+00 2.507391173296677156e+00 -9.535378347203720129e-01 -4.733267514429030376e-01
-2.987073300615267213e-01 -5.625415668440599676e-02 -6.485302604750292632e-02 -3.994154135007911555e-02 -1.320601504988385133e-01 5.579653737830100185e-02 -2.081871995519288809e+00 -1.649863159860359474e+00 -8.187199551928739383e-02 9.181280044807080820e-01 1.918128004480701421e+00 2.350136840139631644e+00 -5.621986981922770799e-01 -2.629195318308323315e-01
-5.834535317332705251e-01 -1.711272869260299923e-01 -1.804008370054464294e-01 -2.083589493672377557e-01 -2.317183764214084396e-01 -2.130879108753231527e-02 -1.674765980926472109e+00 -6.747659809264757724e-01 3.252340190735209524e-01 1.325234019073521452e+00 2.325234019073527225e+00 1.565970194393113246e+00 -1.208972403435912835e+00 -5.751523128689537412e-01
-1.105838499140179287e-01 1.067676981085918797e-01 1.087039859589394031e-01 -3.842463255305061248e-02 -2.118477454411035049e-02 -2.862704388837927078e-02 -1.033105941515072290e+00 -3.310594151505771854e-02 9.668940584849418096e-01 -9.918274666899873360e-01 8.172533310024102798e-03 1.008172533310015773e+00 1.677408372080493593e-01 -9.794419484594335534e-02
-7.733781104186036870e-03 -5.351139843547805808e-03 1.603361343302078107e-02 -6.072398168797852117e-03 -3.825286585174652448e-03 -7.532230730755984371e-04 -3.175694717103783926e+00 -1.759631440668053104e+00 -7.596314406680658715e-01 -1.756947171037731847e-01 8.243052828962255107e-01 2.532537574850911799e+00 2.532136342023683540e+00 1.023132029559309375e-03
-2.800668909762142444e+00 -2.353040127256027070e+00 -1.084555421060152264e-01 -1.988757378993287472e-01 -1.750116118693522127e-01 -1.780729536616256214e-01 -1.065118790887614519e+00 -1.500940447979265624e+00 -5.009404479792667342e-01 1.934881209112386813e+00 2.170976678361354217e+00 3.262964195552566782e+00 4.262964195552569002e+00 -2.739013908263295605e+00
-1.704516353105156146e+00 -4.594159273169631796e-02 -3.813745020427822263e-02 -1.509158261522668132e-01 -1.047769069473919595e-01 1.039669589271993849e-01 -2.749517141529580933e+00 -1.110089994229259247e+00 -7.495171415295781570e-01 8.899100057707494127e-01 1.250482858470431280e+00 2.005439817744625319e+00 4.134952324384575384e+00 -1.719691757953430100e+00
-2.045128948889508358e+00 -6.562686873261150966e-01 -6.879059126696387416e-01 -8.984465029755993315e-02 -1.253783580421511112e-01 3.395466804984342835e-03 -1.673414630673533798e+00 -1.581088225375010925e+00 -5.810882253750081494e-01 4.189117746249984009e-01 2.326585369326472641e+00 1.795164139392177338e+00 4.950334133981723284e+00 -2.042625444566886994e+00
-2.409796928255014681e+00 -1.349593069701986447e+00 -8.406317422776907744e-01 1.436730169345688639e-02 -1.363192692191384781e-01 -1.756142199646434088e-01 -1.237969898453871620e+00 -2.379698984538712592e-01 -5.101007626853484300e-01 4.898992373146551782e-01 1.489899237314660230e+00 1.601723846699966147e+00 5.650205764148388710e+00 -2.336451797244618156e+00
-3.322644017569282848e-01 -1.592680862738380387e-01 -8.618956420355106118e-02 -3.400114479841093162e-02 -6.226335531045601446e-02 -2.856689247244291463e-02 -6.839942696089047480e-01 3.160057303911006921e-01 1.316005730391096806e+00 -7.458900747332506409e-01 2.541099252667546327e-01 1.254109925266746917e+00 -6.631106425838212415e-01 -3.330350786591521617e-01
-4.492892776392201637e-01 -1.840673636896189846e-01 -2.152945964036966919e-01 -2.826104230666259820e-01 1.028149914107532314e-01 3.419220627410641394e-02 -6.075221231210010675e-01 -1.857691071419995232e+00 1.392477876879002041e+00 1.423089285800012704e-01 1.142308928580002547e+00 2.142308928579995886e+00 -8.252117336931438230e-01 -5.230774703556160254e-01
1.088086516713581281e-01 1.085049035420555114e-02 -1.101259736097481984e-01 -2.369034061254243761e-03 4.115002026572267546e-02 -1.057439129852187285e-02 -2.754741514103038913e+00 -1.369486924997652233e+00 -3.694869249976638348e-01 2.452584858969457937e-01 1.630513075002324674e+00 2.245258485896946876e+00 2.337275134282759959e-01 1.128658414670429544e-01
-4.425764849960757141e-01 -2.506085898419452840e-01 -1.351767004394291427e-01 -4.555626496393776204e-02 7.807401532080138207e-02 -7.547254531778278819e-02 -1.558025537943817707e+00 -1.745844057932751658e+00 4.419744620561832371e-01 2.541559420672455105e-01 2.441974462056184958e+00 2.254155942067257001e+00 -7.846402032513559721e-01 -4.207866379656326483e-01
-6.694008105971736011e-01 -1.672368439537720297e-01 -1.759652293216731056e-01 1.763768389568516892e-01 1.846057455368992073e-01 1.444871758081531232e-01 -2.016935850293991805e+00 -1.016935850293996912e+00 -1.693585029400509340e-02 9.830641497060065293e-01 6.867876129765055904e-01 2.983064149706000645e+00 -8.497597302106537631e-01 -2.335677068102068876e-01
-3.826180416443256127e-02 -2.008235375168091960e-02 -3.170093329800548893e-02 1.121435696417462657e-01 -9.999433844736316246e-02 -7.941684603232282424e-02 -1.606374615720359111e+00 -6.063746157203648846e-01 3.936253842796483271e-01 -1.926957598770144386e+00 1.937250405651751439e+00 5.294170494756225143e-01 1.529417049475634061e+00 -8.104255170478576187e-02
-2.032460625592769077e-02 -5.094926930194540460e-02 -4.855246162111642727e-02 1.733789867914101168e-02 -1.914312044113730682e-02 -1.742942953999915973e-02 -2.309749909099493514e+00 -1.596660707715229943e+00 -5.966607077152348282e-01 2.312341426551434598e+00 -2.187517301759299149e-01 7.812482698240708068e-01 1.781248269824076358e+00 -2.306122097765345158e-03
-4.390295134562453849e-02 -9.360825964931583990e-03 -1.390153570848926545e-01 2.871249483660706647e-02 4.861416031330698106e-02 2.592456485904698349e-03 -2.626004093514557880e+00 -2.124791807678678257e+00 -1.124791807678678035e+00 -1.247918076786759672e-01 8.752081923213216319e-01 2.618629699416906931e+00 2.630574911285382012e+00 -2.546279844712825979e-05
-3.519390595556175835e-03 4.249273105595517165e-03 1.180133330187750108e-02 -7.309578436752442107e-04 2.670314443607700594e-02 -8.298386740183349986e-03 -1.501206014368744679e+00 -5.012060143687474545e-01 4.987939856312563203e-01 1.498793985631258652e+00 -3.697147413810828939e-03 -5.075432028674284890e-01 4.924567971325699567e-01 5.050395874454574781e-03
-5.606394192871402282e-01 -3.348382670303181596e-01 3.814368066962271764e-02 -1.414521695000572343e-01 -7.639301896582390006e-02 -6.647787592785275868e-02 -2.339164419025441255e+00 -8.106269756547659355e-01 1.893730243452380058e-01 6.608355809745611875e-01 2.189373024345236729e+00 2.660835580974558745e+00 -9.185356985616509595e-01 -4.787852464412232778e-01
-1.023908695263021640e+00 -8.455594938336416511e-02 -6.834975347519225974e-02 -8.235569837243807145e-02 -3.547745064256734027e-02 -1.173011355057398779e-02 -1.999455112972814197e+00 -9.994551129728127536e-01 5.448870271914010160e-04 -1.248818716562787534e+00 2.000544887027186025e+00 1.302399704392003921e+00 3.449326798826369167e+00 -1.187061873162235992e+00
-8.056455781723076415e-01 -4.533370948941165546e-01 -1.618189203711550839e-01 -1.338077421743410489e-01 2.064069714103525521e-01 -1.123391210371215559e-01 -1.395107674404209686e+00 -3.951076744042039679e-01 6.048923255958029710e-01 7.465000928806600489e-03 2.604892325595799640e+00 2.007465000928795096e+00 -1.292640724154324516e+00 -6.696692939328332539e-01
-2.954389556519423921e-01 -2.243497231677674952e-01 -8.937660386805745469e-03 -4.296098156823516256e-02 -1.213521710689103444e-03 1.016879038144949399e-02 -2.632674811652309543e+00 5.187361100283640614e-01 -6.326748116523023269e-01 3.673251883476947310e-01 1.367325188347695786e+00 2.367325188347697118e+00 -5.168991725063869502e-01 -2.640830262415190255e-01
-2.062895812258918493e+00 -3.660744714388252108e-01 -4.616751034832308198e-01 -3.549991536459060071e-01 -1.246074099729963802e-01 -1.590528172837175069e-01 -1.720857179866246423e+00 -7.208571798662445351e-01 -1.398066894893044587e+00 1.279142820133749359e+00 2.279142820133744696e+00 1.539703235984345664e+00 4.341371951174739507e+00 -2.058627003802507183e+00
-7.824802870424009404e-03 -8.612044062298554459e-03 1.655021681669040928e-02 -5.392983405868006369e-02 2.734611132562162275e-02 5.830252031806750640e-02 -1.691066331818094737e+00 -1.693391302457176284e+00 1.692200120495978011e+00 -1.076658068919242650e+00 -7.665806891924190070e-02 9.233419310807631231e-01 1.923341931080759792e+00 -2.129457709777876975e-02
-1.223263894073018387e-01 -4.904140259572196264e-02 -3.213357024126210076e-02 -4.767858504342530057e-02 5.756571769474594369e-02 5.930568014526519521e-02 -8.811077047210162938e-01 -2.209332332733275450e+00 1.118892295278976823e+00 -2.093323327332718142e-01 7.906676672667101169e-01 1.790667667266707230e+00 -1.796635871028528508e-01 -7.483532215933449971e-02
-2.000607305503032396e-01 -1.081438398125879607e-01 -1.948341555814711579e-01 -5.053269129109971836e-04 -7.656885808899338564e-04 1.271166718665356354e-02 -1.217020621661202284e+00 -1.882054724672052259e+00 -8.820547246720534806e-01 1.782979378338797050e+00 1.117945275327943744e+00 2.117945275327942412e+00 -3.549291562170857617e-01 -1.795648266058360587e-01
-4.022717753706328558e-01 -2.004453144091583594e-01 -1.561773349487840523e-01 -2.749481102652777398e-02 1.209875773712993513e-01 -1.189304710374040064e-01 -2.777155456549567081e+00 -8.723294220630870011e-02 9.127670577936854990e-01 2.228445434504300882e-01 1.222844543450423593e+00 2.222844543450426702e+00 -6.429218325437334736e-01 -2.780105265092049915e-01
-1.910284421004843081e+00 -9.553330866062901272e-01 -6.322914206339773635e-01 -6.146770190145743606e-02 -5.689487808918630013e-03 -4.525739288198370874e-02 -7.924194063865910298e-01 -2.282330782294405669e+00 1.207580593613408526e+00 -2.823307822944060019e-01 7.176692177055894462e-01 1.821272598976589441e+00 5.103977243519176810e+00 -1.871447371086946809e+00
-3.856973828716517283e-01 -1.437558047472231038e-01 -2.951354489429489081e-01 -9.550933009415116248e-02 3.156031505373942114e-02 1.831282996555435097e-02 -1.049047376853651459e+00 -4.904737685364642108e-02 -1.272422744016536544e+00 1.950952623146362530e+00 7.275772559834606801e-01 1.727577255983467452e+00 -7.566248085145945712e-01 -3.970922063232376065e-01
-3.720317384549087780e-02 -3.325105592005333718e-03 -9.069765485500846935e-02 1.223431114700518699e-03 1.335434734672208239e-02 -6.441682157159844824e-03 -5.349539286405151639e-01 4.650460713594858353e-01 1.331786432137346543e-01 -1.477181020096243858e+00 -4.771810200962366966e-01 5.228189799037489260e-01 1.522818979903749259e+00 -1.980906664453756238e-02
-1.844369549962248778e+00 2.270449760587664456e-02 3.717216190917946306e-02 -1.070630604862133767e-01 -1.564625169800945917e-02 7.770467933687036366e-02 -1.382925416234411342e+00 -2.294304513771347587e+00 6.170745837655967625e-01 -2.943045137713449777e-01 2.617074583765593765e+00 1.705695486228656632e+00 2.705695486228665292e+00 -1.832860372001921201e+00
5.414683751746099394e-04 1.481761271864471749e-02 -1.648611550884779980e-03 1.211820519017589061e-02 -2.952771959411908294e-03 -2.336807596811165885e-02 -5.149350420714698950e-01 4.850649579285301605e-01 1.057764648387087524e-02 -1.493505919503461010e+00 -4.935059195034715573e-01 5.064940804965269994e-01 1.506494080496526555e+00 5.456089782304001864e-03
-1.318364844622504028e+00 -2.438850147138205138e-01 -2.253484441398352356e-01 -7.395512618714561448e-02 -2.046905340384783667e-01 -1.404933825844924267e-01 -1.720751253693316052e+00 -7.207512536933051717e-01 -1.494325206366120318e+00 1.279248746306686835e+00 5.056747936338726879e-01 1.490669702809918507e+00 4.294254048180666139e+00 -1.415634429977184583e+00
-4.127696723051227923e-01 -3.267221696319058677e-01 -3.016283749040655007e-02 -1.029778255679245913e-01 -1.769031300874764068e-02 -3.427965466059032518e-02 -1.577599084388228823e+00 -1.684849621014750110e+00 4.224009156117654595e-01 3.151503789852563853e-01 2.422400915611766514e+00 2.315150378985256996e+00 -8.442773773835321460e-01 -4.321262328278930309e-01
-4.301216390869229411e-02 4.540622722933636279e-02 -2.024286813454461986e-01 -2.478184045500965091e-02 6.890905961258529666e-02 -1.178259513389487423e-02 -2.062257791949394292e+00 -1.062257791949388519e+00 -2.090788500118627713e+00 9.377422080505946056e-01 2.211664670468905136e+00 6.352898764079709659e-01 1.635289876407967746e+00 -2.534475240196278067e-02
-2.680544064271674909e-01 -9.639551925729898663e-02 -8.069824234554508202e-02 -3.494111050786145867e-02 -1.008503333383173328e-02 9.894732697553991832e-03 -1.443364639925004633e+00 -2.149441549504120363e+00 5.566353600749939234e-01 1.556635360074981156e+00 8.505584504958813019e-01 1.850558450495860985e+00 -4.907815416413449094e-01 -2.388725099821538134e-01
-2.206739490937064119e+00 -2.200620950355089089e+00 3.320824783797708679e-02 -8.669520027301089171e-02 1.716223270325394415e-02 -6.014390642674546927e-02 -1.987693439549508057e+00 -1.101371452432806430e+00 -1.013714524328076100e-01 1.012306560450496162e+00 2.012306560450499937e+00 1.235585069862444207e+00 5.675349432240200720e+00 -2.229634410222897323e+00
-5.499639252858534721e-02 6.606324542892563767e-02 -1.415009339508597752e-01 1.769935317859545193e-02 9.666131312090996824e-03 1.671586364898831542e-02 -2.632356099968551355e+00 -1.867593777982413883e+00 -8.675937779824102192e-01 1.324062220175827587e-01 2.644324374691921609e+00 8.557259181261015479e-01 1.855725918126097884e+00 -2.263824320254007733e-02
-6.564143161338796828e-01 -2.809275117204803607e-01 -1.164798248300710215e-01 -8.956368812233772569e-02 -1.162426258049037986e-01 -1.407031317381934321e-01 -1.622461478717149852e+00 -1.358957857293745963e+00 3.775385212828563097e-01 6.410421427062441557e-01 2.377538521282845707e+00 2.641042142706244711e+00 -1.041414233015391932e+00 -6.023488596870937295e-01
-2.877897294517401949e-01 -2.529551597081673431e-01 -1.688382160804557386e-01 -6.916321079300383201e-02 3.349117569520186632e-02 -3.508394708674865414e-02 -2.841634327793097547e+00 7.451884799622976105e-03 1.007451884799618114e+00 1.583656722069032019e-01 1.158365672206906227e+00 2.158365672206903341e+00 -5.680313648336948740e-01 -2.883482052533040685e-01
