1.586458269365732532e+00
6.363741261567767982e-01
1.461172399812070921e+00
6.138357301450816372e-01
1.304881965671852884e+00
2.272415501116055392e+00
3.599402411974228055e+00
1.233683979453462198e+00
1.361655428110256638e+00
9.885893759006036952e-01
1.516498955910525748e+00
1.055755649464069190e+00
1.287880738201827358e+00
1.531968910417380814e+00
2.463732316575882209e+00
1.001391444435312250e+00
2.336839020308643100e+00
4.610064624141448242e+00
1.820734703091049678e+00
1.317665167737225085e+00
2.282445403518627458e+00
7.714334375627913687e-01
9.593753425818162262e-01
3.039102233706627576e+00
1.221125189361840668e+00
1.639211188502108563e+00
1.689650352472352290e+00
9.086644996848489697e-01
9.111402240522125107e-01
2.004364837704331492e+00
2.033554886539162165e+00
1.499922650990092032e+00
7.859032991502262755e-01
1.994767102434549688e+00
2.070454342610992260e+00
3.196014627761168736e+00
2.739151310420717689e+00
4.210290862889492836e+00
6.341276930462041994e-01
4.741497585471201592e-01
1.152677851566782374e+00
1.065432432999999124e+00
5.171658071445744964e-01
6.162880507626895543e-01
8.813576715656673555e-01
1.846141124649588905e+00
1.048220740172546517e+00
2.930565027033501746e+00
8.496617657909096843e-01
1.008400503858324138e+00
