2.245609969425109931e+00
4.925682581363517443e+00
7.478421991662197454e-01
1.865992283100942117e+00
7.577388895778331968e-01
3.231039683266766716e+00
2.559861059548508067e+00
2.020853168316874449e+00
1.930514193305568504e+00
1.236103711348947032e+00
9.360851122391584678e-01
1.260173810666433525e+00
1.110973321685440496e+00
1.528216412052430861e+00
1.889890845418775278e+00
1.537318848150203587e+00
7.834527365155266043e-01
1.881556494099763999e+00
2.384809553388221204e+00
2.237169457188914912e+00
2.204880387491662486e+00
1.314262084851074874e+00
2.294884630728391883e+00
2.276904414732871196e+00
1.132854562860758696e+00
3.387306880256242714e+00
1.305430674089598675e+00
1.229733210255228748e+00
1.450310216729630231e+00
3.474492369561311911e+00
2.982004818140237656e+00
1.498981474591894791e+00
2.254849722346475183e+00
1.488828877875474355e+00
8.445276520052191760e-01
7.604041833221902857e-01
2.154071739521367324e+00
1.413428327070169077e+00
1.717933230388708710e+00
9.588495301263821879e-01
8.978825650586466089e-01
8.337480082306655271e-01
1.567143544676911748e+00
1.068068034425990298e+00
1.022815502965191747e+00
2.091186300506197249e+00
1.170118495099961908e+00
1.147775809008228620e+00
3.892619026818529004e-01
1.503009831521638251e+00
