-1.273042347650327200e-02 1.350601244998381745e-01 3.799555311187585716e-02 2.740172089571309491e-02 -1.724155058199741686e-01 -3.476761822031941840e-01 -8.367800979400967509e-02 2.269058616033536868e-01 -1.497187995606219513e-03 -1.119943589732464856e-01 -1.275462183550910011e-02 5.180039893726565842e-02 7.209016235642384807e-02 1.809443394814613804e-01
-4.777228233672398822e-02 -8.547575062382761768e-02 9.667873111473457640e-03 -8.963338619354374592e-03 -3.423296961991548204e-02 2.195465419504715604e-02 1.133909261302456367e-01 -2.464003596362515300e-02 5.178195997662682348e-02 1.520044435617452228e-01 -4.439454872725241696e-03 -1.510456852859898835e-01 -7.185849076015743409e-02 6.908002189506969037e-02
-2.411369249129850234e-01 -3.519071894038491299e-01 -3.787343216462847884e-01 6.404758587652434332e-02 2.110116676168740379e-01 2.849100204527816871e-01 1.913662655244078026e-01 3.167855098783733947e-01 4.463712838516084580e-02 -1.897232247909390879e-01 -2.451705690089521494e-01 5.510048468202610739e-01 9.450188148556425138e-02 -3.621408054890484784e-01
-1.533168444447327861e-01 4.767173810631812336e-01 -9.813571583590294245e-02 -8.632963928902007145e-02 -3.374015425900952492e-01 -2.298879147361101993e-01 -1.127379458257727618e-01 3.013377062566292564e-01 -4.503802326922687338e-02 6.380959938298130796e-02 2.325471876253687176e-01 -3.330136883203910214e-01 1.505265239095399665e-01 1.603747868614400218e-01
8.624865077186615048e-02 -1.596673136117195916e-03 -2.425578652770462966e-03 -1.007522274143526353e-01 6.380351147326689121e-02 -8.706239661574431687e-02 -1.356300195481716653e-01 2.064880345922027738e-01 -5.457663801448756763e-02 -2.111758691578473901e-01 5.053991495052600341e-02 3.091158552227911763e-02 -1.412895441670924263e-02 1.588085304339482973e-01
5.123734846117073555e-03 -5.209748432535282053e-02 1.197428924045397872e-03 3.523166748536407655e-03 8.807500301667962883e-02 5.257593683461597722e-05 -1.970402312235747244e-02 -5.401314915599683686e-03 -8.954314143463600051e-02 -8.018068577517623724e-03 9.516647087305095051e-03 3.148870104660596997e-02 9.278985869669657480e-03 1.595965968755851810e-02
-5.507878068033045249e-03 3.266474503433471066e-02 -1.595309744251885709e-01 -3.497146456108812806e-02 1.676244562067956759e-03 1.761117442402314881e-01 -1.325080013148599578e-01 1.232103838622951308e-01 1.526880789454611309e-01 -6.117549788617867440e-02 -6.389361301379380131e-02 -3.523042668849118986e-01 1.575157147794509771e-01 1.554766555181014420e-01
5.010046825196020487e-02 1.876097804609976744e-02 4.264726038605873293e-02 -2.329444254059778036e-02 -1.440025019225165681e-01 7.658424820143824863e-02 -7.521057445212410431e-02 -7.792167916897220492e-02 6.802291321842116045e-02 -7.057139457303278351e-02 3.524799133362271214e-04 1.523073893987836325e-02 7.564972427815780387e-02 3.310365220978170320e-02
-1.279065300562824692e-01 -1.894883653492043241e-01 8.528738209198818976e-02 -1.640077958261965119e-01 -9.199161195742795727e-02 5.086238335958137569e-02 5.538550806671015403e-01 -1.059712742972013511e-01 1.010548928057741214e-01 6.332985230762068485e-02 -4.344419084127099095e-01 2.909513190609722688e-01 -3.383720907108098697e-01 2.962905371046830605e-01
2.768838111975353011e-01 -1.629456918216496408e-01 -1.356953694799290788e-01 -3.013537014592829189e-01 -4.041432804163306441e-02 5.170820066415416916e-01 -8.146397229867764767e-02 -6.951244569840283605e-01 1.197513640626121506e-01 2.455420346936339204e-01 -1.191286405468427873e-01 -2.047278211019883942e-01 2.478957889263673775e-01 3.231508470002303346e-01
-2.643413685232563759e-02 8.108572921905504716e-03 -3.166897575561004874e-02 1.193585609645908541e-01 -4.794882280406184694e-02 -6.991428186053211258e-02 1.256404413268972786e-01 -1.169189020263774748e-01 -9.731208016321490906e-03 -1.627429708086699234e-01 -3.135941371050207649e-02 4.193477113450447269e-02 -1.243257761602123840e-01 3.154540124346034702e-01
-2.837996311928969728e-02 6.128579542971146488e-02 -4.438520961535234732e-02 -1.449839048485755955e-01 4.467143096261381313e-02 5.925945780418161168e-02 1.876654475721981075e-04 7.226540846291236442e-02 -9.297150731831540366e-03 2.975361934440742470e-02 -3.106599183163777020e-02 -2.450430527448567430e-02 -3.222930887755022511e-02 3.687432763521273499e-02
2.193079615253855016e-02 6.036058341040222500e-03 -2.006267139249072462e-02 -5.432928223193627532e-02 -5.168642535488154194e-02 3.788154102445991100e-02 4.227758403545706090e-02 1.339617809196757756e-02 -2.842988396714760113e-02 4.153699316614736098e-02 1.376508064266927789e-02 -5.845825685801302879e-02 -5.121499158318018607e-02 7.680915072125817089e-02
-1.760899550903739785e-01 -9.030099888643794426e-02 7.057180052519991531e-02 7.389937814915034653e-02 3.767135367479972352e-01 -1.614776610239074817e-01 -2.618018210811632884e-01 3.915818822364758311e-02 -1.008699068285910383e-01 1.202148067441001222e-01 8.355319834866398176e-02 -5.848956852236392168e-02 -7.991348744620269118e-02 1.542843609281699391e-01
4.514763081208188200e-02 2.237331358281204885e-01 -2.447059848461458076e-01 2.794233304488245029e-01 -2.450113828737980615e-01 -4.107278442491704706e-02 -2.871931231043440280e-01 -1.316291661310937111e-01 8.861655559047000932e-03 -1.552734879068828205e-02 1.836564769571306377e-01 -1.308235194136871671e-01 9.366826407101402907e-02 2.509246866963443234e-01
-1.345619560946610116e-01 3.742531465053108158e-02 2.101193999565583587e-02 -2.970127793110819564e-02 -1.730657953339724206e-02 1.012485532622558748e-01 -2.915170978325472284e-02 1.181489048333208974e-01 -8.354266221816517013e-02 -1.116693737664860298e-02 3.156058768801109360e-02 -7.458601022471884889e-02 -1.551805721795498916e-02 7.559176073802277573e-02
4.330399355952817969e-03 -6.820785937484598327e-02 1.086151035798842424e-01 -3.772321173071364192e-02 -1.112938351613998317e-01 5.080371686860881558e-02 -1.265582762330849931e-01 8.349512718191229310e-02 -2.527822075515042191e-02 -5.457670230780653498e-02 2.713449872745536395e-01 -1.377826939534025075e-01 -4.308258545028285924e-02 7.536592149366369564e-02
-1.660381172338543793e-02 -2.329362694364388309e-01 -1.897152127983741388e-01 2.228057629443242205e-01 2.505503741389724162e-02 2.277087880337926307e-01 -9.392542778517446941e-03 9.765488865951799102e-03 -8.242480667141187378e-02 1.639425172423081278e-01 -8.327225110835362321e-02 -1.348079907012873779e-01 1.873499600858427871e-01 -9.802279858045935546e-02
1.513070600872417626e-01 4.688839290335371918e-02 -1.868098441587988934e-01 -1.325439078497136491e-01 -2.361889544850034883e-02 -2.899300338438274421e-02 -7.330769113494237099e-02 7.002667664917155976e-02 2.708435556826209456e-02 4.901024235110217064e-02 -3.629732828058843813e-02 2.232093827131641228e-01 -1.458236451959599722e-01 4.932007596847987063e-02
-4.916993896170883394e-02 -2.430528803238931473e-02 1.209143430716516782e-01 -7.676947198416747553e-02 7.351355590300953646e-02 -7.185595247894782656e-02 5.170829965833390052e-02 -1.207808706068766030e-01 -4.567701006690523535e-02 2.054210429659587833e-02 -1.009348353507952267e-03 1.029571961170859806e-01 -3.017941841736294928e-03 1.240219406745134145e-02
-1.716732689028873104e-01 2.142829426790311964e-01 -1.758437868633405676e-01 4.624535908753486524e-01 -2.707143514991794953e-01 -4.320768853494976192e-01 2.323177483962935441e-01 -2.550063328208927449e-01 3.634633008065847604e-02 6.701333681173606005e-02 -5.524120386301401009e-03 1.999210370189258568e-01 -1.913260199102541637e-01 2.792816506582483371e-01
3.861233287896434496e-01 -3.353702922190152647e-01 -8.505547063577609257e-02 -6.197829500031027533e-02 -2.720256187255831737e-01 1.751325596292142572e-01 -1.822408438351442173e-01 1.321501817519102166e-02 2.134940202454292391e-01 -2.317131399331966435e-01 4.006116743110216261e-02 1.163513849819553664e-01 6.873256280112588490e-02 1.447254890832531116e-01
-3.160279324793636296e-02 -1.390226748472010998e-01 9.759495634435877420e-02 2.811277515712463232e-02 7.701454727538943612e-02 -9.899614700174333426e-02 -7.731065483657912837e-03 4.874968231706651445e-02 9.145327288658132436e-02 2.034434547037009683e-02 -5.125094672948394409e-02 -1.092594963809913056e-01 5.122412388130462464e-03 5.892300263988149711e-02
-1.187084208075844458e-02 -1.585961084404417520e-01 2.188143851054144551e-02 -4.699158192771269588e-02 2.313423089453123527e-01 -2.022291993816881933e-03 -9.109964175288905175e-02 1.773132314853193003e-02 2.274333833270292607e-02 7.153035361779180867e-02 -4.821487474989367972e-02 -2.584617144098111385e-02 -2.457408898666610386e-02 3.343870960616802945e-02
-1.259846307573595503e-01 -9.491810040603225473e-02 1.022261160607349645e-01 4.017576499123487466e-03 -1.984627184379615383e-01 3.098149805911932231e-01 3.778877081410941113e-02 -2.634056766484363932e-01 -1.389897309902086153e-01 2.042074147904845705e-01 1.658673443765242006e-01 5.199714601717859985e-02 1.426093798177517635e-01 -2.073160009392130687e-01
1.284148298235220954e-02 -7.438219181341905462e-02 -1.605891018110319757e-01 7.123625187600846065e-03 2.525433922705587753e-01 -1.871718297278816001e-01 -7.587688219198240880e-02 2.010305378886918515e-01 -9.437485735711385881e-02 2.429540866471293636e-01 3.278528733073247242e-02 -2.180492628758203821e-01 -1.885025430848930317e-01 2.391201273429655327e-01
2.519206939576273951e-02 -3.553999224732120460e-02 -1.956615199550264944e-02 -1.407713041033580859e-01 -1.231508540383651484e-01 1.598182427949986495e-01 -3.949455190305420360e-02 1.120920169569273595e-01 4.288774820091970086e-02 6.697921529174893918e-02 1.734535997400234175e-02 -2.124210219957291257e-02 1.091400339422957631e-02 -6.601182873352633151e-02
1.056638631141876977e-03 1.416693092820585642e-01 -2.721935966789265637e-01 -1.596398695612620267e-01 -3.882463790391288416e-02 8.829286953088519990e-03 1.826678015475246414e-02 -4.686677431791019810e-01 3.394872956357641858e-01 1.598939859368273264e-01 4.118632032380100672e-01 -1.986755602431131418e-01 1.360472627411810631e-01 -8.966048421861860795e-02
-1.416666293338099403e-02 6.128187580632761533e-02 -7.835494635081348413e-02 -1.201928406878308014e-01 -1.552677341678672107e-01 1.735516919882191811e-01 -4.284539755826080598e-02 -6.090332249420932209e-03 7.234737013093886504e-02 -1.557430373169038096e-01 1.891410587698973966e-01 2.076907802708322648e-01 1.164381843770508768e-01 -2.583381392908993823e-01
-2.666045865901811585e-02 -2.930578780271838601e-01 2.512736906930319591e-01 -1.240382580400564427e-01 2.573267818303879850e-01 -1.202973766855155308e-02 -2.642603500769740155e-01 7.546464251916638888e-02 -1.032541362477303326e-01 1.504505708403803266e-01 -1.736502751030548630e-01 1.295049699920765574e-01 1.485389822127982928e-01 -2.615667347738334647e-02
-5.516187119859163740e-02 -5.675207606717593001e-02 6.339200450790116736e-02 3.170356118283128577e-01 -2.435106659787829031e-01 -9.055553744511597725e-02 -9.632058050663913629e-02 -8.003463848028130601e-02 1.726980155176496001e-01 1.059373440807684016e-02 -1.536244319746928322e-01 5.827611546569699819e-02 7.031733502252278389e-02 7.309885568900821584e-02
-3.501851670476843065e-02 1.336039956828411479e-01 7.887696530715311571e-02 -1.744973186852728439e-02 -1.787093913912211549e-02 -2.092174619790182488e-01 -1.039814268110512696e-01 -1.144826418578011179e-01 -5.396660958173279260e-02 1.711046220633384851e-01 1.372990687977699298e-01 -4.450707564348668072e-02 -6.665721514915566581e-02 1.317188376714496789e-01
8.491109621072630287e-02 1.119478320069548227e-01 4.997778951932958791e-02 -1.208562417392917976e-01 -2.719789777933236397e-01 1.271418579852493513e-01 -2.660750408355750385e-01 -1.809418927337474725e-01 1.028808185213029025e-01 9.831558363311354576e-02 5.599038533513298055e-02 1.381816082772710230e-01 1.223869644334887180e-01 -6.242991203274265988e-02
-1.452067890608619571e-01 3.262494767416874997e-02 -1.897234305966795653e-01 -4.575500389086798944e-03 2.104647724635514972e-01 8.233673138867764196e-02 4.829479852703084941e-02 -5.788962361609138740e-02 -3.520410242601713924e-02 1.645329326571144946e-01 3.088887876862107806e-02 -5.742671328933347807e-02 -1.421775255986009456e-01 5.251249428539569303e-02
-9.411395660653991413e-02 5.201170442500890195e-02 7.590347453868313832e-02 -3.934599450064502763e-02 8.044487896133720173e-02 -1.537287091873976441e-01 5.007633675264441808e-02 -7.670543886765452887e-03 -9.164260595036911872e-02 -5.767115239065345386e-03 8.140350564531938227e-02 -3.070192792060040879e-02 9.443678717027564895e-02 -2.185396341399703166e-02
-3.083378007875950955e-01 2.255644952754517485e-01 -4.508506209036535206e-01 1.529093718301857176e-02 2.884459083964965864e-01 -2.176913838238683785e-01 1.364137320946297582e-01 3.281451747629392512e-01 4.149106063563991198e-02 2.661602287084605667e-01 -2.198594838512370475e-01 -1.926516599407726849e-01 -9.090850656671434216e-02 1.682397896050934483e-01
-4.388036957907107127e-02 -2.337701863102345512e-02 1.125040579894284187e-01 -4.769759116358360251e-02 2.142994442489034312e-01 -9.256042937576719476e-02 -3.151010401184154430e-01 -1.310647282170869232e-01 3.647334034863672358e-02 -9.418205647004909697e-02 2.480387834629548538e-01 1.471346857663117236e-01 -1.521501354059946465e-01 1.310149279326450200e-01
-9.619339766055939878e-02 5.125325171698277144e-02 -1.405735900250583703e-01 5.194716041609390711e-01 -7.907466923313902218e-02 -4.310686895935830210e-01 -4.469959739404066879e-01 1.082462802027714804e-01 2.209634790550335515e-01 -2.168460545831941144e-01 1.398384707983075514e-01 -5.271889120423509795e-03 1.387367791255424421e-01 2.269662698846759974e-01
3.226451247411779022e-01 -6.404273894648369048e-01 4.700280272304522833e-01 2.695119575945036927e-01 -6.031142214167568572e-01 -1.702073918541596037e-02 -4.814490057416374036e-01 -1.999422597691395409e-01 -9.332517377279199444e-03 2.758962752840872223e-01 3.036524629690613986e-01 9.434182487163045305e-02 1.975450932613910804e-01 7.117237790650349227e-03
-1.692362952317426061e-01 -2.687611437582375085e-01 6.353866360908781985e-01 -1.748299753804122836e-01 -4.130036476112948218e-01 -8.536752255157450953e-02 -2.397531876013370700e-01 3.615704564479857996e-01 -2.347286845419316315e-01 -1.051473731809964285e-01 1.157110099954087867e-01 5.814199390029135550e-01 1.310821169923245266e-01 -1.448904578840951307e-01
-1.451137323381766209e-01 4.211967950282483747e-02 -5.000901045157043340e-02 -1.843197950173688232e-02 1.114300914666326026e-01 1.331611653932489037e-01 -6.982665256006179676e-03 -2.332360931104808799e-01 1.006580635236770382e-01 9.600287674416850547e-02 -9.085835182548651634e-02 2.885111336807148416e-02 2.889139636121323268e-02 -7.030683088490320351e-03
1.313403360784678835e-02 -3.421601296039499668e-02 -5.283293154110012962e-02 -1.118224421437897104e-01 5.083162105241502415e-02 1.852384517634474842e-02 5.885861295870142840e-02 6.711740611966145187e-02 3.213310078858128832e-02 3.568662176277833525e-02 -8.915302385773404836e-02 -5.270296059068435568e-02 1.186502691475369714e-01 -6.475626873227401104e-02
-8.339546876122018448e-02 1.068084672547376691e-02 6.627547652043709603e-02 -8.495374062590033831e-03 -5.275232600929351257e-02 -4.977553011513936865e-02 5.636373103816051666e-02 6.267436116093264009e-02 -2.824852681604010929e-01 2.255016051837562263e-01 -8.221821878006594329e-04 3.937599035592617702e-02 1.688093356407182125e-02 -1.057492446442461105e-02
1.815159177430858417e-03 1.663912682771295781e-02 2.239368438763965352e-02 -1.138703583757965654e-01 4.675855056480537897e-02 -5.329088235458073752e-02 4.000585144314278141e-02 -7.301017251451251411e-02 -2.043286558358053950e-02 7.513461582113217796e-02 2.617039562196998414e-04 3.549368342677385046e-02 6.008047788899893715e-02 -4.852670387749712100e-02
-4.089635916871596499e-02 2.473488276269900435e-02 -2.800187956523867219e-02 -1.213005870315038426e-01 1.591230099126678815e-02 1.189219236554531212e-01 4.304362359376309732e-02 9.030523147290966945e-02 -5.165267259829089269e-02 -4.369176070908915854e-02 -2.019455506402027464e-02 -7.601044573098486579e-03 -6.195607720506720456e-02 7.182884422682160597e-02
-7.479801076514386304e-02 1.167499912927625894e-01 -2.098489704219209107e-01 -4.586347586806057558e-02 6.658393661527443885e-02 -1.196896839681559910e-01 -1.645513152915736299e-01 2.606922724856400309e-01 1.816616796538968528e-03 1.650588701706579009e-01 4.437350382832231516e-02 6.603196025376643907e-02 -3.692475929420276082e-02 -8.017906504601617079e-02
-8.280241546374607353e-02 -2.954985795519452993e-02 3.900439684221568282e-02 5.626885684276550920e-02 3.929398866072367213e-03 -5.713158382396460455e-02 1.495692654348856898e-02 6.049702546413735643e-02 6.031965109160118688e-03 3.289634905994749670e-02 -1.237964880521597553e-02 8.277964488625584941e-03 -5.388961234320874955e-02 3.342105962806023872e-03
2.997880875127451050e-02 -3.420552726332358462e-02 -1.489826016170746059e-01 -8.377053181881932709e-02 1.573249067757974407e-01 8.130444256893665234e-02 1.128936888492678564e-01 -4.964374228334676731e-02 -9.772212127823018402e-02 -3.169702659964606511e-02 -5.334385802485168415e-02 6.048699618560354763e-02 6.271345308286442599e-02 -1.588501654056351589e-02
3.441351540750534621e-01 -4.451738514664820290e-01 -1.320748719370135604e-01 6.104064401322309985e-01 2.469150867729018317e-01 -6.448777593219650051e-01 -2.446115571541155886e-01 -1.742191728663610717e-01 -5.725557562516595533e-01 -6.077452361908802780e-01 4.607601423124795814e-01 2.732772710485851242e-01 4.601635075295172628e-02 8.291996308821630857e-01
-9.907772849752330413e-02 -6.622814889990218112e-03 -8.908717258033906766e-03 -7.641475874230714560e-02 1.551445180276502245e-01 -2.542990222206552645e-02 3.576024061552679489e-02 -1.243657431308531867e-02 5.621612068044601340e-02 8.325395608882690812e-02 -5.750494947078938629e-02 1.408433751966709988e-02 -4.920936440613128682e-02 -1.940249234430219821e-02
