4.201457566169881225e-02 -1.819979480387634851e-01 -7.289242509028712180e-02 -7.352063372272257813e-02 1.368270134709935748e-01 1.916511104934041088e-01 -9.733250047625005563e-02 1.240961804443870276e-01 1.263957578466449461e-01 -6.383806375184622461e-02 -1.977224932192654661e-01 1.377863653692782409e-01 -3.955339008861413763e-02 -2.839186247881293063e-02
5.153488424966507636e-02 -3.489238391232155068e-02 -3.552558062079266138e-02 3.425169852546865179e-02 -1.026553761905555362e-01 3.170613500757032965e-02 5.351524448348358998e-02 2.086244095534547927e-02 -8.492051108829843167e-03 1.045936608401250995e-01 -1.137726013093504490e-01 -1.107373851074388016e-01 -2.629387903148738478e-02 1.394268796389626086e-01
-8.817923116624386548e-01 -2.413171964595821617e-01 8.272601900944263065e-01 2.988093514683687335e-01 -1.229455714859883031e+00 2.020987315386489347e-01 -1.056745382624946217e-02 2.133818133567395026e-01 5.438122902395983171e-01 1.626556523671065513e-01 2.582644607345965237e-01 -5.262960907476761374e-01 6.927826611417562397e-01 -3.061146969655668126e-01
-1.819859406561971649e-02 -1.151680836021705262e-01 1.579578680291154336e-01 3.371406717289855692e-02 -2.972271386388230380e-02 8.445963422094297790e-03 7.315556886614397319e-03 -2.957611998895215422e-03 -2.223789528622211950e-02 -2.414487812592109456e-02 -3.609314723841550859e-02 2.195901458466718165e-02 9.959346061467644340e-02 -7.694132010909521258e-02
2.685683988520796150e-01 -7.620225858021940912e-02 -8.316708201344005791e-02 -2.724750961481442468e-01 2.519133866431034346e-02 -1.743224124951983645e-01 2.642324274951300955e-01 5.602810757506446193e-02 1.184551049661179828e-01 -2.376107956358601558e-01 -3.468247248276564720e-01 9.549279664476392759e-02 1.594723713060017534e-01 2.066835106168951885e-01
1.588763132602213635e-01 -6.992829776993498836e-01 -3.518314654929990959e-02 4.110406305800393678e-01 -3.511851656213727663e-02 3.613112829333137710e-01 -2.278674959843612069e-01 9.146949365085044192e-02 -2.343456064840573894e-01 1.467470717215505760e-01 -8.507432225063049636e-02 -1.849715400902584850e-01 2.202382594480343792e-01 1.156822404459293130e-01
4.574375808297199281e-02 3.579657635591176890e-02 1.034354398491020843e-01 -1.185895178435015379e-01 -9.103227143107112118e-02 -8.542408837577120106e-02 -8.334558620575910348e-02 9.098218683425840503e-02 6.884802023165731422e-02 6.270686963678273607e-02 -8.027671371060901562e-02 6.369836620085174428e-02 7.989309375259420754e-02 -8.891444695757361183e-02
-1.954075846777161146e-02 1.782777661366590632e-02 7.871917564797223377e-02 -9.303109060250133733e-02 2.363359144698308489e-02 -6.211047473368754013e-02 7.915241698439456908e-02 -9.580890252992703415e-02 9.974916501211159719e-03 5.907351585348345063e-02 -1.280172043029981777e-01 -1.060138142175251902e-01 1.818393427861351996e-01 5.782319544040993159e-02
4.642877338535406073e-02 -1.633817679734955175e-01 -6.402317914287208866e-02 1.085852433140120921e-01 1.533604394953519967e-01 -2.879008977000460101e-01 1.479458155932317220e-01 1.756330092990542047e-01 -8.795746930708966960e-02 -9.450529729874484683e-03 -2.691344616373254894e-02 -4.640236719006844701e-02 -2.104048730463206705e-03 5.970211127048249272e-02
8.583924092888094159e-02 -5.714896041618427319e-02 -6.320011189114181291e-03 2.350916494417286395e-03 2.189225579358984944e-02 1.194626626113499089e-02 -9.510038366160811218e-02 3.464711760369564714e-02 3.101276789551025287e-03 -2.917541955100174181e-02 5.854222591671776055e-02 -2.956940232630688586e-02 -3.301434512685168937e-02 3.553090890292402715e-02
-3.526199512782464407e-02 1.089419696745617672e-01 -4.389600984153330110e-02 1.375865175837303299e-02 -1.545064347937446028e-02 -1.551778036087917735e-02 -5.626777996829065293e-02 2.313919582611605880e-02 -3.813528875622284459e-02 7.610695993996607900e-02 -1.228990938794830880e-02 -2.877119992598009893e-02 8.276312106361340126e-02 -5.559760499473221512e-02
-2.146577008483697979e-02 -1.378554598947186183e-02 2.383885297625601418e-02 -5.245340320571492687e-02 2.338908403857115070e-02 6.825155691717966176e-03 -5.176644819859980984e-02 -1.291957437103837814e-01 1.273530371856241294e-01 2.117244290964186981e-01 5.198579853233979697e-02 -2.241327605812701018e-01 7.542667025249830126e-02 -2.422166958330396191e-02
1.345161475156370079e-01 -2.507840700524651689e-01 -1.543751885223211273e-01 1.965720423433634234e-01 1.002254451623270509e-01 -9.349674246305800240e-02 8.298856586624557552e-02 1.423631427554589157e-02 -1.365326887852217341e-01 -9.733879075263018876e-03 -1.334624741538667503e-01 1.841681985707536440e-01 3.897907022511812314e-02 3.022094551304979615e-02
-6.685919891675812243e-02 -4.600450617913973139e-02 -3.383213462158086299e-02 4.225698916246201087e-02 7.804738121178073085e-02 3.586743001532557984e-02 9.299183721794165858e-02 1.410739816082433318e-02 -3.383338663593055129e-03 -4.786011433214890087e-02 -1.525517597100728429e-02 -7.102894000968748567e-02 -1.406569488234211962e-02 3.853975422776784177e-02
-8.460306665704347973e-02 -5.468945668755198497e-02 6.210723159329725046e-02 5.972056258303001797e-02 5.029896101239298561e-02 1.267383437508179944e-01 -8.045461627900882262e-02 -4.192684652495710235e-02 -2.264994250229971848e-02 9.736445681063501945e-02 -9.577774468373677352e-02 -9.468200820626940239e-02 -7.301293496711504238e-02 1.550887471776536686e-01
1.480961029821771524e-02 -2.543197971995568574e-02 -3.023817638148196263e-02 -1.013478026152814238e-01 -7.270709321050650153e-02 1.791403634768386488e-01 -1.586601344839941863e-01 4.250351290935311388e-02 1.993872941842181334e-01 -1.293081091218297174e-01 2.746672786608997385e-01 -1.776592362871291519e-01 -1.293654577347272683e-01 1.177316164452231889e-01
-6.222199268412833412e-02 1.333622914983967067e-01 6.215320133820358139e-02 -1.295622039747454934e-01 -5.331102606757106427e-02 1.894038196939921981e-02 -4.498978428597652512e-02 9.038116179575908515e-02 -4.853093942829099505e-02 1.646135238648546995e-01 -1.231141714621158956e-01 -1.287263928374209054e-01 4.859126077306284708e-02 7.593637592041771467e-02
1.331765277113501900e-01 -1.786007004324146608e-01 1.581409750426543068e-02 -3.282794136199914670e-01 1.363197502604606738e-02 -1.605134031971351162e-04 2.478987694587326818e-01 2.020107426433948861e-01 -3.110622633668018167e-01 1.599746148342753305e-01 -1.370703648932966867e-01 1.656494115852887306e-01 1.243268506055782013e-01 -1.037880472333851528e-01
9.645747331058740492e-02 -2.743186836964959241e-01 1.924793263555141798e-01 6.521471902373790486e-02 -2.097439628039310389e-01 -1.278874447051790153e-01 8.111390903417732556e-03 2.913119625234201204e-01 3.264241519480277909e-02 3.930403376238431751e-02 3.439514899275113169e-02 -1.399262919751848300e-01 -8.733689402499499044e-02 8.281849355901477194e-02
-6.257885082196044599e-03 -1.279499901644232551e+00 1.834160804147923207e-03 1.162800430488196701e+00 8.026127894593727830e-02 -3.671832808147810351e-02 -1.108160419865560492e-01 1.587249704209059142e-01 1.767921098845118277e-03 6.294463868528610284e-04 -1.066009403891405860e-01 -9.105559771459003499e-03 1.221597737708824405e-01 2.434236145913892119e-02
-2.526937871102444277e-01 1.269508232088595590e-01 2.897159397118390656e-01 -1.333307261654292641e-01 1.350027668502331579e-01 -3.476756638822602052e-02 -1.524098012698544002e-01 -2.135960780421375937e-01 -1.998286161375703862e-01 -1.300620931728884155e-01 3.565893980470672409e-01 4.235558619592957874e-01 -3.253038098169572234e-01 1.136993747458575621e-01
2.320478841051529240e-02 -9.532039042049428312e-02 -1.762166880982228845e-01 5.476796811150477090e-02 -6.167193678257327366e-02 1.872596686010654099e-01 7.349481226636775388e-02 1.412165967212055673e-01 2.103677464052208790e-02 -1.767183850927169231e-01 -2.572179137382177849e-01 1.857684719742587753e-01 -1.782947005655967088e-01 2.622126203922269250e-01
-2.310693100222221616e-02 9.173485862624501663e-04 6.867138520177681893e-02 7.178517484672473914e-02 3.567556660904169438e-03 -9.011686503687715843e-02 -1.480963461172709328e-01 7.070166281320205970e-02 -2.872782694044595173e-02 5.548742062184194163e-03 4.476202366211837202e-02 8.049552348870717133e-02 -5.071107604620631731e-02 -2.168685759012758084e-03
5.278997004609001925e-02 7.530764721829365238e-02 -1.264279201570637223e-01 -2.270361756391596209e-01 6.982730960673096121e-02 8.284286955385990192e-02 8.569816287212189687e-02 -2.534019444508301203e-02 1.371958611354254232e-02 4.911316344911431653e-02 -1.096452178512105358e-01 -1.173004700744388756e-01 2.705247843578593159e-01 -9.055182863081227829e-02
1.419185987145773174e-02 9.123701481665456858e-02 3.128948264547852798e-01 -2.649860459207347696e-01 -2.194325930350693801e-02 -3.479472131045294736e-01 6.118219488772022596e-02 -1.648786891330576709e-01 1.527180120815180009e-01 -1.750822995766831980e-01 -2.099638041894304891e-03 2.137959701067008444e-01 8.598092921186889503e-02 4.845802406954540648e-02
1.117811368339870770e-01 -7.866227739422453763e-03 5.396864309649144348e-02 -1.139987770516213694e-01 -1.959611193398974605e-02 1.009364142041842410e-01 -1.894148040547062872e-01 -1.489363583083676557e-01 4.553107715965348107e-02 -2.085720864988966639e-01 1.202433589926864693e-01 2.346256682856675269e-01 1.287195728886583457e-01 -1.038998194544797915e-01
6.695513092279105349e-02 -6.004578629736179868e-02 -1.589169138942487514e-01 1.306315065820427002e-01 -7.482982333936261110e-02 1.275913672777692805e-02 1.127823223017906246e-02 -2.500277103808707518e-02 1.506643879433668953e-01 8.724253707559477544e-03 -3.963998156532436146e-02 8.556867315061943147e-02 2.239968006412244514e-02 -1.270240387742287702e-01
3.288629144125305298e-02 3.799210693299046992e-03 1.790949990188252794e-01 -8.373351936991585420e-02 -1.847344116651977175e-01 6.173772934925687329e-03 -1.603318637179785844e-01 1.263338070918577083e-01 -4.511459844240507146e-03 8.959800207486591506e-02 -2.109830401539502728e-02 1.832492949622225101e-02 -4.731456799268548424e-02 4.903480027400883984e-02
-1.146635752971811306e-01 -7.231115386704123349e-03 1.364116533882880344e-01 9.140973492424184221e-02 4.521673662721044373e-02 5.220744173227626073e-03 -1.145999511197279830e-01 -8.824367305758321067e-02 -1.701977474604549068e-01 -7.478669830301404309e-02 1.412738663418766083e-01 2.245534114834514261e-01 -1.161011689504029276e-01 4.525946905661690223e-02
1.318360421204720079e-01 4.212577189349919760e-02 -1.578113139740211224e-01 -1.320762682155841583e-01 -1.348637171082999742e-01 -8.405561279944018249e-02 6.594644468552282590e-02 1.207526996682809634e-01 1.855237245066770901e-01 -1.653148269711686158e-01 1.093968197589143126e-01 8.661802617919066305e-02 2.606660415704503686e-02 -9.062270748124330588e-02
-8.918332357998867699e-02 -9.007891629243325315e-02 -2.641958558572758409e-01 1.987848176007426804e-01 1.445133363660661974e-01 -8.611493557994309711e-02 -1.052552763095202792e-01 2.121114137990645632e-01 2.303889982130184477e-01 -1.979780918308746418e-01 1.701278002156606517e-01 6.414716829165056922e-02 1.321596028786757859e-01 -3.159050514949985344e-01
-3.178882929736311785e-02 2.667314792698540632e-02 -5.138832339647000230e-02 4.342850797377616721e-03 9.130969562647997528e-02 -6.795789470514652930e-02 -2.841993374362899658e-02 6.449473347356840525e-02 -2.522170488959448939e-02 -2.917838836447319770e-02 4.298855838505832166e-02 9.697938586374044156e-02 -3.172088527533766661e-02 -5.759072598135152321e-02
-9.783339016115055742e-02 -8.763202613838882993e-02 1.168077304551196627e-01 -2.130919797771599344e-01 -9.319114268828097847e-02 1.586562545830175752e-01 9.806708949499395866e-02 1.078410581827894399e-01 -1.084282492704122941e-01 1.572233772710957544e-01 -1.348157652617493762e-01 1.492953726295771499e-01 1.901973148357207211e-01 -2.395739577353277194e-01
-4.585039959815863375e-02 6.739707505053151373e-03 -6.485453533605261070e-03 -1.851365032070728320e-02 -1.120296183812398427e-01 8.254584852631408065e-02 7.789588660554681854e-02 1.279552206646842327e-01 -8.939100645442209225e-02 2.043810022241132271e-02 -9.281143990360832263e-02 6.688078358728430373e-02 1.349460718208259358e-01 -1.487983643205337547e-01
-6.733731829452288715e-03 -4.429648681145735567e-02 -8.353452719912260460e-02 1.046820386190479568e-01 -4.332101601410934810e-01 3.762341172471705408e-01 -1.944139113946603825e-01 1.237366330823174154e-01 -2.736115040974801058e-02 5.153484171875863384e-02 1.695857020569648682e-03 1.845550580466731871e-01 -7.325553303620965795e-02 2.388864150705107339e-02
-4.009007942601162944e-02 1.161859244536280061e-01 -2.018135797247030266e-02 -7.857896710355002923e-02 9.995864163457904294e-02 6.537701748195906548e-02 -6.921751528917503837e-02 -1.887655021456251248e-01 4.008945745033081626e-02 -2.179334373995565899e-02 -1.538797756595936678e-03 5.352450872802694271e-02 3.230415418170327208e-02 1.624754592300124006e-02
-5.440992079917971597e-02 1.849553996531101974e-01 -6.254034679396007490e-02 -1.198868732924285585e-01 3.462378229824860099e-01 -3.935536348247787308e-01 -4.324737425466400331e-02 -1.023739361694721434e-01 -6.160680961364670832e-02 4.813069870920081567e-02 2.494411479128151865e-01 8.046090729565337496e-02 -1.956521563224828952e-01 1.275667619371919359e-01
-1.162818114102902312e-01 -1.342186241916409721e-02 5.372607740553489442e-02 8.935508587961789317e-02 -1.295241656108447881e-02 -1.373096920747111649e-01 1.902116749177335531e-01 -1.708567716489532429e-01 -1.018552705763513949e-02 1.573925868665753680e-01 2.769820827763921911e-02 1.866360768684350094e-02 8.025103737500387246e-02 -1.527685108172653627e-01
-1.806280344562499751e-02 -2.161598104855639302e-01 1.960205682863306043e-01 -5.309069938547070211e-02 7.168798432067743920e-02 -1.017734555236665950e-01 -1.518067157756551600e-02 2.867500703961022371e-02 4.268728107569709496e-02 2.060370396040442365e-02 7.511178079308127031e-02 1.571921035770101338e-01 -1.649985964688910900e-01 -1.919070574618369357e-02
-2.985459412215905189e-02 3.303549703613823524e-02 -1.449759359792503720e-02 -1.270309516099781544e-01 7.471776284036311944e-02 1.705245651752620994e-01 1.253856259171215459e-02 -5.284843957178822493e-02 1.102688025424683471e-02 -3.359816909751125458e-01 1.423773992051725369e-02 2.472971465752868414e-01 2.908297981766368168e-02 -2.872617791438255436e-02
-2.150748554683844238e-01 2.742487201021377441e-01 -1.065563071406818406e-02 -2.644294640487360737e-01 1.105912912892562244e-01 1.817385440826439491e-01 -2.648212207654551120e-01 7.472073873997094051e-02 1.438007399376863005e-01 2.029407854370731679e-01 -3.417083826937259428e-01 4.612344131203549580e-02 -1.922831680759512218e-01 2.583301472853617442e-01
-2.192866784226638055e-01 5.944793590829788865e-02 -4.549416181463456638e-02 2.677227919388845967e-01 -1.998151324440122778e-01 1.158255270067467257e-01 -2.547955883612743055e-01 1.607554085713344683e-01 1.889887940259678545e-01 9.670321461426968634e-02 -8.045832490621357413e-02 -2.316109002143062479e-01 1.367953468552646767e-01 8.743453662183455627e-03
-1.638103939485328550e-02 -1.602937068465230264e-01 1.515414055233978430e-01 -2.379889495217870909e-01 1.672771629139548355e-01 1.798788547235468382e-01 1.547766353045773036e-01 -1.906640814997988542e-01 -1.308114804518142604e-01 -1.213724154981636327e-01 -1.017003590747117547e-02 2.679377407077586648e-01 -5.284618460463333389e-02 2.637780971653694295e-03
5.020291575094593117e-02 -7.701717500970282904e-02 2.657690222805065075e-02 3.124439711276733034e-02 -1.677130147382187020e-01 -1.355070575924389453e-01 9.865676737353691605e-02 6.351611209591176421e-02 -6.814735427388335376e-02 1.241756134739165907e-01 -3.963637170762062539e-02 3.095804603299036617e-01 -2.666608834084833735e-01 5.425037478515951084e-02
4.531213235199438305e-02 -1.188662617717269332e-01 3.058211956155774264e-02 8.839463201158404004e-02 4.079672955299399467e-02 -2.498629161355772343e-01 1.317276105227040695e-01 1.928630566450519057e-03 -5.230074795050968645e-02 9.843130147095684873e-03 7.541545532685905995e-02 -1.700113937269125824e-02 6.015873506715132407e-02 -4.260642345804107473e-02
-9.834456230476260052e-02 1.122142789797017370e-01 -4.404171901181820614e-02 -2.293417120955292335e-02 -1.161816030468680871e-01 -3.115590788980778236e-01 -2.006090977361690147e-02 2.189331689329648278e-01 2.033048097289299472e-01 8.239685316739096821e-02 -5.977412946770680607e-02 1.381898540809970988e-01 3.147220586006205245e-01 -3.933431633583570619e-01
7.422467696446946595e-02 4.062781334928299015e-02 -3.587604444506124757e-02 4.345529255317272244e-02 -2.750453090072400159e-02 -1.194341475575204786e-01 -2.385149567219687489e-02 -4.527835798947540957e-02 9.551788259583982033e-02 -6.047941464509312692e-02 1.439439194904983815e-02 2.665497992599346125e-02 -1.343686580613973058e-01 1.554392983535047845e-01
-1.970058226460691675e-01 2.124137550148022247e-01 1.733306931044845400e-01 -1.515371906494276943e-01 2.511637802645774742e-02 -8.298615626466726569e-02 -2.447827023877537089e-02 5.162850579717980642e-02 6.888329521145977741e-02 -2.343569918368306748e-01 1.958228600601963007e-02 2.488458002508034395e-02 -3.069271948591509314e-02 1.487393443560458828e-01
-1.359339055969834564e-01 1.036889591196497734e-01 8.406659809467315059e-02 -1.655968777385907753e-01 -7.947989146896483614e-03 2.246294124186187791e-01 -1.716753104721873702e-01 1.736196467382194325e-02 -1.344139615200492383e-02 8.027195019433919221e-02 5.319229633267989060e-02 -1.242447355077972715e-01 9.657056472752999221e-02 -3.741984452700788250e-02
3.572393879474506512e-02 8.754158698884920153e-02 5.494953627967540805e-02 -9.647153140351780870e-03 -9.327152033616037397e-02 -1.020548912198911834e-01 -1.959388597828130504e-02 3.995646430321284776e-02 -8.071043165391704466e-02 -1.609227880982546655e-01 1.157865466443140368e-01 -3.928843352454550880e-02 1.991306091314264393e-01 -2.407789177097650196e-02
