-1.530062472574923671e+00 -6.725170895361517465e-01 -5.676514928756939415e-01 -4.914148464650369696e-02 -6.705543629999738409e-02 -1.309125714580980371e-02 -5.338238914985506955e-01 -2.104295882209558322e+00 -1.104295882209558988e+00 -1.042958822095554627e-01 8.957041177904325746e-01 2.285151761518813718e+00 5.076726962765345519e+00 -1.549741475172614846e+00
7.785252258078689813e-03 -2.458990093080230810e-02 1.810503287460905192e-02 5.682328078436306440e-03 -7.087262938722023280e-03 6.889228549967367499e-03 -1.656790929695446390e+00 -6.567909296954289600e-01 3.432090703045761471e-01 -1.944376567284026525e+00 1.941496987192297352e+00 4.573355153119889049e-01 1.457335515311983576e+00 1.340725635816318595e-02
-1.002247861346947433e+00 -8.682886830027709835e-02 -9.962235060057637870e-02 -1.619237283041488895e-01 -1.520358988193952210e-01 -1.434548756249851009e-01 -2.126948897749143086e+00 -1.126948897749118439e+00 -1.212163118061821088e+00 -2.121631180618249457e-01 1.873051102250877120e+00 1.690213897930257003e+00 3.970674565905547126e+00 -1.247991355772768429e+00
-3.047180847048460706e-01 -1.272111328181611545e-01 -1.177149263942693785e-01 1.297714063773084958e-01 1.737897302064619898e-02 -9.776486473918566400e-02 -1.485112793874854731e+00 -4.851127938748429069e-01 -1.119487402469023563e+00 -1.194874024690304043e-01 2.514887206125140828e+00 1.880512597530966445e+00 -5.192944739679818955e-01 -2.050357120461917537e-01
-1.944291296621614373e+00 -1.306095639143927123e-01 -1.588277729930854809e-01 -3.566901501290413168e-01 1.094002400581197965e-01 -3.327308069963989534e-01 -1.971411455033120319e+00 -1.567101998955168440e+00 2.858854496688277222e-02 4.328980010448295057e-01 1.432898001044821790e+00 2.024938909911599083e+00 4.436546937814707547e+00 -2.041996994502464968e+00
-1.915805096008693642e-01 -1.477641019525298693e-01 -2.607832975906144643e-02 -1.026184957610097072e-02 -3.044348619591395744e-02 7.643440760444740641e-03 3.289688164146944427e-01 -1.885686316793110828e+00 -8.856863167931026126e-01 1.143136832068889081e-01 1.114313683206891614e+00 2.114313683206896943e+00 -3.581061115711778875e-01 -1.823356888582749191e-01
-1.979006829035172998e+00 -5.157261588283307274e-02 -4.109983903783093889e-02 -9.407209471282784730e-02 -4.559802187853745359e-02 -1.629453270089983863e-02 -2.177769537447941772e+00 -9.975635753203142275e-02 2.143747157682300841e+00 -4.212730804922337202e-01 5.787269195077604511e-01 1.578726919507770221e+00 2.578726919507761561e+00 -1.991874411789609223e+00
-2.749169407620797312e-01 -1.113719047820062591e-01 -1.154540990417823043e-01 -9.139557978073262201e-02 1.926542341654313012e-02 4.562389701340670983e-02 -1.796656762214894121e+00 -7.966567622148913452e-01 -7.568493139514043122e-01 2.431506860485966870e-01 1.243150686048606124e+00 3.203343237785108322e+00 -5.679982931343066088e-01 -2.816236787344901238e-01
-4.007048351409150388e-01 -2.457845653574948219e-01 -1.031170322965995478e-01 -7.317746070966643646e-02 -8.404729140070593685e-03 -1.698179123974880023e-02 -2.317152095398443468e+00 -1.317152095398447242e+00 1.135343217444010205e-01 1.113534321744392042e+00 1.682847904601558309e+00 2.682847904601551203e+00 -7.308598001017654333e-01 -4.178194522130762034e-01
-9.551828465550207814e-03 -6.702188310531362325e-04 -1.840120546306009408e-02 -4.735633118065196018e-04 2.251815874338099210e-03 -3.656777361878253869e-03 -2.066396622715913622e+00 -2.110521007476342525e+00 -6.639662271592185194e-02 2.114524385084373570e+00 -2.914424276775813838e-01 7.085575723224128986e-01 1.708557572322416007e+00 -4.770475888758445027e-03
-2.264723644425142179e+00 -1.427001800159299671e+00 -5.339174018046184411e-01 -4.446548166682428027e-01 1.852095357246365606e-02 7.503292486104858570e-03 -2.115507708778523011e+00 -9.007545176129820863e-01 -1.155077087785233575e-01 8.844922912214706612e-01 2.099245482387004813e+00 1.444554444587716535e+00 5.539182678847602403e+00 -2.229820949179358358e+00
-3.912260900040814837e-01 -2.302173096066907343e-01 -1.938400114965874721e-01 -1.979519639158274225e-01 1.404409676239953275e-01 -1.321345795203378581e-01 -2.056190683686695664e+00 -1.248631025125714666e+00 -5.619068368670486480e-02 9.438093163133075558e-01 1.943809316313294122e+00 2.751368974874285556e+00 -9.260043281529357628e-01 -3.854313042336326989e-01
-3.975870198509088294e-01 -3.925174613149305380e-01 6.438926772655623187e-02 -6.162189869611746362e-02 -2.043869783419606165e-02 2.531526564324836429e-02 -1.959361194905262948e+00 -1.411899484357812540e+00 -4.118994843578072107e-01 1.040638805094726838e+00 2.040638805094733499e+00 2.588100515642183019e+00 -7.696301033275441128e-01 -3.725167188611938629e-01
-5.457721990973574133e-01 -3.660409144583792740e-01 -1.130430074710480348e-01 -1.539705965953379607e-01 -9.132162318367925691e-02 -7.635593231015889992e-02 -1.972140022929686154e+00 -9.721400229296761619e-01 -1.047860627329961908e-01 1.027859977070321396e+00 1.895213937267010706e+00 3.027859977070314290e+00 -9.725675098450183853e-01 -6.211854041586349906e-01
-9.090892841368329591e-02 -2.005702330467975525e-01 -3.347073053738131715e-02 -1.419997926909951635e-01 -8.830565470866261202e-03 5.863621583180007174e-02 -2.719601061134895748e+00 4.793450431840786674e-01 -7.196010611348908625e-01 2.803989388651134673e-01 1.280398938865113356e+00 2.280398938865103808e+00 -3.177345468458330213e-01 -1.848505606401920631e-01
-3.570679430805476229e-02 4.923708342244855624e-02 -4.268768500619066208e-02 1.505725667699607702e-02 -4.361885571466302819e-02 -8.520878629513924107e-02 -2.300895444192657457e+00 -1.608166508047649712e+00 -6.081665080476510443e-01 2.300154902380594280e+00 -2.092168886685556728e-01 7.907831113314330862e-01 1.790783111331434752e+00 -5.073739916667036054e-02
-3.010666630171917046e-01 -1.746911519464305340e-01 -1.060146540569358725e-01 4.751995341799133965e-02 -1.601474595241621779e-01 3.624237020616273564e-02 4.778493308832383879e-01 -1.815814804554708894e+00 -8.158148045547085614e-01 1.841851954452910778e-01 1.184185195445291550e+00 2.184185195445294436e+00 -4.986794934740076402e-01 -2.803276140194495003e-01
-5.986701116074337747e-01 -2.918352848606992067e-01 -1.803450310790599420e-01 -8.390977069402381916e-02 -9.748101690858201884e-02 8.281303610853898989e-02 -1.669036488714462863e+00 -6.690364887144605310e-01 -4.393387446667312290e-01 5.606612553332657178e-01 1.560661255333277042e+00 3.330963511285530032e+00 -1.003073037148930924e+00 -5.407624879705534848e-01
-8.388137557094466068e-02 -5.506276495591966302e-02 -5.026694106508389215e-02 2.480204300434305231e-01 2.319709306022496587e-01 -3.250854022465685667e-01 -1.614090027308643371e+00 -2.026086147250523162e+00 -1.026086147250533154e+00 1.385909972691349967e+00 9.739138527494659581e-01 1.973913852749463738e+00 1.175803195861019890e-01 2.108600429218292494e-01
-1.590550203202599100e+00 -5.416862518251255865e-02 -1.273921031382768410e-01 -3.272547131059787007e-01 -2.623160761791547002e-01 -2.274444493141176797e-03 -1.575794939693193619e+00 -2.083920077687792638e+00 -1.083920077687792860e+00 1.424205060306815041e+00 9.160799223122046975e-01 1.978371636280203738e+00 4.361912422808718048e+00 -1.611367185641825905e+00
-1.707303239005329321e+00 -9.800124380598999874e-02 -9.201012542413676554e-02 8.077135264198953557e-04 -4.481992343069621243e-02 2.876002929755715198e-02 -1.111432950667675001e+00 -2.042232674327089104e+00 -1.042232674327095099e+00 -4.223267432708638358e-02 2.856180551551136482e+00 1.990154278216005990e+00 2.990154278216007100e+00 -1.724180749796354606e+00
-5.905085618574719142e-01 -5.960058546621367359e-01 -1.119261158283204050e-01 -2.081194531650127078e-01 -1.166671110147063373e-01 5.902313858799801416e-02 -1.381989236695005063e+00 -3.819892366950069507e-01 6.180107633049939375e-01 2.499331241185011321e-02 2.618010763305008037e+00 2.024993312411848656e+00 -1.311448721884862501e+00 -6.847664025235020713e-01
-5.825821980952818890e-01 -2.279348216575169950e-01 -3.024066064782579555e-01 -7.849137169230333000e-02 -1.476462098889792796e-02 -7.883321180511601578e-02 -1.043055851658253319e+00 -4.305585165823972577e-02 9.569441483417600036e-01 1.956944148341759337e+00 -1.444001441829926430e-02 9.855599855816996602e-01 -9.855726314361332729e-01 -5.667005066812443870e-01
2.126892765770865140e-03 2.540496755134916129e-03 -2.727870779577253740e-03 6.603204493773190409e-04 -8.468146552242233893e-03 -2.277732364780547109e-02 -2.848472119101028266e+00 -2.383345541513568033e+00 -8.484721191010247132e-01 1.515278808989844184e-01 1.151527880898984613e+00 2.386022910011176279e+00 2.382159946710989740e+00 -6.926120994980647372e-04
-1.449068404536050902e+00 -4.871465289503046359e-01 -4.887557487752533514e-01 -1.725243852605249373e-01 -4.735212235839288131e-02 8.655589277267702886e-02 -1.527640238333226819e+00 -5.276402383332284840e-01 -1.586900379012843754e+00 1.472359761666771849e+00 4.130996209871440894e-01 1.445899649806489107e+00 4.439559995219275024e+00 -1.608836279196855790e+00
-2.204262523142265451e+00 -1.214107747148679139e-01 -1.455472080146424374e-01 -5.292964588235410384e-01 -5.048426019126361908e-03 5.205481421087942984e-02 -2.214975660020690018e+00 1.446679735849377146e-01 2.176848719779157282e+00 -2.471576914218268084e-01 7.528423085781693613e-01 1.752842308578173025e+00 2.752842308578177910e+00 -2.202789095456859858e+00
1.328474949828298973e-03 4.794199043018055988e-03 -9.400225702743295747e-03 -3.010329901971770666e-03 -4.897965906525046653e-03 -1.986385806415986305e-03 -2.307993125072598684e+00 -1.644022823190732563e+00 -6.440228231907363377e-01 2.287801664729772533e+00 -2.398172431038555208e-01 7.601827568961542214e-01 1.760182756896159217e+00 2.471665056321301415e-03
-2.308533584516113901e+00 -9.474506051922899630e-01 -6.426767476276797897e-01 -3.326915944192073149e-01 -3.720257335633200269e-01 -4.063876349102490404e-01 -2.131167697338207212e+00 -1.131167697338196554e+00 2.386764333260592008e-01 1.238676433326056259e+00 1.868832302661789013e+00 1.642602575246373320e+00 5.464905470464541892e+00 -2.219981324423882185e+00
-1.856253461588617482e+00 -8.012245053978467313e-02 -1.551505492755491655e-01 -3.218475216652045834e-01 -5.994029124911917639e-02 -1.046714468404316145e-01 -8.532842650033330978e-01 -2.029370845095183729e+00 -1.029370845095181730e+00 -2.937084509518411712e-02 2.878716128163828714e+00 2.238628785512333685e+00 3.238628785512340347e+00 -1.874980582045239430e+00
2.779655212937959599e-03 4.730998389025718037e-03 -5.916300409281229772e-03 -1.419798468833555205e-04 3.092915978305382785e-05 -7.479011042544538891e-03 -1.771809716433737414e+00 -7.718097164337399674e-01 2.281902835662635298e-01 -1.650977297492824514e+00 -6.509772974928230704e-01 2.295465445358578105e+00 2.281747183714924354e+00 7.777419445994947396e-03
-1.651064176317952326e-01 -3.877387361117556885e-02 -3.772745587520043298e-02 8.333993513223098004e-02 9.470266246852422631e-02 1.108140591681237574e-01 -2.349125404551059226e+00 -2.288308486518079832e+00 -3.491254045510499004e-01 -2.883084865180892686e-01 2.538588739657390292e+00 8.239774551920479029e-01 1.823977455192053121e+00 2.685818141753393284e-03
-2.014214364780082811e-02 3.652726052728576950e-03 5.683577845942301005e-03 2.686220431273860648e-02 -8.902550390828851967e-02 -8.478307825171220447e-03 -2.531957991621018422e+00 -1.531957991621021753e+00 -2.138280852780330754e+00 4.680420083789790797e-01 1.468042008378977137e+00 2.141507814599056925e+00 2.188254005658256229e+00 -2.059095812737397890e-02
-3.947149704605786291e-01 -5.269473886044710037e-02 -6.194776823090345635e-02 -7.727749195510102975e-02 -7.205690249118495982e-02 -3.228973732590545431e-02 -2.388767199059706137e+00 -1.388767199059681712e+00 5.017917775363603949e-01 6.112328009403094065e-01 1.611232800940306076e+00 2.611232800940308518e+00 -5.162175329283477110e-01 -3.891460442897536898e-01
-4.233717335398393122e-01 -4.437033688647922802e-01 -5.985686938013778241e-02 -3.402564841961636111e-02 -7.134510304324140351e-02 -7.793516950632349213e-03 -1.899020469808073930e+00 -8.990204698080735968e-01 -5.001019940439395128e-01 1.100979530191919853e+00 1.499898005956050051e+00 3.100979530191925182e+00 -9.215536738045320142e-01 -4.804536229813420323e-01
-2.279367284273488892e+00 -2.271963037277219044e+00 5.460073146374040676e-02 -8.801406039763591538e-02 3.410824724020094373e-02 4.949074761173292980e-02 -1.684206815362621068e+00 -6.842068153626172933e-01 -9.388581772964597061e-01 1.315793184637390256e+00 2.315793184637384705e+00 9.297436825219832501e-01 5.447191235504857509e+00 -2.238494227951573823e+00
-3.778288837770090725e-01 -3.285602250493611098e-01 -1.095129577859968277e-02 -9.710390109580818718e-02 -2.765375430873368012e-02 -7.236915769233095985e-02 -6.079720449106450486e-01 -1.933745379060860303e+00 1.392027955089355951e+00 6.625462093913447870e-02 1.066254620939136588e+00 2.066254620939128817e+00 -7.606742762919350698e-01 -4.123223042457987431e-01
-3.996785543202933111e-01 -5.713672535314289203e-01 -1.766632990541977533e-01 1.438771013034344792e-01 -1.200543818975329247e-01 -1.283586330387326280e-01 -1.308999341100929970e+00 -1.759890269739502688e+00 6.910006588990661447e-01 1.691000658899066922e+00 1.240109730260490206e+00 2.240109730260490650e+00 -1.036965724218919638e+00 -5.425098270253363442e-01
1.051856557326626140e-03 2.095982447450995059e-02 -2.816823124816621171e-02 -3.651292309339443376e-03 -3.196111652441831208e-03 2.064318671140628197e-03 -2.308206319466754586e+00 -2.301273248587158538e+00 -3.082063194667485351e-01 -3.012732485871512100e-01 2.595567905876071890e+00 7.949536111926069903e-01 1.794953611192606324e+00 6.034239049172860497e-03
-2.408366450237005463e+00 -1.642401797287470711e+00 -4.670071623438343256e-01 -4.679259453343351804e-01 3.351841367266428229e-02 -3.070832968601579227e-02 -1.172885661931770462e+00 -1.728856619317710730e-01 -5.461271239768532570e-01 4.538728760231498516e-01 1.453872876023148297e+00 1.491421963085244329e+00 5.789565130716638031e+00 -2.352332531096113843e+00
-2.029326604546243473e+00 -5.953799790902247757e-01 -5.845393684364300624e-01 -2.616360055644197935e-01 -2.463218265303432908e-01 -4.988046609363090689e-02 -1.695863493592596472e+00 -1.817527611657395514e+00 3.041365064074187385e-01 1.824723883426070115e-01 2.304136506407410412e+00 1.683819665781716601e+00 4.802789781070528896e+00 -2.035268896802723049e+00
-2.440581558366312187e+00 -1.174676433293124544e+00 -8.171472404128250488e-01 -1.102105629842557305e-01 6.171501167345709582e-03 -1.421969566475519420e-01 -1.460892738406004199e+00 -4.608927384059990917e-01 5.391072615940011303e-01 2.870180433415642218e-01 1.287018043341566997e+00 1.321978275122948965e+00 5.504146057266822822e+00 -2.377230357622500456e+00
-7.343848756196584560e-03 8.494489685259560934e-04 -7.180841124160483417e-03 -8.209019744849221922e-03 -9.386433004064650976e-03 1.108329154442214137e-03 -3.001071787028388282e+00 -2.001071787028440241e+00 -1.001071787028442683e+00 -1.071787028404408643e-03 9.989282129715582048e-01 1.998928212971557761e+00 2.998928212971557983e+00 -7.245305990204345230e-04
-1.722038097424780201e+00 -2.074780040915054635e-01 -2.053154600250435280e-01 -2.191734630217964941e-01 -1.012697243317700196e-01 -7.755678252902782274e-03 -1.273729262230558934e+00 -2.737292622305564915e-01 -1.917498406589820403e+00 1.726270737769451946e+00 8.250159341017286596e-02 1.801562098052779337e+00 4.007209041697207041e+00 -1.727945517035202494e+00
-2.070665072713777199e+00 -5.997244595272654966e-01 -5.884893809019785538e-01 -2.967731740093348947e-01 -2.503819873822109576e-01 -3.886174613311091375e-02 -2.332549608406708774e+00 -1.027120836243052393e+00 -2.712083624304591212e-02 6.674503915932845644e-01 1.972879163756944720e+00 1.718677404434588274e+00 4.921651493195001059e+00 -2.087360755723658201e+00
-1.650226369292129291e-03 -4.237888422427521506e-02 2.777274478638250277e-03 -9.432425549741263460e-02 -4.641465449733261917e-03 7.031779285320591266e-02 -2.793750052051708455e+00 1.034921952689962926e-01 -7.937500520517105640e-01 2.062499479482894915e-01 1.206249947948283552e+00 2.206249947948282220e+00 -8.665029116652295249e-02 -1.658128393936600387e-02
-9.968053699870521589e-01 -1.153016735898626244e-01 -1.268786991639743178e-01 -1.920837930597141530e-01 -1.578085637194037438e-01 -9.195888573814617328e-02 -1.927142425507153867e+00 -2.002427173303810815e+00 7.285757449284464837e-02 -2.427173303810932492e-03 2.208841646110434098e+00 1.861588476863969666e+00 2.861588476863971664e+00 -1.430431821262617031e+00
-7.396025313619980328e-04 -1.325842364105269885e-02 -5.382803821550891793e-03 9.498181819590367433e-03 5.093499033373945217e-02 -3.933414965629711268e-02 -2.317559878259877415e+00 -2.296294232766583399e+00 -3.175598782598733072e-01 -2.962942327665877285e-01 2.590057520780545186e+00 7.960883684920683212e-01 1.796088368492074983e+00 5.366367480840204818e-03
-9.007296184068400713e-01 -1.205200651815030444e-02 -1.501434438364535051e-02 -2.046963322331510349e-02 -2.467473432819577983e-02 -2.137550073676697249e-02 -9.674435129813245826e-01 3.255648701866936667e-02 1.032556487018653879e+00 6.540805014409345475e-03 -2.468543104712304648e-01 7.531456895287811371e-01 1.753145689528769147e+00 -1.407720901364138300e+00
1.307693254916984099e-02 -1.651891621197963678e-04 -6.128220095631915776e-03 -7.308262487850866740e-04 -1.018745350318126311e-02 -4.496849375072720090e-03 -2.811583398832310454e+00 -1.797862608510718774e+00 -7.978626085107097810e-01 1.884166011677081143e-01 2.593697977488664819e+00 7.968560902223992271e-01 1.796856090222411328e+00 1.724058283850804507e-03
-2.059154797061970577e+00 -1.457758770918947677e+00 -9.272823557537738237e-01 -1.937046669179269542e-01 -2.022002443077756950e-01 -1.282385555604519944e-01 -1.861186761075642071e+00 -1.147180670624958765e+00 1.388132389243564302e-01 1.138813238924357485e+00 1.852819329375046120e+00 1.335510164524284837e+00 5.656122233172523828e+00 -2.183760787003446779e+00
