-2.080840345831363791e+00 -9.078364455245697684e-01 -6.145751131731389538e-01 -1.930608653696258004e-01 -2.160298398745163773e-01 9.954369135463800311e-02 -1.178466459529717625e+00 -1.898765154700044588e+00 -8.987651547000444774e-01 1.821533540470278600e+00 1.101234845299957410e+00 1.725384320794710824e+00 5.197384446451178697e+00 -1.946639006438213082e+00
-1.644847719087176197e+00 -6.995693802473113010e-01 -7.039496350674963043e-01 9.411041267758074591e-02 -3.866965407540713835e-03 -9.665625953275747140e-02 -2.115387828216949373e+00 -1.466279303229173436e+00 -4.662793032291657758e-01 8.846121717830488507e-01 1.533720696770821235e+00 1.580612459586191232e+00 4.837720689030617471e+00 -1.723837576601161103e+00
-9.667894266262416769e-02 -1.367693950816967208e-02 2.433065156755817582e-02 7.713751332884832834e-02 -1.621919970282430234e-02 -8.098150168229729939e-02 -2.603352771242723573e+00 -1.879382223224338899e+00 -8.793822232243395653e-01 1.206177767756578256e-01 2.661396038066028424e+00 8.558703526595472511e-01 1.855870352659551692e+00 -1.544642458034539700e-02
-6.609647961366211799e-01 -2.976358997357715919e-01 -1.642806247772318207e-01 -1.092633851835864145e-01 -8.460235572661493897e-02 -5.208145314094819733e-02 -1.274052503952479043e+00 -2.740525039524805972e-01 -7.074081005843394498e-01 2.925918994156578301e-01 2.725947496047520957e+00 2.292591899415657331e+00 -1.101184937161769684e+00 -5.755022752974642275e-01
-4.855232059376775045e-01 -3.005823317252728222e-01 -6.001410381410868244e-02 -1.247559624589476696e-01 -2.915055083604134456e-02 -4.863176091681307989e-02 -1.876922815967155822e+00 -1.334244648972972014e+00 -3.342446489729603010e-01 1.123077184032854392e+00 2.123077184032852838e+00 2.665755351027039755e+00 -8.631720875096569046e-01 -4.445651427516118526e-01
-2.426439095945708946e+00 -1.662117452645659688e+00 -4.048837214833042042e-01 -5.288314193195208235e-01 8.760600132259356576e-02 -2.482296457901069647e-02 -1.719647387378540060e+00 -7.196473873785276254e-01 -2.821506339116834350e-01 1.280352612621471042e+00 1.717849366088322505e+00 1.327849878420497509e+00 5.670352673132279975e+00 -2.305368009713680166e+00
-1.606505974205505935e-02 -7.541286676230867653e-04 1.623214825692090302e-02 8.197076953561496446e-04 -6.811711108733775263e-03 -1.241969550964457103e-03 -1.497797027421421401e+00 -4.977970274214220114e-01 5.022029725785838172e-01 1.502202972578570828e+00 5.436286178296844546e-03 -4.965557921389746610e-01 5.034442078610398275e-01 -3.213119868045021671e-03
-7.804884473968888514e+00 -3.164240853376423801e-05 9.599574446038188630e-03 -1.712851653510386041e-04 -8.286187104577374951e-03 -1.559654772564668390e-02 -2.855022789689470208e+00 -1.315183966656736203e+00 -3.151839666567382015e-01 1.449772103105438914e-01 1.144977210310534010e+00 1.634678271476097677e+00 4.195115526031126585e+00 5.195115526031131026e+00
-1.427418519952366349e+00 4.367094602142834736e-02 5.122479258049700973e-02 -1.645842242283880597e-01 2.944892368080465062e-02 4.061419095153881442e-02 -3.053000118100298588e-01 -2.512395260983216971e+00 1.694699988189982687e+00 -5.123952609832277405e-01 4.876047390167717044e-01 1.487604739016774369e+00 2.487604739016779032e+00 -1.390277321287819001e+00
-1.685900121147094338e-02 8.560974909496569044e-04 2.724916711718494700e-02 -9.835891304598980839e-04 -1.048758862879108598e-02 1.192813512693136676e-03 -1.700253493030042806e+00 -1.686434793760788198e+00 1.693892562037176086e+00 -1.080582290259890721e+00 -8.058229025990050476e-02 9.194177097401013965e-01 1.919417709740093958e+00 2.425944587267397229e-02
2.415588951322360511e-01 7.149624098428176457e-03 2.580788238126219963e-02 1.345903757030885578e-02 1.392374120827916464e-02 1.669841245176143657e-02 -2.854370531143345158e+00 -7.407802764395279294e-01 -8.543705311433450467e-01 1.456294688566644735e-01 1.145629468856655064e+00 2.145629468856649957e+00 4.106406156137231145e-01 2.934971829297791657e-01
-1.679492374062628579e-02 -7.261563531359288559e-04 1.641803982796087927e-02 -6.326664281903011857e-04 -6.816732106986448173e-03 -2.559616309806608120e-04 -1.497908294230508419e+00 -4.979082942305052550e-01 5.020917057694989083e-01 1.502091705769507346e+00 6.212166953681404549e-03 -4.958356586079558648e-01 5.041643413920500194e-01 -3.996813154280551977e-03
-2.101862130811731344e+00 -8.682816678091753726e-02 -9.169143452967053187e-02 7.870414429655801791e-02 -3.047360770552319242e-01 -2.970801060479854039e-01 -2.707947926456131693e+00 -6.477237649574844047e-01 3.522762350425229783e-01 2.920520735438711935e-01 2.615115780540826051e+00 2.029212453939963634e+00 3.029212453939967631e+00 -2.148601075435029539e+00
-9.178142775403729914e+00 -1.018571220369635100e-03 8.952955375150853379e-04 -2.825776822322252288e-03 7.058216703123496027e-04 2.813020591363651901e-03 -4.576843909020720247e-01 5.423156090979230903e-01 -6.241896300422801469e-03 -1.781427754037338551e-01 8.218572245962642020e-01 1.821857224596263869e+00 2.821857224596268754e+00 3.821857224596267866e+00
-6.494608914659057500e-03 9.198554621730355846e-03 7.429791815185491852e-03 1.428919892810705597e-02 -1.114676395751979313e-02 1.234539595166584888e-02 -1.650270498589265777e+00 -6.502704985892779899e-01 3.497295014107315581e-01 -1.944924080415559198e+00 1.944821084437202474e+00 4.599843814470142012e-01 1.459984381447022583e+00 1.542661963715162392e-02
-7.748391050153385917e-02 -1.158621133010034887e-02 -3.219695798940794274e-02 -5.642426011308275535e-02 9.499193520751521291e-03 1.020733396699425588e-01 -2.829713439393136909e+00 -2.377401470493087920e+00 -8.297134393931324681e-01 1.702865606068617865e-01 1.170286560606859760e+00 2.377337921768416074e+00 2.415547074399445826e+00 -2.040850212926703655e-02
-4.138662356134391040e-01 -2.269973700910235259e-01 -2.199134810415630803e-01 4.026626024435032980e-02 -7.890372708336090835e-03 -1.006212483718613854e-02 -1.910554496451781104e+00 -1.424982008058615746e+00 8.944550354822301819e-02 5.750179919413781482e-01 1.575017991941376261e+00 3.089445503548214234e+00 -7.201448105585280812e-01 -4.246798926335404456e-01
-6.869571988059743062e-02 1.927795795252141425e-03 8.511223559081839904e-03 -6.717119090518275729e-03 -5.046370949593114753e-03 2.320834822152364769e-03 -2.484860897292662685e+00 -1.484860897292661130e+00 -4.848608972926634064e-01 5.151391027073402018e-01 1.515139102707338647e+00 2.515139102707337759e+00 -2.867802716193685111e-03 -1.016499855408476219e-02
-4.098887604232179932e-02 4.891208221881526708e-02 -6.286322468740158931e-02 1.017880120957975754e-02 -2.471451438120376640e-02 1.996155571853613225e-02 -2.457707490549670304e+00 -1.457707490549668750e+00 -1.697161257152790759e+00 -6.971612571527981972e-01 1.542292509450331250e+00 2.404859743494520252e+00 2.440271487450490717e+00 -1.806960979688980104e-02
-5.025019670332677713e-01 -3.459470375307966417e-01 1.013609092820239033e-02 -1.330231876818603054e-01 -1.133856632446481327e-01 3.871402657344263920e-02 -1.891852193963092565e+00 -1.513587551582766588e+00 1.081478060369178568e-01 1.108147806036913874e+00 2.108147806036915650e+00 2.486412448417230525e+00 -8.875001232604327051e-01 -4.618058005032295577e-01
-5.128785863988973848e-01 -3.828902511424375765e-01 -1.105737930308667294e-02 -1.261081826634273262e-01 -3.393226901656018479e-02 -6.034803698829113716e-02 -2.104473335921362320e+00 -1.104473335921352550e+00 -6.600203084795530639e-03 9.933997969152005281e-01 1.895526664078655443e+00 2.895526664078644341e+00 -9.338584250162053069e-01 -4.977306603865558898e-01
-1.994436522759095221e+00 3.910958764488962208e-02 4.676836561543170484e-02 -4.731278499097607559e-02 -4.367758669629831503e-02 -3.998866667336092862e-02 -2.391200626436654986e+00 -1.391200626436650101e+00 -3.912006264366647557e-01 4.674694632094618663e-01 1.467469463209447156e+00 2.608799373563341018e+00 3.608799373563341018e+00 -1.929295727146682182e+00
-2.080227224552434695e+00 -1.679313141140251209e-01 -2.554076681915845026e-01 -4.908024396874425266e-01 -1.630276332879468729e-02 -4.360349446185238925e-02 -2.145972929778869442e+00 -1.444595949626588105e+00 -4.445959496265960986e-01 8.540270702211297804e-01 1.854027070221124118e+00 1.827664788703148080e+00 4.581766337889495944e+00 -2.017943074437182904e+00
-1.972524858478886145e+00 -1.591027833306573325e-01 -2.275243200816981504e-01 -3.912043395932939260e-01 -3.729052147664959627e-01 1.362217621324126327e-01 -2.341230904695781767e+00 -1.234629930355177097e+00 -3.412309046957836545e-01 6.587690953042085740e-01 1.765370069644830009e+00 1.822396406736783048e+00 4.601744024197100380e+00 -1.934045642788031483e+00
-4.894211874527157335e-01 -3.795812516291866001e-01 -5.415658803823706485e-02 -1.959884099381207223e-01 -5.441031448718433583e-02 4.610097208582298461e-02 -1.621974965315486239e+00 -6.219749653154794666e-01 -5.083723404882283248e-01 4.916276595117716752e-01 1.491627659511785886e+00 3.378025034684511319e+00 -9.643597091993348913e-01 -5.070391347003894156e-01
-1.244503023012815124e-01 -3.294770112124925654e-02 2.392840856341504896e-03 -2.338107167295377931e-02 -5.412988035042531898e-03 1.957536892536645978e-02 -2.547994374088452307e+00 -1.547994374088460523e+00 1.384212285758788796e-01 4.520056259115382558e-01 1.452005625911537479e+00 2.452005625911538367e+00 -1.361962389411504604e-01 -8.792680661408058818e-02
-1.282594643177132482e-02 1.027160744191342283e-03 2.448038030032121531e-02 1.322744006686014419e-03 -5.093198465849946462e-03 -1.668346022250530216e-03 -1.499181045000181234e+00 -4.991810450001760713e-01 5.008189549998260937e-01 1.500818954999818988e+00 1.383395853887585359e-04 -5.114856097971468563e-01 4.885143902028618590e-01 2.241672510781104327e-02
-4.311895211013245799e-01 -1.350364641298215373e-01 -1.462802577038994079e-01 -1.604804833028615485e-01 5.019981899344883036e-04 -1.123760579101024115e-02 -1.996478316440996936e+00 -1.492407135342568303e+00 3.521683559023991439e-03 1.003521683559019939e+00 2.003521683559017497e+00 2.507592864657442355e+00 -7.659016879069081574e-01 -3.695459825755186278e-01
7.768612144221361676e-03 -1.686262407950076328e-02 -4.594370298726408591e-04 3.015457086025464806e-01 -1.381343552927324636e-01 -1.344289199569445314e-01 -1.065325324237617055e+00 -2.308877321234483304e+00 9.346746757623614066e-01 -3.088773212344856356e-01 6.911226787655077031e-01 1.691122678765521359e+00 2.004670872269180559e-01 1.563663210280886728e-01
-1.827312830460043669e+00 -9.706705431794054872e-02 -1.145285076472613295e-01 -3.244592978841728259e-01 -3.187546290929548221e-01 9.787521150485725685e-02 -2.901411029850506917e+00 -9.514937205319872193e-01 4.850627946801552154e-02 1.048506279468013336e+00 1.098588970149496191e+00 1.979482187116725633e+00 4.167613698664251132e+00 -1.895443097356962037e+00
-5.505800673734531081e-01 -3.376039804226518282e-01 -3.484846586101041921e-01 1.624569928079151460e-01 -1.573432601349499318e-04 -2.604829622814251039e-02 -1.840355828512849845e+00 -1.547984488616371390e+00 1.596441714871505158e-01 1.159644171487150155e+00 2.159644171487153042e+00 2.452015511383617952e+00 -9.714520451437088644e-01 -4.606358512560406182e-01
-1.855637000037628326e+00 -1.541599366870244570e+00 -1.226995596612722311e-01 -2.474503844697885091e-01 -2.610013392249503350e-01 1.583602500828831805e-02 -2.697464764430522077e+00 1.780558415824927132e-01 -6.974647644305076444e-01 3.025352355694787554e-01 1.302535235569472816e+00 1.934061033881899760e+00 5.546529865530499315e+00 -1.846133598787691010e+00
-4.800455613849524128e-01 -1.907087206469632312e-01 -2.051420678216807347e-01 2.991251287601224846e-04 3.192211715765176649e-02 -4.445029003641565862e-02 -2.076708306645956625e+00 -1.216619985896542744e+00 -7.670830664595576498e-02 7.833800141034609199e-01 1.783380014103455924e+00 2.923291693354038490e+00 -7.553951619521273031e-01 -4.663921035872443666e-01
-2.263808324116073134e+00 -2.245779750113586992e+00 9.112104585039668830e-03 -1.101412046347088197e-01 -6.670767953832244801e-02 -4.742964082353590127e-02 -1.320006046928617227e+00 -3.200060469286173381e-01 6.799939530713862146e-01 -6.978109356315496115e-01 2.679993953071385437e+00 7.379229273248182341e-01 5.244259788717010373e+00 -2.269490638825099271e+00
-2.472399844171714101e+00 -2.117368035490919453e+00 -2.849871341923648771e-01 -2.698089311020082093e-01 -2.983131723534933055e-01 -1.207370146077965251e-01 -1.222482337855435447e-01 -1.773596703623946169e+00 -7.735967036239405070e-01 2.264032963760534145e-01 2.824238605326602869e+00 3.279917368613328499e+00 4.279917368613324946e+00 -2.367318406748052162e+00
-5.039147837121500384e-01 -2.528532559178339190e-01 -6.043154793287092152e-02 9.178438263662767882e-02 -1.382322118225127738e-01 -1.513153095542047188e-01 -2.273932727613242388e+00 -8.545700105074809372e-01 -2.739327276132344502e-01 7.260672723867629408e-01 2.145429989492536826e+00 2.726067272386756279e+00 -8.459066142731666016e-01 -3.241572687264584474e-01
-7.757197809195254257e-02 8.893439251343844554e-03 -2.016670478072385420e-03 -8.649200319601920567e-03 -3.237873573176720116e-03 -1.492885746301537281e-03 -9.659813272151785979e-01 3.401867278482838264e-02 1.034018672784835724e+00 8.168107700271508287e-05 -9.952514316354559298e-01 4.748568364533495290e-03 1.004748568364535632e+00 -2.220577633781145588e-02
-1.745450659417102646e+00 -6.887177577747151114e-01 -6.910147878007532052e-01 -5.475535459509299659e-03 4.695405967552918058e-02 -1.078235824107288444e-02 -4.734575787749757403e-01 5.265424212250271463e-01 -1.708540294561888606e+00 -7.085402945618872739e-01 2.914597054381012353e-01 1.931313720985247562e+00 4.886689956580934080e+00 -1.640878138083405657e+00
-3.879979153526926655e-02 -1.527984844453695798e-02 4.345540759891359378e-02 -1.349165848335489790e-02 -1.704245521958388035e-03 -1.094551818936603804e-02 -2.806143012974699591e+00 -2.247051314815537548e+00 -8.061430129746949280e-01 -2.470513148155306093e-01 1.193856987025305072e+00 2.476112075723523098e+00 2.470692785121344937e+00 1.259492151539082228e-02
-5.619488520653136421e-01 -1.685937074697903548e-01 -1.786531891686440887e-01 1.067563742717177050e-01 1.485036770326407241e-01 1.934930632165373088e-01 -2.778745040124466215e+00 -7.752653061638180576e-01 2.247346938361766688e-01 1.224734693836170285e+00 1.221254959875516466e+00 2.221254959875498258e+00 -6.778376690122598358e-01 -1.895861987104358048e-01
-3.921933222275721942e-01 -1.079085656789684905e-02 -3.022351603703862105e-02 -9.924147887896798970e-03 -2.590310339178692467e-01 9.161696414933313826e-03 -1.042548743210743867e+00 -4.254874321074956361e-02 -1.460289092231217722e+00 1.957451256789249472e+00 5.397109077687881618e-01 1.539710907768790715e+00 -5.565636275903774743e-01 -2.318192266308701788e-01
-3.109446490569331978e-01 -1.159532254204295038e-01 -1.018270028153597379e-01 -7.948489059550423175e-02 2.240337090152215438e-02 4.688310879582664736e-02 -1.444617283951770803e+00 -4.446172839517749109e-01 -1.082329129983472304e+00 -8.232912998348344835e-02 2.555382716048220537e+00 1.917670870016535467e+00 -5.749946824782523613e-01 -2.951403282955953888e-01
-5.836385521207244631e-01 -1.533282609617130643e-01 -1.403837230016621862e-01 -8.416267698799155539e-02 1.549609157167197160e-01 4.296324751344723913e-02 -2.004442413721681859e+00 -1.004442413721676086e+00 -4.442413721670513370e-03 9.955575862783280217e-01 1.053878346622266537e+00 2.995557586278335016e+00 -9.132918011415901427e-01 -3.446829678008576092e-01
-5.405092727884632797e-01 -1.731186670000813554e-01 -2.049512858455062592e-01 -5.863172730530937654e-02 1.265028691074780373e-02 -1.903033005061161367e-02 -2.125656227123386977e+00 -1.100631268128105633e+00 -1.256562271233830075e-01 8.743437728766180195e-01 1.899368731871885707e+00 2.874343772876616132e+00 -8.287196232492286541e-01 -4.736994766922624223e-01
-4.924548899210651198e-01 -1.071911411784220169e-01 -1.594199338277980382e-01 -1.347679119232590150e-01 6.614171192791659659e-03 -4.636472735236876752e-02 -1.313073449198029763e-01 8.686926550801892244e-01 -1.146109783344253730e+00 -1.461097833442607796e-01 8.538902166557396090e-01 1.853890216655744938e+00 -7.178628298076890069e-01 -4.913964547360169521e-01
-4.483552842567209984e-01 -2.571732309706749597e-01 3.054337604716178545e-02 -1.092849216062089374e-01 -8.347894617078222002e-02 -2.193455346711237208e-02 -1.561480013529302102e+00 -1.461360585671132251e+00 -4.613605856711308073e-01 5.386394143288708580e-01 2.438519986470705891e+00 2.538639414328861754e+00 -7.551536628291694031e-01 -3.766579477738363768e-01
-6.000393136833007679e-01 -2.564218503801036220e-01 -1.357685792917332213e-01 -9.462262044679256578e-02 -7.898564893494937345e-02 -4.573936690954189671e-02 -1.988121228148469699e+00 -1.112219383095609970e+00 -1.122193830956004362e-01 1.011878771851535186e+00 2.011878771851522085e+00 2.887780616904378039e+00 -9.698465199588133245e-01 -5.074518074329917861e-01
-4.527025492379104649e-02 -3.304522516756858846e-02 3.857083105744451429e-02 -1.456007672206200386e-02 2.634880131679387047e-03 -8.042670437074557130e-03 -2.448791456750740725e+00 -2.417619536270947389e+00 -4.487914567507329533e-01 5.512085432492667136e-01 2.418762277717186215e+00 7.148265977163845708e-01 1.714826597716390788e+00 -1.460659133590624416e-02
-3.706279849667931114e-01 -1.560014119532449339e-01 -1.375084359480797658e-01 2.937072747851471322e-02 2.746160764433454304e-02 -2.279664396709641869e-02 -2.762589464698186781e+00 -7.353655418103995922e-01 2.646344581895992421e-01 1.264634458189591637e+00 1.237410535301796566e+00 2.237410535301803005e+00 -5.928079331398665719e-01 -2.731224463924441515e-01
-1.890571848971807745e+00 -5.087361125948256513e-01 -5.397460464672523273e-01 -6.413545283131505403e-02 -1.746701826995919193e-01 2.217762764540836401e-02 -1.345755376693511529e+00 -1.980248943746629076e+00 -9.802489437466389566e-01 1.654244623306498241e+00 1.019751056253366928e+00 1.925390076267397887e+00 4.748605578786670556e+00 -1.875953595278240682e+00
