-4.169242169553184774e-02 -6.357573702636731827e-03 -9.325702026998800714e-03 -2.342970544440049069e-02 -1.083545967182222500e-02 2.620474167460799808e-03 -1.624477042840836827e+00 -6.244770428408477070e-01 -1.275145824830575592e+00 -2.751458248305633791e-01 2.375522957159145410e+00 1.724854175169417303e+00 -1.498676524964570045e-01 -6.938025655893689803e-02
-4.969730278565852588e-01 -3.749023704403702806e-01 -4.080291592738247153e-02 -2.903214792714217674e-02 -9.040255641478490978e-02 -8.848629698339068039e-02 -1.028138900794500987e+00 -1.609981676609602008e+00 -6.099816766095893517e-01 1.971861099205498791e+00 1.390018323390400656e+00 2.390018323390401100e+00 -9.094803756259296490e-01 -4.808527012406066392e-01
-1.630039772457578251e-02 1.328578808324660382e-02 2.972017425441299265e-02 -2.638378761266506334e-02 -6.255052674184105599e-02 2.413089316865307810e-02 -1.685158197485067344e+00 -1.687304855800235037e+00 1.698214800922895895e+00 -1.070677474239899230e+00 -7.067747423990197730e-02 9.293225257600958855e-01 1.929322525760100104e+00 -1.208089454880272029e-02
-8.374090507318268650e-02 -8.112569813368425420e-02 -1.385553060475802067e-01 -4.866354460257178716e-02 1.245172989168737664e-02 2.128482038452082781e-02 -7.530250857762750272e-01 -2.179312715980332715e+00 1.246974914223722308e+00 -1.793127159803363235e-01 8.206872840196641761e-01 1.820687284019661067e+00 -4.167700713955916347e-01 -4.871688999328439851e-02
-1.137051772783469916e+00 -3.293291214598163125e-02 -2.959359085154267960e-02 -2.366717544290570380e-02 -1.968956776944871118e-02 -1.822967036938132404e-02 -1.452707803365715256e+00 -4.527078033657281897e-01 5.472921966342878530e-01 1.547292196634279859e+00 1.229146589289678050e-02 8.315617742040579685e-01 1.831561774204048643e+00 -1.610556011918982122e+00
-8.213141337907056694e-02 -1.178857975638171879e-01 1.115686738135177464e-01 5.209382338314252209e-02 -2.474015097877226010e-02 -1.771934479184214192e-03 -2.660144481287107343e+00 -1.861640833028743502e+00 -8.616408330287409489e-01 1.383591669712561922e-01 2.625571875895890805e+00 8.526428360665436745e-01 1.852642836066546339e+00 -3.006066889504519293e-02
-1.923591622777273358e+00 -1.488335749474249958e-01 -1.124792388049373759e-01 1.665366041016461129e-01 1.130671634287879757e-01 8.538038225253849478e-02 -2.047205381152101378e+00 -1.784397367856599192e+00 -4.720538115210287655e-02 2.156026321433865967e-01 1.215602632143394146e+00 2.215602632143388817e+00 3.952794618847899510e+00 -1.908010998814185566e+00
-2.456989754868622172e-03 2.061932732505566968e-02 3.218672032356313661e-02 -4.242553480602350921e-03 -3.585709554776669167e-02 -2.989316881226691119e-02 -1.647625275711373627e+00 -6.476252757113831748e-01 3.523747242886196562e-01 -1.935976940280799141e+00 1.939702455461328690e+00 4.766953767560171973e-01 1.476695376756008704e+00 -1.733582055116561493e-03
-9.989978935294189372e-03 -2.217046763263591860e-02 3.417763802433085307e-02 2.783186096493288006e-02 -3.666802509292866469e-02 -2.255444422888891118e-03 -2.654463328734224081e+00 -1.876795034529900708e+00 -8.767950345299020398e-01 1.232049654700983071e-01 2.642797779687296789e+00 8.259429139101118755e-01 1.825942913910115095e+00 -7.897658532695230049e-03
-2.156579011938155044e-01 -6.592449442375136748e-02 -5.551131960463950160e-02 -6.102834399772631702e-02 -1.968777144071161972e-02 -7.834953487449082543e-02 -2.279468705261747719e+00 -1.279468705261758821e+00 -2.794687052617518264e-01 6.407578802465705436e-01 1.720531294738244510e+00 2.720531294738249173e+00 -5.121386852044584881e-01 -2.422532036417956725e-01
3.201971176859289003e-02 -1.405460615172389460e-03 5.634217093146549893e-03 3.337913931685515534e-02 -7.432195398233511219e-03 -8.054524314071934143e-02 -1.804936575334458393e+00 -8.049365753344497332e-01 -1.788585346129248688e+00 -7.885853461292451350e-01 2.588761981473636009e+00 8.177154934813515297e-01 1.817715493481356415e+00 -2.593619497699550802e-02
-2.691180840212592518e-01 -9.492431677944485058e-02 -1.261950207034017724e-01 3.075783447331323361e-02 -1.124241579394040791e-01 4.260156077150957510e-02 -7.592169318628311236e-01 2.407830681371723458e-01 1.240783068137170098e+00 -7.874055207805563672e-01 2.125944792194366384e-01 1.212594479219431420e+00 -5.665943631620276033e-01 -2.713729951526915318e-01
3.463904127603847916e-02 -2.815148781750526075e-02 -2.419859607370119028e-02 4.778236479907597284e-02 9.988675255259059360e-03 1.240435887727344387e-02 -1.731416614811812638e+00 -1.675679261729149383e+00 1.674401929044375681e+00 -1.081497524008507405e+00 -8.149752400850908407e-02 9.185024759914943715e-01 1.918502475991492817e+00 -9.172132294087177729e-04
3.806462171112481169e-02 2.870493770349095974e-02 -2.401770868856629298e-02 -1.907411748885706401e-02 3.214000305769236163e-03 1.670549172932137699e-02 -1.012243094798641385e+00 -1.224309479863832685e-02 9.877569052013633888e-01 -8.624761656132764326e-03 -1.003878336261433635e+00 -3.878336261440424454e-03 9.961216637385619244e-01 6.254929120494363837e-03
-3.034590379031372465e-03 -2.465953326546619501e-02 3.544245937559508536e-02 7.986285519822607787e-03 6.065479985156163600e-04 -8.762061698911976712e-03 -2.657744857530866422e+00 -1.879783535191055233e+00 -8.797835351910665569e-01 1.202164648089444760e-01 2.644250278442755953e+00 8.182225658781725475e-01 1.818222565878182095e+00 1.684044910825278907e-03
-2.238364494298816787e+00 -1.690257942749642028e+00 -2.917102520044929093e-01 -5.011828449409275743e-01 -2.665295896525114380e-02 -1.298466887949046829e-03 -1.549045631651847055e+00 -1.613487662399272660e+00 4.509543683481675447e-01 3.865123376007250644e-01 2.450954368348165158e+00 1.340337915826263826e+00 5.497128234271145608e+00 -2.221023870939851097e+00
-2.768367990208558949e-01 -1.021485287141137011e-01 -6.067537021229457012e-02 2.148025784095062840e-01 -3.062496469059472481e-02 4.982703262897186791e-02 -2.358262159736441710e+00 -1.358262159736447039e+00 -3.582621597364435972e-01 3.647930933227837569e-01 1.641737840263553849e+00 2.641737840263546744e+00 -1.015586170959810186e-01 -2.734045263887741051e-01
-2.146516437301582592e+00 -1.635378184953664160e+00 -1.456214128982650791e-01 -2.290460104771155359e-01 -1.571377498185324295e-01 -1.927292729271281313e-01 -2.536207134057991031e+00 -6.788541178028180134e-01 3.211458821971825972e-01 1.321145882197181098e+00 1.463792865942001642e+00 1.313902632815819427e+00 5.471035148489062472e+00 -2.176668991847735768e+00
4.171277382735512351e-02 6.665610908342103555e-04 3.725368472942761078e-04 -1.331942958348167122e-03 -3.320944435895900257e-03 -1.479645607032514451e-03 -1.013019252490777067e+00 -1.301925249079034265e-02 9.869807475092108318e-01 -6.336290892292907595e-06 -1.002290508560795601e+00 -2.290508560800809564e-03 9.977094914391922975e-01 2.179380237862009462e-03
-1.011882356472928735e-01 -8.986455919480178245e-02 -8.010246068484409843e-02 2.293376058000465290e-01 -1.605600079841638661e-01 2.248183226984152017e-01 -3.023555647521932066e+00 -9.748224498145028338e-01 2.517755018550546162e-02 1.025177550185502939e+00 9.764443524780522798e-01 1.976444352478041733e+00 -8.419598236856112861e-02 4.975270894695030255e-02
5.717864159808405677e-03 2.206904685492935836e-02 1.586229686851359233e-02 -9.896295798365473129e-02 -6.005049771386644641e-02 5.630209154309849529e-02 -2.298566831630979745e+00 -1.626691175149009627e+00 -6.266911751490087390e-01 2.299684155622102821e+00 -2.249410741305529760e-01 7.750589258694418060e-01 1.775058925869432036e+00 -2.098649547383774072e-02
-4.434566088667387107e-01 -1.558414659795339108e-01 -8.799988322555706011e-02 -6.830985193870567351e-02 -8.121707764672880803e-02 -1.773405647910397676e-02 -1.278877435177158572e+00 -2.076582367478787550e+00 7.211225648228611895e-01 1.721122564822850309e+00 9.234176325212214431e-01 1.923417632521211784e+00 -6.178926388444445639e-01 -4.683059094949695300e-01
-1.842762330854840425e+00 2.513103473884263639e-02 1.900841174218902835e-02 3.898385788835286025e-03 -5.683273559874985059e-02 -5.519668902609450173e-02 -3.030085873264942276e+00 -6.981790072471063535e-01 3.018209927529023062e-01 -3.008587326494728195e-02 2.301820992752894757e+00 1.969914126735050841e+00 2.969914126735058613e+00 -1.885502462432677051e+00
2.768879063839610119e-02 -9.703484664669512205e-03 -6.778611377501422841e-03 9.578366284898522792e-03 1.410574071712782096e-02 -1.427246884987756759e-04 -2.548804612569887329e+00 -1.548804612569866679e+00 -2.149297070642526730e+00 4.511953874301271039e-01 1.451195387430125550e+00 2.145930033289787264e+00 2.155969387317598684e+00 7.311229613048975118e-04
-1.044480815624319048e-01 -4.094258032591534258e-02 -9.038977485812232926e-02 -1.825630391533486496e-01 -1.755714442243295204e-01 2.765721688363250164e-01 -7.371390620234297142e-01 -2.197919025422349737e+00 1.262860937976571174e+00 -1.979190254223598400e-01 8.020809745776547039e-01 1.802080974577637384e+00 -4.075290491436081020e-01 -1.631087427587669947e-02
-8.728699244015531988e-01 -2.514570242990576965e-02 -2.677342148852401849e-02 -4.034159990770569415e-02 -3.657867727350122555e-02 -1.374157648577989388e-02 -2.058955275800098406e+00 -1.058955275800092188e+00 -5.895527580009730928e-02 -1.299638731214258547e+00 1.941044724199901816e+00 1.325345916671630819e+00 3.316060941582842592e+00 -1.097633022296442551e+00
-2.289831865948869893e+00 -1.741979836184910146e+00 -2.652840601269778609e-01 -3.496556589827971018e-01 -9.585702819960248422e-02 -9.600809538277997601e-02 -2.079779156790801942e+00 -1.079779156790790839e+00 1.241872365957068930e-01 1.124187236595701744e+00 1.920220843209202499e+00 1.387125733664715810e+00 5.657281704492350016e+00 -2.221964796593730807e+00
-8.948240325861545941e+00 1.543221690240724822e-03 1.057081505647060153e-02 3.288717833831066722e-03 -5.256938500301913675e-03 -8.298708955934899073e-03 -1.327105342291223122e+00 -1.306785885084567278e+00 1.314349174977192725e+00 5.175967413844963227e-02 1.051759674138447176e+00 2.051759674138455392e+00 3.051759674138450507e+00 4.051759674138451395e+00
-1.753955889763142428e+00 -2.768992603693048310e-02 -1.038771976662446334e-01 -7.804236027416233679e-02 -2.484325443051456916e-01 -3.238312789849538409e-01 -1.930528612600745486e+00 -1.968499779479374379e+00 6.947138739926887741e-02 3.150022052063473910e-02 2.069471387399270945e+00 1.954809498346567365e+00 4.146161708431685078e+00 -1.843693513430312736e+00
-3.949194986180888378e-01 -1.035655270593263400e-01 -1.738809149528494358e-01 -1.751063634446060058e-01 1.525351300283931122e-01 1.523120282713496254e-01 -1.540519010133488020e+00 -5.405190101334768071e-01 4.594809898665243031e-01 -6.174023696458837973e-01 2.459480989866519085e+00 1.382597630354108986e+00 -7.346307876052805552e-01 -3.330001872374789285e-01
-3.727896593491445421e-01 -2.043089870058462376e-01 -2.332633297842728048e-01 5.607117520259587151e-02 -7.914520449016006209e-03 -3.545704181197978366e-02 -1.919799147357466262e+00 -1.430329476864685478e+00 -4.303294768646840351e-01 1.080200852642534404e+00 2.080200852642525966e+00 2.569670523135311857e+00 -7.324955343952561648e-01 -4.265931301842005863e-01
-2.349282209924773435e-01 -4.640386282584741950e-01 -5.512069605240961512e-02 -1.993482416130358814e-01 -1.069462655537401496e-01 -6.180046529166571823e-02 -1.216441574609974374e+00 -2.164415746099763171e-01 -9.697437162260587051e-01 3.025628377393763113e-02 2.783558425390026514e+00 2.030256283773936410e+00 -8.393100516342967277e-01 -4.870884585393751021e-01
-1.754023424116783136e+00 -1.530789684851274757e+00 -3.481385932529047489e-01 -3.179152599041067395e-01 -1.829838128252944396e-01 -2.084828436832074083e-01 -1.967792260573022201e-01 -1.905565643910628104e+00 -9.055656439106379851e-01 9.443435608935643599e-02 1.094434356089361682e+00 2.181582468691200205e+00 5.716071974486119700e+00 -1.743415923287482627e+00
-2.118238486306249779e+00 -1.985963192511964515e+00 -9.492379330783945468e-02 -2.392361803263558795e-01 -2.219101851269669190e-01 -4.265400741635457654e-02 -1.241442730151155249e+00 -2.414427301511541391e-01 -1.047229412522997061e+00 -4.722941252300830867e-02 2.758557269848850080e+00 1.228116636445714560e+00 5.483211332854925679e+00 -2.196752009249030912e+00
-4.979146881089028254e-01 -4.090076937660950263e-01 -3.177792304879159535e-02 -5.582215492442124671e-02 -9.038765083701162661e-02 -2.222763474188729077e-02 -2.504065175547641076e+00 -6.409552285002753091e-01 3.590447714997296313e-01 1.359044771499721582e+00 1.495934824452362921e+00 2.495934824452356704e+00 -9.695607384453314159e-01 -4.953772044273975217e-01
3.377071330597357368e-02 5.501700807653933309e-03 -8.260249026381043941e-03 -9.460370074253772466e-03 1.361332927256883249e-02 5.993517640867414981e-03 -5.211881545525071102e-01 4.788118454475046581e-01 -5.479721454977715123e-03 -1.500918337098328781e+00 -5.009183370983342209e-01 4.990816629016705530e-01 1.499081662901668333e+00 3.233836583291321842e-03
-1.522175282724146816e+00 -3.339721754377046326e-01 -3.188567941261557515e-01 -4.228043663165317878e-02 -3.626744766902703643e-02 -4.786724710617029643e-03 1.648108799019659010e+00 1.922921477552139158e-02 -1.579845919026119816e+00 -5.798459190261290308e-01 4.201540809738887883e-01 1.420154080973884625e+00 2.420154080973874855e+00 -1.516906457808858910e+00
1.670409159660244530e-02 1.051684244773891386e-02 1.530476106700953860e-02 2.167262887819054393e-02 -1.094281397128766126e-01 -7.387748054648081431e-02 -2.211845145546293079e+00 -1.211845145546293745e+00 -2.118451455462845023e-01 -1.894641518679502035e+00 1.788154854453718912e+00 1.925801570620298664e+00 1.967712380506847270e+00 -3.952145443625970644e-02
-2.109759066342885347e+00 -2.105827637786181761e+00 -1.113991722777753733e-02 9.475784997241862989e-03 -1.313744965395626657e-03 -9.076367747872279845e-03 -1.001224496556992305e+00 -1.224496556993170168e-03 -1.552387688136785515e+00 1.998775503443015022e+00 4.476123118632179820e-01 1.112286233954172143e+00 5.334101761173532630e+00 -2.117435080553879523e+00
-5.819608798181410414e-01 -4.149114239724568942e-01 -1.539985214923355814e-02 -1.206178175053621709e-01 1.139940918115193297e-02 -6.473587576846126512e-02 -1.651975797769827725e+00 -1.439022431894253495e+00 3.480242022301854310e-01 5.609775681057459495e-01 2.348024202230178048e+00 2.560977568105747171e+00 -1.027978902203238398e+00 -5.199368692156177696e-01
-3.505338953700659066e-01 -2.360562290722662826e-01 -4.296024442142374472e-02 -1.144608092933936533e-01 4.970240048879479705e-02 -1.214426163324699819e-02 -1.501526275484645012e+00 -1.583454163185105790e+00 -5.834541631850961307e-01 4.165458368148997614e-01 2.498473724515358096e+00 2.416545836814898873e+00 -6.010696263422421470e-01 -3.627450310900497965e-01
-2.568862211208265300e+00 -4.337744029805601365e-01 -4.444280386870996247e-01 -4.138999730357679208e-01 -5.533569587320288918e-02 -4.168140114282820052e-02 -2.408480113483335572e+00 -2.067922373339800557e-01 7.932077626660198888e-01 2.401825152195227187e+00 9.829021910877167034e-01 1.982902191087725363e+00 2.982902191087727584e+00 -2.577622314822959115e+00
3.639956371594257889e-02 -1.418531633915526280e-02 8.945669513094056668e-05 -3.569231628418101376e-03 2.144546503737315701e-02 5.666131371713470366e-03 -1.490168442192076004e+00 -4.901684421920820545e-01 -1.936418086174953368e+00 1.929184595829855242e+00 -3.557693269344688325e-01 6.442306730655279479e-01 1.644230673065531612e+00 1.895386236494767118e-03
-3.574449481299036835e-01 -3.132955970313671124e-01 -5.928809660052807018e-02 -1.580429957649591086e-02 -4.184157037669702928e-02 -4.898627938883405586e-02 -9.383812039282500850e-01 6.161879607174673701e-02 -1.412096054997268535e+00 2.061618796071745141e+00 5.879039450027285785e-01 1.587903945002723471e+00 -7.381124632879757508e-01 -3.809318692752072244e-01
-3.967591466011081147e-01 -9.903527680325147076e-02 -5.942947300688196377e-02 7.561258333094764139e-02 -3.887822423205586353e-02 -2.903193305679699354e-02 -2.098662224941722609e+00 -1.098662224941719501e+00 -9.866222494170452662e-02 9.013377750582926007e-01 9.841985249604693342e-01 2.901337775058288049e+00 -5.570021193462386666e-01 -3.935007109801014202e-01
-5.626261394279727379e-05 -1.972113354654300016e-03 6.063080484919336662e-03 -2.974128798330918227e-03 -1.449053570270059099e-04 2.365169942309754830e-03 -2.501361723433302764e+00 -1.501361723433299433e+00 -5.013617234332937711e-01 4.986382765666985684e-01 1.498638276566698346e+00 2.498638276566702121e+00 2.584960179086410494e-03 -4.832360326147163918e-03
-1.028098618848389378e+00 -3.505987100300497067e-02 -3.174068521152791089e-02 -2.238539810654138762e-02 -1.970442216555876730e-02 -1.966704843181618645e-02 -9.162522383772849777e-01 8.374776162272026814e-02 1.083747761622699146e+00 1.267742212341968662e-02 -1.959857338237584456e-01 8.040142661762414988e-01 1.804014266176240167e+00 -1.526444362197022508e+00
-5.158220245209581556e-01 -4.057508422003043291e-01 -1.887565997702825987e-02 -1.241716668456193107e-01 -2.843854412714559229e-02 -6.124548441930428855e-02 -1.846056267017511576e+00 -8.460562670175142408e-01 -4.837295169744996737e-01 1.153943732982481762e+00 1.516270483025485838e+00 3.153943732982479986e+00 -9.780236566760627248e-01 -5.231249196580833871e-01
-1.996949531303381153e+00 -1.092468963380719194e+00 -1.108188995161683676e+00 -1.030273843811429085e-01 -2.814510340176603481e-02 4.183363787019665769e-02 -1.924928496658563581e+00 -9.249284966585529233e-01 -3.019534600913293954e-01 6.980465399086601685e-01 2.075071503341444856e+00 1.305133345976011938e+00 5.467983973037832790e+00 -2.114615469540591430e+00
-4.510067333742917017e-01 -5.620438562361340651e-01 5.498554382514896088e-02 -1.232890745722970277e-01 -7.946854488323644439e-02 -2.967551670367397920e-02 -1.978218832795384241e+00 -1.195282768256997752e+00 2.178116720461697325e-02 1.021781167204614871e+00 2.021781167204613539e+00 2.804717231742991146e+00 -1.008962475036651263e+00 -5.042353757669018055e-01
