4.369390382105725612e-01
4.409171932396219740e-01
3.150022746546167762e-01
3.852428709062247769e-01
5.028962794720692742e-01
3.290641372105483353e-01
2.507935359080158966e-01
3.985417653186516529e-01
3.574336612609291808e-01
4.004235624482033185e-01
4.996564766480120490e-01
3.816744060968402796e-01
4.804642727263114810e-01
5.084954121795464133e-01
4.191974837419976674e-01
4.119921024735340165e-01
3.609683944220086205e-01
4.789719987081676456e-01
4.104693618887087503e-01
3.452241718358812217e-01
4.990713114414431772e-01
4.116467448204250701e-01
3.775454017988987832e-01
3.940426732450823533e-01
2.926410094560080721e-01
4.332479067672325712e-01
2.910376714368757778e+00
6.878982115700937872e-01
4.011584554947255632e-01
3.597992178770041405e-01
3.826539653770685834e-01
4.050370027349367019e-01
4.241401200463906229e-01
3.779498941394667799e-01
4.146322377503061096e-01
3.504198273223327331e-01
2.703996426394318919e-01
3.843178995993949409e-01
4.454808074605430823e-01
3.269563169832157001e-01
4.819491798003742167e-01
3.864118284851630891e-01
5.301565379958558255e-01
2.219021912302420851e+00
4.668120202052513101e-01
5.783305199123244256e-01
4.233952971729686432e-01
3.765655013639693793e-01
3.455773174982560425e-01
3.841631692914402874e-01
