5.450424906848924111e-01
9.365948090486826416e-01
6.818242613777626415e-01
4.668886083660806485e-01
9.943143270723697746e-01
9.861636529014139452e-01
9.381304912473216184e-01
7.358920981743761747e-01
8.366057088404580400e-01
6.828711485096539135e-01
1.295324090173866960e+00
7.124860794724099389e-01
6.153384136863440101e-01
5.831324661108459040e-01
9.424391993236610476e-01
6.093146696574973653e-01
1.280147834434109955e+00
7.185822557243365383e-01
5.170735092836513669e-01
6.054159816048605425e-01
4.246166867500500430e+00
3.916448465907556464e+00
7.540671070680425858e-01
4.958803272527274042e-01
6.118009570483763371e-01
7.206493553141027908e-01
7.054318750893787682e-01
7.301032871167616456e-01
8.317633674447841852e-01
7.725413906719982293e-01
7.055220549757710291e-01
7.755461062591469945e-01
6.376747343998298012e-01
2.648877477350458864e+00
5.032704641473150886e+00
6.890616234962601006e-01
6.175353051599897780e-01
6.168265021788931213e-01
7.575543332586360812e-01
5.800444394010357829e-01
6.008910342259216053e-01
6.864056396129810667e-01
6.442469337426344200e-01
6.326339692074304244e-01
7.587276513576581838e-01
6.685838844788926094e-01
5.644507460653909181e-01
5.384065129669719507e-01
5.574597458396529648e-01
5.771572892992965498e-01
