3.009538409024633543e-01
2.425560460567525722e-01
2.632750842942558900e-01
2.872541946932168355e-01
3.039249304316680167e-01
2.237217767698378434e-01
2.201916481882674193e-01
2.312147606677217027e-01
2.317653945336043964e-01
2.581631441752433864e-01
1.580272257043547346e-01
2.369485467121674738e-01
2.290791563846796275e-01
2.182082219719334581e-01
2.300453293913678199e-01
3.043419313749603505e-01
1.765954536400311803e-01
1.894608527789746755e-01
2.200719293661226594e-01
2.418185190951794017e-01
2.324392237064183686e-01
2.774770310941621076e-01
2.444448500880714858e-01
2.279619997942227416e-01
2.164690923614305540e-01
2.470627812719663752e-01
2.377883424140137536e-01
2.751748172803245018e-01
2.682984945676761268e-01
2.157131078853559980e-01
2.181252034463810052e-01
2.068633637978366524e-01
2.111536627906831498e-01
2.192306473451276216e-01
1.712201263558519315e-01
2.464824232903418677e-01
2.163111559680943596e-01
2.484126268751612743e-01
1.915179047412700342e-01
1.854501643321751214e-01
3.122231019253862705e-01
2.155102505718761718e-01
2.940303573410447679e-01
2.193936963457295830e-01
2.452007389758170675e-01
2.189088887706940600e-01
1.892487420293830491e-01
2.159906176162892100e-01
2.268987279313215977e-01
2.266545473638693908e-01
