2.982216675466700906e+01
2.624181536794870695e+01
2.982266453707635989e+01
2.982266487424113777e+01
2.982177428151237919e+01
2.694170495683890110e+01
2.806520908933879355e+01
2.739678257459226174e+01
2.801440780001580322e+01
2.982218243677118608e+01
2.119575902867280703e+01
2.090502470187677986e+01
2.982209285394466036e+01
1.925844347608357765e+01
2.510845478960572308e+01
2.982232635555769917e+01
2.844263447012652080e+01
2.537663829053007092e+01
2.472929114982179399e+01
2.982192810452430720e+01
2.613911463132120971e+01
2.701966810432660182e+01
2.356216785950211801e+01
2.385003150261278648e+01
2.982168614614686319e+01
2.982189161128006205e+01
2.982185064127212826e+01
2.407437691064112428e+01
2.982250602466721290e+01
2.072801736856109400e+01
2.275629932291336388e+01
2.687780918185206147e+01
2.265101745609568695e+01
2.574838164427680454e+01
2.982284350811246298e+01
2.845245048560313350e+01
2.982209785207237829e+01
2.982206227713692215e+01
2.564589457611491596e+01
2.077504531213737593e+01
2.982248562263994884e+01
2.982204552080895965e+01
2.481697021326857211e+01
2.982222808616258192e+01
2.982244939329949673e+01
2.982210402550426664e+01
2.586009230889818511e+01
2.253892430015195458e+01
2.550328794708968871e+01
2.179920346731034186e+01
