2.979152552206448235e+01
2.979148399011600645e+01
2.370659262683112445e+01
2.979129476356849437e+01
2.979123066459700198e+01
2.979109374552836087e+01
2.979242078934994353e+01
2.847511907418477151e+01
2.979205390317951085e+01
2.979157519132460408e+01
2.442084782521337871e+01
1.885805828048074417e+01
2.979172244345498655e+01
2.979184062628920060e+01
2.096311989045491586e+01
2.979148193687036539e+01
2.589649117916995635e+01
2.633372203188945804e+01
2.369914523871907974e+01
2.268279285993268601e+01
2.316761153545563445e+01
1.977061207929286724e+01
2.639516666827216085e+01
2.979200537373358060e+01
2.979070158693872017e+01
2.979084988700424930e+01
2.853287909268969003e+01
2.979076040437159278e+01
2.495232959872186029e+01
2.979157050057946776e+01
2.419266188812657248e+01
2.141887168032156907e+01
2.979125640612821968e+01
2.460552527836156500e+01
2.979074034418393069e+01
2.503119462893910807e+01
2.301785174722610350e+01
2.322536871642885359e+01
2.979012611660201770e+01
2.300042319224880316e+01
2.979042534772896289e+01
2.979195658226828058e+01
2.979094693639857638e+01
2.979173155982058319e+01
2.610232278305126385e+01
2.979051634153164230e+01
2.302450609284214877e+01
2.636033770849340385e+01
2.444456641651910545e+01
2.213180445064318036e+01
