2.174760234737479436e+01
2.980176664604517001e+01
2.980225145006870591e+01
2.980306947336157464e+01
2.980566017092092679e+01
2.980261341009793696e+01
2.980259868744917640e+01
2.980435415565214896e+01
2.980474661638680800e+01
2.980333095471867466e+01
1.935545857605098874e+01
2.980309220851558649e+01
2.980345409438519866e+01
1.573532077914988747e+01
2.765043697303945791e+01
2.980380462469969061e+01
1.536093186981232428e+01
2.980469818399449267e+01
2.980338037564508724e+01
2.822480513085218590e+01
2.743743689291313004e+01
2.980320127829523358e+01
2.717832154458447391e+01
1.838155997519803364e+01
2.980375084243305039e+01
2.621150993520568306e+01
1.870402780401633436e+01
2.980358777245836777e+01
2.980231994916673699e+01
2.980226205003913265e+01
2.765425752194495246e+01
2.980413147770603999e+01
2.091776136869572866e+01
2.464371207135560482e+01
2.646207472681906836e+01
2.980418719390781135e+01
2.980477749045723357e+01
2.980379765911625611e+01
2.980296944937429515e+01
2.723550212637917056e+01
2.663227400733687844e+01
2.819087575502334886e+01
2.711132033062529345e+01
2.980295281410013075e+01
2.980377547148342998e+01
2.980320766811306754e+01
2.819349680959300741e+01
2.512295904762173748e+01
2.726666905809332420e+01
2.980337383666995521e+01
