2.475278724339692005e+01
2.785684276201506648e+01
2.969563850349358702e+01
2.969680222833785521e+01
2.969731463967718099e+01
2.969785130397819373e+01
2.314806282787737501e+01
1.597703663893928727e+01
2.206009076875838204e+01
2.808678823274114578e+01
2.005544925460074168e+01
2.969818062692094429e+01
2.969699049637996779e+01
2.667025655379762483e+01
2.969794195868585263e+01
2.969822600694378423e+01
2.079296197681262370e+01
2.969867008295310740e+01
1.875506732752771555e+01
2.492574395885171512e+01
2.475773358326989992e+01
2.969709234293442179e+01
2.464438858147039113e+01
2.969624271642765123e+01
2.969773445175896853e+01
2.969674799182300617e+01
2.969683263087728875e+01
2.969768533131600563e+01
1.879912319550057376e+01
2.281018538191811729e+01
2.183976318283270501e+01
2.969553623576122092e+01
2.969759613738312964e+01
2.544832208945631535e+01
1.961574858754191553e+01
2.969706406531764742e+01
2.438611310425553924e+01
2.719666542664074171e+01
2.701907677273258912e+01
2.105458044692997888e+01
2.969905432011680446e+01
2.969600629044393258e+01
2.671991359621236839e+01
2.186312317139134009e+01
2.022938049896503188e+01
2.711871461271333672e+01
2.969764362242219491e+01
2.969670344069576728e+01
2.969622651931264201e+01
2.969815265252778858e+01
