-1.926761035681569534e-01 6.862192012447696984e-03 6.027523075503615074e-02 1.151789211719171126e-02 -3.773334853429771152e-01 9.957538313747510417e-02 -1.548519694794451285e+00 -1.924889335722079098e+00 4.514803052055497146e-01 2.021261953009109824e+00 5.053290062242412617e-01 1.505329006224236821e+00 -1.224367406789271806e-01
-4.711551902208083176e-01 -3.193356174971364592e-01 7.003993590714625850e-02 -1.050593894295731058e-03 -7.637697450811253841e-02 4.730192833482942949e-01 -1.223429729360443696e+00 -8.898345246779096884e-01 1.101654753220821931e-01 1.776570270639562299e+00 2.110165475322085094e+00 -5.964640067196963491e-01 -4.665381950820706169e-01
-1.610806366817238988e-01 7.553204848041398384e-03 -1.838725761775887590e-02 -1.558570118416030201e-02 -2.905649719421537491e-01 4.922869014626993223e-01 -4.030298790256727215e-01 -1.371059227981787698e+00 -3.710592279817828687e-01 6.289407720182133010e-01 1.628940772018215632e+00 1.752977790818890103e-01 1.935230815646782621e-01
-1.700142367028355972e+00 -1.445081246813394227e+00 -3.307147134779225839e-01 -3.353068910000910896e-01 3.239085804976948313e-01 5.887791087735029238e-01 -1.562606008583826034e+00 -5.626060085838326952e-01 2.821605559150573983e-01 1.437393991416165973e+00 1.459498746008029091e+00 4.260055150102778576e+00 -1.919563288647109456e+00
-4.543151006209800724e-01 -1.949108023997177253e-01 -2.753486699690478323e-01 -7.703714435159615681e-02 -1.627331846398902548e-01 4.280472413579147206e-01 -1.347287807479881971e+00 -3.472878074798738668e-01 6.527121925201214703e-01 1.652712192520105816e+00 1.971038167589493462e+00 -7.784090282014695106e-01 -5.714046402664814117e-01
-2.796272826153193281e-01 -2.139729865330037561e-01 -3.824167598497100196e-01 8.390936181253497161e-02 6.896736972879636829e-01 5.768432291385031108e-03 -1.286740063735173578e+00 -1.020909349524346865e+00 7.132599362648276431e-01 1.713259936264825978e+00 1.979090650475644919e+00 -7.741322106200937414e-01 -7.313877529408382427e-01
-2.249164456705538551e-01 -1.018031248221850371e-01 -1.245947827016493509e-01 3.726701050361956591e-03 -2.144099898325587533e-02 1.065487816856426795e+00 -1.790750593307571581e+00 -7.907505933075755777e-01 2.092494066924324714e-01 -8.197653706517812333e-01 1.725579243829107101e+00 1.663904794805005638e+00 -2.981504452100649516e-01
-5.320530715300593183e-01 -2.027327904079861409e-01 -3.984609475820494184e-02 -1.611595619714089322e-01 3.339799393483147139e-01 7.460799222208448489e-01 -2.265725972078985961e+00 -1.465798160718535526e+00 -4.657981607185425754e-01 7.342740279210163701e-01 1.910553203382309384e+00 2.357922712507814822e+00 -4.539203846178802015e-01
-3.089003131525183132e-01 -3.101709864367872826e-02 3.141453294645162736e-02 -4.101885471775312125e-02 -1.374098795633990899e-01 5.431824229643066326e-01 -1.829989345364643860e+00 -8.299893453646434160e-01 1.700106546353532533e-01 1.170010654635350367e+00 2.170010654635344149e+00 -1.248641346487577852e-01 -2.856643397827150488e-01
-1.735467999578243603e+00 -2.430126066489924630e-01 -1.979692587415314287e-01 -2.541899167189419773e-01 -1.081750926682120140e-01 -2.248522972074528670e-01 -1.947022273959888583e+00 2.136102054596798805e+00 -2.981378707368338987e-01 7.018621292631631592e-01 1.701862129263161494e+00 2.701862129263158163e+00 -1.737085517547488189e+00
-4.791836397742343379e-01 -1.986737311053230204e-01 -2.453337018582777973e-01 8.194571236022976657e-02 2.150419386875989658e-01 8.733469147801720123e-01 -2.437595144606368169e+00 -1.377572275491946385e+00 -4.375951446063708339e-01 5.624048553936238370e-01 1.893719203157601338e+00 2.291113512552681364e+00 -2.458428909106903926e-01
-1.371231771760825335e+00 -4.985323382842419271e-01 -3.265093170965766567e-01 -2.653141566011663066e-01 2.002417439203618144e-01 4.587233673349211394e-01 -6.211621380222793753e-01 -1.466335470710405486e+00 -4.663354707104060970e-01 5.336645292895794146e-01 2.061690194887565220e+00 3.850812261154271887e+00 -1.593935824822102498e+00
-1.906261169864243432e-01 -1.983449611861641260e-01 4.167263766102705103e-02 9.705146331296742035e-02 5.284477171204365886e-01 4.593371056858871482e-01 -6.610593490146401408e-01 -1.690471843875938740e+00 1.338940650985361636e+00 3.095281561240582624e-01 1.309528156124051268e+00 -4.192854968427589535e-01 -4.289425105291662654e-01
-5.729414532112672376e+00 -1.631001882031660466e-01 5.347857964015623189e-02 1.321053605361411087e-01 -6.218407962625169261e-02 2.585459403913629717e-01 -2.072639727945114085e+00 -1.234365515990098139e+00 -7.263972794511038000e-02 9.273602720548869138e-01 1.765634484009902527e+00 4.224092758813274284e-01 6.270585467887332065e+00
-3.527005966532154035e-01 -1.848851374587050234e-02 -6.048082886151710802e-02 1.254788799545258904e-02 -5.389723620628101841e-01 6.191433182989070083e-01 -1.796549600367843613e+00 -1.709792487155967322e+00 2.034503996321586072e-01 1.863553900795074325e+00 6.301036538572910572e-01 1.630103653857292390e+00 1.385718298974497609e-02
-3.270735102308918729e-01 2.006484983118734036e-02 9.523003356454621399e-03 -8.621842874505386556e-02 4.548594812708392499e-02 2.875787624646222729e-01 -2.447652820592079781e+00 -1.369927305489883063e+00 -3.699273054898798430e-01 6.300726945101227106e-01 1.869483518814081480e+00 2.312936014695235798e+00 -7.856981267230331301e-02
-2.264203147063068577e-01 -3.041851860550844056e-02 -7.819141755277730921e-02 5.776987475144373940e-02 1.873509046890585727e-01 4.953956842177725250e-01 -1.751896314043116298e+00 -1.688032864686527024e+00 -6.880328646865164766e-01 1.956272722006015874e+00 6.037977786366508504e-01 1.603797778636646409e+00 5.438315992186137926e-02
2.480595474236603482e-04 -5.337877095310424036e-03 4.391623682020605324e-02 6.520059308019847399e-03 4.383911219127728520e-01 8.398607742984043334e-02 -1.338726218547912294e+00 -1.663431224463262303e+00 1.408293060151251774e+00 -4.104499768420326600e-01 5.895500231579725581e-01 1.589550023157969783e+00 -2.467337559582419848e-01
1.746426540551984652e-02 3.312672091390673687e-03 5.241321080017791179e-02 -5.578670797832028724e-03 2.361694017113119895e-02 8.764665175157426713e-01 8.121806143129856048e-01 -6.511483358526810594e-01 -1.628398085839581677e+00 -6.283980858395902258e-01 3.716019141604001708e-01 1.371601914160416547e+00 -1.193592617093825886e-01
-3.061158629187197278e-01 2.780603535236514726e-02 1.025151024124832701e-02 3.594434412902182407e-02 5.810197649300590239e-01 6.243063972409382822e-01 -2.112354286620585775e+00 -1.112354286620594879e+00 -1.123542866205897023e-01 8.876457133793975718e-01 1.887645713379402679e+00 7.166783332461088007e-02 1.266701938214285714e-02
-1.356136648870960526e+00 -3.827303879552493848e-01 -3.929184438555755055e-01 -9.462075919899409771e-02 -4.203450468142534979e-01 3.452926766416140603e-01 -6.335054812247675748e-01 -1.934593754408588495e+00 1.366494518775236644e+00 6.540624559140902072e-02 1.625294684608388218e+00 3.806605983298916751e+00 -1.498467978008478863e+00
-4.929346724494470533e-01 -4.270913359256556796e-01 -1.884403823061337746e-01 -1.459027749902133131e-01 4.685174993355215034e-01 4.134206274508351320e-01 -1.705353376803013354e+00 -3.395154946435395837e-01 2.946466231970024108e-01 1.660484505356467189e+00 2.294646623196987978e+00 -8.862880028981638958e-01 -4.504142299419506279e-01
-6.285724564064186781e-01 -5.142399563088729808e-01 -2.981987694150431412e-02 -4.024513122561496070e-04 4.746292478379318114e-01 4.687329983748913520e-01 -1.511297426282572021e+00 -5.112974262825747962e-01 4.887025737174344187e-01 1.114939223160940074e+00 2.488702573717426425e+00 -8.168992004665565076e-01 -5.274022142291712179e-01
-3.216772702153142260e-01 -1.184265621152313930e-02 -1.741515585708685310e-01 -1.459483748509055323e-01 2.193871343749466685e-01 4.608703817630276367e-01 -2.439234831163574313e+00 -1.345721834971533859e+00 -3.457218349715295846e-01 6.542781650284594797e-01 1.862321800335129840e+00 2.352721137730465095e+00 -2.695046496980834094e-01
-4.152873343630838487e-01 -1.716110903033134516e-01 -1.398115776581355073e-02 -6.998565009268306603e-02 6.726674703843826819e-01 6.772382482581539298e-01 -1.942376547595597858e+00 -9.423765475956058513e-01 6.946297285488450823e-01 1.057623452404399034e+00 2.057623452404399700e+00 -6.374735206400700127e-01 -4.709148950653158083e-01
-6.416557650745146058e-01 -4.934430508120592473e-01 -1.176602236160720349e-01 -4.539506533535053734e-02 -3.203001632897120032e-01 2.859003911899984929e-01 -6.625442595484054564e-01 3.374557404515912129e-01 1.337455740451592989e+00 4.528986613939833261e-01 1.452898661393980717e+00 -7.480370049303264324e-01 -3.417980536960097404e-01
-4.378329441759900575e-01 -1.279178510032882299e-01 -4.199388317509511470e-01 -2.938507485931919974e-02 -2.161899280466982598e-01 1.123598388159721684e-02 -1.663302953720702693e+00 -1.643647484295942263e-01 8.356352515704006390e-01 1.336697046279300194e+00 2.336697046279302192e+00 -6.000870065425826239e-01 -3.654703809027768369e-01
-2.233426834249397155e-02 -4.725721841304365151e-03 2.876574019837135204e-02 -3.351972371114644855e-02 -1.740427765664213644e-01 5.878352651061080625e-01 -1.421405635514447763e-01 8.578594364485565560e-01 -5.837763562761347780e-01 -1.099258729955888025e+00 -9.925872995588559677e-02 9.007412700441144171e-01 2.796307669822656328e-01
-2.051215641385214283e+00 -1.727258874737621852e+00 -1.960613381356457186e-01 -1.539256901076590522e-01 -1.664121580437986914e-02 2.970858728477219213e-01 -1.078283723817351714e+00 -7.828372381735547447e-02 -2.020410407824636545e-01 1.921716276182641181e+00 1.191465698276529928e+00 4.528209420959576903e+00 -1.938990411100081745e+00
-9.536284553155638388e-02 -3.163017875399899009e-03 -7.851076599203381592e-03 -1.063844197004067474e-02 9.153973946060724176e-02 4.327695198344513328e-01 -1.715007566631476132e+00 -7.150075666314719136e-01 2.849924333685326938e-01 1.284992433368522979e+00 7.925934573286512741e-01 3.707940161877582019e-01 -2.148754757306788332e-01
-6.043410301371124227e+00 2.657421278090356387e-03 -6.175502984387261363e-02 -3.389147876011393973e-03 -1.931769833112389478e-01 4.942716290556960490e-01 -1.633699370803490813e+00 -6.336993708034942552e-01 3.663006291965040795e-01 1.366300629196505190e+00 7.345373884984706114e-01 1.442484167337959589e-01 5.956589698628866003e+00
-2.156588402541667726e+00 -1.077606094290778582e+00 -4.242030748119207662e-01 -4.704954226808802931e-01 -3.415058883964447456e-02 5.334246447401366220e-01 -7.376774289080134661e-01 -1.232922521583630138e+00 -2.329225215836261409e-01 2.262322571091982759e+00 1.410271361397718470e+00 4.619128761360416391e+00 -1.962805674771394893e+00
-1.569948207794928108e-01 -3.398396738883084633e-03 4.604362425390205044e-02 3.270573813480490144e-04 -2.104571602616745474e-01 3.507753566538008849e-01 -1.766416898599858509e+00 -7.664168985998546235e-01 -4.466013651540055585e-01 1.233583101400138382e+00 2.233583101400135273e+00 -1.392336922092859697e-01 1.209825998324272206e-01
-6.777364497186407766e-01 -1.371787573742702937e-01 -1.797198800631839843e-01 -1.331771543473006802e-01 3.587421311537462576e-01 3.823698931123581946e-01 -1.759580986453412654e+00 -7.595809864534108780e-01 1.020982857132685551e+00 1.240419013546588012e+00 2.240419013546596894e+00 -6.209409927495874726e-01 -4.792420927534714048e-01
-1.968588720724099739e+00 -1.936311549041444535e-02 3.819467262587568357e-02 7.869046261775036744e-03 -6.629793301534379069e-01 7.258403912815949988e-02 -1.534845830364430563e+00 -1.088766749662324784e+00 4.651541696355649957e-01 1.465154169635554560e+00 2.465154169635562553e+00 2.911233250337680101e+00 -1.655024162286768741e+00
-3.411877313698226111e-01 -2.260873218637756976e-01 -2.826955727872724200e-01 4.204065568056697400e-02 4.249636810326045677e-01 4.340896365039959015e-01 -1.701852070491037816e+00 -7.287784372232187780e-01 2.712215627767881609e-01 1.271221562776774228e+00 2.298147929508956189e+00 -6.917299752246446332e-01 -2.735783107412173565e-01
-1.841459518550951913e-01 -9.072389804699532156e-02 1.825484691919981306e-01 1.323835399600619689e-01 1.016796981544858536e-01 -1.158363039034229491e-01 -1.068961592498269164e+00 -6.896159249825750681e-02 -1.772142273881946783e+00 -7.721422738819589959e-01 2.141380983850963204e+00 2.017515691356306373e+00 -6.818887369171910962e-03
-2.326084782470790868e-01 4.731330714238945502e-03 -1.953814068481917188e-01 2.414505349204323914e-02 2.267835922688622163e-01 5.987926692643940063e-01 -1.636784781152896606e+00 -6.367847811528886126e-01 3.632152188471113319e-01 -1.032494307596331318e+00 1.796351184969056991e+00 1.534369935555862430e+00 -3.185596215354846161e-01
-3.978322794582218602e-01 -1.211891253466436114e-01 2.194518723282144756e-02 -1.462838643841449515e-01 1.431656219982894440e-01 2.521470832599930212e-01 -1.258437902000359987e+00 -2.584379020003612082e-01 7.415620979996375706e-01 1.741562097999629577e+00 1.139051629868293558e+00 -9.985373850901868575e-01 -3.629396515000493650e-01
3.313336684126225173e-02 -1.682345259379176838e-01 -3.238618740476964519e-02 2.991236439732702923e-02 5.962297937119225288e-01 1.739519595204921387e-01 -7.789004428677911429e-01 -1.664473444594894547e+00 1.221099557132210744e+00 3.355265554051040100e-01 1.335526555405103677e+00 -3.555876941356711507e-01 -2.300222488936811416e-01
-5.547796213140148147e-01 -1.139242346986903964e-01 -1.750029172963317795e-02 -1.292882750449643459e-01 5.618138328323261099e-01 5.464902489067543501e-01 -1.397663256610614413e+00 -1.025095505503317517e+00 6.023367433894051270e-01 1.602336743389394247e+00 1.974904494496684482e+00 -7.357245073173553918e-01 -8.181307622172773186e-01
-5.651184974113849790e-01 -4.043080439926841074e-01 4.746035983956786719e-03 2.391806825014444748e-02 -3.116939550927779745e-01 -1.978279536736046451e-01 -1.408745635310988620e+00 -3.878622312245619819e-01 5.912543646890199289e-01 1.591254364689018264e+00 2.612137768775429247e+00 -8.125610505214416746e-01 -2.394176265814281779e-01
3.966086402722628773e-02 4.786814862960795183e-03 -1.588369568502561932e-03 -2.956110480772022528e-03 2.825196374413663780e-01 4.418400617674280717e-01 -1.722170755447113955e+00 -7.221707554471170631e-01 -2.126453886396837412e+00 1.277829244552876720e+00 1.883398540666828103e+00 1.267976356786677972e+00 -1.268960341863244190e-01
-5.490433546987436575e-01 -2.800370243324593611e-01 -1.936555840876607593e-01 2.208013249368562247e-02 -2.120465547193089995e-01 2.021907638407384744e-01 -1.425267449508558659e+00 -4.252674495085539963e-01 5.747325504914411187e-01 1.574732550491437344e+00 2.232471434421665624e+00 -7.722983763524440270e-01 -2.528160299525414878e-01
-5.005196351997192039e-01 -1.593382706930351889e-01 -2.118189566842934024e-01 4.325871126323985183e-02 3.830759934859085947e-01 3.726748046753654564e-01 -8.398129360443160607e-01 1.601870639556906006e-01 -8.371998840613154025e-01 2.160187063955689268e+00 1.162800115938680490e+00 -8.254129650957768849e-01 -4.123054969174211326e-01
-2.099820270929871668e+00 -4.211936333626536966e-02 4.288564955165404674e-02 -9.154722007452514854e-03 5.401072260834123284e-01 4.735520533486500816e-01 -1.345234811410124909e+00 -3.452348114101264076e-01 6.547651885898735369e-01 7.222623115556420226e-02 2.654765188589874203e+00 2.072226231155574805e+00 -2.173188180802065439e+00
-1.223565747483008170e+00 -8.544688019866772954e-01 -2.644152999158739803e-01 -2.580657710931245075e-01 -2.120082826055698713e-02 4.031840618642216212e-01 7.989549351956359846e-02 -1.757319160458199914e+00 -7.573191604582021341e-01 2.426808395417888176e-01 2.112806957976006039e+00 4.209769400621971691e+00 -1.416206375289211339e+00
-1.539851520803750817e-01 -8.073735355462037522e-02 3.203854881678658978e-02 8.800374306039651651e-03 4.106289785439703466e-01 7.743847375891902418e-01 -1.632247592731001395e+00 -6.322475927310030608e-01 -1.388456313279235355e+00 1.538190945832027978e+00 4.411052797388261282e-01 1.441105279738830403e+00 -2.628045316107393559e-01
-3.627201968420129541e-01 -2.319775233487093163e-02 -7.435081989131578362e-03 -8.968140797796692737e-03 -1.996334188390454234e-01 4.278457915790094268e-01 -2.226039792537488182e+00 -1.113638057574572571e+00 -1.136380575745645494e-01 1.933762162411781560e+00 7.265599861895237765e-01 1.726559986189531104e+00 -2.636818193016657874e-01
4.549927511433063398e-02 1.007352836471161507e-02 3.079469592824277124e-04 1.066349121327344468e-02 3.131204219413109002e-01 4.539524286768822914e-01 -1.714685992982015961e+00 -7.146859929820114088e-01 -2.169829040877705228e+00 1.285314007017991367e+00 1.898393425504045773e+00 1.217091186275030434e+00 -1.394390756464294889e-01
-1.842492630997725200e+00 -8.749367186504403149e-01 -8.185597883671377195e-01 -5.098143673423766176e-02 -1.250494223045554576e-01 5.970972690952134343e-01 -3.198141534615626114e-01 6.801858465384410524e-01 1.680185846538434724e+00 -1.080538377913295767e+00 7.828560354031368629e-01 3.816791400485168850e+00 -1.948968261052743900e+00
-1.248353197517702462e+00 -1.988830402935477804e-01 -3.660105466172017818e-01 -2.464935254769515249e-01 -1.337753685085874833e-01 9.741191362791853381e-01 -1.320659753041903528e+00 -3.206597530419026398e-01 -1.175868738657239954e+00 1.679340246958099359e+00 1.063159142935868440e+00 3.440312343031899811e+00 -1.650451337471317892e+00
-7.082739791512135397e-02 -3.436846633637991380e-04 -5.503865764982907027e-03 4.112271694224520560e-03 5.139050583528302907e-01 5.045229054552023973e-01 -1.271450366553944056e+00 -2.714503665539547139e-01 7.285496334460611623e-01 1.004012165139276797e-01 -3.133397604253354563e-01 6.866602395746721488e-01 -1.094602745815191069e-01
-1.270115340124216563e-01 -3.149224640057375624e-02 7.725880025477890878e-02 -7.684079242371052998e-02 1.969796414949685770e-01 3.900811349995602084e-01 -2.025481290122633560e+00 -1.025481290122630451e+00 -1.280918215245694824e+00 9.745187098773610002e-01 2.036102195478280308e+00 1.657498292615984914e+00 -2.694377978145716113e-01
-3.617871403231506244e-01 -1.418395811639083792e-01 1.199112217539834158e-02 -1.886913483616632359e-01 -2.608614487860481668e-01 -3.736144191240048373e-02 -6.645061452558029824e-01 3.354938547442083419e-01 1.335493854744214559e+00 2.846691162347988469e-01 1.284669116234799624e+00 -6.071003534063386109e-01 -4.943939963454105913e-01
-1.280185223347602153e-01 1.579921543851964816e-01 -8.695364414342246495e-02 -1.083088214367845942e-01 1.749424645680968393e-01 8.380706010590713850e-01 -5.332452092729343951e-01 4.667547907270623297e-01 -1.063596236442526877e+00 -6.359623644253688257e-02 9.364037635574603557e-01 -5.280721894792589355e-03 -8.938877375043238760e-02
-1.713837466943023857e+00 -5.500033628957534670e-01 -4.518689930560046975e-01 -5.261486666585155070e-02 1.541349268953941254e-02 4.385354089953376056e-01 -2.469305962958801004e+00 -3.860185527568930908e-02 9.613981447243092893e-01 5.306940370411884489e-01 1.511458813733663975e+00 3.980633242648978332e+00 -1.666125023459194887e+00
-2.189802384308185967e-01 8.476750058004905997e-02 2.344858970633644790e-01 -3.948185303625248443e-02 -1.999108833430516818e-01 -4.012164549990589468e-01 -2.065578614831535376e+00 2.692365230794141473e-01 -6.557861483153129556e-02 9.344213851684635141e-01 1.934421385168470175e+00 3.070742645190328579e-01 -2.778846875278491169e-01
-7.433115543859834418e+00 -1.579697108291739163e-02 7.545861577324862457e-02 6.614903755167936966e-04 1.828607935693363773e-01 3.812238089984068545e-01 -1.817630913692424022e+00 -1.269835967529592047e+00 -2.698359675295892712e-01 1.182369086307586414e+00 1.345648264968660079e+00 3.566884456140151816e+00 4.566884456140149595e+00
-2.445736219709200021e-01 -7.418563648175903469e-02 -6.490005000647514066e-02 3.368801349167143550e-02 -1.096776727670254192e-01 4.595511619724969576e-01 -1.166028250731574012e+00 -1.726899359375882126e+00 1.464757989128868232e+00 -3.576854983114282627e-01 6.423145016885764003e-01 1.642314501688571182e+00 -2.900469746423627038e-03
-7.060415938067646779e-01 -2.357062412610670676e-01 -4.345216968835399762e-02 -2.790345404844798809e-03 1.503854885149113196e-01 7.332973472233788037e-01 -1.564278704000708897e+00 -1.629852787120679825e+00 -6.298527871206751616e-01 3.701472128793150129e-01 1.983369747806651651e+00 2.822498442423753584e+00 -7.519480018662194620e-01
-5.413741819799047228e-01 -4.159003815244884106e-02 -3.368773947769074240e-02 5.034285498118765134e-02 4.230774397787543939e-01 7.270805344419273286e-02 -1.193610360862824793e+00 -1.431023948687047520e+00 8.063896391371753181e-01 1.806389639137171432e+00 1.568976051312956255e+00 -5.052855897077435099e-01 -4.855362103450806543e-01
-6.199290492954883103e-01 -1.429748548961019272e-01 3.789177211359517905e-02 5.365492482006428698e-02 3.117670130067441425e-01 6.995477492448971546e-01 -8.402080579514326075e-01 1.597919420485723607e-01 1.159791942048583824e+00 -6.916299450243237890e-02 9.308370054975758645e-01 -6.136335508177701570e-01 -5.715982327381107231e-01
-1.833401823656350293e+00 -1.647292352769500035e+00 -1.876369337304460150e-01 -1.615509710963920209e-01 -1.175594766089464172e-01 2.200013960581423123e-01 -1.709242932265174764e+00 -2.791971466712258043e-01 2.907570677348221277e-01 1.720802853328766924e+00 1.436261806362431948e+00 4.575298204135686220e+00 -1.811464082243118501e+00
-1.253649209639997153e+00 -4.200718134204433629e-01 -2.590607114590609550e-01 5.982318310181380244e-02 3.420191768771989327e-02 8.829774781520178806e-01 -2.773492668724956145e-01 7.226507331275037194e-01 1.722650733127501610e+00 -5.603539558816609256e-01 1.589962132425687402e-01 1.158996213242549977e+00 -1.474035905829320647e+00
-2.821493222620022223e+00 -2.751142531377156697e+00 -1.685252126272285267e-02 -2.849885388784539203e-03 6.597910144176510894e-01 7.328828261900541818e-01 -4.713926328462292314e-01 5.286073671537686591e-01 1.528607367153778540e+00 1.153730960893140610e-02 2.499209311433291170e+00 3.499209311433288949e+00 -2.900338105317151527e+00
-5.203622723995189325e-01 -2.718501174730388326e-01 -2.561872114809966017e-01 -5.132884034571094656e-02 -1.612539798329852558e-01 4.247802371608370153e-01 -1.325448312776730919e+00 -3.254483127767276995e-01 6.745516872232772965e-01 1.674551687223276630e+00 2.083222454228644160e+00 -8.694523715444484324e-01 -5.799990386271807186e-01
-2.087339940510519742e+00 -1.390874004308102929e+00 -2.320363936305261943e-01 -4.376776124482469887e-01 1.095750588130241510e-01 -1.002347635028421891e-01 -2.325335895777628448e+00 4.911929318910806530e-01 1.491192931891084372e+00 6.746641042223695539e-01 1.253840602253228464e+00 4.912015928817863752e+00 -1.863207339132088913e+00
-1.810212708665577708e+00 -8.521022790052964480e-01 -9.019804347933267907e-01 2.843263069395510906e-02 1.557030755477981088e-01 6.223714453074707942e-01 -6.590035000349689920e-01 3.409964999650292872e-01 -6.944626529407095239e-01 3.055373470592912533e-01 1.355435406783086494e+00 4.291098841379207052e+00 -1.686038062717261976e+00
-4.017777278576862288e-01 -1.235292650463376898e-02 -1.229833243169593665e-01 -1.281960975838725980e-01 3.874483538635389301e-01 6.611789535051116884e-01 -1.918424689575042308e+00 -6.480045163979601952e-01 3.519954836020361411e-01 1.351995483602026704e+00 2.081575310424966130e+00 -7.286894016404465990e-01 -3.779892925423820049e-01
-4.023769081370907608e-01 -4.840677935518286623e-02 1.297280739676867356e-01 -5.046366567920229640e-02 -5.251633364184852271e-01 3.055912475629459224e-01 -1.684436515692576686e+00 -9.608567437576722714e-01 3.155634843074224261e-01 1.039143256242320623e+00 2.315563484307417763e+00 1.112046404761095689e-02 5.076954718350248918e-02
-1.993035206713551721e+00 -1.902440382559950072e-02 5.304781748787824880e-02 -1.469481649833638895e-02 3.328377836671675971e-01 4.899781615036177818e-01 -1.751709642470200334e+00 -7.517096424701967816e-01 -1.959402395649154915e-01 1.248290357529788119e+00 1.804059760435083204e+00 3.248290357529804329e+00 -1.954614678031842301e+00
-2.418818361328557154e-01 -1.076283203807194278e-01 4.401374466360234022e-02 7.258012880130053357e-03 6.921054910003219263e-01 -1.471984059169873515e-01 -1.879845299916066192e+00 -8.798452999160711885e-01 4.618813463008852871e-01 1.120154700083923371e+00 2.120154700083927590e+00 -3.458668107148695769e-01 -3.475264134565239638e-01
-3.808889277764613834e-01 -3.231556683080641368e-02 -1.302086531560942007e-01 -8.381815483417406898e-02 3.336492496349824366e-01 5.191021029351267080e-01 -2.283379442800334225e+00 6.936428114381835985e-02 1.069364281143824869e+00 7.166205571996678847e-01 1.716620557199659558e+00 -6.771715298063348820e-01 -3.411631454741774205e-01
-1.636424320449755943e+00 -1.325746930411670355e-01 -2.003780098725822800e-01 -1.465822359070258207e-01 6.613954692486668716e-03 4.690231256194292708e-01 -1.904507347761585256e+00 1.904545485760016810e+00 -5.824713651529974667e-01 4.175286348469848807e-01 1.417528634846994873e+00 2.417528634846985547e+00 -1.534054889849086667e+00
-2.197178618961998176e+00 -2.980340612159776970e-01 -4.827867075869324287e-01 -2.947309558846675781e-01 5.590170458745918891e-01 1.715927010778325879e-01 -9.677354240924979090e-01 3.226457590750378412e-02 -3.029942524911447554e-01 6.970057475088562438e-01 1.679887120930035893e+00 4.049384027322714630e+00 -2.149915589809620275e+00
-4.497107771783566688e-01 -2.355419714756776250e-01 -3.731456629077110898e-02 -1.059734007156132585e-01 6.493851783223005825e-01 2.411381886663464258e-01 -1.036956026328150759e+00 -1.186503881923493875e+00 -1.865038819234927925e-01 1.963043973671846576e+00 1.813496118076508123e+00 -5.745188080171973466e-01 -3.582645363055511623e-01
-1.364787827948443222e-01 6.573026631993071633e-02 5.157403285232164784e-03 7.518156913513387996e-03 4.633575542088410049e-01 7.638455874281313562e-01 -1.030356869892123051e+00 8.161051365854282702e-02 -1.423472351751783327e+00 -4.234723517517848812e-01 5.765276482482181164e-01 1.576527648248219782e+00 -3.071881354139711570e-02
-5.865498130423307810e-02 -2.671399563218513490e-02 2.209976576486302746e-02 4.310701262629181019e-02 1.006583913855354090e-01 5.081720427816460717e-01 -1.325820269195297829e+00 -3.258202691952957197e-01 -1.748011664896116812e+00 -7.480116648961177006e-01 2.140161827727073085e+00 1.786006456813284959e+00 1.286029565992488077e-01
-2.375383963129635845e+00 -2.347377919266050661e+00 4.013436838865080958e-02 7.030314595080328077e-03 5.559256606413116586e-01 4.266685293229581233e-01 -2.052013108224199911e+00 -1.052013108224202131e+00 2.397087564370752766e+00 1.453975778314631873e+00 2.453975778314636091e+00 3.453975778314632983e+00 -2.466210064839869265e+00
-6.085714961010856294e-01 -4.363891128066724884e-02 -3.567394819717798621e-02 -4.016955267988246009e-02 4.599335207784016055e-01 8.309221049946950988e-01 -1.541127970543759496e+00 -5.411279705437467280e-01 -1.204934488852998031e+00 1.291470348297944382e+00 9.624671993650988355e-01 1.962467199365094173e+00 -9.962404260232197162e-01
5.340259834134095107e-02 -5.272315095383391798e-02 3.596559831606453705e-02 1.871290944648874160e-02 -3.159990199074265704e-01 2.383279882282746120e-01 -5.944511992151036983e-01 4.055488007848916387e-01 -7.647651427559982729e-01 2.352348572439939001e-01 1.235234857243994622e+00 -5.561598997285140122e-02 5.690250177886177485e-02
-2.334714690748026733e+00 -6.340547394227504796e-01 -4.305425443535246255e-01 -4.115838276499640402e-01 4.161897839497147311e-02 5.301252751285580045e-01 -2.210910458244347954e+00 1.192464942486894941e-01 1.119246494248696822e+00 1.856486568863134901e+00 2.051849706796277761e+00 3.051849706796267547e+00 -2.252841355479284768e+00
-2.801666080513278700e-01 -3.579059177635286471e-01 9.904767859215309056e-02 -2.048794522884259672e-01 8.718072602056194109e-02 -6.451167246060888205e-01 -1.110492822420399817e+00 -5.843057305093428688e-01 4.156942694906600733e-01 1.415694269490655799e+00 2.889507177579596409e+00 -6.494178500641017981e-01 -5.790634068917145383e-01
-5.353426607527407288e-01 -4.261681850608648459e-01 -8.509195485057091668e-02 -1.001339950301671222e-01 -3.855542465704908661e-02 3.623078785183662665e-01 -1.505077591850384255e+00 -3.593925402626629850e-01 4.949224081496151895e-01 1.494922408149610416e+00 2.640607459737334572e+00 -9.599373696734667671e-01 -4.872848238383232222e-01
-1.637879464368267035e+00 -1.486593889310466043e-01 8.812262480378951768e-02 8.808054403483478456e-03 4.967236888165228459e-01 4.149604721107770788e-01 -1.824563969788871309e-01 -1.963362033676635532e+00 1.817543603021108511e+00 3.663796632336096398e-02 1.036637966323366244e+00 2.036637966323365134e+00 -1.507939449592240688e+00
-6.086098460154702738e-02 -1.400050786233118447e-02 5.350984096074057339e-02 -1.673251030756425090e-02 3.599688754740785757e-01 5.442084553070311026e-01 -2.790880913637518557e+00 -1.273639430140451223e+00 -2.736394301404451723e-01 2.091190863624800833e-01 2.197083492336475707e+00 1.738395337819037989e+00 -1.767557029912898148e-01
-9.737835779432266747e-01 -3.206576208116302951e-01 -1.060131960364814885e-01 -1.456957277142632290e-01 -2.661391189535989299e-01 -6.274091868334954469e-01 -2.321797286773924274e+00 2.392260071932263976e+00 -5.603391832816009277e-01 4.396608167183948535e-01 1.439660816718398628e+00 2.439660816718403069e+00 -8.936320151605428030e-01
-2.453235053904561092e-01 -1.158195295591925161e-01 -1.658609873565254911e-01 6.478001806615529823e-02 1.111234664408328465e-01 8.930269966897997902e-01 -2.296813904635026660e+00 -1.600482092403564982e+00 -2.968139046350218857e-01 3.995179075964411797e-01 2.048475120977681474e+00 2.054228748008746219e+00 -3.542627252211729694e-01
-2.925705056227244638e-01 -5.085954227297929259e-02 6.379367058465118534e-02 -3.648679944158446375e-02 1.847680079101685358e-01 7.811602415559573132e-01 -1.429580635190271565e+00 -4.295806351902725084e-01 5.704193648097326541e-01 -1.661959408739750232e+00 1.265833859780249204e+00 1.642626447262535594e+00 -1.117884568670148987e-01
-7.461265256425438253e+00 1.177157503907079765e-03 8.487855587513348787e-02 -1.147852972147237957e-02 2.886822437824203003e-01 3.731455216650311213e-01 -1.879049350712002964e+00 -1.400950863626661880e+00 1.209506492880049883e-01 1.120950649288002809e+00 1.181265344512628435e+00 3.538734743574575070e+00 4.538734743574567077e+00
-3.056472231264986128e-01 -3.950902377190251835e-02 2.919559758879333722e-02 -1.018233723998527435e-02 -1.308895997307181758e-01 5.995280829076456985e-01 -1.804480770185693084e+00 -8.044807701856965254e-01 1.955192298143035301e-01 1.195519229814308249e+00 2.195519229814313800e+00 -2.305689538033116048e-01 -3.937470833168622564e-01
-4.188840099145782481e-01 -4.449666941561559730e-01 -2.289199684611081531e-01 -1.972093343433328205e-01 3.977462011907399453e-01 4.074148986819172147e-01 -1.564978532725612492e+00 -5.132244847505168517e-01 4.867755152494803172e-01 1.486775515249483037e+00 2.435021467274394613e+00 -8.747355015763452757e-01 -4.750394631396681611e-01
-4.486896737665911905e-01 -2.466068714677221718e-01 -7.558699135577193196e-02 5.038045165092575745e-02 -2.728242187355046644e-01 3.601246122726360355e-01 -1.247742012606050777e+00 -9.472028587740282113e-01 5.279714122597276016e-02 1.752257987393946781e+00 2.052797141225965127e+00 -3.748553058226236079e-01 -1.590737926624571641e-01
-2.582031993920770319e-01 -2.655124340315500042e-01 8.128445116545865434e-02 1.887921267640754741e-02 5.742620854855045032e-01 3.528670501749199273e-01 -6.125071411472204908e-01 -1.592708952871971118e+00 1.387492858852786171e+00 4.072910471280239419e-01 1.407291047128024220e+00 -4.945634954540282235e-01 -5.100969211355811384e-01
-5.743375184354678753e-01 -1.805408115136194203e-01 4.552671307474381868e-02 6.629010024151094083e-02 -2.942925019608456094e-01 -5.602194803060646100e-01 -1.462062278061309284e+00 -3.148356425168953310e-01 6.851643574831152161e-01 1.537937721938685609e+00 2.537937721938688274e+00 -6.355114185685243333e-01 -3.552813547353206314e-01
-1.802555318372365933e+00 -1.759471968253850660e-05 -8.028991501777744955e-02 -1.618059203501026611e-04 -3.058209820055039496e-01 3.587887011270582960e-01 -1.922825985016899386e+00 -9.228259850169010514e-01 7.717401498310463848e-02 1.077174014983097061e+00 2.530116737120615689e+00 3.077174014983099948e+00 -1.590154288548798700e+00
-6.471371570549218077e-01 -2.747880280586769142e-01 5.859966501301965697e-02 -1.126682562925457043e-01 3.774025552421242380e-01 7.358984933929746397e-01 -2.329104290611776484e+00 -1.329104290611776706e+00 -3.291042906117774280e-01 6.708957093882215172e-01 1.670895709388222183e+00 2.670895709388223516e+00 -6.669059199926141712e-01
-5.298050769143866079e-01 -5.244038867520077751e-01 3.268233759560890683e-01 -9.035793542613718143e-02 -3.167948062117637020e-01 -6.317413420442785643e-01 -8.252051486505244116e-01 1.747948513494826661e-01 -1.075134565115357654e-01 8.924865434884737825e-01 3.174794851349484581e+00 -8.714384055523944905e-01 -1.758639555018043366e-01
-4.908980075616398153e-01 -5.767465376759047802e-01 -9.159655623460644103e-02 -4.414037748903791580e-02 -1.658480510915526784e-01 2.635246497830072698e-01 -1.397186839314499718e+00 -5.515576137983185800e-01 6.028131606855062774e-01 1.602813160685492955e+00 2.448442386201684862e+00 -8.826399576463747065e-01 -2.212038079650600897e-01
