-3.797061108765231729e-01 -1.731178037220416077e-01 -4.192067306827421680e-01 -4.073832767011651562e-02 1.251739547195232505e-01 1.638402609720914227e-01 -1.751590425341233326e+00 -5.127691680370958238e-01 4.872308319629066742e-01 1.487230831962900401e+00 2.248409574658773113e+00 -7.787808851664290710e-01 -5.094294945478816672e-01
-2.890841910835710293e-01 -1.391931261865440583e-01 -5.190865724534471370e-01 7.082677843019152819e-02 -7.220733389103165534e-01 -2.510824852975047927e-02 -8.139232943783127894e-01 -1.140840024110572726e+00 1.186076705621675220e+00 8.591599758894225003e-01 1.859159975889431937e+00 -3.429985512687476201e-01 -3.636958067732742189e-02
-4.074704184127906914e-01 -1.589800669194390836e-01 -4.333250218612853533e-01 6.053001982737409026e-02 4.418513897879428054e-01 -3.604546710638592000e-01 -4.542310025397407469e-01 -1.419029097766733916e+00 1.545768997460260419e+00 5.809709022332558703e-01 1.580970902233258979e+00 -5.365136498302157664e-01 -4.935417749158956813e-01
1.425492819897560270e-01 1.057804475684650941e-01 5.687634266193071497e-03 2.450687980240866259e-02 2.612051051682089953e-01 -1.165559207124659824e-01 -9.536051127264641436e-02 -2.084515993697872993e+00 -1.084515993697880321e+00 -8.451599369786864935e-02 9.154840063021258967e-01 1.915484006302129449e+00 4.131355991157863172e-02
1.786345154111607658e-01 1.777862462821283018e-01 -2.835921643846384677e-01 2.609198840456038171e-02 9.753749145206835891e-02 2.553434579953365313e-01 -2.178397663554255015e+00 -1.732149457483951771e+00 -1.783976635542445788e-01 1.714373747349352328e+00 3.750789601785698979e-01 1.375078960178559129e+00 1.191580899574866126e-01
-7.902954109246241643e+00 3.484574798189032929e-05 -1.970260018724356021e-01 -2.000497080835345054e-02 -1.139562456340037500e-01 5.175550680921265911e-01 -1.814279442127514352e+00 -9.675448337893655104e-01 3.245516621063102014e-02 1.121129359397976311e+00 2.097045890753781894e+00 3.097045890753774788e+00 4.097045890753774344e+00
-4.188751201136613478e-01 -4.190407976684690228e-01 -1.363456615547470052e-01 2.158818901985829625e-03 1.264361430510798356e-01 1.882735080214125167e-01 -1.714470884032549325e+00 -5.369001249955499544e-01 4.630998750044473256e-01 1.463099875004435724e+00 2.285529115967447122e+00 -8.453079250883264173e-01 -5.111103142653736775e-01
-7.369964255029548106e+00 -1.006540403023313129e-01 -2.663504811245147597e-01 1.029887291140401118e-01 -7.651858956614374097e-02 6.057011478213980560e-02 -1.255695827318231705e+00 -2.556958273182287633e-01 -7.554910390233604556e-01 2.445089609766336602e-01 1.358777273100753913e+00 3.630035744970464329e+00 4.630035744970458111e+00
-2.950937854016627004e-01 -2.878914863431648596e-01 -3.930769440167418138e-01 2.602763599602592876e-02 3.818138151736448771e-01 -5.670152028250462495e-01 -6.491886244386082527e-01 -1.166630078796130121e+00 -1.666300787961332852e-01 2.350811375561392857e+00 1.833369921203864994e+00 -6.561467204564419564e-01 -4.638033186288675891e-01
4.565466411505676725e-02 -1.213369903665164132e-03 -2.360715741027783476e-01 7.045484687294882586e-02 -4.422531256053752191e-01 5.231439624071455574e-01 -2.079638150509988570e+00 -1.483591801295877755e+00 -4.835918012958707601e-01 1.888023611538744539e+00 5.487468497451717386e-01 1.548746849745180620e+00 4.813554652143930968e-02
-7.946185730972751271e-01 -5.091317230590416409e-01 -2.496591699889114113e-01 -4.966877078491358649e-02 -1.979787216292713536e-01 9.875533940980684156e-01 -8.899061273090005386e-01 1.100938726910015569e-01 1.110093872690997241e+00 2.110093872690994576e+00 -1.004712046847670237e+00 3.233791763345733594e-01 -9.989925475574192859e-01
-3.052522776495084633e-01 -1.383598209890593844e-01 -4.763793734033925364e-01 1.899012734179297834e-02 -5.006472397440224764e-01 -3.295375945609723134e-01 -8.876223712199511340e-01 -8.640442538518084969e-01 1.359557461481883389e-01 1.135955746148177736e+00 3.112377628780053307e+00 -5.572432370745069585e-01 -3.976465716928586636e-01
-3.336397786618163774e-01 -1.897235206556558973e-01 -8.844288059319828088e-01 -3.691245886594980014e-02 -7.577597682686212366e-01 8.911639579023673818e-02 -1.379611216259725603e+00 -3.796112162597288231e-01 6.119798278707070383e-01 1.620388783740274841e+00 2.620388783740270622e+00 -6.516493648659986704e-01 -3.819911531398785254e-01
1.277676929941431172e-01 6.292722121088177578e-02 -1.277816426362230751e-01 1.238269382216983655e-01 -7.024633671011811797e-01 1.062254939722358411e-02 -2.729194741100646748e-01 7.270805258899355472e-01 -2.872663593560558642e-02 -1.001974505243006464e+00 -1.974505243010772626e-03 9.980254947569928703e-01 3.213621603034787222e-02
8.668403778843226937e-02 1.596365338463515138e-02 -2.789450900121815957e-01 2.474678454196887686e-02 -2.644527253777227416e-01 1.512573128851952553e-01 -1.703500149220479987e+00 -7.035001492204829843e-01 -1.257353300101904159e+00 -2.573533001019187583e-01 2.293941443371782629e+00 1.745205550865436495e+00 9.385243942937102068e-02
-1.049071183149082653e+00 -5.368954698973741335e-01 -6.499529687187162175e-01 1.314806958403336168e-02 -5.455977511274686664e-01 6.554110433334443542e-01 -7.385207186635435184e-01 2.614792813364591462e-01 -1.548195040873053152e+00 1.317337797507750041e+00 1.395946324928333038e+00 2.395946324928333926e+00 -1.024489200956983481e+00
-3.836396180934351086e-01 -3.814398917029730440e-01 -1.788688243655210119e-01 1.575378079855015850e-02 -5.036726902707712172e-01 3.087097010786748474e-01 -1.294005559297829899e+00 -7.122684351717946116e-01 2.877315648282154914e-01 1.705994440702171211e+00 2.287731564828206388e+00 -7.542573498002955734e-01 -4.512221753010659531e-01
-7.269122892474362552e-02 -1.422624633194188859e-01 -3.525169548986578083e-01 -8.860012966183691829e-02 4.028021913883038096e-01 -5.437284108747761913e-01 -8.776267278789013915e-01 -1.255263962489086893e+00 -2.552639624890820080e-01 2.122373272121073295e+00 1.744736037510902227e+00 -3.491267262171707242e-01 -3.862844260344729941e-01
-5.921884772025293175e-01 -1.584029609111831938e-01 -3.186899179593093434e-01 -1.694683739524332489e-01 -2.033740006506169207e-01 -2.990603438852438289e-01 -1.016813515651928679e+00 -1.681351565193160008e-02 9.831864843480716543e-01 1.983186484348072431e+00 1.285895050673599549e+00 -1.052919521533483893e+00 -4.779908837389522103e-01
1.938873417046577813e-02 -4.837861533500041611e-03 -3.857171596716802431e-01 -7.152489572627922232e-02 -3.098690851403289037e-01 4.665822857821876890e-01 -2.119836671903922554e+00 -2.077856847824683051e+00 -1.198366719039214989e-01 8.801633280960703409e-01 2.015337584208003019e+00 1.786968508547494228e+00 -1.324147388677737180e-01
-9.862156422722534455e-02 -1.724910033704698739e-02 -5.160580209056870871e-01 -7.270705188908191743e-03 -3.020253250237724951e-01 3.485533459179951943e-01 -1.377401269635753600e+00 -3.774012696357554320e-01 -1.468589985354842309e+00 1.485967641637760517e+00 6.680412104380035743e-01 1.668041210437999800e+00 -5.943965989063584171e-02
-3.696338183433631186e-01 -2.068721905128162175e-01 -6.977852227010576946e-01 -1.574016942221673210e-04 -6.978845074665686044e-01 -1.237589503500605287e-01 -2.563962071232049889e-01 7.436037928768038929e-01 -9.946837151650794739e-02 9.005316284834860019e-01 1.900531628483489888e+00 -7.344176198064399363e-01 -4.117462520974070062e-01
-1.586576796060180428e+00 -9.256710619773482751e-01 -8.876419394535268736e-01 -7.822696622048549986e-02 -7.908095932378560178e-03 -5.693866958754423280e-01 -3.305483144747847213e-01 6.694516855252152787e-01 -7.093674527084291581e-01 2.906325472915667341e-01 1.541684182880646903e+00 4.418400040818438512e+00 -1.878294625581159005e+00
-1.585628530576560224e-01 -1.309012968557509704e-01 -3.155810258620640463e-01 -6.594513716670075132e-02 4.099728222372697739e-01 -3.654002549749919559e-01 -8.876479502649977649e-01 -1.277794040002548259e+00 -2.777940400025517564e-01 2.112352049734996129e+00 1.722205959997440639e+00 -4.435569084479626389e-01 -3.748008171023509694e-01
-1.590347493902933396e+00 -2.440020597906570471e-02 -4.062291371522821493e-01 -1.489223279803721448e-02 -7.652953475487944690e-01 1.240275322749058301e-01 -7.593032761146665255e-01 -1.337750830888783105e+00 -3.377508308887818278e-01 2.240696723885332808e+00 1.662249169111211788e+00 2.662249169111213121e+00 -1.506706730877188205e+00
2.536142326366736498e-03 2.755005910350493380e-03 -3.872473301948033408e-01 2.771483239169251177e-03 -8.781746683689516386e-01 6.958857035140383340e-01 -1.898651284262721894e+00 -8.986512842627305542e-01 1.013487157372766900e-01 1.101348715737269002e+00 2.101348715737270556e+00 -3.077682074979688244e-04 1.584361327096262678e-03
-1.571009161413801758e+00 -4.807806139965521419e-01 -6.612370587136461308e-01 -3.655733315930179694e-01 -1.636043700272730994e-01 1.517866350959827804e-01 -4.484119862860617700e-01 5.515880137139400619e-01 1.551588013713936398e+00 -1.196276928331529543e+00 1.028120517382050902e+00 3.327190683257351012e+00 -1.776833904569247391e+00
-8.474947531876894091e-01 -5.764839456800056050e-01 -2.999657956963747152e-01 -2.843871973038794576e-01 5.911723477546695915e-02 4.609103902769577932e-01 -1.025738329187601661e+00 -1.631423736529245661e+00 -6.314237365292442172e-01 1.949620773531444806e+00 1.393217037928045965e+00 2.393217037928043744e+00 -1.012618472093787192e+00
-4.811350334917478544e-01 -2.677582956298469874e-01 -7.453808201449713122e-01 -1.314851041351013383e-01 -6.736970253378017359e-01 4.753637318675601464e-01 -1.065197447655382046e+00 -6.519744765538093567e-02 1.394849204109448182e-01 1.139484920410922753e+00 2.934802552344615290e+00 -8.843511338062011173e-01 -4.283873089454778849e-01
-4.654026345673840659e-01 -3.707228123309238565e-01 -6.133844998964802508e-01 1.308775928381493148e-01 -9.996810307621346869e-02 -9.174428624286089518e-01 -1.082619363368332976e+00 -8.261936336833167194e-02 9.173806366316639149e-01 1.917380636631666135e+00 2.248149007432231894e+00 -1.008907336369124552e+00 -6.261743898961799060e-01
-7.171531149812163108e-02 -7.174600812023460006e-02 -1.597168126221414075e-01 1.119132427414216979e-03 -1.239665684696286130e-01 -2.055879677414533258e-01 -2.042458706120748868e+00 -9.096080386534505235e-02 -4.245870612072933509e-02 9.575412938792562390e-01 1.957541293879254685e+00 9.075579107044504101e-02 -2.518001184658360536e-01
-7.071272117206012231e-05 -4.354273641437398507e-04 -1.910512222252170322e-01 -2.513177596912905334e-02 -2.209136412091193546e-01 1.896920258905196721e-01 -1.756198714059475474e+00 -7.561987140594758072e-01 2.438012859405242205e-01 1.243801285940526968e+00 8.277080969680070677e-01 4.955731344111229952e-01 -1.040291133108371124e-01
6.873089214354648202e-02 6.490389820327224779e-02 -4.303257348840531377e-02 8.425004454081569047e-03 4.133723036986623467e-01 -3.157353705792231846e-01 -6.442621696765670203e-01 3.557378303234375871e-01 -1.327634702418023505e-02 -1.000336751052097961e+00 -3.367510520990157907e-04 9.996632489478983752e-01 5.269329333380576991e-02
-5.827262289127942196e+00 4.811114256463610780e-03 -2.405055343140147517e-01 -6.919741332091496749e-03 -2.313743713657398504e-01 4.066203306051454636e-01 -2.169686533488173641e+00 -1.155195188257061245e+00 -1.696865334881725307e-01 8.303134665118235835e-01 1.830313466511823917e+00 5.023806108479990096e-01 6.172737710872072903e+00
1.529212848647171774e-01 1.140520561651448689e-02 -2.087139112062317559e-01 1.268653386420504070e-02 2.880038487958495597e-01 2.480780898859253902e-01 -1.244164809565712515e+00 -2.441648095656973327e-01 7.558351904343008076e-01 -7.543561746314833560e-02 -4.459477753108191944e-01 5.540522246891750324e-01 1.419910531930533015e-01
-3.289441584243461142e-02 3.724579279382403407e-02 -3.106498630735025912e-02 -2.787337882667243610e-02 4.939654378904840271e-01 6.781951295105743960e-02 -2.972717515673085550e-03 -1.633298929277358758e+00 -6.332989292773634205e-01 3.667010707226293631e-01 1.366701070722637468e+00 5.089564709377324137e-02 -7.537866689542140064e-02
-1.424031913552988415e+00 -6.594053561352523074e-01 -8.240106622630104516e-01 -1.196209445673062644e-01 -8.096223745685346418e-02 3.201421057084487543e-01 -5.265094597672729249e-01 -2.017803309414850865e+00 1.473490540232736290e+00 -1.780330941485649965e-02 1.604633519227310012e+00 3.851053656887382104e+00 -1.632626121251353979e+00
-1.577924671730971395e+00 -5.989584824814966207e-02 -3.381301254495611142e-01 -1.076941035326949292e-01 -1.522378813606425074e-01 -4.145381623665964632e-01 -1.267669383366593072e+00 -1.264508173922300971e+00 -2.645081739223022477e-01 1.732330616633411369e+00 2.065723993537278869e+00 3.402098567934177087e+00 -1.806500145972922855e+00
-1.495018349356176390e-01 -8.763408064900424232e-02 -7.950637768342008194e-01 5.902052232690732647e-02 -5.253267069419900182e-01 -3.172527882053864934e-01 -8.718108511679156791e-01 -1.028968843477510609e+00 1.128189148832084099e+00 9.710311565224967190e-01 1.971031156522493832e+00 -3.293365802199419989e-01 -7.783001354028293295e-02
-5.016515140375167325e-01 -2.559916286937480301e-01 -2.563577379345959306e-01 -2.292559378101880485e-01 4.387727597941301072e-01 -3.458336906167159275e-01 -8.437556279996142328e-01 -9.161955337279925615e-01 8.380446627201457166e-02 2.156244372000392762e+00 2.083804466272011879e+00 -8.602242606386081292e-01 -6.068136246474374884e-01
-2.240265880579130620e-01 -1.969206189617894176e-01 -3.865978886861251573e-01 1.460964006599890785e-02 5.766270950413554530e-02 -1.253184617702401971e-01 -1.610445717145501554e+00 -7.307184060773058709e-01 2.692815939227080069e-01 1.269281593922699791e+00 2.389554282854501999e+00 -6.295922784755809687e-01 -1.502233528634564497e-01
-3.887746356262153369e-02 -1.067487772722019307e-02 -6.561091063517776600e-01 3.781241134883754629e-03 -6.902474146866180993e-01 5.701329112479119887e-02 -1.568886269302299796e-01 8.431113730697681330e-01 5.782496443227241184e-03 -7.995632357997942696e-01 2.004367642002100325e-01 1.200436764200209616e+00 -1.165469688269674640e-02
-1.143174896513585059e+00 -5.147023054397452668e-01 -6.961098777242006319e-01 -1.328337087915659742e-03 -1.516865441780706480e-01 7.287942084957151900e-01 -2.199876760079753080e+00 -6.131272106419105583e-01 -1.998767600797529687e-01 8.001232399202438117e-01 1.830361993073796878e+00 3.356634132398106374e+00 -1.249484373910797030e+00
1.513049331345494020e-01 -1.010613385116693463e-01 -5.030043992829338340e-01 -1.149615075874744763e-01 -6.776094354269773801e-01 -5.847094463515104534e-01 -1.536780693491568206e+00 -5.367806934915690942e-01 4.632193065084383998e-01 1.463219306508426687e+00 2.156824289087959201e+00 -3.850458091020806384e-01 1.519319962385413947e-01
4.399153095500671351e-02 -1.016410344400723448e-02 -4.676294116188211003e-01 9.461655400835765339e-02 -1.276593817674652742e-01 2.752490026308117566e-01 -2.107758419173917819e+00 -1.642456358915469705e+00 -1.077584191739273528e-01 1.757438617753958043e+00 4.923469300007070615e-01 1.492346930000707061e+00 2.539830369761914008e-01
-2.455935265625295294e-01 -2.103028079241939519e-01 -4.685729107010599970e-01 9.615031388285941172e-02 2.017379813357131069e-01 -7.617854680847768734e-01 -6.889721575360481243e-01 -1.117181448337117855e+00 -1.171814483371173693e-01 2.311027842463942328e+00 1.882818551662871931e+00 -5.087135020313834355e-01 -4.268849115990281939e-01
1.480684496385651638e-01 2.061995187948099106e-01 -2.486144781785811497e-01 4.204978032392940601e-03 -6.781264456374153093e-01 1.489702283951389872e-01 -2.467091386274045561e+00 -1.467091386274061771e+00 -4.670913862740605493e-01 5.329086137259472222e-01 1.532908613725947777e+00 2.532908613725945557e+00 1.683925748315483473e-01
-6.301939772079135915e-01 -5.094622023314919756e-01 -1.994742208088325364e-01 -1.742623971957078799e-02 -1.045086597240320048e-01 5.672584878129893760e-02 -9.909242983354746848e-01 9.075701664524774004e-03 1.009075701664519986e+00 2.009075701664527980e+00 1.098036365632137912e+00 -1.167682444049861212e+00 -6.157707689977010013e-01
-3.028202406663684232e-01 -1.110039321499330933e-01 -5.427574699173992601e-01 1.049526579242572762e-02 -4.111163357698200960e-01 6.512247205886204093e-02 -1.472163584171117812e+00 -4.721635841711076531e-01 5.278364158288835206e-01 1.527836415828878192e+00 2.027379172448911415e+00 -5.866954717035075539e-01 -3.134026151765749169e-01
-4.161997635287904562e-01 -2.819689324165711719e-01 -2.131245066482662376e-01 2.654904792059267077e-02 -3.165217071743699484e-01 -3.038075012883078019e-01 -1.440642491651915380e+00 -4.547055152293458247e-01 5.593575083480898380e-01 1.545294484770638688e+00 2.559357508348087507e+00 -7.725125798960181811e-01 -5.445290433216918302e-01
-3.787354755444953813e-01 -1.308321462097343790e-01 -3.001351815266429246e-01 -1.450353226821563535e-01 -7.295194448370142526e-01 -8.243548521847380295e-01 -7.070537175719178169e-01 -7.140621203141140905e-01 2.859378796858944582e-01 1.285937879685879581e+00 3.292946282428077964e+00 -4.708469082665585059e-01 -5.177003644303496133e-01
-5.372740046959215698e-01 -1.898613351793104198e-01 -3.931244018811272944e-01 -1.395216223111089004e-01 2.239451352201616563e-01 -1.598619195112444824e-01 -1.403534379836196333e+00 -4.035343798361819556e-01 5.964656201638145472e-01 1.259780633220370483e+00 2.596465620163810328e+00 -9.314682806925012049e-01 -5.719301765924335035e-01
-7.177204427390077024e-01 -3.327226239256617646e-01 -3.353284339736001263e-01 5.706975458021391889e-02 -2.135543640725938719e-01 6.080479062551601421e-01 -1.421714891122935365e+00 -4.217148911229357533e-01 -1.805788665489355349e+00 1.578285108877054421e+00 1.361061762425958221e+00 2.411434642827925856e+00 -8.208083542880905137e-01
-2.490581933033334805e-01 -1.697673161786943941e-01 -2.149353914538115751e-01 6.298732894480074673e-02 1.568976921905772259e-01 -2.067433167303633357e-01 -5.824382057924950562e-01 -1.444437911935833707e+00 1.417561794207506720e+00 5.555620880641664039e-01 1.555562088064171844e+00 -5.549418642849172079e-01 -3.797022835596425838e-01
-1.266884226682861957e-02 1.742288418890713259e-02 -4.382531115542257494e-01 -2.507629456927247275e-03 -8.663115002295338485e-01 8.858989440352499356e-02 -1.770345291973129287e+00 -7.703452919731192949e-01 2.296547080268871999e-01 1.229654708026875598e+00 2.229654708026874488e+00 2.409813206117089948e-02 -1.209685904834431613e-02
2.965497607257733606e-02 -1.317589728261739195e-02 -3.012575720115596642e-02 9.474366630936897904e-03 4.230001510012306176e-01 -2.633998227006823512e-01 -2.542742457591876448e+00 -1.542742457591865790e+00 -5.427424575918694538e-01 4.572575424081248285e-01 1.457257542408128437e+00 2.457257542408129325e+00 4.757323726307240153e-02
-6.018232637431207843e-01 -9.812369846024371345e-02 -3.574734441143747610e-01 -3.973409018666451686e-02 6.297901068101335875e-02 -3.334586023841800695e-01 1.676095102684825866e-01 1.167609510268491579e+00 -6.090318684833049279e-01 3.909681315167002347e-01 1.390968131516698625e+00 -5.627940107543781822e-01 -6.311488078929876622e-01
-4.074704184127906914e-01 -1.589800669194390836e-01 -4.333250218612853533e-01 6.053001982737409026e-02 4.418513897879428054e-01 -3.604546710638592000e-01 -4.542310025397407469e-01 -1.419029097766733916e+00 1.545768997460260419e+00 5.809709022332558703e-01 1.580970902233258979e+00 -5.365136498302157664e-01 -4.935417749158956813e-01
-7.037235082125041508e-02 -3.372669398196414398e-02 -1.280372512468838098e-01 -8.407819145659439775e-02 -2.686197813856263661e-01 2.346177035112088916e-01 -1.685978168199992799e+00 -6.859781682000103409e-01 3.140218317999934894e-01 -8.986393258935060357e-01 1.810811741488378424e+00 1.604570860055085424e+00 -1.620456974367061875e-01
-1.219064668839204696e-01 -1.665821408350593447e-01 -3.886001056702701462e-01 1.051272175011454119e-01 -8.383191587781968490e-01 -6.030637374302346698e-01 -3.805380108241251391e-01 6.194619891758809116e-01 -1.909033930991640704e-01 8.090966069008312944e-01 1.809096606900838067e+00 -4.119254808241658572e-01 -2.943974179014275938e-01
-7.261378219680485469e-01 -3.044195919912476289e-01 -3.539964317357883195e-01 -7.656617208949076381e-02 1.628190160978679746e-01 1.130110220131184118e-01 -5.759919618709187228e-01 4.240080381290922684e-01 1.424008038129084053e+00 4.357218483522093955e-01 1.435721848352206731e+00 -1.118621196139275353e+00 -8.930101270466778152e-01
-1.228612732418555703e-01 -8.480756604292676026e-02 -2.413882817428227023e-01 -1.118706445205236953e-02 1.114923267485984776e-01 2.460576543922427251e-01 -9.104750711608439184e-01 2.301134338602933427e-01 -1.277890376325984123e+00 -2.778903763259934490e-01 7.221096236740138785e-01 1.722109623674014767e+00 -1.588361448245525775e-01
-7.412281985039763654e+00 1.364161782665268552e-05 -3.068083064413185124e-01 1.384196741307033851e-03 -1.962394637409737574e-01 1.130339941962075906e-01 -1.772904797027868407e+00 -7.729047970278729585e-01 -3.743269708849700783e-01 1.227095202972122934e+00 1.265049762946961698e+00 3.587718014960239454e+00 4.587718014960234569e+00
-4.819136829710626846e-01 -7.044970503082077784e-02 -5.425719348327012748e-01 1.532299106708073962e-02 -5.008682345644325240e-01 1.279194752289710552e-02 -7.291146573596670732e-01 -1.016570337719928219e+00 1.270885342640325710e+00 9.834296622800721144e-01 1.983429662280079553e+00 -4.731811543859869018e-01 -5.046433906937248803e-01
-2.328689377746931410e-02 -1.021960357243811707e-01 -2.962404200579199509e-02 5.815323507943975789e-02 3.677819822836110863e-01 -2.563670465844769542e-02 2.704102570409309125e-01 -1.563284141829769824e+00 -5.632841418297711567e-01 4.367158581702255127e-01 1.436715858170220850e+00 -1.359351013419151655e-01 -1.799836213447497668e-01
-1.016381604852540366e-01 -2.587650232162333475e-02 -4.287888006825040232e-01 9.265870688203586836e-03 -5.841382750853965078e-01 3.066875305299006094e-01 -1.323603877104512438e+00 -3.236038771045065543e-01 -4.787747336957857147e-01 1.676396122895487339e+00 1.521225266304211843e+00 -2.162906946153297649e-01 -8.431336109075954210e-02
1.981084714276307862e-02 -1.821822805074818363e-01 -2.621286671384047140e-01 1.644719420280964239e-02 1.777074226040994132e-01 -1.735398492998122683e-02 -2.301327711464704606e+00 -1.500446163871722027e-01 8.499553836128289630e-01 6.986722885352943946e-01 1.698672288535297170e+00 -4.936353799510885820e-01 -1.080462760221273660e-01
-1.778170816154962530e+00 -2.549279403626353857e-01 -2.419958077550897202e-01 -1.805538593215448295e-01 1.827118498806688529e-01 -6.886087693255764364e-02 -2.102055877402325024e+00 -2.149408608552069722e-01 -1.020558774023224979e-01 8.979441225976720897e-01 1.932942537009327610e+00 3.750061789061467810e+00 -1.873551874130360950e+00
-1.161579944588803981e+00 -8.410607102151766989e-01 -5.854808998777082385e-01 -2.366717148625578915e-01 -3.310981558730335395e-01 7.548628185204819818e-01 -2.407597803540110437e+00 -3.733489613430464038e-01 6.266510386569534852e-01 5.924021964598846779e-01 1.541159730471882927e+00 3.677893492844297452e+00 -1.309584578420931233e+00
-4.664472407796534381e-01 -4.612429185587218483e-01 -8.260330738357929414e-02 3.414478282580662993e-02 2.155536249256771453e-01 1.563012845976757548e-01 -2.015230034854361918e+00 -3.881319682955005484e-02 9.611868031704446924e-01 9.847699651456366388e-01 1.984769965145636084e+00 -8.697826818754391676e-01 -4.560605372974395610e-01
-3.987296874438410188e-01 -2.666180037431319927e-01 -5.940567646427376003e-01 -1.412933116289135094e-01 -4.567685238549160642e-01 -6.516679993024090956e-02 -1.409361460288037993e+00 -4.093614602880299436e-01 7.847890206126758583e-01 1.590638539711962673e+00 2.590638539711961119e+00 -7.926736754175643940e-01 -4.854899045670538760e-01
1.917533887408150450e-01 4.064784546931440867e-02 -2.623353010829560517e-01 -3.579599285689320787e-02 -3.490972686586242824e-01 7.412350360047095799e-02 -2.632875169064321508e+00 -1.287601156917076883e+00 -2.876011569170786042e-01 3.671248309356742179e-01 2.111431878044405686e+00 1.968091652325683061e+00 4.867945461271815794e-02
-2.790495586665532879e-01 -1.452827680165935664e-01 -3.088414278349767561e-01 -3.601282349143612727e-02 8.196497425857919572e-02 6.651437051042559390e-02 -1.812352118379514598e+00 -4.997667812097134066e-01 1.876478816205079114e-01 1.500233218790281597e+00 2.187647881620497614e+00 -6.395605586599695247e-01 -3.565957823094026424e-01
-4.475296586973647184e-01 -4.492327017433884739e-01 -2.467166729151981652e-01 -5.706340049705408909e-03 -2.126078756186831620e-01 1.917219781209856810e-01 -1.280461464639513380e+00 -2.804614646395139910e-01 7.195385353604879519e-01 1.719538535360487730e+00 1.754051546594107114e+00 -9.209316889540040130e-01 -5.946562199465654786e-01
-1.935717940659860137e+00 -1.555364103294053946e+00 -4.862095006425228294e-01 -2.104197793913463177e-01 -4.579819092449451956e-01 4.234386820048037792e-01 -4.044219769810616927e-01 5.955780230189267055e-01 -1.010837664831227833e+00 1.306972767953109349e+00 2.277767427100941156e+00 3.277767427100944264e+00 -1.874024943901574591e+00
-4.471049770162100478e-01 -1.765049567999104341e-01 -6.769903488805255609e-01 -6.370706786330601612e-02 -6.345228264497023707e-01 7.657067403067815969e-02 -2.425161348120221383e-01 7.574838651879733931e-01 -1.398112002359147843e-01 8.601887997640841332e-01 1.860188799764087131e+00 -7.656120738379633694e-01 -4.611160446191360229e-01
-3.861121601685827409e-01 -2.326128893022296196e-01 -6.476944136878062253e-01 2.470356824153362718e-01 -7.906603555975802999e-01 -9.401222134459006341e-01 -1.050892912465599016e+00 -5.415066666684661412e-01 9.491070875344022051e-01 1.458493333331528863e+00 2.949107087534403870e+00 -5.592928254854591108e-01 -5.083022457619148504e-01
-1.547679704463426342e-01 -1.894277335216576832e-02 -2.868901263845902716e-01 -1.372989145237096115e-02 -2.066073136478704386e-01 -1.353423835328383673e-01 -1.645147386564856484e+00 -9.198137727074366943e-01 3.548526134351342454e-01 1.080186227292555312e+00 2.354852613435133080e+00 -2.043051563858799824e-01 -2.577981714563393201e-01
-7.438756385503219049e-01 -1.733939640931261017e-01 -2.650609229230972974e-01 -1.056607325774995276e-01 1.100619071436688759e-02 7.072435561551920769e-01 -2.017348389560207345e+00 -1.017348389560225108e+00 -8.541305748356544658e-01 9.826516104397899909e-01 1.672377743028096164e+00 2.456143380954776578e+00 -7.060573609599576361e-01
1.182547465061828257e-01 7.114289065150192215e-02 -2.816007683324356359e-01 1.699914498414433969e-02 -6.000224321904269464e-01 1.929953425701260439e-01 -2.230098652492925382e+00 -1.310318711364033550e+00 -3.103187113640312744e-01 1.935438696781722312e+00 5.241440498565926864e-01 1.524144049856590355e+00 2.957868627691243590e-01
-1.246723952058046009e-01 -7.192919769282410392e-02 -2.285239059432924713e-01 -3.933194247838104479e-02 -4.586693073228288453e-01 3.425352538227663390e-01 -1.809552708416973354e+00 -8.095527084169801268e-01 1.904472915830242585e-01 1.190447291583023093e+00 2.190447291583026423e+00 -1.973284041307933612e-01 -2.277700507318312362e-01
-1.478679750427039696e+00 -9.037326427259182449e-01 -9.033139522863118387e-01 9.546276980525712774e-02 -4.377901652628438667e-01 -2.360802438259585467e-01 -2.092615245426523884e+00 -5.985742329572785181e-02 9.401425767042768111e-01 9.073847545734754494e-01 1.456480787445709524e+00 4.391046946450522626e+00 -1.731901903496787520e+00
-1.452179149372459843e+00 -2.873413216026848155e-02 -2.803976680812225730e-01 7.940963091842868915e-03 -8.543828259046000184e-01 -1.405145583767871686e-01 -6.770058810881337541e-01 3.229941189118616385e-01 1.322994118911862360e+00 -1.082181040330772344e-02 1.277473687796038426e+00 2.277473687796044199e+00 -1.818294042888738193e+00
-4.809017381490809928e-01 -3.486799306320972347e-01 -3.119818937183294616e-01 -1.549365010693964650e-01 -8.444142640896851182e-02 5.999922241053068372e-01 -2.093872652889598562e+00 -1.479912299546961352e+00 -4.799122995469565778e-01 9.061273471104025479e-01 1.938311458017798916e+00 2.487903311911388471e+00 -5.511490909513760972e-01
-1.592871749708998586e+00 -2.116017121922419975e-02 -2.068049260331717154e-01 9.455060067981690963e-03 -2.725916990310413568e-01 3.096888122422853939e-01 -2.389295433959510717e+00 2.481225748945928289e-02 1.024812257489450706e+00 6.107045660404849530e-01 1.610704566040487506e+00 2.610704566040486174e+00 -1.771611597226557588e+00
-3.100078375045387524e-01 -2.314715791709935910e-01 -1.799442688964901782e-01 -1.917161785734931290e-01 2.742850388721298494e-01 -7.030873173916526442e-01 -1.446527472532854297e+00 -5.471300102284694100e-01 4.528699897715334766e-01 1.452869989771528925e+00 2.553472527467143038e+00 -7.831600361173856051e-01 -3.939063372343257763e-01
-3.901514776498177239e-01 -1.428029566370848658e-01 -2.280118457166671608e-01 -7.398165449492694057e-02 1.030292033403934771e-01 -6.422170595199909737e-01 -1.540001688063226792e+00 -5.462477784119851298e-01 4.537522215880128718e-01 1.453752221588012983e+00 2.459998311936788529e+00 -6.297611785099139770e-01 -3.308098112174628347e-01
-3.828313758601183392e-01 -1.072080871726388551e-01 -2.960961113120161858e-01 -1.188867699441954473e-01 -3.545536816610269093e-01 1.671605437728695964e-01 -1.382996978765026252e+00 -3.829969787650259194e-01 6.170030212349731924e-01 6.500177390288442991e-01 2.617003021234963089e+00 -6.035601242139025935e-01 -4.755077093455680748e-01
-1.866111519149024900e-01 -1.482247227029146741e-01 -2.774749290551545289e-01 3.512311141419471178e-02 1.658523757826302347e-01 -4.171082563237359930e-01 -1.917656394172218004e+00 -9.176563941722200024e-01 1.351364838855660055e+00 1.082343605827770006e+00 2.082343605827774446e+00 -5.534637973000187117e-01 -3.522853838347334010e-01
-1.704380630842759592e+00 -1.590897314696069431e+00 -3.967511673984586151e-01 -1.359153148993839377e-01 -1.698993983581708056e-01 1.019362438614455080e-01 -3.486928089737479364e-01 6.513071910262513420e-01 -7.907395800398850927e-01 2.092604199601082460e-01 1.507588623027845243e+00 4.352978607506444497e+00 -1.739248361941487797e+00
-2.177029696093306377e-01 -2.610372657433824850e-01 -1.565557815904670413e-01 4.445736147743582778e-02 7.874046534480005910e-02 -3.148290366701280152e-01 -1.925709800604461064e+00 -9.257098006044518490e-01 1.330726499686203601e+00 1.074290199395541601e+00 2.074290199395541379e+00 -5.013981124919175691e-01 -3.530154497532522750e-01
-6.296315790755794284e-01 -1.920230865772062367e-01 -3.468978002501822977e-01 -3.695538360040068887e-02 -7.288890474528297858e-02 -3.087151712410781124e-01 -4.906460912294322019e-01 5.093539087705678536e-01 1.509353908770564523e+00 3.611432424594233082e-01 1.361143242459430969e+00 -1.017467993998993681e+00 -6.992217835096992129e-01
-5.531506975203387411e-01 -1.043029281183270873e-01 -2.809326273403126017e-01 -6.170451983191216350e-02 2.944988537566439746e-02 6.718852549938729435e-02 -1.274403962490449072e+00 -2.744039624904494601e-01 7.255960375095478199e-01 1.725596037509537828e+00 1.367841232332283496e+00 -8.434360838439609598e-01 -5.767904283585387759e-01
-2.073492564472401600e+00 -1.523820040397056985e+00 -4.188936393854250650e-01 -1.591455153986604532e-01 -2.411342607953927408e-01 -1.270049702896163535e-01 -5.575090062755905240e-01 -1.292549223508931533e+00 1.442490993724407256e+00 7.074507764910722418e-01 1.499920453619010274e+00 4.650021780219448786e+00 -1.959788275298731230e+00
-4.108446261035453295e-01 -3.148340668984563884e-01 -2.285288852821748817e-01 -7.377055948496677451e-02 1.979715531999937661e-01 -2.900940260407022797e-01 -1.907013695744724791e+00 8.688154910151814070e-01 9.298630425527990018e-02 1.092986304255273433e+00 2.092986304255279872e+00 -7.441980884360438475e-01 -4.299155007582624033e-01
-1.253035722240358751e-01 -3.980131404197623235e-02 -2.995815525546167701e-01 2.806207588155340896e-02 -5.212401452093755327e-02 5.072721707920529316e-02 -1.722573066296559485e+00 -7.225730662965620388e-01 -1.835573146501137343e+00 1.277426933703436518e+00 1.853232352201758859e+00 1.588621833447951159e+00 -5.399417164594885049e-02
-3.802424441644991493e-01 -2.533879568798806936e-01 -2.707663901835748455e-01 -8.967947737796633234e-03 1.479260162779670040e-01 9.809779158246183239e-02 -1.144199064635838425e+00 -1.441990646358352057e-01 8.558009353641575778e-01 1.855800935364160686e+00 9.022771654348282766e-01 -9.633465659211715160e-01 -7.482469016328475719e-01
-1.530999081412627305e-01 -2.017039566206326462e-01 -4.546442098202568838e-01 -1.953661808209035677e-01 3.460172682732979843e-01 -9.038590295180954914e-01 -1.482071215720866642e+00 -4.820712157208712489e-01 3.821083450742518428e-01 1.382108345074247957e+00 2.517928784279126031e+00 -4.673423181260319970e-01 -3.414581999798710354e-01
-7.004056502643779547e-02 -3.316862131097604582e-02 -9.635354028747769584e-02 -2.922232058330712784e-02 2.513216069025756561e-01 5.005394547535283456e-01 -2.474321792358492811e+00 -1.278830322126835450e-01 -4.743217923584804874e-01 5.256782076415050797e-01 1.525678207641508077e+00 2.227559257377973168e-01 2.258847696930726956e-01
-1.219057791179627148e-02 2.236116852147641831e-02 -1.342370102828193412e-01 -3.368036358172082911e-02 -2.408061547602998731e-01 4.339793114025944920e-01 -7.548807455630842655e-01 2.451192544369195925e-01 1.245119254436916512e+00 -4.733644316008680519e-01 -5.709407460751853014e-01 4.290592539248366255e-01 -2.089917047148381335e-01
