-1.044597535317342896e+00 -1.576100732067156340e-01 -2.211531363459010024e-01 -1.552174625046203182e-01 -2.079117244882141002e-01 2.284151350132374858e-01 -7.263160281654393868e-01 -1.735573828990744527e+00 -7.355738289907389760e-01 2.644261710092613571e-01 1.924737365423003110e+00 3.613373376729405173e+00 -1.064805697538617091e+00
-1.372210833997044022e+00 -2.450425107258133450e-01 -1.787997927216809224e-01 -2.726943484749442814e-01 1.450255191129791732e-01 -8.588800472069686720e-02 1.903405707333731378e+00 -2.665218022386217633e-01 -1.062603182742013264e+00 -6.260318274199747068e-02 9.373968172579933977e-01 1.937396817258001835e+00 -1.394668469973321390e+00
-5.218175343042265046e-01 -3.252209987035139527e-01 -1.972720992221752567e-01 -8.072576735508706081e-02 1.409065427450313102e-01 -2.172229238644113325e-02 -1.414179569516621715e+00 -4.141795695166099467e-01 3.746144782921020933e-01 1.374614478292097042e+00 2.585820430483383614e+00 -9.805060577112909570e-01 -5.381393084700754059e-01
6.829614739905329190e-03 -4.250144690387119839e-03 6.708510392185618176e-03 -3.884489605255486699e-02 -1.084481553658610958e-01 -9.411003046036260644e-02 -2.223708123654175139e+00 2.357121232511649733e-01 -2.237081236541618168e-01 7.762918763458280802e-01 1.776291876345833964e+00 -6.711841530627714325e-02 -5.945337926456576577e-02
-6.569948895535224764e-01 -6.055176785315262711e-01 -5.063908570653250993e-03 -2.098660238205325712e-02 1.547937691520620551e-01 -8.805655477768464801e-02 -6.657178698283900964e-01 3.342821301716142890e-01 1.334282130171618563e+00 5.341679256489292316e-01 1.534167925648932895e+00 -1.257524451761547146e+00 -6.096391927612075934e-01
-9.871275590001592493e-01 -1.244856016753267125e-01 -1.192814958414229187e-01 -1.232852008531120924e-01 -7.543782091347482621e-02 1.487452813059112477e-01 -2.028207691092250187e+00 -1.028207691092252851e+00 -2.820769109225670576e-02 9.717923089077441512e-01 1.059861604868834517e+00 3.323116178623924277e+00 -1.007081889519586992e+00
-7.523589646760950322e-02 -3.176441063622217897e-02 -1.724150786313232431e-01 9.691973941373131785e-02 3.093562166886206777e-01 1.335648389972950989e-01 -1.814408069073682128e+00 -2.094317942093796514e+00 1.855919309263285022e-01 1.682059996272670110e+00 4.092143116124384306e-01 1.409214311612428272e+00 -5.558721599430636873e-02
-1.760246839653197004e-02 1.745486201271647005e-03 2.486853839910961247e-02 -7.577659305952227919e-02 2.091973213926467123e-01 1.541318339086241995e-01 -2.014576196129030716e+00 -1.014576196129030050e+00 -1.611000461836054942e+00 9.854238038709732805e-01 1.646933095978631467e+00 1.727490443952143018e+00 -3.406587552665776841e-02
-1.674232738813768162e-01 -7.806681279083325931e-02 1.949809295277901006e-02 -3.608795740478693004e-02 -1.155717355030449200e-01 3.653806157828502765e-05 -1.250564311226989078e+00 -1.188996335095900969e+00 -1.889963350958891730e-01 1.749435688772994046e+00 1.811003664904111021e+00 -3.765539409349151212e-01 -1.955205501311537697e-01
-4.917520360378087041e-01 -1.720129034349163200e-01 -7.760737035762049763e-02 -2.598440614240899241e-02 1.733756144514003450e-01 -1.913766088217771222e-01 -1.272986061949195280e+00 -8.499727100624479004e-01 1.500272899375514613e-01 1.150027289937549213e+00 2.727013938050811603e+00 -6.691303492537853392e-01 -4.674289536907800802e-01
-1.669253236460819523e-01 -2.027705998693548062e-01 -2.202456139141586167e-01 1.101918020546494015e-01 8.605499714001196843e-02 -7.083763213631502076e-01 -2.038454847361563793e+00 4.427332770397050810e-02 1.044273327703978627e+00 9.615451526384468650e-01 1.961545152638443090e+00 -5.365669775107322348e-01 -3.523513435878862787e-01
-8.069782666043465724e-01 -4.216301131613212072e-02 -3.800926257424208643e-02 -4.654409551706457232e-02 2.034922637396422984e-01 3.458892725637452426e-02 -1.368418986069706911e+00 -3.684189860697053009e-01 6.315810139302953097e-01 -9.126869743663346135e-01 9.487731072379983477e-01 2.770120916622145657e+00 -1.023143913642350356e+00
-1.796272577902154666e+00 -5.437200226312752238e-02 -2.507022557107219107e-02 1.134697916793919736e-01 2.190303239626606446e-02 -6.168546822347669156e-01 -8.811671194002551610e-01 1.188328805997292958e-01 -7.330536119307826670e-01 2.669463880692150570e-01 3.118832880599725410e+00 2.266946388069217999e+00 -1.817948409484814176e+00
-4.123140734949269914e-01 1.935109346533547825e-02 5.053588492899398210e-02 5.792128466454080082e-02 -2.155528320757746363e-01 4.698001723413988140e-01 -2.218636395075491041e+00 -5.296589100127555572e-01 4.703410899872482176e-01 7.813636049245051840e-01 1.781363604924504074e+00 -3.423156584827334314e-01 6.999386653172741390e-02
-4.336754045903481458e-01 -2.504878630706688369e-01 -2.063252432083708676e-01 -9.675645465318803706e-02 1.014726296915791220e-01 -2.826538970418398383e-02 -9.542011702804796824e-01 4.579882971951022147e-02 -4.219929284388521662e-01 2.045798829719521095e+00 1.578007071561155827e+00 -9.159526026805223653e-01 -4.812275714385795822e-01
-2.003361437009034240e+00 -1.511743462546697447e+00 -2.993442195159011776e-01 -3.001380699840835442e-01 -3.232248694840341163e-01 3.683061052546240943e-01 -1.133196087353265158e+00 -8.452204412312493975e-01 1.547795587687506580e-01 1.866803912646730845e+00 1.058671329298641606e+00 4.962912217723239650e+00 -2.013051803941149576e+00
-1.314913446177823353e+00 -8.975147429648001607e-01 -2.649319864214785825e-01 -2.642564285457001949e-01 -2.108444253347770830e-02 5.084436897904480723e-01 -1.137950913099422534e+00 -1.379509130994176769e-01 -1.418059184603058798e+00 1.862049086900580130e+00 9.813174044980008670e-01 3.462672271497888588e+00 -1.375627662615165780e+00
-1.626778401461807452e-02 -7.382820804511448787e-03 -5.626505093296148112e-03 -2.341117406946483653e-04 5.968508755479537409e-02 4.128419001973768210e-02 -1.924170268975634313e-01 -1.667226208015035183e-02 -1.462295531087970168e+00 -4.622955310879681701e-01 5.377044689120338283e-01 1.537704468912028499e+00 -3.099390996525096600e-02
-1.673632043186447316e+00 -1.425696088994306443e+00 -2.640237198781428818e-01 -5.809254610838487931e-01 -2.604368057947242243e-01 -8.435737638323588250e-01 -2.052617229606783944e+00 9.905852149407510243e-01 -5.261722960678193173e-02 9.473827703932167221e-01 1.729070559650692562e+00 5.208897420635318021e+00 -1.740220891010011872e+00
-5.707669794138774400e+00 1.604997219633618518e-03 2.879497073119210299e-03 -7.505641693970437067e-03 -8.143812469756264716e-02 2.307039155817796477e-02 -1.286115770531890856e+00 -1.847600465461619379e+00 7.138842294681115863e-01 1.523995345383893085e-01 1.152399534538390169e+00 5.739541388933283583e-01 6.292330205861238035e+00
-1.516901201137696331e+00 -2.404704027582670045e-01 -3.726904920473398386e-01 -2.524613538489820647e-03 5.833211139128468767e-03 2.374239163443106482e-02 1.425652879835192621e+00 -1.915229858331113019e-02 -9.463872884157085164e-01 5.361271158430101769e-02 1.053612711584293482e+00 2.053612711584290818e+00 -1.535747588254253060e+00
-1.361620786845374742e-01 -2.946582742095652657e-02 -5.081600429164418592e-02 -3.026338969973686385e-02 -8.070610364289207417e-02 6.426283832048206024e-02 -3.402855748781593581e-01 6.597144251218489686e-01 -8.756070750857486429e-01 1.243929249142515098e-01 1.124392924914268121e+00 -2.959361411019628685e-01 -1.513281858386403556e-01
-1.347142673849612171e+00 -2.070726732463149533e-01 -3.322220548427018416e-01 -1.761261709862817493e-01 1.415446473121113324e-01 -2.016705561870369978e-01 1.998653488127189570e+00 -2.664210843286206609e-01 -1.064531780233203939e+00 -6.453178023320042811e-02 9.354682197667946175e-01 1.935468219766801390e+00 -1.369223068439351820e+00
-1.051533518506009290e-01 -2.159369679329116443e-02 -6.999099103731443172e-02 8.356719968881320959e-02 -1.136807632838257587e-01 1.542751035290899353e-01 -2.194562330573202935e+00 8.140966553085925150e-02 -1.945623305732078756e-01 8.054376694267814107e-01 1.805437669426780634e+00 -1.814772149964535286e-01 -6.691389586785549681e-02
-5.763494760430642572e+00 -1.052693410355671211e-01 5.974373745557848281e-02 4.450913535190342829e-02 3.030537511304846610e-01 -8.198514250478827758e-02 -1.734324953520569812e+00 -1.567847443039280586e+00 -5.678474430392754790e-01 1.265675046479428190e+00 1.432152556960719192e+00 4.613223492492219968e-01 6.236505239569359205e+00
1.624493517153267896e-02 9.522945400281812578e-04 1.480948793663356203e-02 -1.422329009003999410e-02 -8.098561627928356488e-02 5.769321737913599146e-02 -1.997477120833405229e+00 -1.504758892943071524e+00 -5.047588929430746330e-01 1.997547963743374400e+00 5.002157790304555540e-01 1.500215779030460661e+00 -3.282911116173877278e-03
5.443297649119403780e-03 -1.413213358579037959e-02 2.781785393182883981e-04 5.297379861049462263e-03 -8.249401931716769665e-02 9.640342498631850054e-02 -1.347949129879844277e+00 -3.479491298798498278e-01 -1.653933883675047456e+00 1.659793486905631887e+00 3.383232842767484594e-01 1.338323284276766056e+00 -1.521130753068010433e-02
1.690644044125167583e-02 3.174803891498587105e-03 1.549786683714903315e-03 1.085684540025420169e-03 -2.469919347737040832e-02 5.975435958429743677e-02 -9.868621211022702289e-01 1.313787889773829730e-02 1.013137878897734323e+00 -5.360978984786166773e-02 -5.297728436390360951e-01 4.702271563609572991e-01 -1.837308604107220147e-03
2.520557150026560000e-01 2.011061606735665142e-01 -6.760961326457698428e-02 -7.280845429100205046e-02 2.646558787811174041e-01 -3.917615136718102242e-01 -2.178553920742513750e+00 -1.178553920742505978e+00 -1.785539207424999830e-01 8.214460792574971304e-01 1.821446079257496908e+00 4.499733123519774058e-01 2.393508507571700528e-01
-2.752452503014370389e-01 -1.091183454756414067e-01 -1.398805920705593897e-01 -1.399609079188529337e-01 -3.784830041730662120e-02 6.345836364192627421e-01 -2.382706965434234547e+00 -1.573423471631644865e+00 -3.827069654342380445e-01 6.172930345657536844e-01 1.729677603094452509e+00 2.314191986867145889e+00 -2.726627296361278652e-01
-5.878717443064593873e-01 -8.759892258847536139e-02 -1.437817234960065416e-01 -1.151077375698944250e-01 -2.378568206433136212e-02 9.111818428688808758e-02 -7.260020267327211840e-01 2.739979732672777613e-01 1.273997973267271933e+00 2.522369035782429658e-01 1.252236903578240135e+00 -8.689910541584612291e-01 -6.082563144349991680e-01
-3.244710880955282706e-01 -3.435677230399343807e-01 8.326647439878093193e-02 8.318110007311353693e-02 -2.132269535004584493e-01 -6.081688613289699674e-01 -1.288163037457400240e+00 -8.447171238989081843e-01 7.118369625426119729e-01 1.711836962542593765e+00 2.155282876101081602e+00 -7.449874053684977238e-01 -3.959094503419122724e-01
-1.892949723721094157e+00 -7.811607239187753904e-02 -3.096017876320802387e-01 -6.072485244729673715e-02 -7.476360245733253140e-02 3.653915479515804088e-01 -1.072569284407283829e+00 -7.256928440728363516e-02 9.274307155927216106e-01 -7.894058064856528389e-01 5.871205112844170015e-01 3.550904189491388863e+00 -1.097953817743633431e+00
-1.059585465815597871e-01 -1.408314696240791641e-01 -1.709773888146905452e-01 1.144558496493703059e-01 1.358904772418279838e-01 -5.576534797006426070e-01 -4.562279151932805976e-01 -1.602688451014623316e+00 1.543772084806714018e+00 3.973115489853713544e-01 1.397311548985383123e+00 -3.554127557570493923e-01 -2.167987703561690960e-01
-5.973790501609601122e+00 2.285375307965813521e-03 -3.547573350181165361e-03 6.550344644215503470e-04 2.113436892625859265e-01 -8.832969213514355045e-03 -2.062025566946489086e+00 -1.062025566946482202e+00 -6.202556694648408975e-02 9.379744330535091379e-01 1.937974433053515133e+00 3.799801410691874132e-02 6.026209498390408648e+00
-4.196091762488443067e-01 -4.320335695856868941e-01 5.011265142522978999e-02 -1.014744542405907057e-02 -3.863193269928380524e-02 5.845933276342107909e-02 -8.610982261423882900e-02 9.138901773857526223e-01 -5.968378364228775768e-01 4.031621635771184819e-01 1.403162163577123644e+00 -8.478664025747190136e-01 -4.153575705323637735e-01
2.680230222091696882e-02 6.640665618364224865e-03 1.306989536609373843e-03 7.371004387184826312e-03 2.002314573272454268e-01 -1.710587195602495184e-02 -1.590105268744469447e+00 -5.901052687444808820e-01 4.098947312555246136e-01 -1.446541742269590980e+00 1.492124946864582080e+00 1.471227792689487224e+00 1.045099444122389934e-02
-1.493297378939499653e+00 -9.738372644734771127e-03 2.783286709220179900e-02 4.224898944922665656e-04 1.869415117542246318e-01 2.356069221618720122e-02 1.193664797408678369e-01 1.119366479740874443e+00 -1.120985281676281087e+00 -1.209852816762810035e-01 8.790147183237191353e-01 1.879014718323723576e+00 -1.508320909522922415e+00
-2.622212345648111675e+00 -2.631573379147123859e+00 4.032667943301435770e-02 5.818088633288054715e-03 7.830406360089071233e-03 3.899715984818787062e-02 -4.107452645629079968e-01 -1.418053793437741295e+00 1.589254735437087618e+00 1.381764341109680272e+00 2.789436601180006914e+00 3.789436601180011355e+00 -2.578087097758908985e+00
-4.783107573685588809e-01 -3.705085972894193169e-01 -1.333069677473954218e-01 -1.195265093368592796e-01 2.103621149411411817e-01 -1.109899789395905612e-01 -1.264446937202726051e+00 -2.644469372027178911e-01 1.195007738929855234e-01 1.119500773892972090e+00 2.735553062797270396e+00 -9.685914567461259006e-01 -4.925958510644036226e-01
-4.697753014249150261e-01 -2.705926795596207968e-01 -1.131819978428055262e-01 -7.177866241299224459e-02 -3.771046702040911636e-02 -1.608476367900310566e-01 -1.660957782504342450e+00 -2.961597930792773670e-01 3.390422174956629897e-01 1.703840206920728351e+00 2.339042217495656217e+00 -8.348852466320146881e-01 -4.838423420190670066e-01
-5.654702473672877996e-03 -2.654304824589216391e-02 5.611419257832617191e-02 -1.924134236329363978e-02 -4.697782309223706709e-02 3.084797877816980102e-02 -2.742703392551731900e-01 7.909217412021668156e-03 -1.428417415577124538e+00 -4.284174155771383607e-01 5.715825844228774599e-01 1.571582584422871909e+00 -2.632173840316310437e-02
3.775520043750173887e-02 1.319232901228823557e-02 -1.723560211634549838e-02 -5.149616714349453811e-02 1.769241550753921088e-01 5.948373939242106445e-01 -7.158333573710402575e-01 -1.701221355379051614e+00 -7.012213553790488385e-01 2.987786446209392266e-01 1.298778644620954159e+00 7.256210133439189303e-01 2.331318898034812070e-02
1.458255458887536445e-02 -3.844934113412599129e-03 2.206327541722733279e-02 -3.362623743068995918e-02 7.583576297174152159e-02 1.547840082238424904e-02 2.325047854375976164e-01 -2.706913589291942701e-01 -1.516566969170536572e+00 -5.165669691705259137e-01 4.834330308294728096e-01 1.483433030829466537e+00 -3.841639455833777833e-03
-1.913149471553818870e-01 -6.490598351749593542e-02 1.865053329670671167e-03 -3.996969727529173233e-02 -3.232879613945344177e-02 -7.888045406963249684e-02 -1.805319755293936401e+00 -7.876070140360159622e-01 1.946802447060629049e-01 1.212392985963981262e+00 2.194680244706060712e+00 -4.087358603782940691e-01 -2.123632882137014288e-01
7.444589463058789991e-02 -1.309362206931306838e-02 1.685850626186871648e-02 -1.017028434948061277e-01 -1.426473067450453602e-01 -2.994628798534409442e-01 -1.077731561138240757e+00 -7.773156113824063185e-02 9.222684388617571338e-01 3.437954635740576026e-01 -1.630088134413532619e-01 8.369911865586315836e-01 -3.367881693798907006e-01
-9.927573882388763052e-03 -9.981098979542491270e-03 -2.444585482819680057e-03 -3.315889509343860307e-03 1.811938774778878436e-01 4.720962385898766489e-02 -2.531799279327711094e+00 -1.531799279327712870e+00 -5.317992793277056540e-01 4.682007206723166060e-01 1.468200720672298454e+00 2.468200720672315995e+00 -2.974594489000942019e-02
-1.476655354492857342e+00 -5.197361882651557741e-01 -6.991944008872692518e-01 -1.332554507110517705e-01 2.572725230235378691e-01 -1.636555594044022122e-01 -1.656581204882740854e+00 -9.836253683791551516e-01 3.434187951172600894e-01 1.343418795117253151e+00 1.107205439478699205e+00 4.252587744891369148e+00 -1.689007037978914827e+00
-1.837557112251303248e+00 -7.447872690377001226e-02 4.567248000037484740e-02 3.458314056644923307e-02 2.874176501906826053e-01 -2.043470371353031320e-02 -1.577899445304378423e+00 -1.111373887433553254e+00 -1.113738874335379464e-01 8.886261125664506322e-01 1.888626112566452964e+00 3.422100554695619135e+00 -1.851715554919384665e+00
-6.221594732209559941e-01 -4.752989795769366754e-01 -1.911114455320893357e-01 -9.767512968307383303e-02 3.050931697509537410e-01 -1.283061067661509132e-02 -1.234388279265844712e+00 -2.343882792658449621e-01 7.656117207341623931e-01 1.765611720734153733e+00 1.793367337107041104e+00 -1.202240101243373660e+00 -5.773989172350045829e-01
-9.135565454578853384e-02 -2.633387541113167349e-02 1.645759412582950554e-01 -1.098443548642305811e-01 -2.042767066322310199e-01 -6.758917443204832676e-01 -2.205815738935346992e+00 9.030959625741891150e-01 -2.058157389353543754e-01 7.941842610646342449e-01 1.794184261064646346e+00 -1.424368145504698313e-01 -1.207706514015638444e-02
-7.051160532747036136e-02 -4.396623810128089116e-02 1.639458487940787662e-02 2.032121241480285695e-02 -6.374725969394985647e-02 -4.838456629596623593e-01 -8.155219116648299016e-01 1.844780883351756495e-01 1.184478088335167323e+00 -5.041904500824427766e-03 -4.241189019673433647e-01 5.758810980326620754e-01 -9.260685515528219169e-02
-4.599707561013686163e-01 -3.816465684085714183e-01 -9.950370872513523979e-02 -8.789641488781796408e-02 -8.465866420129841696e-02 -1.605887741645009581e-01 -1.571028774283490748e+00 -5.710287742834861957e-01 9.204583576342445506e-01 1.428971225716511251e+00 2.428971225716516802e+00 -8.984353374420678273e-01 -4.814503039429628983e-01
-1.448704575710613174e-02 -2.842826218501709468e-03 9.437164874218334498e-03 -1.351263822478546150e-02 2.169195933722071479e-01 4.096529469596016382e-02 -1.951075956984643200e+00 -1.610946188977408156e+00 -6.109461889774130405e-01 1.947098390417359104e+00 4.908792816576241780e-01 1.490879281657627287e+00 -1.017542890856626414e-02
-4.614220667933662812e-01 -4.752512162674396023e-01 1.918308498630804868e-02 -1.501240394346653462e-02 2.683271417206949394e-01 1.436811780603333699e-02 -1.456137873310592301e+00 -4.561378733105854177e-01 2.064780456257231389e-01 1.206478045625718032e+00 2.543862126689409031e+00 -9.436256945515297812e-01 -4.689167016503344998e-01
-3.218785596533643156e-01 -2.891825237181629982e-01 -2.765596534724786837e-01 8.044105929812441630e-03 1.018285345130589756e-02 -2.671921979832730942e-01 -1.831621154938892770e+00 -7.351014314965892416e-02 9.264898568503519005e-01 1.168378845061101456e+00 2.168378845061102123e+00 -7.766017795343513885e-01 -4.627357612769194550e-01
-2.021368831048082182e+00 -2.036144006778755067e+00 -1.532937623371005698e-02 1.412318850756710820e-03 2.675765588329119815e-01 2.698174034001743493e-02 -1.962347028933066229e+00 -1.047162943227851473e-01 8.952837056772121604e-01 1.037652971066937324e+00 9.292069940536324957e-01 5.003729096792836728e+00 -2.039745115671332876e+00
-1.918832955970299070e-01 -1.508044074990887162e-01 -1.160568435562295136e-01 6.790509974663277992e-02 2.760601214378589074e-01 3.122557070032002113e-01 -1.392509888631980886e+00 -3.925098886319831060e-01 -1.643682881477908531e+00 1.522861832452471864e+00 4.409450431466377940e-01 1.440945043146639737e+00 -1.913329089126485916e-01
1.430535559848442051e-02 -8.645597607760333037e-05 1.700432732002765679e-03 1.535668188148119062e-05 2.526787769734984979e-01 2.656820759133945997e-02 -2.065326347402004270e+00 -1.795552293797023857e+00 -7.955522937970188613e-01 2.044477062029743664e-01 2.069353167553308559e+00 2.069768514139588955e+00 -1.273938743813346486e-04
-1.372513630647352212e+00 -2.415671569121020101e-01 -3.570913646516875040e-01 -1.237146586562896250e-01 -1.519558411068404613e-01 -2.598873012945137062e-01 -2.025731500730532098e+00 -1.025731500730538093e+00 -2.573150073052880155e-02 9.742684992694685686e-01 1.829050338339025306e+00 4.155108263746744690e+00 -1.392309913268283017e+00
-4.013214262619049788e-01 -5.801026986740456109e-02 -1.421955463746367443e-01 -1.108944055800446804e-01 -6.637493772923552804e-02 1.163163096187832535e-01 -1.952976542027384799e-01 8.047023457972645177e-01 -6.364481406790816198e-01 3.635518593209172700e-01 1.363551859320918380e+00 -6.338011503879421582e-01 -4.215861103483223848e-01
1.548063301420920385e-02 6.867358445551419166e-04 -3.453256959400592858e-03 2.885353598839512923e-03 -7.652301331781254101e-02 1.154153618458375608e-02 -1.591412756531372652e-03 -1.490809247478019905e+00 -4.908092474780202941e-01 5.091907525219828701e-01 1.509190752521981871e+00 1.038206470351493715e-03 -4.635059540146618806e-03
-9.857173675457873985e-03 -4.215243892568974748e-02 -1.196088585516230651e-01 7.979160693161882478e-02 2.895931622918758719e-01 3.044428082457792742e-02 -1.619939494054809526e+00 -6.199394940548167421e-01 -1.446160547444367950e+00 -4.461605474443774422e-01 1.928975400549551189e+00 2.004924525901954802e+00 -4.771768972186385405e-02
-4.184883841786664060e-01 -1.871316907325847601e-01 2.778897172422796144e-02 2.443404440542190637e-02 1.552758822267860106e-01 2.994535776107362102e-01 -3.583153471128786571e-01 6.416846528871195110e-01 -2.427112888209756181e-01 -8.466115780971373850e-01 1.533884219028743001e-01 1.153388421902884486e+00 -4.199629510912353259e-01
-1.698415163244718196e+00 -2.157459742878332087e-01 -5.004638432772453571e-01 -1.320934384809382411e-01 3.015628403409591485e-01 -4.229823917539932143e-01 -2.010232237360321417e+00 -1.010232237360313645e+00 7.014185007740638689e-01 9.897677626396798045e-01 1.662578089475476917e+00 4.028608169448665066e+00 -1.711577344286909330e+00
-5.260367240169793179e-01 -6.457596431468558551e-01 -2.945956663687342991e-01 -1.796429526174301849e-01 -1.344145968821753578e-01 6.029885416405187382e-01 -6.765770899458596332e-01 3.234229100541491930e-01 1.323422910054151469e+00 5.427751553169205545e-01 1.542775155316927549e+00 -1.230651178361676701e+00 -6.655140884163837089e-01
1.469222839997325752e-02 -1.772993096090254295e-03 -5.759239220377680712e-05 6.313428731018495138e-04 -7.801810241979294236e-02 9.360645679694072629e-03 -1.991435204690738647e+00 -9.914352046907467519e-01 8.564795309257940484e-03 1.008564795309255135e+00 2.008564795309252915e+00 -1.631117427028892786e-04 -5.303661221687554911e-03
-1.639910820174118156e+00 -1.368562403002574202e-01 -1.381380407801847676e-01 2.271541497337373205e-01 1.774951152264570564e-01 -5.424206718416866302e-01 -9.499374505357884857e-01 -1.351045719489208041e+00 -3.510457194892004362e-01 6.489542805107930690e-01 3.050062549464217287e+00 2.648954280510788184e+00 -1.661072980208976091e+00
-1.565089871742544769e+00 -1.362810154322085243e-01 -6.779487366740286070e-02 -9.811689763654185548e-02 -1.288511330297524848e-01 2.475540988594131242e-01 -1.001160754883765325e+00 -2.020129458200235817e+00 9.988392451162256824e-01 1.658300929234897136e+00 1.320408831048891063e+00 2.320408831048896836e+00 -1.545895198089299427e+00
-1.427085774703495735e+00 -3.112729730430094932e-01 -2.305435480601659148e-01 -2.334012862372046859e-01 -8.147285328282577455e-02 2.804533919210266402e-01 -5.666618394321504271e-01 -1.667021629452636544e+00 -6.670216294526314371e-01 2.197363822480288054e+00 1.568953036798232503e+00 2.568953036798229839e+00 -1.449049021707084828e+00
-1.783937871277190945e+00 -1.534973530603187086e+00 -2.345500430504828260e-01 -2.348140918179418002e-01 -1.935968704838441495e-02 8.936135134044156936e-02 -1.386928655361274076e+00 -3.869286553612730772e-01 6.130713446387355825e-01 1.036022462554646584e+00 1.058972794304181120e+00 4.590120273036372822e+00 -1.823862958728071249e+00
-3.100276291481676161e-01 -2.373119016646593471e-01 -7.696976151565988744e-02 -6.536736609461847591e-02 -9.937524473573505768e-02 3.314765285841073106e-02 -1.992410790458727599e+00 6.477724113999010491e-01 7.589209541268869541e-03 1.007589209541264186e+00 2.007589209541266850e+00 -6.079784120802903535e-01 -3.320538545576811607e-01
-3.499131422369251565e-01 -2.120016043783666260e-01 -1.145540861179033393e-01 -1.126993510117799413e-01 -1.276764471250516585e-02 -2.986043351596925910e-01 -1.435226949034753119e+00 -4.352269490347543957e-01 5.647730509652433284e-01 1.053557521241657691e+00 2.564773050965248213e+00 -8.143924483006490522e-01 -4.155243805582478633e-01
-3.394564862799888671e-01 -1.721332831142047270e-01 -8.402903881123233165e-02 -1.152516276479427781e-01 -1.123693711405752138e-01 7.920969518436415946e-02 -1.378299878706712001e+00 -1.022620965003219418e+00 6.217001212932926624e-01 1.621700121293299990e+00 1.977379034996771701e+00 -7.215509760456307875e-01 -3.720846133916496656e-01
-2.087850311251018276e+00 -2.529820225900533126e-01 -2.468053800673345455e-01 -3.050544125185596367e-01 2.645408348502524820e-01 6.269337521478557385e-02 -1.816371960146293985e+00 1.320711698120662636e-01 1.806633249735239533e+00 5.090661052878072690e-01 1.509066105287808934e+00 2.509066105287813819e+00 -2.101880126275943006e+00
-3.161124502311251083e-01 -2.025705356725699680e-01 -9.764849140117290438e-02 -1.093308003066102985e-01 2.137452490881337208e-01 -3.506735604260069472e-02 -1.858663292252654031e+00 -8.586632922526492573e-01 9.676621561951059824e-01 1.141336707747343748e+00 2.141336707747353074e+00 -6.773903576971240792e-01 -3.264415122948581827e-01
-1.237265159467554193e-01 -1.032674303138064742e-01 -6.448666897784954832e-02 -1.065267883635782342e-01 -2.266632183395766165e-01 -2.478613779264091099e-01 -2.001806101607720656e+00 -1.698440264007615996e-01 8.301559735992274369e-01 9.981938983922696851e-01 1.998193898392275125e+00 -6.566953451611445836e-01 -1.434735647195976849e-01
-5.551665127811035161e-01 -6.023561182388839086e-01 -5.713221131092815347e-02 -4.876586596352067843e-02 -8.006884678548913115e-02 5.362940291034182932e-02 -5.944308034922333173e-01 4.055691965077668493e-01 1.405569196507779894e+00 4.261719495363981425e-01 1.426171949536400918e+00 -1.197423655597367409e+00 -5.995749482025893862e-01
-2.579082530376785587e-01 3.406838086002271851e-03 -4.492163843546093105e-02 -7.274474643635772675e-02 1.102113679896815496e-01 -2.525739667286616141e-01 -1.609556639915924681e+00 -9.246747261291586861e-01 3.904433600840742646e-01 1.075325273870839426e+00 2.390443360084071767e+00 -5.508037010491673158e-01 -2.744537957556881791e-01
-5.505510003218295756e-01 -5.627071480716907548e-01 -2.634624599524298394e-01 -3.145161585525937942e-02 2.897267851406857067e-02 -4.898211019472132333e-01 -3.834589180138229803e-01 6.165410819861952829e-01 1.616541081986188955e+00 4.164852584900869403e-01 1.416485258490105759e+00 -1.205136315249224044e+00 -6.262440674286035014e-01
-3.975931374453996470e-01 -1.770001298626241726e-01 -1.369276449390370853e-01 -1.321947802092580948e-01 -5.150691783200285478e-02 -1.008328446043345594e-01 -1.412362108907745828e+00 -4.123621089077469382e-01 5.876378910922558374e-01 8.607123262933661367e-01 2.587637891092255060e+00 -8.016053033114121096e-01 -4.314103998317433963e-01
-4.567756502969116950e-01 -2.911732347734547477e-01 -4.861663719659556349e-03 -1.932663937740861371e-01 3.406464356827637041e-01 -5.672416983337112972e-01 -1.715091961451238767e+00 -1.912201197870201097e-01 2.849080385487536282e-01 1.808779880212985081e+00 2.284908038548749687e+00 -8.712139622707107955e-01 -4.462049759598867849e-01
-2.080208845777252180e-01 -4.245597349205859627e-02 -8.550507981337379659e-02 -3.313666682047766709e-02 2.251025964479687336e-03 1.382223980394098328e-01 -1.877221665496695335e+00 -8.772216654966872307e-01 2.974309530502767807e-01 1.122778334503309328e+00 2.122778334503313324e+00 -3.926470989725537319e-01 -1.850592787646450910e-01
-4.096198330694422185e-01 -3.084218470560200487e-01 -1.141457745739662688e-01 -1.365033333401031723e-01 -5.501778948205859887e-02 9.033528560684743469e-02 -8.956589525430600496e-01 1.043410474569407970e-01 -5.457928512857751491e-01 2.104341047456942171e+00 1.454207148714231623e+00 -8.572659258819447237e-01 -4.486054893760194617e-01
-2.625508571986941431e-01 -1.628091658749770132e-01 -1.615251998201166495e-01 3.048445243316447173e-02 -1.636138802432644812e-01 -4.682994149735639766e-01 -5.244975499297630517e-01 4.755024500702429990e-01 1.475502450070241167e+00 -1.322334201653100338e-01 8.677665798346965165e-01 -6.290633612121687701e-01 -3.624703503639149504e-01
-2.784008828238337396e-01 -1.435271937741245951e-01 9.447975580952203828e-03 5.050327661078439501e-02 -3.504465617865706178e-02 2.335223750424198774e-01 -3.081593452123619903e-01 6.918406547876511103e-01 -2.132130706855576152e-01 -9.116503550828466418e-01 8.834964491715592561e-02 1.088349644917153691e+00 -2.898253354721634367e-01
1.262215585231785120e-02 -2.117284047792988844e-03 -1.030190268063269077e-02 2.789221260710700312e-02 -3.905980055267271878e-02 4.530462553881235005e-03 -1.004467835853569468e+00 -4.467835853567692084e-03 9.955321641464294213e-01 2.567958339655063149e-03 -4.966645729409687737e-01 5.033354270590368884e-01 -7.208416002651096832e-03
-3.858258006623893621e-01 -4.707269723297873854e-01 -2.464543903917930379e-02 -5.372701131768486266e-02 1.965781390745409973e-01 -8.171409090251362251e-02 -1.285007763749750787e+00 -7.621717327932596708e-01 2.378282672067459635e-01 1.237828267206736221e+00 2.714992236250251434e+00 -9.009054854842065696e-01 -4.403098808329306557e-01
1.507654743485219162e-02 -8.784902032041151665e-03 1.170585184526556390e-02 -1.211486743454669862e-02 2.699632665796245501e-01 -1.358182591638618618e-02 -1.091206252473003513e+00 -9.120625247300685745e-02 9.087937475270000398e-01 -1.762539950590703841e-03 -5.025752980947673088e-01 4.974247019052300822e-01 4.605557089422994757e-04
-3.842961327583653830e-01 -2.226367077918816051e-01 -1.901248146683006124e-01 -9.088269214155113296e-02 -1.775981515182704917e-01 -1.154758835220828783e-03 -1.576858227926910105e+00 -4.805615937929630377e-01 4.231417720731005527e-01 1.519438406207028969e+00 2.423141772073093669e+00 -8.212766208964731307e-01 -4.381395173967144729e-01
1.497689499869580068e-02 7.339907319506408425e-05 -1.817132555325415809e-03 1.449048837656230493e-03 8.865416354709440561e-02 3.365552865755260664e-02 -2.524940591352579311e+00 -1.524940591352575314e+00 -5.249405913526116185e-01 4.750594086474486666e-01 1.475059408647408254e+00 2.475059408647406478e+00 -5.155621816793330876e-03
-2.713363524991605491e-01 -1.262289310329795522e-01 3.037562950926019079e-02 -6.688897040922665849e-02 -7.949050040833789688e-02 -5.923395611668842708e-02 -1.534798478632195096e+00 -9.965459124869675556e-01 4.652015213678171168e-01 1.465201521367804904e+00 2.003454087513028448e+00 -5.559643190799227197e-01 -2.915526064658603422e-01
-5.355933106229697760e-01 -4.060305117172134937e-01 -8.025079669273393890e-02 -1.957452612521267399e-01 2.879494191775133771e-01 -2.847056123329231858e-01 2.412609154951544932e-02 1.024126091549513173e+00 -4.254468232429343688e-01 5.745531767570750681e-01 1.574553176757076844e+00 -1.032509167894938296e+00 -5.428337394082822787e-01
1.250315970765488414e-02 -1.179066318967188914e-03 -7.645609287485779365e-03 -4.875163624980152766e-03 -7.527534669591047500e-02 1.538926801663439980e-02 -4.716991507777039128e-01 5.283008492222902586e-01 2.485947385805787994e-03 -1.002976533936814185e+00 -2.976533936814948489e-03 9.970234660631827062e-01 -6.882553190318912995e-03
-1.491247737077103785e+00 -3.711375533347988781e-02 3.879308319817229012e-02 -1.429299189343808535e-02 2.436467469635724414e-01 -2.969202670167360447e-02 1.156376949714811725e-01 1.115637694971476579e+00 -1.113212038289083550e+00 -1.132120382890905441e-01 8.867879617109137858e-01 1.886787961710902906e+00 -1.506327823316077730e+00
-1.306370645842579226e+00 -4.146585930009226151e-01 -2.600789346741243513e-01 -1.631163987978922481e-01 -9.834182818742728815e-02 4.791465747926005325e-01 -4.461265858880478774e-01 5.538734141119600052e-01 -1.907068071688529765e+00 1.424169524871736980e+00 1.222635649111956990e+00 2.222635649111968092e+00 -1.324507021294127229e+00
-5.130651324806492775e-02 -6.188198140864391121e-03 -3.529261119757336196e-02 -2.852127345855243190e-03 2.707748393413880184e-01 6.801459522295381921e-02 -6.088642457827433407e-01 3.911357542172737567e-01 -3.830569870793443937e-02 -9.993040795265657472e-01 6.959204734413998450e-04 1.000695920473450018e+00 -7.010823152333110764e-03
-1.927587984564711254e+00 -7.249945752904943252e-02 2.098477526198440010e-02 4.870853749246645270e-02 2.958811476867638235e-01 -3.654600064038818902e-02 -1.833339128751271252e+00 -8.333391287512598167e-01 -3.588015312447286054e-02 1.166660871248734299e+00 1.964119846875527875e+00 3.166660871248730302e+00 -1.941631463826481996e+00
-4.187849077870584580e-01 -3.809408660549207931e-02 6.736435806668474024e-02 5.974962315007895097e-02 1.311879802297048481e-01 -4.702066162321356657e-01 -1.753201184714652472e+00 -6.466054106470470186e-01 3.533945893529496507e-01 1.353394589352944877e+00 2.246798815285343753e+00 -4.705159411633569877e-01 -4.322890756613924634e-01
-2.075555840451424494e+00 -1.606665741866391064e-02 3.973426750418394826e-02 -1.916575009439852942e-02 -9.784399603161955672e-02 1.678648320463672211e-02 -1.216130542820111682e+00 -2.161305428200979983e-01 7.838694571799021960e-01 4.646704844137398982e-02 2.783869457179892759e+00 2.046467048441384939e+00 -2.094107699688486424e+00
