2.705586371492706377e+01
2.967062700820974541e+01
2.967079801294080355e+01
2.654772846014974164e+01
1.837061621839627890e+01
2.967300588733440847e+01
2.967114031160459575e+01
2.677976481745531601e+01
2.967272612540072174e+01
2.358278190696031729e+01
2.967191946596539509e+01
2.967187042379909201e+01
2.967151104340723577e+01
2.510940752933333542e+01
1.923515285769684624e+01
1.742008911986640030e+01
2.191039824515264556e+01
2.967179177826089642e+01
2.887073073452969041e+01
2.677752579151381696e+01
2.967170949871369601e+01
2.967198028747720429e+01
1.766427146364014078e+01
2.776998590159977098e+01
1.966584577936625067e+01
2.966978511681731945e+01
2.110560963108045840e+01
1.965363961116270630e+01
2.967141015543585070e+01
2.687092704942517329e+01
2.967156438603526070e+01
2.967063541140619876e+01
2.662631702822225321e+01
2.967203785340585398e+01
2.967359837164719849e+01
2.967172571431560613e+01
2.967145316945756051e+01
2.967287091552107015e+01
2.967119460631520766e+01
2.967199893539068967e+01
2.967103169908734728e+01
2.568815526591897580e+01
2.893295587850321482e+01
2.967185139103131775e+01
2.967099593739546393e+01
1.978339930884084197e+01
2.475459918309261909e+01
2.967183953882787861e+01
2.252201420728230730e+01
2.967200143100844301e+01
