5.358357625189176687e+00
4.991168862100600734e+00
1.084277837892299168e+01
4.366519468914093594e+00
3.717683071610332401e+00
4.197747627815357596e+00
7.794427490365383626e+00
3.566754124292631278e+00
4.406726379934714721e+00
5.150567417828780137e+00
3.682747036854120193e+00
4.025138092988648886e+00
5.262658962515625483e+00
3.956124246750244211e+00
7.023716756735433719e+00
5.566270183955961848e+00
6.770934055079314895e+00
7.567984166307274663e+00
4.545679764322241745e+00
3.947947585221775135e+00
3.383166607538694581e+00
7.450012118496458946e+00
4.238940496847026118e+00
4.167727297699064692e+00
6.226725045698963790e+00
2.047823374876618363e+00
4.575680523929994692e+00
4.195237818502067562e+00
3.177426213765238039e+00
4.773549095686091093e+00
4.586171236102301485e+00
3.838272795791141778e+00
4.425901689212209611e+00
4.252103835813233701e+00
7.268521303082873253e+00
4.623960151136145669e+00
2.768383749225739709e+00
7.316152994576058610e+00
4.206502294752920257e+00
4.339397811009486183e+00
4.606213039396024556e+00
6.600735330442200954e+00
3.827112123793091847e+00
3.296661932121569993e+00
5.170697177087783203e+00
4.368934986653303376e+00
6.522206320379669187e+00
3.911506779441834780e+00
3.553070625136444782e+00
4.401616858354971740e+00
