3.129945015660102331e-02 -8.275704776527564518e-04 -1.477388729697224901e-01 -3.187346390059647011e-02 7.286779021983466609e-02 -1.211698439791703691e-02 -7.443785890244718206e-02 3.423440983751719485e-02 8.529716927084403377e-02 -2.324368387355139551e-03 6.529461805680597530e-02 3.913791836367992022e-02 -6.038280226278629897e-02
-1.663004437854241624e-02 1.247906968624534901e-01 -1.189120378199294142e-01 -2.280302114969915209e-02 1.634038799635393890e-01 -2.025200139521228238e-01 -3.018814236097741230e-02 -6.215103565153015652e-02 -1.294497733809162887e-01 -5.813939013554758617e-08 1.406047139100252141e-01 -2.778368007672962769e-03 1.550626387115681959e-01
-1.210149757329886666e-01 -5.725495082214918652e-01 -1.962658391814170178e-01 6.084623127978298074e-01 -4.145908431628671925e-02 1.411373551642041146e-01 -1.254380863743560226e-01 1.772517503205248701e-01 3.033384301945141748e-01 -5.671437812190633504e-02 -3.746653061823722042e-01 2.308424240271074179e-01 2.550434023344385487e-02
3.823585254303914216e-02 9.637206846009864492e-02 -1.386046593442967767e-01 -7.052228947987886076e-02 2.131982345394394518e-01 -2.685896304490671960e-01 -7.397674440381044048e-02 1.037472287986729580e-01 -2.606292438966545388e-01 1.596214436721716812e-01 8.000283175391476043e-02 1.388700494879422931e-01 -1.929570707476574443e-02
1.564991359939978399e-01 -1.591959963360539132e-01 -2.930429016999099301e-01 1.182585218660441445e-01 4.669658070335132305e-02 -3.704636767968381289e-02 5.218264243090060817e-02 -9.776264870893051906e-02 1.476333696191183265e-01 -1.824864321649289634e-01 -5.404266781551742005e-02 5.314131995929996174e-03 2.954220664024878595e-01
6.098916349609961873e-02 2.491943819668041016e-02 -7.374184658268968795e-02 -2.474067707140732431e-01 -1.635913378394481810e-01 -6.253493269621143713e-03 6.141125960950545581e-03 1.057578839854003139e-01 2.272147440081725422e-01 -6.956629269913439106e-02 2.323868325299965898e-01 -2.313664297821119709e-01 1.329464173165840757e-01
-2.712406762164110141e-02 -9.930455280801751133e-03 -1.878601038865824330e-03 2.298979675106415516e-02 8.637355181231952395e-03 -6.379696918198463074e-02 -4.699757870178409430e-02 3.668929979819753745e-02 6.736146228314758566e-02 1.501640035146771524e-02 -5.094283011468457578e-02 1.666863733153979565e-02 3.173698484991867991e-02
-5.208420376721307754e-01 -4.854615353294784025e-02 -3.493039234485067479e-01 5.517471405230790493e-01 -4.528869461114052447e-02 -2.723312637547209425e-01 -5.188463533292135832e-01 4.266618721501580502e-01 4.000290986970835294e-01 8.530843337837048512e-01 -4.680609761036999550e-01 -1.990671148713664684e-01 1.891935067765070921e-01
-1.074637148401091230e-01 -2.211758810297340672e-01 -4.756114201978653977e-01 3.373996617311131874e-01 -2.924842216750811463e-01 3.790121670140139676e-01 1.858114267147108478e-01 3.189126315426566993e-01 2.116803820160630678e-01 -2.280426508282984988e-01 -7.546414662671037388e-02 -8.654443081546971117e-02 5.239963160151606125e-02
-6.986503463178594941e-02 -4.664864701510182399e-02 -4.406342953232728066e-02 -1.478719509040911937e-04 9.529607296668708705e-02 -3.155330492511617541e-02 4.452063276792152940e-02 1.103879322437062993e-01 3.230836997229415142e-02 -5.506072047012014470e-02 6.604260317533704183e-02 -1.063852419656747955e-01 3.598073971889591618e-03
-1.076104939851135062e-01 3.956842047464975698e-02 -4.729540507196034610e-02 2.322918008005936397e-02 7.968712975348113403e-02 -6.016022805923840200e-02 -3.877819984833633660e-01 2.362644870607530923e-01 2.218716999462275186e-02 4.598100652765204632e-01 -2.930789582895346190e-01 -2.276161296704960202e-01 2.612261955264251201e-01
-1.405246037045187746e-01 8.034105620004306295e-03 -2.790604495620336439e-02 -1.098682322248004661e-01 -1.779575378174312605e-01 2.237114074159102517e-01 1.551621987869362430e-02 9.739365578857669958e-02 1.703751953242595707e-01 -9.332137633279169453e-02 1.572977807675435269e-01 -2.754385339937530097e-01 1.511173988413160307e-01
-8.456248646311288752e-02 -6.878578912417449009e-01 1.362379121473428767e-01 4.345758489522412726e-01 5.188694970379297278e-01 -3.267216017180923360e-01 -5.397334355390340788e-01 -6.997529012226210154e-01 -2.092492643561855714e-01 7.981973373550111939e-01 2.817831896689651505e-01 -5.038604327990305887e-01 8.805036627851368092e-01
-1.861850578380700172e-01 4.298523719397378401e-02 -3.401809588656529160e-02 1.071018896114789148e-01 -2.732430424882902401e-03 7.124436454127687501e-02 -2.226811329737143907e-01 2.445464652502819525e-01 -8.889404570373588693e-03 9.604200529318074331e-02 -2.275285985280346424e-01 1.121502110438359900e-01 6.393981894418011847e-03
2.367102863061719409e-01 9.287472395058893326e-02 -4.914474453765463879e-01 2.565942090757278304e-01 9.343835814611674284e-02 -2.049785907445006161e-01 -4.917560932379472782e-01 -5.549376002049909856e-02 -7.655332071318407539e-02 2.208721477912224396e-01 4.718690784685489192e-02 1.361866791522843394e-02 3.573633436675718311e-01
6.069411026377693474e-01 2.426598653447415987e-01 -5.652910918534557183e-01 -6.144679528908857380e-01 -3.691939772744770032e-01 -3.377593780371327403e-01 2.480391643928508971e-01 -1.182651505709558515e-01 2.496297767514836230e-01 5.558050675388096495e-01 2.354045144818499857e-01 -1.044131413697669403e-01 -3.065936454402572522e-02
1.455076771461504825e-01 -2.689267714881365956e-02 -1.403138978277398974e-01 -1.494765127564114948e-01 6.157582952238671581e-02 6.441985542285538768e-02 -2.380642010276518006e-03 -4.823415879599118883e-02 -4.738859648668014568e-02 7.945871558237395382e-02 -9.624765761610275250e-02 4.396715341667348231e-02 1.144343461583811200e-01
-4.918450966414030789e-01 1.151573049218481692e-01 -1.243686110132967426e-01 1.365980692385423967e-01 3.626795315358392890e-02 1.738865844842426775e-02 -3.285483550879992887e-01 4.948281179097713256e-01 -2.935326719093547254e-01 4.347347480129308828e-01 -5.468310198513031128e-01 1.087291131116922827e-01 4.398512243133692046e-01
1.290045315211275079e-01 -1.069892581015074590e-01 -1.106825181670039182e-01 -2.116542571494334779e-01 3.503541265893967971e-01 -9.758283840099170325e-02 6.578465691536813931e-02 -7.535683629934103456e-02 8.428353735727703300e-02 -3.017542625440680082e-01 -7.128242431491085829e-03 1.679729208870632887e-02 2.633535032287663835e-01
-2.164920750757780565e-01 9.426670512469870200e-02 -2.071595539739331526e-01 4.051388912486817567e-02 1.408424227786682636e-01 1.202235531797975349e-01 1.042791202141480078e-01 -3.434530217145042585e-01 -1.541606495881751859e-02 1.455655953249961332e-01 2.437312914212682036e-01 -4.346826426984854996e-01 3.262102158598789159e-01
4.547762161927292046e-02 -2.737177732121484075e-01 -6.453460498680620161e-02 -2.497269847179405255e-01 -6.635654982868829932e-02 3.720692335876550905e-01 -9.197605607093349567e-02 -5.641536285210228124e-02 3.372070250762407295e-01 3.601317602717581390e-01 -2.227219312760809755e-01 -1.668076437326162231e-01 7.580070072919495305e-02
1.850542227221559366e-01 2.869442217528673789e-01 -2.154029496208437477e-01 -3.059203333932912772e-01 -1.982909136040882370e-01 1.990563195331862267e-01 1.837573029194438379e-01 -2.603390380538516680e-01 -2.164298502490669129e-01 -2.488482773204699072e-01 7.191932082943351678e-02 3.127968314603339905e-01 2.041325776309964313e-01
5.710203463089681686e-03 -1.005468904524771043e-02 -7.120607508142899611e-02 1.022655449356697083e-01 -8.846282624465330591e-02 8.018699612524067544e-02 -2.197448315955840767e-02 4.865228762911137650e-02 -1.342914238166076912e-01 -9.230299190038446233e-02 5.152104501351095420e-03 1.577655201662647166e-01 1.698926703395877563e-02
1.048822274415507107e-02 -6.252201808678550798e-02 -3.269320104038655334e-02 6.759236849648428413e-02 5.953948379783353950e-02 -1.355330251831191601e-01 -1.341331502307087087e-01 5.685528554678317970e-02 -2.020466782607459669e-02 5.756579199009976416e-02 9.418725919881294761e-02 -5.082312397310166652e-02 8.811020917281285614e-02
5.781955940771798391e-02 -6.636044760026984721e-03 -7.453183062311052876e-02 2.032034110931367141e-02 1.603722254051970914e-02 7.658463617791346628e-03 1.179461284348532271e-03 -8.769504064053951220e-02 -6.846642311137281223e-02 5.262790635362193936e-02 -6.061937628563633662e-02 2.854488881583202090e-02 1.121903068983464008e-01
4.234901368463066251e-02 -6.414505030292198817e-02 -3.380203549123736440e-02 -4.470732673437017787e-03 7.407212641080446192e-02 -1.404915041354529437e-01 -1.257296850742328775e-03 -7.663570735856803373e-02 1.290539769377536117e-01 -1.049207618761552469e-01 9.751520667274903020e-02 -3.149756911432388673e-02 1.126597687037065171e-01
-4.294023711954791933e-02 -1.110996848837195738e+00 2.880471868195016438e-01 2.641220790748053382e-01 5.878815068316147752e-01 -7.551314024850490636e-01 4.477043830206969832e-01 -5.235937978844668050e-01 2.434576128736411771e-01 -1.092789125604827216e-01 6.814696536941199367e-01 7.799071675033590612e-02 -5.030250557116770771e-02
1.857425311638773724e-01 -7.092212933064339087e-01 -2.157694872937116204e-01 3.312315494194831844e-01 1.664316211072144891e-01 1.808546707519332608e-01 -3.274645321662515984e-01 -1.859616402332428808e-01 1.663554169011833284e-01 -7.899556727221308527e-01 6.409641898864359977e-01 7.426287030438928349e-01 -1.874066219454439963e-01
1.037058070015338118e-01 1.024786357129256198e-01 -2.247356806870005608e-01 2.674831127902609906e-01 -2.525553091880690659e-01 -4.083584974676983670e-01 9.322203709379409120e-02 -4.510600592689935073e-01 3.599207193840012753e-01 -9.957340641303774609e-02 2.034188844875458035e-01 -9.008971319125082255e-02 3.945729043527940183e-01
-4.880014252222217297e-02 -8.420100546386137530e-04 -5.952400947055466046e-02 -2.279471183003028284e-02 -5.282419131079515995e-02 5.205542401948914932e-02 -2.520581126376777448e-01 2.508865041969499665e-01 -1.431318072928880747e-01 1.630919868016840746e-01 -9.468278841342099572e-02 3.664309294006690143e-02 1.704102001808430467e-01
-1.402914910965967210e-01 -3.280849938259906007e-01 -6.180198204001386975e-01 3.420116579797578549e-01 -9.948794207692144287e-01 6.597488100124252464e-01 3.155769672202416443e-01 4.530472265313882363e-01 5.723010607461506138e-01 -1.541273847923855800e-01 -2.186396700375880797e-01 1.106181677120200435e-01 -8.316746732640531437e-04
8.069509685374688657e-02 -9.023902137480507846e-02 1.015162808591562188e-01 3.180389554548921499e-02 -3.210558534617498350e-04 -5.565353412643572056e-02 -2.003527000978925499e-01 -2.053266047244907758e-02 1.467144020463414730e-02 4.959524336710317838e-02 -4.702993709215012169e-02 5.499664626933531419e-02 7.927974052453481968e-02
-3.159947205713141416e-02 -1.020610127418432267e+00 4.980428334296198301e-02 1.428663860234796745e-03 8.322387750030568743e-01 -8.465411838714061998e-01 2.004102144281493803e-01 3.905166095536194426e-01 -5.072800992186816682e-01 -5.935086389993324968e-02 1.074692962360080495e+00 -3.598073368403095773e-01 2.745270093645966192e-01
-2.080171331752219965e-01 3.372460619738620324e-01 -1.293250393738540338e-01 5.208632713824598026e-01 -3.588740591911134814e-01 -3.905109493429347878e-01 -1.141129720260842945e-01 -7.702876524960164395e-02 -2.910225802182429128e-02 3.884616696021040427e-01 -2.606835441797714092e-01 -7.375407162708395858e-02 3.932672238358694838e-01
-1.675563526295120176e-01 -2.347047457405254667e-02 -4.632091872814833589e-02 7.367684245857804293e-02 1.927870353393173475e-01 -8.691284744239499704e-02 2.490869110570811951e-02 -1.777827817095309904e-01 -6.613157981844447475e-04 8.947898084528346785e-02 2.888241415761461095e-02 -2.334666942199176143e-02 1.147468310041191708e-01
-4.794641158580414259e-02 -1.994375980942298537e-02 -1.940919357995585931e-02 -1.831501106075493837e-02 -6.376163545745786032e-02 -2.274488955069500495e-01 4.807068838815953260e-02 1.077426584083222838e-01 1.890323489209356500e-01 -6.505589784167867262e-02 -7.085536936077718728e-02 1.383785630799916067e-01 4.794135001219800712e-02
4.848333889947609165e-02 -2.092549537502958468e-01 1.765739190971743755e-01 -1.357162599572963105e-02 -2.295890696166265066e-01 -8.669864013775072098e-02 -1.495365027992892892e-01 2.022240932812549297e-01 1.886290672993037182e-02 -2.568871861361930048e-02 1.714182127587680626e-01 -1.405153770331008523e-01 2.357218517866137286e-01
-8.200561287762753171e-03 -1.714491774307738692e-01 2.133547023316055835e-01 -1.998757809552786369e-01 -5.491129573234426742e-01 4.976658491259000616e-02 2.433099632828722991e-01 2.604816179976078283e-01 -1.831693183829377347e-01 5.294927795913061397e-01 -4.929074961938855609e-02 -1.343355122973197702e-01 -2.542156212272467242e-03
3.100200389957320501e-01 5.223928128009411864e-01 -5.677815337401718176e-01 -4.607380268773506593e-01 1.706493896057537790e-02 5.612589972430542806e-02 -2.068127991027314816e-01 -4.507110256706778895e-01 -3.919404180549135863e-01 -1.893229704670665037e-01 6.314269516052165576e-01 4.561778860394845592e-01 2.725276803934620906e-01
-9.926420608477172502e-02 -7.195505562711120018e-02 1.444167108675490363e-01 7.070684664136137054e-02 1.534693421747595522e-02 -2.085786201224136549e-02 -1.949112032464830058e-01 6.849942252928431508e-02 -1.167405631318377962e-02 -3.225095719357608248e-02 6.475933461406478686e-02 6.347743991680351860e-02 2.136086297633640538e-03
-4.450325369067973935e-01 -5.099987358387523262e-01 1.183694297866163259e-01 1.075241524130469140e+00 -3.493123163446816282e-01 -2.863625113817746537e-01 7.090602695411024614e-02 1.818369251545866594e-01 -6.516081656576136472e-02 -5.538077662722159511e-01 1.258495935699554258e-01 4.170446954021453934e-01 2.188559229189055710e-01
1.000439133523326439e-02 -2.018866739993193660e-01 2.253798430374288342e-01 -1.562940997528033948e-01 1.491910781131055297e-01 -1.058417248971820906e-01 5.219243485432164403e-02 2.333930994731554798e-02 -7.780399287836366196e-02 -6.461570152831699887e-02 5.005325400002593600e-02 7.525087596616822361e-02 1.946044040919195361e-02
2.343501379012376540e-01 -8.175113437085248513e-01 1.029628790762194601e+00 -8.198483258488447056e-01 -1.137835410721856455e+00 4.975347237162817127e-01 -4.536896816333965687e-01 -6.272297797768133787e-01 2.017199829423141633e-01 2.698664495932344698e-01 1.719323309577741044e-01 -9.850012159660900823e-02 1.548011682019813318e+00
2.518778397036856020e-01 -3.225627202570398588e-01 -4.179177863375110324e-01 1.672896610214740787e-01 2.001474020930067432e-01 2.321066064518386707e-01 -3.380921684602937738e-01 -6.468633514466053114e-02 8.827345852364132384e-02 -3.836663198528909580e-01 4.856940006972190194e-01 -9.414496213194178953e-02 1.941107583002779913e-01
-2.790843791892247405e-01 -3.933198579531034245e-01 -4.142212084882611334e-02 2.039723130371461357e-01 5.087096408731430763e-01 1.348663667607835348e-01 -1.099860920821341542e-01 2.150829270475442534e-01 3.348364240154151628e-02 -1.918841477005580054e-01 -1.361088117436889122e-01 -1.202591376918943356e-01 1.743790916960766268e-01
-1.104235203952613764e-01 -2.432012791893702341e-01 2.455749589077869388e-01 -3.519552359945901099e-01 3.675826863824744883e-01 2.195745398815021621e-02 -2.235823262945593748e-01 1.405133861945455642e-01 1.878024505916839892e-01 1.025247428162639196e-01 -6.168418941991792026e-02 -7.783569159994352393e-02 1.155998619542908390e-03
4.836853940649295247e-02 -1.006749905476133911e-01 -1.821966024410234808e-01 -4.170653759768129243e-01 2.513827054744827705e-01 2.009614496075617651e-01 1.524753113821761263e-02 1.928902038545603492e-01 1.924544412995730092e-01 -1.179224822162099340e-01 -6.948302988868559904e-02 -8.115136316015089668e-02 6.561840805641311336e-02
3.407489092626551225e-02 -6.421072543841412072e-02 7.239597218182609872e-02 2.356312130558951834e-02 -1.757706278200960315e-01 -2.074286454443998728e-01 1.678277716237260853e-01 5.249723636253939008e-02 -1.034048257759711265e-01 3.186923717174076909e-02 2.712774182601686290e-02 2.483138589325613876e-01 -1.084255712445790498e-01
-1.341051195418531058e-02 -2.286423168582407683e-01 2.727497621661070792e-01 -1.577009207181401806e-01 3.420872290802980942e-01 -4.468523989632491866e-01 -5.376283488062064825e-02 -4.218857280900725204e-01 -9.219135917616391729e-02 2.121086562503745887e-01 1.179444514908819797e-01 4.753543390597297358e-01 -7.368932799913560650e-03
-2.143263681928306574e-01 -2.738724405799100592e-01 1.638362081006561055e-01 3.562796334486112992e-01 -8.680921242704160434e-01 1.850775787918436943e-01 1.340346739144661348e-01 6.745932974586738018e-02 -1.019674679676691592e-01 2.425963436447798882e-01 -5.950830085286679463e-03 4.816810855412037018e-01 -1.683261874845101147e-01
