3.463087952266021355e-03 8.674409327824914029e-02 -7.867634350865460036e-02 2.480641485075786926e-02 -1.817100941756452648e-01 -1.949549813077613297e-02 1.775971908820918321e-01 -1.392828469581091355e-01 1.824446064896080924e-02 -9.178060438113068431e-03 4.330502262056921958e-02 -1.175477807864252350e-03 7.496762051417639461e-02
-2.034627441079320254e-01 8.546553101499237970e-02 -9.104947843155830611e-02 1.787525140574865445e-01 -5.434569138585743087e-02 -7.599468522325225454e-03 -7.222210955371065333e-02 2.355696448255114872e-01 1.421330168408361724e-02 -1.500161206962078719e-01 9.613083240242830535e-03 6.915658940971229629e-02 -1.446548180652880260e-02
1.655917169194361660e-01 -1.164640385196647476e-01 -5.661436293907447237e-02 2.053357020674735633e-02 -8.926511894035904504e-02 -7.402693721215812539e-02 -1.062600563370736800e-01 -1.030696365501572800e-03 1.568886412520172913e-01 8.006354257691303267e-02 8.078023438551910906e-02 1.184434751258239688e-01 -1.790304004247164349e-01
-4.798996829259397946e-03 7.901095064831869380e-03 5.533234238341273870e-02 -6.950284338569025222e-02 -4.402432999116593498e-02 -3.451888067832550866e-02 -1.015449051237946911e-02 9.830469556282356303e-02 4.191305743917850268e-02 4.057933802358731218e-02 -1.531537142083349179e-04 -1.214817762250423733e-01 4.021351259014609852e-02
1.332354014971472711e-01 -1.909386033017992368e-01 -5.245944972584058730e-02 -2.373971067994202350e-02 3.537198488819948139e-01 -2.149437337348253929e-01 -4.908491241424503548e-01 4.494133432373577097e-01 -3.331221566203838025e-01 -1.650114905176565117e-01 2.368362830724932144e-01 1.211288050332779836e-01 1.763401567285357019e-01
-2.284667060114851100e-01 2.418360928422211981e-02 -2.343476142769344017e-01 4.773125875532513440e-01 1.480752326482230874e-01 -2.524785715634424443e-01 -7.585844506833185896e-01 4.818432920941859154e-01 2.122955402995180263e-01 2.950760205936691638e-01 -8.760916540986078971e-01 4.587503734271493050e-01 2.520419104614783357e-01
8.101790268095178382e-02 -2.422166244374291122e-01 -2.593917122789348162e-01 -2.167501168819147839e-01 5.397919940458691945e-01 -5.055162859779353812e-02 2.553624363462492775e-01 -2.002577912722411924e-01 -5.943913114324165248e-01 2.251837488930703290e-01 3.316029915603194156e-01 6.537513567061543907e-02 6.483454543156333405e-02
-7.321557159218040900e-03 -1.619228489283191241e-01 -3.934380339295161511e-01 1.298636089351924983e-01 2.274859091970247715e-01 -1.225987162960059107e-01 -3.878944472586585701e-01 -1.544106475552913249e-01 -6.534280059596756507e-01 1.048154120250151866e+00 -3.738592364483019903e-01 -1.129112607861168099e-01 9.618906856666430416e-01
-1.271920406784115831e-01 2.641819900576490576e-02 -3.487066387944395135e-02 2.364394622414100200e-01 -2.308182701275133253e-01 2.170828608529809522e-03 2.270702533423603342e-02 1.162413022220823433e-01 2.725697762908915744e-02 2.214646306873206683e-02 8.492223341957731708e-02 -1.213286837678801966e-01 -2.448326334826381873e-02
9.954767259402927393e-02 -6.458435942068782576e-02 1.729429808301206212e-02 -2.628592547504737809e-01 -1.402617097859953921e-02 1.673557631503683196e-01 -5.674770111527659838e-02 5.021044411958779097e-02 5.778767354429695247e-02 -1.618322454467842342e-02 -2.565565466516844806e-02 -9.214024251585906100e-05 4.756222395401504821e-02
3.125802014865782658e-02 1.548916786420452274e-01 -1.627520464037076342e-01 -2.200020650240823716e-01 -7.172652740638898461e-01 1.146751839839301457e-01 1.511090216575962097e-01 3.371383526687360410e-01 5.726363739710039757e-01 -7.054999247082673897e-01 1.989701318446416012e-01 4.749031423619871628e-01 -2.304530253507421078e-01
1.240503727375505960e-01 -6.974979808553196658e-01 -5.019214718604551873e-02 3.810389085447289936e-01 5.186409889021015296e-02 -3.219316167638595211e-02 1.556003944049466070e-01 1.999251129891158607e-01 -1.060661934968570169e-01 -3.702455802677288577e-01 3.260122569333733233e-01 -3.268251039692043891e-02 4.999599910724082663e-02
3.970880787848458937e-02 -1.891860304839485529e-01 2.164088846606736782e-01 -2.999431542595822897e-01 1.880330931706109265e-01 1.031895733078627871e-02 1.946270917161334879e-01 -1.460235414950036004e-01 -2.843380294031849775e-02 -2.053449634819313474e-01 9.144093225730508256e-02 -8.312307995565546004e-02 2.111263753303544988e-01
-5.556681095916753826e-02 3.527373552176301108e-01 -1.072664482116399837e-02 -4.006523967364056804e-01 4.580612013018501433e-02 -2.299431855587598383e-01 2.042717378024696065e-03 -3.686245371835238926e-01 -2.067958028884517296e-01 5.277777934733799414e-01 2.475225021893850408e-01 5.585136129248238213e-01 -4.624811534380471878e-01
-1.489611764928222282e-01 -3.649342573344502849e-01 3.188296719419598801e-01 -6.188713785037690540e-01 3.123694824731696462e-01 -4.224720188709688018e-01 6.566075188776747673e-01 -5.385614330898708113e-01 2.490424230056589583e-01 -1.253132300212381756e-01 7.243272349184844972e-01 -1.852504810883031858e-02 -2.392821906708915425e-02
-2.150512947106848760e-02 -1.665437306538524592e-02 1.016108153586961632e-01 -6.304110011235056210e-03 -1.666368199788643978e-01 1.103718146830256867e-02 6.117361851358958658e-02 1.987965928475586910e-02 -3.341796211638922015e-02 8.555993490650755373e-02 -5.218963590838325561e-02 2.264557200108207810e-02 -5.589181253699341406e-03
-1.210658247759866663e-02 -1.888983503661054164e-01 -4.638689547900089194e-02 -9.728178676510766676e-02 1.905693620169023605e-01 6.631133717640749770e-02 5.288475759296337730e-02 -1.032867493035843076e-01 -2.213861504216989573e-01 -9.193016918342988841e-02 2.419994091559473093e-01 7.784802875845399373e-02 1.312733590237601111e-01
-2.344339805570766488e-01 -8.645905084564753373e-02 9.026266516242351101e-02 2.004301239062307449e-02 3.074747594778738380e-01 -1.601076187755484381e-01 9.347546602659180526e-02 2.072125383884986516e-01 -9.283729335077807454e-02 -6.280089926909322717e-02 -1.106442252845224045e-01 -2.853962144580082100e-02 5.696381781036505970e-02
-4.277854587508500561e-02 2.599997166407141957e-02 -6.243354472419583925e-03 3.874497088299391767e-02 9.838226659573283406e-03 1.598096725801068790e-02 -1.742896465484404522e-02 -9.478195694545479832e-02 -9.406704141680652387e-02 2.090909805048468406e-01 -8.850858558543398674e-03 -1.060586369651212585e-01 7.016381164668727966e-02
7.568470293015172601e-02 1.005601857113747749e-01 -1.598069647697087925e-01 -8.998028765453361388e-02 -1.284174471453117805e-01 -1.156762454091394936e-02 1.839895438770615399e-01 -7.930396866522925609e-03 -1.837500153232203282e-01 -1.602002217031888234e-02 1.503381785624103018e-01 1.185972219490552676e-01 -3.208750483161446759e-02
-4.961401644208475459e-02 5.283654139722480103e-01 -3.954260666835410776e-01 -2.397086194963264916e-01 -1.004527486588869950e-01 -3.747730615008623700e-02 -2.514172773609970601e-01 7.463683606998462727e-02 1.559214284861359101e-01 3.879194757805590199e-01 -6.274978006849819545e-01 2.932933898134547634e-01 2.610668610824312119e-01
-1.354875823831638015e-01 -1.367306770670456140e-01 -3.803826588497220135e-02 1.863161437001797094e-01 2.873524103661418208e-02 -2.102026221844596476e-01 1.150689530052315668e-01 2.208192395595627577e-01 4.341552480727710328e-02 8.504361561663498215e-02 -1.516769357638559357e-01 1.435379980252822138e-04 -7.796602712119628589e-03
-1.874661913995742321e-02 -1.561023808664898371e-01 8.927761406149190004e-03 7.221308555371096227e-02 1.134499380113920264e-01 3.423499943582410804e-02 -2.221412103307081332e-02 -1.809019725454412697e-01 2.110744498244140344e-01 -1.827146092680106970e-01 -1.417929081620996068e-01 1.711342369889290171e-01 9.104770952255915317e-02
-9.569351244799682021e-01 3.717951669258779956e-01 2.073083874082944922e-01 -6.313169751815031483e-02 -8.000184287725050636e-01 3.168624187154486793e-01 1.963656508519724397e-01 8.506728886396953682e-01 1.193204687445633197e-02 -2.170916983376995624e-01 5.061703188049267998e-01 -1.651025046507000049e-01 -2.592178547337402050e-01
4.427558976048059924e-03 2.256238368798932619e-03 4.238421187970040083e-02 1.095146835976322508e-01 -1.411219426394290377e-01 -1.331447177569572773e-02 -9.650101064315229349e-02 -2.774183276104687235e-03 -4.166409181542540113e-02 1.199445783633795032e-01 -1.114008282322146437e-01 1.128526594290167884e-01 1.500616749535468517e-02
-3.906045248390718760e-02 7.891770929448166383e-02 -3.100039024172764890e-01 2.239662329575212163e-01 -3.174995655200974626e-02 -1.098658440276404774e-01 3.365789505612278854e-01 -2.471469039776257592e-01 -2.089286359567392726e-01 -2.038383055248397802e-01 2.923293102083347472e-01 2.542912744531649061e-01 -3.587990680678288663e-02
-1.603429639758097713e-01 9.200849333033139787e-02 2.314527570115446353e-01 6.136559831585545327e-02 -4.035704104272302972e-02 -1.177786892697804538e-01 -2.852643843609822261e-01 -1.202009192362350626e-01 5.918146307761470992e-02 9.458802342753547254e-02 -1.240722605246681459e-01 3.519383233261722532e-01 -4.290883035094636422e-02
6.881664609733842419e-02 -1.491955453147116722e-02 2.107849500367466392e-02 -1.201549747860387873e-01 -5.145478405573761238e-02 5.239908035990596680e-02 -4.754674039410997782e-02 -1.902914415108844168e-02 8.765096032951796845e-02 2.180591919775853177e-02 4.598486109131522115e-02 -3.004956372515923263e-02 -1.497163070799672688e-02
-1.856228614484325967e-01 -1.276810648125240588e-01 -2.282528388028545741e-02 -8.510571759176535633e-02 7.572454813031258558e-01 -7.161046113751801112e-01 -2.443608090502756292e-01 3.502225287234566053e-01 1.439976103969083931e-01 -1.235113645827913831e-01 1.245192138906851993e-02 -7.132058815542526020e-02 3.122243288120291060e-01
4.015029232414442095e-01 -1.152382577438045841e-01 -3.132147582163726796e-01 -1.212183608563991571e-02 -1.529488748063788095e-01 2.642775994224263458e-01 -7.182137063055092918e-01 -5.534220525322713219e-02 3.897355034723696265e-01 1.775072884242083204e-01 -3.650740027292052048e-01 1.741465073140661957e-01 3.245933889935318506e-01
3.148608564829241674e-01 -2.534390807188715566e-01 5.192719132091765111e-02 -2.508654804698190466e-01 1.751929589446786784e-01 -3.893403880959996066e-02 -1.827108230386847720e-01 -1.473220844980333288e-01 -2.257308558087102734e-01 3.523641779655349304e-01 9.691670801832198701e-02 -2.000058135224160316e-01 3.073558538616665281e-01
7.521463907043324237e-02 8.758297246902170541e-02 -2.120495942154584090e-01 -7.965389132164418795e-02 -2.577525344432584076e-01 1.618843686956148720e-01 1.515752507572630803e-01 1.610385860647703948e-01 -2.245599412043071119e-01 -7.413820953354362253e-03 5.361399425109517752e-02 -1.100722848847638935e-01 2.002018254424967336e-01
3.132967326049039547e-02 1.020543250799842289e-01 -7.990124032136032561e-02 -2.042949813371754478e-02 -1.489329904496199120e-01 1.832749799919068667e-01 -7.754565618293658702e-02 -2.321344788109536705e-01 -1.758795405524105418e-02 1.457078414536036037e-01 1.100580108757956976e-01 -3.945990886229221173e-02 4.317646588224931248e-02
-1.597122468790755367e-01 -8.484576590554318565e-02 5.915336532842794398e-02 1.324386214595134059e-01 1.456892626463651141e-01 -1.163126115050372444e-03 -1.598496523060877472e-01 1.727312066402186819e-01 -6.100170948656374881e-02 2.659951690385030376e-02 -2.854250229104899894e-01 1.738834683019060412e-01 4.111165205043795789e-02
9.908538069917973701e-01 -5.612840955750033611e-01 -5.139728799610553817e-02 -1.403047499874393589e-01 -1.133740521203204787e+00 -4.939201033248852846e-01 -5.358767966093498369e-01 -4.179877982160976058e-01 8.685902781382409676e-01 2.798810696201526338e-01 -1.145351793095322201e-01 7.731175146034463541e-01 5.362134325958891612e-01
-2.453602092730601814e-01 3.482995936386639596e-02 3.313756994815758583e-01 6.386874278078817635e-02 -3.581697125592593900e-01 -1.732893288528618569e-01 -1.704634241633354585e-01 -2.722409788851572476e-01 2.122907616234801786e-01 7.742104837708493337e-01 -4.732358042175593971e-01 -2.278031631562975334e-01 5.035965438148798379e-01
-1.652206052102197509e-01 1.408730160044218034e-02 2.693319102337413118e-01 2.285580786071046699e-01 -4.076477526227009207e-01 -7.434545951561077892e-02 8.084674722854892637e-02 -3.545324406522346039e-01 -2.698035449527222407e-02 3.621563853277660061e-01 1.512623109997927040e-01 -9.509913450736809382e-02 1.719258273391947867e-02
-5.290441137197232635e-02 2.414638970599292112e-03 -1.497943208995132225e-01 -1.140859805538821381e-01 -1.415237573604344878e-01 2.321380598515382365e-01 1.382102046385807470e-01 2.857483290057252212e-01 7.029878651353128893e-02 -2.389235544177300830e-01 -9.992420111092562007e-02 1.591666071333189825e-01 -9.121083067092709828e-02
6.863572957258719243e-02 -1.582605968571838551e-01 1.291763414286358769e-01 -1.381466269306700911e-01 -1.143477312257708822e-01 2.323817294488519647e-01 6.817778734623727854e-02 -9.244697231136725368e-02 -2.203792219518212192e-02 2.998791618058671560e-02 -1.125642828107599330e-01 7.728067926818016353e-02 3.177351881376375142e-02
3.887969704074362709e-01 -7.775211311756258584e-03 -4.764176155861654105e-01 -2.187148096798717800e-01 -2.722675690769033041e-01 4.811728061106270160e-01 1.462269397905265333e-01 1.364179787029410618e-01 -4.753577859210473266e-01 -1.716505492351323992e-01 1.605328728760126167e-02 -1.991906788716692189e-01 6.523158071113224210e-01
-1.376830818693207115e-01 1.887692910912295297e-01 -1.738141617622258328e-01 8.792139205099971933e-02 6.775590759929336904e-02 -1.078047080425294374e-01 -3.268855969347295720e-01 2.274989248843684586e-01 -2.865390327773700285e-01 5.066051498074890524e-01 7.563010649893982598e-03 4.840586055258855325e-02 -1.021833855217782749e-01
1.273337363745627726e-01 -3.476885063246737961e-01 -3.334355994615519764e-02 3.556844881723723595e-01 -1.801139756196412645e-02 -1.083656005971540132e-01 -1.498279698532464510e-01 -1.996101163748951676e-02 -5.985042152610166311e-02 2.446987230437285277e-01 6.463469622541864745e-02 2.466393298924799207e-02 -8.035753963063661798e-02
3.491923327811485844e-02 -2.071009353592362379e-01 1.404124445444658587e-01 5.476840314526171261e-02 -1.756004876697216943e-01 8.201570099569664707e-02 1.916498728922020334e-01 -1.874778755306739098e-01 -1.779953245065709622e-01 -5.437118298646512887e-02 7.237490797955518917e-02 1.707400549279466662e-01 5.527475801733362781e-02
-1.701491610190363490e-01 -2.601402870174842619e-01 2.897418604648137053e-01 9.675003402844346151e-03 -1.733344891513563801e-01 1.852370484230293213e-01 -2.257733808389322250e-01 2.373995497868785221e-01 2.177544829644081220e-02 3.254401644396823223e-02 1.570346786736585010e-01 1.301847892418551422e-01 -2.345855069787705915e-01
-9.459219611959859830e-02 -3.325274285336971697e-02 1.112340711212225081e-01 1.705513469400833926e-01 -6.651620812232889035e-03 -9.586874660245688073e-02 -5.902946380085159761e-02 -7.157766675644727794e-02 -1.666401412276607152e-01 7.678841103338006346e-02 -2.111870269689114510e-01 2.472644956079120271e-01 1.325708501668398931e-01
-4.183060074961302832e-01 -2.618989772478859043e-02 5.482927006610169990e-02 2.764774498610116371e-01 -4.016626254506514559e-01 1.802190138390199203e-01 2.179170033693390018e-01 2.580186805136648331e-01 1.921129971529101921e-01 -2.222927706177164897e-01 -1.614798699601108500e-01 1.329522787307433063e-01 -8.298595255548416039e-02
1.728996015014217513e-01 -6.205346582834209840e-02 -4.906982592770695595e-01 -2.507051781195615558e-02 1.373068233290682949e-01 7.231973824495181724e-02 -7.882451911141778733e-02 1.151207383424412284e-02 1.455936448320850618e-01 3.055523027457909824e-01 -1.668339816172579315e-01 -8.576795525974113821e-02 6.367408414613148770e-02
-4.165956027359701830e-01 -3.788693143886810999e-01 1.311515340396056106e-01 1.923994255603923842e-02 3.172364884016586339e-01 1.494702729205780456e-01 -2.131849003789377250e-01 4.021550071330200482e-01 2.349941733682463507e-01 -7.702109764849895956e-02 6.349909380649443325e-03 -1.422997440041908201e-01 -3.301709891560938859e-02
-9.772524282584196809e-03 6.766786411106541499e-02 4.283914904803161339e-02 -8.935276554585688813e-02 -4.601166323955860338e-02 -1.637139771121483289e-02 1.005113684589902662e-01 -7.245259495423263252e-02 -6.044077567630763009e-02 9.158666397192175013e-02 -1.568015481848600567e-01 1.527159787350884090e-01 -4.508185002573756803e-03
1.052798547510763877e-01 -4.087264965039877906e-01 -2.470212114104488321e-01 3.158498133867816970e-01 2.839080572425926596e-01 -4.693201592107600767e-02 -1.987280436259755145e-01 1.643061284198279459e-01 4.117151253979269010e-02 1.044927657913862773e-01 -5.872203396961625521e-02 8.569525077269758706e-02 -1.409640117451420316e-01
