2.969809945932563622e+01
2.969695199699530974e+01
2.051221344017536907e+01
2.541008546847461602e+01
2.969723134807493636e+01
2.641725152323371262e+01
2.969749580041229464e+01
2.738731521664936253e+01
2.554024253869857120e+01
2.969828767819862136e+01
2.344031341028282611e+01
2.173312132895679838e+01
2.876760026866775632e+01
2.165068102112595128e+01
2.659480446771536322e+01
2.543793419757791696e+01
2.171700089491913843e+01
2.194268806658995530e+01
2.671402433565261703e+01
2.645349702362632627e+01
2.110934830043628807e+01
2.969774206900697777e+01
2.476076837019312649e+01
2.969880812350681154e+01
2.969897332158368997e+01
2.613439179032054227e+01
2.910101494789756416e+01
2.969606741916097548e+01
2.969656012852940208e+01
1.837637393298225064e+01
2.969710879690164163e+01
2.969738820090795883e+01
2.969687454630741286e+01
2.500853545350771512e+01
2.969672653776244076e+01
2.969687468293943766e+01
2.180928797962839383e+01
2.673108658560194684e+01
2.251065987114933975e+01
2.969795301378344377e+01
2.969696953484727686e+01
1.990243359704640724e+01
2.969749108850886543e+01
2.969572566953122461e+01
2.683717310816383872e+01
2.969496087364623094e+01
1.959032446908342351e+01
2.186875267446492188e+01
2.638788747579770089e+01
2.969951886566112620e+01
