-3.702383082730714703e-03 4.000793981335617686e-03 9.501464317104055951e-03 3.039390514315488956e-02 -6.021678474713169915e-02 4.207375093053120074e-02 -3.215125759681895623e+00 -1.714113592906493233e+00 -7.141135929064988952e-01 2.858864070935100421e-01 7.848742403180946070e-01 2.527294633269540736e+00 2.543465761691706906e+00 -6.082600739976275206e-03
-1.227582561410436979e+00 -4.103942089360851364e-01 -4.174718912609078347e-01 -9.749479352143404498e-02 -9.568079368609627711e-02 -6.046353111967689431e-02 -1.634949268431431069e+00 -1.682503158684890865e+00 -6.825031586848901988e-01 3.174968413151080249e-01 1.317496841315104472e+00 2.029390168481965517e+00 4.653158288278553378e+00 -1.494362530974630898e+00
-4.930994337644823977e-01 -2.309344591841373251e-01 -5.523666485792764341e-02 -7.609395717231509648e-02 -8.620929583774680771e-02 1.169840527779049122e-01 -1.845643584051650965e+00 -1.288411635339085315e+00 1.543564159483472031e-01 7.115883646609043600e-01 1.711588364660907802e+00 3.154356415948337933e+00 -8.258551241773416374e-01 -4.332532169314635695e-01
-1.899654237267918155e+00 -2.668734742404048621e-01 -2.147445530878409892e-01 -3.646652093221138813e-01 1.924582457695722670e-03 2.823811189312983028e-02 -2.197925218381492130e+00 -1.197925218381476586e+00 -1.979252183814807220e-01 5.599757266015541468e-01 1.802074781618526078e+00 1.558966046950843287e+00 4.803084372270557623e+00 -1.900414250049327958e+00
-4.077044704933891484e-01 -3.779647036817153083e-01 -5.905372910174522261e-02 -4.385824479460419950e-02 -5.296929026667174939e-02 2.147478739018767457e-01 -2.153599124383097863e+00 -1.153599124383103636e+00 -1.535991243830990838e-01 1.182814310792735135e+00 1.846400875616899917e+00 2.846400875616900361e+00 -7.643487017604128075e-01 -4.095311800003213487e-01
-2.017380082860969370e+00 4.141908130787951003e-02 4.586965664941853454e-02 -7.479454875840223227e-02 6.126815954421160892e-03 1.527505941810816670e-02 -1.379273408341007201e+00 -3.792734083410078116e-01 -1.655848227870449607e+00 1.620726591658990134e+00 2.620726591658992799e+00 1.344151772129547284e+00 2.344151772129550615e+00 -2.017741422054819544e+00
-1.108583810262667169e-02 9.261566362866492652e-04 7.559556735560363228e-02 8.817764972087542563e-02 -1.178104734490884320e-01 -4.702487399394143092e-02 -3.143797730327685169e+00 -1.622434608146209989e+00 -6.224346081461984426e-01 -1.437977303276897767e-01 8.562022696723080584e-01 2.588651146978358408e+00 2.645115623751630007e+00 -3.214630894137138206e-02
-3.759172592344633967e-01 -1.183919805418713334e-01 -1.610105823097316424e-01 -4.894552671928720233e-02 -6.228452015864943681e-03 5.691224111527576346e-02 -1.934287845667353345e+00 -1.343334910857107989e+00 -3.433349108571001618e-01 1.065712154332644879e+00 2.065712154332642214e+00 2.656665089142885794e+00 -6.222219794653679470e-01 -3.771919485750487855e-01
2.298001156814805102e-03 -3.613831525720069549e-04 1.582299328897183305e-02 -3.361451556521937584e-04 -2.663654248433750676e-04 7.570837082508476146e-02 -1.825803392790726676e+00 -8.258033927907298954e-01 1.741966072092879791e-01 1.174196607209268661e+00 -1.725964809416425716e+00 1.726381021535314808e+00 1.721851570102466589e+00 2.216560083992114710e-03
-2.439659965192391700e-01 -1.378521303838305956e-01 -1.517016189651120006e-02 -3.238761392850952880e-03 -2.493027499285199733e-02 4.406287114361434609e-02 -2.617012090091843657e+00 -4.695147470624116970e-01 -6.170120900918517615e-01 1.530485252937590301e+00 1.382987909908144353e+00 2.382987909908149238e+00 -4.532767152730943772e-01 -2.444147335127609955e-01
-4.386840593088133233e-01 -3.625227066626059425e-01 4.468135339193712863e-02 -4.911138192164613003e-02 -7.957242530471367314e-02 1.224860666798291073e-02 -1.985969321192166070e+00 -1.118331722579038789e+00 1.403067880785068694e-02 8.816682774209574358e-01 1.881668277420954327e+00 3.014030678807836150e+00 -8.614728583236567205e-01 -4.385271545446262631e-01
1.027729563081518638e-01 7.680933828476677050e-03 9.947838236569378489e-02 1.112353840089541634e-02 5.965996113049029659e-03 3.843609880028804604e-02 -2.569431440425734348e+00 -1.569431440425724134e+00 -2.093794213492236045e-01 4.305685595742672067e-01 1.430568559574278753e+00 2.430568559574273202e+00 2.027918650243458742e-01 1.024230953172140524e-01
-2.842818347039114624e+00 -2.400988355555427667e+00 -1.241127392481573138e-01 -1.929792265269363871e-01 -1.731188906911521053e-01 -1.266346098958146815e-01 -2.003263687019878780e+00 -3.922610779431557337e-01 -3.263687019878211415e-03 1.607738922056844322e+00 2.249561831340328499e+00 3.354913563125145881e+00 4.354913563125144549e+00 -2.793551016027694178e+00
-1.991509828627518186e-01 -5.705337857572703730e-02 -9.422930508878685218e-03 -2.508488585242102387e-02 -3.962408151799831635e-02 6.888314031438617924e-02 -1.000049993745248944e+00 -4.999374523945165905e-05 -1.558902004941446151e+00 1.999950006254754831e+00 4.410979950585504072e-01 1.441097995058547410e+00 -3.472461784114632133e-01 -2.003084638448123789e-01
-9.898013163859198382e-02 -1.702975879279804705e-01 4.785785013814358724e-02 -9.824368081102372030e-02 -9.822597582762146451e-02 -5.890939649331650152e-02 -1.373831038982753494e-03 9.986261689610185233e-01 -1.353824672181971556e+00 -3.538246721819743312e-01 6.461753278180222271e-01 1.646175327818006684e+00 -3.540673007797987548e-01 -2.369511831736780816e-01
-2.945265502534046842e-01 -1.831969881958640523e-01 -1.035608770876469409e-01 -5.636713784847369180e-03 -1.343401111354866617e-02 5.382648471041240335e-02 -2.548678388644672665e+00 -4.151348194804086456e-01 -5.486783886446641167e-01 1.584865180519587469e+00 1.451321611355332220e+00 2.451321611355325558e+00 -6.070153917760771067e-01 -3.073365162792719429e-01
2.701823307294192733e-01 4.428324167766253816e-02 3.016609674175612515e-02 2.336986633913745379e-02 -4.547997489264482551e-02 1.147232531125748217e-01 -2.908688672190654856e+00 -1.641820330532286487e-01 -9.086886721906510811e-01 9.131132780934576865e-02 1.091311327809357801e+00 2.091311327809351805e+00 5.227939685608125053e-01 2.617228544180131844e-01
-1.426329903557599366e+00 -4.798809100993483012e-01 -4.620560609489571813e-01 -1.681591802571968941e-01 -4.295606507904517479e-02 1.623219486391305755e-01 -1.405482215121952594e+00 -4.054822151219504844e-01 -1.621454007992628732e+00 1.594517784878050071e+00 3.785459920073637186e-01 1.511572984000126185e+00 4.461489792998095005e+00 -1.582511701663833703e+00
-4.434092184016703575e-01 -1.128427493511140745e-01 -1.030333939076234218e-01 -2.680660693076993839e-01 6.197453522092100098e-02 2.321723649961987546e-02 -1.535869104120532569e+00 -5.358691041205374539e-01 4.641308958794646000e-01 -1.391686005692749917e-01 8.608313994307247308e-01 3.464130895879463434e+00 -7.601119347121745307e-01 -4.617785457393153159e-01
-4.404961505296037250e-01 8.256441596894827095e-02 1.510363372653384939e-01 -5.528588570298554120e-03 9.378303847848290867e-03 -4.196515483185250805e-02 -1.835440595646364637e+00 -1.753124091676466101e+00 1.645594043536399431e-01 2.468759083235313456e-01 2.164559404353624483e+00 2.246875908323534343e+00 -3.246545196391090182e-02 -4.426934065377173821e-01
7.314429033212603570e-04 2.535161126856040614e-03 -4.913515615537855305e-03 -5.388961959751883274e-03 4.247224978319516508e-04 5.306141012064956308e-02 -2.631251344525945779e+00 -1.782829671137923455e+00 -7.828296711379220119e-01 2.171703288620749905e-01 2.721557086765624689e+00 8.643610581067706633e-01 1.864361058106778657e+00 -2.852861432575808445e-03
-2.452973728449688307e-01 -1.027872941366772541e-01 -1.001634691985506531e-01 3.342263708733650418e-02 -7.261199218052952209e-02 1.043435203853320392e-01 -1.763587379507868258e+00 -1.707259257275775877e+00 2.364126204921333241e-01 2.927407427242148530e-01 2.236412620492126191e+00 2.292740742724218794e+00 -4.650739747278265224e-01 -2.251559013529129127e-01
-1.904402410896391729e+00 -1.185497941932453614e+00 -1.198614042715507200e+00 -5.098189885520254538e-02 -5.384243612787825706e-02 -1.734848129583688170e-05 -1.372594829027812491e+00 -1.483766222651580646e+00 -4.837662226515694330e-01 1.627405170972182402e+00 1.516233777348423128e+00 1.552945510785423755e+00 5.590693726854317980e+00 -2.039658589940403832e+00
-2.332983827030540080e+00 -7.622541732047807272e-01 -7.706138543578505695e-01 -1.836972911268174580e-01 -1.817448154969476537e-01 6.571897370447501996e-02 -1.352969119643621543e+00 -3.529691196436112177e-01 6.470308803563880051e-01 1.647510789683946375e-01 1.164751078968385478e+00 1.579121006026709573e+00 5.232660515774012033e+00 -2.402665090613945065e+00
-2.933784854930368002e-01 -8.244965578292663688e-02 -2.371113308610028891e-02 -2.019949660116640566e-01 2.311285317489752689e-01 -1.526882504560903020e-01 -1.090525212902551111e+00 -1.783345623254770196e+00 -7.833456232547876263e-01 1.909474787097457993e+00 1.216654376745219590e+00 2.216654376745212485e+00 -5.117426934298058283e-01 -1.365941859848810447e-01
-2.845248350189875097e-01 -1.948930128100520021e-01 7.803332512168613400e-02 -7.674950644877992501e-02 -2.226089758689663023e-02 -2.757926056040285213e-03 -1.045646631551603756e+00 -1.780004916538035609e+00 -7.800049165380262828e-01 1.954353368448413564e+00 1.219995083461963725e+00 2.219995083461964835e+00 -4.693521826488832871e-01 -3.020457926164715756e-01
-3.514607010217072891e-01 -1.593714818905082042e-01 -1.325044480970301308e-01 3.221956673014395034e-02 -2.355345820390004202e-02 8.171649347408979636e-04 -9.296509082479508246e-01 7.034909175204515086e-02 -1.347527647562274833e+00 2.070349091752044401e+00 6.524723524377059602e-01 1.652472352437740710e+00 -6.829033106068645997e-01 -3.375714217339336742e-01
-1.336620059869862764e+00 -3.694091420280293248e-01 -3.522086580690556579e-01 -1.874005287359079286e-01 -5.368045913882474318e-02 1.269972709064543827e-02 -1.085388861723328713e+00 -8.538886172333894076e-02 9.146111382766667353e-01 -1.110786279090789641e+00 -1.107862790907889611e-01 1.483069460206294377e+00 4.320754733232097244e+00 -1.525329686655526151e+00
-4.927674814755533816e-02 -2.373338434255112261e-02 1.280826338292540001e-02 3.951585018455465448e-02 2.179707599114698996e-02 8.250335813893429349e-02 -2.268160503387822935e+00 -1.539365932825921490e+00 -5.393659328259203800e-01 2.383141770244817881e+00 -1.906670922842261806e-01 8.093329077157780382e-01 1.809332907715778926e+00 -3.372629687968653478e-02
-2.489027288570501373e+00 -2.489025332353453468e+00 5.645449867058126119e-03 3.409389354997699288e-03 5.774824848566109323e-03 7.605450611795888660e-02 -1.416842666480019997e+00 -4.168426664800232162e-01 5.831573335199793373e-01 1.583157333519977783e+00 2.583157333519967569e+00 -3.732212657213813912e-04 4.974893620163280517e+00 -2.489002373081814490e+00
-2.244167052991120848e+00 -1.704331345855364610e+00 -6.779104904377107610e-02 -3.049051536682044761e-01 -2.811873011149546575e-01 -2.705175334960190428e-03 -8.897434274508839724e-01 1.102565725491411047e-01 -7.404445153366550070e-01 2.595554846633389423e-01 1.259555484663342773e+00 1.527647139110816621e+00 5.842164658190368343e+00 -2.249768075700841141e+00
-1.598682954606471140e+00 -4.726163060051877945e-02 -1.945969510871308622e-02 -1.463099310627236083e-01 -2.914388638309124008e-02 2.568361048044577599e-02 5.601397810130662736e-01 1.560139781013057059e+00 -3.179814392569994298e-04 -1.047696045202801907e+00 -4.769604520279976945e-02 9.523039547971986485e-01 1.952303954797199870e+00 -1.599866669814339337e+00
-2.170854501099856115e+00 -1.851140503365910739e+00 -2.095483543988944097e-01 -2.127356512894762464e-01 -3.037241432379366723e-01 7.229798581058194396e-02 -2.103763879635762279e+00 -8.199507184801231308e-01 1.800492815198768692e-01 8.962361203642376095e-01 2.180049281519870430e+00 1.422972309781114886e+00 5.653312551858420854e+00 -2.219063536665890624e+00
-2.291257089296931948e+00 -1.534049016678432409e+00 -4.136477286162056899e-01 -3.675995934795180942e-01 -7.629975558461651874e-02 -8.458449800937548058e-02 -1.869096911118359738e+00 -1.000482143850759398e+00 -4.821438507645260836e-04 1.130903088881638041e+00 2.130903088881637153e+00 1.534506098042676792e+00 5.595914097108174445e+00 -2.240591249748912883e+00
-4.990261801243223716e-01 -3.181293510312054873e-01 -3.363509562396231334e-01 1.654117477384245694e-01 4.562042012265626542e-03 5.143207985200255739e-02 -1.759019646236795298e+00 -7.590196462367940766e-01 -5.788045037435927131e-01 1.240980353763206034e+00 1.421195496256400403e+00 3.240980353763204036e+00 -9.183501900391256578e-01 -4.417253570537925111e-01
-3.346395226422345381e-02 3.196798087990063153e-02 3.244756503284865201e-02 -8.954681319016237484e-02 3.407175826457617407e-02 5.099692163425745273e-02 -8.369093196821946190e-01 1.630906803178126807e-01 1.163090680317816261e+00 -9.792483039983612692e-01 2.075169600162694167e-02 1.020751696001622966e+00 -2.363988874788094594e-02 -4.022445788738737704e-02
-1.026531401871224464e-02 -8.853710696245922773e-03 7.995135404588182837e-02 3.393792926810425790e-03 -1.762859028948371778e-03 3.672256659370604082e-02 -1.404458127719569571e+00 -4.044581277195776758e-01 5.955418722804253218e-01 1.595541872280424656e+00 9.788838507875631534e-03 -4.839550627003883498e-01 5.160449372996050998e-01 -9.095789371035355175e-03
-4.862936173058258205e-01 -3.965255539258670803e-01 1.587317360887315759e-02 -1.709769265891297185e-01 1.260393298299366041e-02 4.965872264790326118e-02 -1.980558940502508802e+00 -1.032922936619622867e+00 -3.292293661961983448e-02 9.670770633803799088e-01 1.967077063380380686e+00 3.019441059497481650e+00 -9.338951565551478762e-01 -4.834987047000383065e-01
-2.310874573708227020e-02 -9.165183794495970759e-02 7.823476927592623587e-02 7.535274717253848120e-02 -1.209528406454870031e-01 1.520718218105063801e-01 -1.837809784490130660e+00 -8.378097844901225555e-01 1.621902155098684795e-01 1.162190215509868230e+00 -1.671803482867478152e+00 1.673559344273118032e+00 1.816827189565249245e+00 -2.315358426156322036e-02
-4.880503776490107137e-01 -2.967197035828351148e-01 1.538910020248970001e-01 -9.779520511395545235e-02 -7.613059062334298632e-02 -1.601789164760304002e-02 -1.449202062603168750e+00 -4.492020626031578145e-01 -7.094405961202786548e-01 2.905594038797001399e-01 1.290559403879704359e+00 3.550797937396843906e+00 -7.908260481227310512e-01 -3.982869664348104854e-01
1.682707007062275162e-01 6.831301408061452030e-02 4.073079240765599407e-02 4.271323531148896180e-02 5.168783605888047084e-02 7.328610650825831407e-02 -4.797191595955015431e-01 -1.995103696860325515e+00 -9.951036968603220734e-01 4.896303139683734484e-03 1.004896303139670932e+00 2.004896303139667602e+00 3.565119388652193133e-01 1.678602626390330865e-01
1.268310064541916526e-02 1.002482201277270224e-02 1.211580970356764680e-02 -1.866599347724493332e-03 4.846002763659869143e-03 6.832469691470217932e-02 -1.910254112398356074e+00 -9.102541123983585170e-01 8.974588760164918522e-02 1.089745887601641483e+00 2.089745887601645258e+00 -1.320243145823868369e-02 -4.020170726631232261e-02 1.268311070418420144e-02
-6.347011122215792112e-01 5.975330033601192886e-02 4.318909757706638347e-02 -7.929677113119976140e-02 -1.234907654872278715e-01 1.537435290567366331e-01 -1.727603813161607382e+00 -7.276038131616090476e-01 2.723961868384032758e-01 -1.171154238717728169e-02 9.882884576128205811e-01 3.272396186838401277e+00 -3.342141310195707038e-01 -6.370085670092175967e-01
-4.849081231993501717e-01 -5.807969486176819407e-01 -7.461770564766136149e-02 -2.207869770039184165e-01 -4.191107677423783207e-02 3.475775603623615373e-02 -1.538360194283318716e+00 -5.383601942833216025e-01 -6.027600278056209904e-01 1.461639805716682172e+00 2.461639805716675955e+00 2.397239972194366242e+00 -1.147172858135760531e+00 -6.114669912328367651e-01
-5.100675309893002440e-01 -9.166942634792912825e-02 -1.643329797739128406e-01 1.134207867356693406e-01 1.605277960153610461e-01 2.202663313095512554e-01 -2.705580579547613773e+00 -1.965418033035001955e+00 -9.654180330349998451e-01 2.944194204523661318e-01 1.034581966965012034e+00 2.342208582271640527e+00 2.986791997508362773e+00 -2.355940558489536263e-01
-3.867153921138037909e-01 -2.202387060078610515e-01 1.875560489384225926e-03 -6.976062291548673633e-02 -9.071441513801224710e-02 1.817207905939480228e-02 -2.683080357292024321e+00 -5.234774094469171191e-01 4.765225905530808825e-01 1.476522590553078773e+00 1.316919642707973681e+00 2.316919642707975235e+00 -7.443128708292668927e-01 -3.744960896472636636e-01
-2.061023093839448261e+00 -1.540036382534894388e+00 -2.250896954520937021e-01 -3.526972883401047199e-01 -1.211483912401628560e-01 3.564358019223851093e-02 -2.823797867262321848e+00 2.215486575314570827e-02 1.022154865753139186e+00 1.762021327376779023e-01 1.176202132737669492e+00 1.694599278041212465e+00 5.503757449080477038e+00 -1.992785342946282956e+00
-2.468315192130920988e-03 -2.678696083653616528e-03 8.651224707646013035e-02 3.726228697264258316e-04 3.249552932744221440e-04 4.055533677250105357e-02 -2.434615721682685141e+00 -1.434615721682687584e+00 -4.346157216826815328e-01 5.653842783173211872e-01 1.565384278317314193e+00 2.565384278317312194e+00 1.536077107656471903e-03 -2.323655067475159566e-03
-2.019167573956170691e-01 -6.782834833744733061e-02 -6.638181155366337793e-02 -4.276372943982691133e-02 8.183198935974203558e-03 6.548718063567585124e-02 -2.159282345867044484e+00 -1.372339494254541270e+00 -3.723394942545136810e-01 8.407176541329501873e-01 1.840717654132960179e+00 2.627660505745470498e+00 -3.912673828033153556e-01 -1.945105869968099532e-01
-1.193647514539459553e-01 -6.116309145958216675e-02 1.144075104974018840e-02 2.886593671022884625e-02 -7.509054921468458210e-03 1.068495021767646436e-01 -8.336073510787426200e-01 -2.123828235075564841e+00 1.166392648921260378e+00 -1.238282350755514766e-01 8.761717649244153971e-01 1.876171764924421614e+00 -1.985517350275204651e-01 -8.390367193420361636e-02
