-3.570632555303656641e-01 -1.244832449832388860e-01 -1.409352210943768946e-01 -4.743705757528771452e-03 4.130681583316038463e-02 3.460909679053181254e-02 -2.819510259845992906e+00 -2.416672414664833290e-01 7.583327585335012389e-01 1.804897401540122015e-01 1.180489740154004652e+00 2.180489740154003542e+00 -4.107331748480808065e-01 -2.236296968835564114e-01
-3.256407710150848178e-01 -9.765821709361166558e-02 -1.263006451991121326e-01 -1.292781762997256279e-01 1.594245814753108281e-01 9.122511268741223533e-02 -8.090813177738875872e-01 1.909186822261125516e-01 1.190918682226109970e+00 -7.976862878641834964e-01 2.023137121358074275e-01 1.202313712135811175e+00 -4.594825056373506023e-01 -2.390344707940176838e-01
-6.266274224208470134e-01 -2.983068009624690320e-01 1.755199661555391713e-02 -1.309327366136528448e-01 -5.984696341437789613e-02 -6.732581865612055627e-02 -1.508107540168937222e+00 -1.651999839676152826e+00 4.918924598310638885e-01 3.480001603238449537e-01 2.491892459831054563e+00 2.348000160323846952e+00 -8.357066407589405221e-01 -4.655313830442762701e-01
-5.647707719482135680e-01 -2.816607065145768640e-01 -2.600619163027200198e-01 -2.951446091944679440e-01 -1.846031176507133553e-01 3.430808870059513516e-01 -1.754541288494429585e+00 -7.545412884944325826e-01 2.454587115055732460e-01 4.542642899826098701e-01 1.454264289982612590e+00 3.245458711505567528e+00 -1.170155266224687018e+00 -4.240958339484834916e-01
-1.171671445995858374e+00 -1.822259568622272563e-01 -2.429654650363509694e-01 -6.948774407464561320e-02 -1.622356660455883948e-01 -1.843538153024744941e-01 -2.737578942436279306e+00 -1.368818848454330217e+00 -3.688188484543236667e-01 6.311811515456687838e-01 1.262421057563729798e+00 1.762583595499315647e+00 4.131018250836269168e+00 -1.246095231573315587e+00
-1.618067667223365216e-02 -2.140264156055338152e-03 -4.357948236347403137e-02 -7.169658987206883882e-02 -3.109930638885699539e-02 2.189788958219818227e-02 -9.246683360333289858e-01 7.533166396667566322e-02 1.075331663966669460e+00 -9.808356721750459695e-01 1.916432782495865877e-02 1.019164327824965799e+00 -8.008004757152127617e-02 -7.657406723291643874e-03
-6.701467108054509625e-01 -5.492090573148735722e-01 -2.902497040012617657e-01 -7.398952779274854674e-02 -6.096789365930896376e-02 -1.087370411045890384e-01 -1.849992098844030375e+00 -8.499920988440291536e-01 1.500079011559759257e-01 1.150007901155965406e+00 1.821730757240917153e+00 3.150007901155962742e+00 -1.141185234289331385e+00 -6.243330028436070434e-01
-1.456023836082524614e+00 3.077252195163485138e-02 -3.087352778361301953e-02 -1.700306152168482021e-01 1.537628681993136182e-02 2.271020287501684942e-02 -1.317801376149672965e+00 -2.065903873469072227e+00 -1.065903873469072893e+00 -6.590387346907024269e-02 9.340961265309226658e-01 2.794588753664613012e+00 3.821706135856680842e+00 -1.393856960849333637e+00
-1.182529957232033996e-01 1.420384472262062672e-02 -3.513215223142300558e-02 -9.407263044862931856e-03 6.099548584252921513e-02 1.886821956769765829e-02 -2.272435513286738207e+00 -1.641587163996490961e+00 -6.415871639964775275e-01 2.290329536051487036e+00 -2.043522705651449334e-01 7.956477294348507368e-01 1.795647729434862061e+00 1.406899988391774325e-05
-6.193764849172533893e-01 -8.739492009546313833e-02 -2.074592758743865895e-01 -2.131055424408189736e-01 1.661488542197860629e-01 -2.845104316308227910e-02 -1.875676203571630118e+00 -8.756762035716366688e-01 -6.692944940522839170e-01 1.124323796428364775e+00 1.330705505947713752e+00 3.124323796428363664e+00 -6.426718750993372087e-01 -4.734438190287456050e-01
-8.115104930724596599e+00 -1.444094777054011347e-06 -4.873510065899565313e-02 1.945543426146218585e-02 4.231562394464363774e-02 2.863948785785277833e-04 -1.653861530911331146e+00 -6.538615309113309237e-01 3.461384690886816218e-01 1.346138469088660194e+00 -7.304254110720006521e-01 7.308175097697756639e-01 3.884895069275411839e+00 4.884895069275412283e+00
-1.459737733955924766e+00 -3.975968043796517803e-01 -4.172926575570344299e-01 -1.293627184522821716e-01 2.255067934250828965e-01 -1.244545665329136741e-01 -2.637591912037533959e+00 -1.214390870540187128e+00 -2.143908705401834924e-01 3.624080879624814733e-01 1.362408087962476477e+00 1.643197588125532294e+00 4.504819735054585550e+00 -1.450570067324855383e+00
-1.988464407898725916e+00 -1.139398981134702726e-01 -1.305357740338461137e-01 -9.572090298914170958e-02 4.056597109429806169e-02 -5.927798119817485889e-02 -7.349866864975043157e-01 -1.865876914348025162e+00 -8.658769143480252728e-01 2.725133082213851754e+00 6.740026690857577885e-01 1.674002669085751460e+00 2.674002669085757233e+00 -1.880075489928911603e+00
-2.186176752698441916e+00 -9.892830868973996328e-01 -1.094242549837614042e+00 1.415090729837825689e-02 5.195530120094155047e-02 -6.993474002291388825e-02 -1.218231458522411881e+00 -2.182314585224114922e-01 -1.229184638414101416e+00 -2.291846384141118520e-01 2.781768541477589896e+00 1.420052677059069568e+00 5.132530685102208778e+00 -2.113036697599192326e+00
-9.890904799709972217e-02 3.156391123914994296e-03 -3.886586222436989868e-02 1.772483209238371119e-02 3.913669920785099038e-02 -1.319551829514164359e-03 -1.979313626661224568e+00 -9.793136266612221252e-01 2.068637333877768394e-02 1.020686373338762332e+00 2.020686373338783426e+00 3.128947825621442719e-03 1.741736850343006404e-02 8.050447813496397487e-03
-1.182574709687967518e+00 -1.513710130340942261e-01 -1.540290775941320911e-01 -8.748394279946135332e-02 -4.780005182481653070e-02 -7.252703000919485943e-03 -2.195389931883467760e+00 -1.586854430682643313e+00 -5.868544306826473100e-01 4.131455693173577970e-01 2.307095368118970313e+00 1.910660783352841730e+00 2.910660783352845726e+00 -1.489000121742275251e+00
-1.807627549908662257e+00 -5.953663932878062726e-01 -6.510111966645824033e-01 -9.793212292838388011e-03 -4.968411947858283884e-03 -1.018926121138127860e-01 -9.195527430602625785e-01 -2.310236509636267588e+00 1.080447256939743417e+00 -3.102365096362603158e-01 6.897634903637288595e-01 1.982326133272836577e+00 4.787884061613532083e+00 -1.776783712431898588e+00
-4.594585650155669221e-01 -1.474714934188336435e-01 -1.720797279752442899e-01 -1.308162296279964942e-01 -2.574260693786982468e-02 2.460218324242234578e-02 -1.961568120206178989e+00 -1.256620530267108737e+00 -2.566205302671104027e-01 7.433794697328877099e-01 1.743379469732892595e+00 3.038431879793820567e+00 -7.153780463359898922e-01 -3.710850612405344751e-01
-4.955823439753662824e-02 1.866348310421452744e-03 -3.356765921384555901e-02 -8.814879662867270912e-03 7.488256895773348631e-02 2.699670638768361490e-03 -1.517611990857563820e+00 -1.999309433578955852e+00 -9.993094335789605154e-01 1.482388009142442398e+00 1.000690566421034378e+00 2.000690566421032379e+00 8.276996052283969174e-02 1.513603208504823126e-02
-9.104719348213139440e-01 5.935764582031399783e-02 2.091732247152855440e-02 3.196914556128799267e-02 2.171987940054697086e-01 2.205734201634197422e-01 -2.344513056075963497e+00 -1.344513056075967716e+00 -5.254384448629905169e-01 4.745615551369931628e-01 1.655486943924039833e+00 2.655486943924038723e+00 6.923834698490222150e-01 -8.500466578102875426e-01
-1.917132886159792271e+00 -1.524399430860959637e+00 -5.285280400603415973e-01 -4.210552512475436715e-01 2.492564090314768749e-02 -1.579017671758894126e-01 -3.538221744578249894e-01 6.461778255421706252e-01 -1.354941341403250732e+00 -3.549413414032496772e-01 6.450586585967493791e-01 1.701792303233081727e+00 5.589443368678769453e+00 -1.941723472975477316e+00
-1.637679405862743964e+00 4.206311693980270550e-02 5.589446105243547902e-03 -5.210270828394730769e-02 1.019872867855009524e-02 -3.584492211580875276e-02 -3.061590178818450525e+00 -1.824702770606121405e-01 -1.061590178818438313e+00 1.817529722939396741e+00 9.384098211815472546e-01 1.938409821181549475e+00 2.938409821181555248e+00 -1.606380716038054768e+00
-4.465037103455210543e-01 -4.275468649321164105e-01 -1.742401459411367648e-01 -8.410026915895119082e-02 3.823398929140033042e-02 -2.121649068805956870e-02 -2.175548530424386229e+00 -1.175548530424390892e+00 -1.755485304243994404e-01 1.357077704140140950e+00 1.824451469575609108e+00 2.824451469575603557e+00 -8.543543287564283606e-01 -4.566551402777742630e-01
-5.384582217689077854e-01 -1.884760620714243384e-01 -2.267841987090740419e-01 -6.255143172944238605e-02 2.819806617497130907e-03 -5.945955295896876436e-02 -2.508733046184568494e+00 7.292837292341356470e-01 -5.087330461845674945e-01 4.912669538154308402e-01 1.491266953815428842e+00 2.491266953815432839e+00 -6.429180367498935622e-01 -4.168387097314883993e-01
-6.887015729307525147e-01 -3.382041294437423962e-01 -9.629023708658271397e-03 -1.513614243821863603e-01 -1.158100145261116154e-01 -8.045308864464695287e-02 -1.926293750703136354e+00 -1.110427614759839532e+00 -1.104276147598210467e-01 1.073706249296861426e+00 2.073706249296857873e+00 2.889572385240168018e+00 -9.291562494426125474e-01 -5.235683093227900819e-01
-4.350417748819002672e-01 -2.719384332730839238e-01 -1.567675438165217275e-02 -5.088804249610497099e-02 -3.538054131279533970e-02 2.054381529153793962e-02 -2.569411717717244859e+00 -4.984761713241301351e-01 -5.694117177172300925e-01 1.501523828675868533e+00 1.430588282282762025e+00 2.430588282282762691e+00 -5.864192101503349352e-01 -2.976477540688633461e-01
-2.088614443807057519e+00 4.086454632833125961e-02 -3.032141004942839890e-03 -8.144790484221656190e-02 1.046831835140126787e-01 -6.074976529561504357e-02 -1.479018531211688359e+00 -4.790185312116836958e-01 5.209814687883135287e-01 -6.380683492102163790e-01 3.619316507897816781e-01 3.520981468788312529e+00 2.361931650789784953e+00 -2.028472211205525788e+00
-3.052487678481300648e+00 -2.936564335032667561e+00 -2.735230314542063876e-02 2.858922198348813788e-03 4.846222385959466500e-02 -2.137018476126340688e-02 -2.206582984935567371e+00 4.887179045009253930e-01 -2.065829849355593495e-01 2.481147839466471883e+00 1.800987178948765033e+00 2.800987178948763923e+00 3.800987178948767031e+00 -2.920255864370267851e+00
-1.216556826476183073e-01 -1.458341591661461122e-02 -7.711211583217169804e-03 -7.791167676666985349e-03 5.294994024434790392e-02 -3.695050084724479239e-03 -2.451599972879319633e+00 -2.389892804976845309e+00 -4.515999728793166357e-01 5.484000271206853627e-01 2.417987101123233451e+00 7.405196980241999238e-01 1.740519698024185713e+00 1.104905317259867459e-03
-1.573626966422892792e+00 1.483116235786747540e-02 -2.462804794019825272e-02 -8.577796718812777388e-02 -4.019883820211522796e-02 -5.864262531474967455e-02 -2.818813807691920026e+00 -7.689725772412768778e-01 -8.188138076919061481e-01 1.811861923080900216e-01 1.181186192308089078e+00 2.381858780456869606e+00 4.030354709659775381e+00 -1.546990308187913721e+00
-5.759285228398694501e-02 5.585614998458492131e-03 -6.691776058949043537e-02 2.158589468568193614e-02 -2.725078858086941655e-02 3.367345866657250886e-02 -2.569299471132693302e+00 -2.144507067884326101e+00 -1.144507067884334095e+00 -1.445070678843315415e-01 8.554929321156586886e-01 2.640499459563590889e+00 2.645694044729374639e+00 5.002762690284594249e-03
-1.338273540510096726e+00 1.145072914583155771e-01 6.193088742852291551e-02 -4.776468552979751259e-03 -4.046193027785971452e-02 4.124271661814134238e-02 -1.197157619783203009e+00 -1.971576197831938493e-01 8.028423802168006551e-01 1.802842380216801210e+00 5.516894332355878894e-02 1.055168943323558706e+00 1.772202190532251309e-01 -1.280144491522000605e+00
-1.930995787441685207e+00 3.115366186458212727e-02 -8.491237567270604192e-03 -1.207632993929294019e-01 -7.683456895365314843e-03 6.750212073137862312e-02 -2.498510749331086078e+00 -1.498510749331089631e+00 -3.540529244147668786e-01 6.459470755852289026e-01 1.645947075585216579e+00 2.501489250668908593e+00 3.501489250668916586e+00 -1.921568139520447360e+00
-1.286960174272162583e-01 6.415339014185339472e-03 -9.140319918488704065e-02 3.229420442745640357e-02 8.441946147855039495e-02 -6.986461717294334406e-04 -2.031734818835102985e+00 -2.107585934060638433e+00 -3.173481883510214513e-02 2.133265428435277666e+00 -2.725872278901385615e-01 7.274127721098717636e-01 1.727412772109871097e+00 6.172776039192695574e-03
-3.368872916251416938e-01 -3.263665036947335785e-02 -1.200732405471618136e-01 -5.474100846164786649e-03 6.351737172142118970e-02 6.556250113303407900e-03 -7.907491391071194142e-01 2.092508608928800862e-01 1.209250860892878920e+00 -9.152911160678165459e-01 8.470888393218542478e-02 1.084708883932173018e+00 -2.264218386360835611e-01 -1.775076430762904667e-01
-5.385955499911675437e-01 -1.756472675820428264e-01 -2.624955503160439352e-01 -7.132720592603460086e-02 4.733413929055060171e-02 -1.844132015434756661e-02 -1.608028863156836241e+00 -6.080288631568291358e-01 3.919711368431755272e-01 -9.474986777634256119e-02 9.052501322236542469e-01 3.391971136843161982e+00 -8.111439532144094633e-01 -4.951160127168977576e-01
-4.472883499408071284e-01 -9.236548054887921966e-02 -1.267001364294923771e-01 -1.486798502486059437e-01 -7.414532163652291785e-02 -1.545522176789552657e-02 -1.981633247054666258e+00 -1.260251430874568923e+00 -2.602514308745721983e-01 7.397485691254206408e-01 1.739748569125424194e+00 3.018366752945327747e+00 -6.940472354036045788e-01 -3.440940952069671543e-01
-6.766157868543266618e-01 -1.949071071937203692e-01 -2.654192532335740151e-01 1.344531993835569872e-01 2.113601180573162208e-01 1.993355663658207266e-01 -1.724883819756167558e+00 -7.248838197561707775e-01 -7.437569755695883078e-01 2.562430244304177984e-01 1.256243024430406141e+00 3.275116180243829334e+00 -7.103295319234781413e-01 -2.390027274147309144e-01
-2.654339824527576219e-01 -2.097240106571130747e-01 -2.059565534952970678e-01 -1.039702040462759935e-01 1.105432506045878338e-01 4.231322375935345909e-02 -1.098557966718074930e+00 -1.855708319570604337e+00 -8.557083195705905698e-01 1.901442033281919741e+00 1.144291680429398772e+00 2.144291680429405211e+00 -3.711356168347053619e-01 -3.237348039496551477e-01
-2.783742110706474704e-01 1.069346084810790173e-02 -5.798724467965207102e-02 -1.385681429515280283e-01 5.923548748993605340e-02 2.143967138644338813e-02 -1.474426681080274193e+00 -4.744266810802614254e-01 -1.262786100504148523e+00 -2.627861005041451370e-01 2.525573318919731136e+00 1.737213899495850811e+00 -2.226357540113696742e-01 -1.292128310484518816e-01
-8.164049511501339160e-03 -1.470200464443488508e-03 -3.997726944922937176e-02 1.116214118397051980e-02 3.798007702234842270e-02 1.405532807988010184e-03 -2.992171778643145874e+00 -1.992171778643109237e+00 -9.921717786431827335e-01 7.828221356894125155e-03 1.007828221356853238e+00 2.007828221356865672e+00 3.007828221356853238e+00 -2.781689877570975473e-03
-9.197108625379556202e+00 -7.615045550708802319e-03 -4.082984335445779406e-02 9.671719981571950953e-04 2.787604054095961167e-02 1.632020089096534315e-02 -9.855981908184100471e-01 1.440180918158046747e-02 1.014401809181584291e+00 -1.428733962342617660e-03 8.028913746204595636e-01 1.802891374620456455e+00 2.802891374620450904e+00 3.802891374620450016e+00
-9.162163587476303661e+00 4.790840881070106833e-04 -3.429491740674132233e-02 -9.066550623266087655e-03 2.621402479851122833e-02 1.447472946676215278e-03 -4.792810698821485804e-01 5.207189301178449803e-01 -2.833579715556426093e-04 -1.621635874762984986e-01 8.378364125236918980e-01 1.837836412523691898e+00 2.837836412523687013e+00 3.837836412523692786e+00
-2.251995150970469428e+00 -1.614578871680971917e+00 -1.991673183991129470e-01 -3.077523094795693859e-01 -2.402519130884923360e-01 -2.977605824679532137e-02 -2.456641045786274180e+00 -6.972596313647519972e-01 3.027403686352472811e-01 1.302740368635249668e+00 1.543358954213717826e+00 1.332722694930726925e+00 5.513376609951149199e+00 -2.144564606140062502e+00
-1.972363949047458265e+00 -1.906918843140606334e+00 -2.238438494692797931e-01 -3.771878308374013722e-01 -1.332360317901106206e-01 -1.393706890923839259e-01 -7.172991391308032316e-01 -2.009717394835908610e+00 1.282700860869185222e+00 -9.717394835897686864e-03 9.902826051640948313e-01 1.652326427328949743e+00 5.620657230559612749e+00 -2.003359910532404253e+00
-1.874813045053060456e+00 -1.310536768408598451e+00 -7.036402181524719079e-01 -5.678202978552050473e-01 -2.042178768143995127e-01 -1.720983783053937066e-01 -7.337645403679489142e-01 -1.978678420711120323e+00 1.266235459632051974e+00 2.132157928886584120e-02 1.021321579288869907e+00 1.709339096599618024e+00 5.578217238001069056e+00 -1.997913315932686729e+00
-6.675596695072120168e-01 -4.390807186999533540e-01 -1.174708909802342494e-01 -1.878023773649435124e-01 1.663669494015936057e-01 -5.388785230948250904e-02 -1.284412430818085538e+00 -2.844124308180706606e-01 -7.159234033425959653e-01 2.840765966574091417e-01 2.715587569181929783e+00 2.284076596657400149e+00 -1.069476986248299344e+00 -5.771288605998651233e-01
-7.003173448637922682e-02 3.423518804919517718e-04 -2.915932699765972497e-02 5.653965992971654933e-03 7.254625253262096674e-02 1.553545571890382199e-03 1.428514601667769425e-02 4.386572789167997484e-03 -1.990324517911040703e+00 -9.903245179110378160e-01 9.675482088957883600e-03 1.009675482088961740e+00 2.009675482088964404e+00 4.997907465003169868e-03
-8.245452945346978813e-02 -4.295704776964140437e-02 -7.024728915268132166e-03 2.563793772999977544e-02 3.254704399890710753e-02 -2.435282410032532652e-02 -1.646822303089718220e+00 -1.687271048768510973e+00 1.727941000726712639e+00 -1.062033224042896906e+00 -6.203322404291267134e-02 9.379667759570893271e-01 1.937966775957085108e+00 5.841487022539626657e-03
-1.724523801492243713e+00 -1.996780821415581886e-01 -3.168054691611564833e-01 -4.758834324235698965e-01 1.149905723612311970e-01 -5.827555061796255154e-02 -1.484136029670903412e+00 -2.041040569205905708e+00 -1.041040569205898381e+00 1.515863970329102139e+00 9.589594307940975115e-01 1.967656716033289843e+00 4.507167376878420839e+00 -1.670302471267353317e+00
