5.334003497245087821e-01
5.074575342818679058e-01
5.059284939956789628e-01
5.334057985398008572e-01
5.332922786407058302e-01
5.331920902055073963e-01
1.011850463876659667e+00
8.181704834324683429e-01
6.942237901011851786e-01
6.041730007114307632e-01
4.192109406578609088e-01
5.792481528608339758e-01
5.344386869597110845e-01
6.631132730007351928e-01
4.123075585080115957e-01
1.382092970397479581e+00
7.288484889765384223e-01
4.985150589176460811e-01
4.404466600377777152e-01
7.869044271602428919e-01
7.810038386450903758e-01
4.485258938973485932e-01
5.524258774767547564e-01
9.013693339316438680e-01
7.155057391384649357e-01
5.630320977456997333e-01
6.121538559073869123e-01
9.325696384876823730e-01
4.882492433237036744e-01
5.931813272480918053e-01
5.709316748600650193e-01
7.397605284899708700e-01
5.320600057555606721e-01
5.174554820073822281e-01
6.330981448692176716e-01
5.139175723899374049e-01
5.171883672580739333e-01
5.218929511746015493e-01
4.871575470983697254e-01
6.244090639852624136e-01
6.696236192749278615e-01
5.149837985018853592e-01
5.201907035730505280e-01
6.285291564359473115e-01
4.562578086287581991e-01
5.766702387918462014e-01
6.386398655124903012e-01
6.875443451260271344e-01
6.143453304661208314e-01
5.901955605178971220e-01
