8.500257648148970002e-01
5.590877310733867178e-01
6.067283661472957501e-01
8.379544060600609967e-01
8.960288835852727729e-01
7.352803522710305018e-01
7.044554956211592778e-01
9.192531461845886431e-01
9.820108995380409933e-01
8.171273337516173907e-01
1.015554613461973066e+00
8.247017731229803195e-01
7.685736137278855740e-01
1.060146774976348905e+00
1.225914128985520879e+00
7.061255841462581451e-01
8.542414427724085435e-01
1.162424055325764982e+00
8.939843829673801423e-01
8.024753404692578362e-01
5.119200190057051625e-01
7.353729596837440541e-01
9.946730810185410165e-01
9.013829452981375612e-01
7.956798238165336823e-01
7.552105671505867646e-01
6.727584142383759014e-01
1.105327374042807786e+00
6.092890447083053607e-01
1.044989585365369678e+00
7.033392284537169914e-01
7.742914600031829409e-01
6.636964905550775118e-01
6.796139221252619489e-01
1.071396954176564664e+00
1.068615843875452054e+00
7.563166369070848383e-01
7.814173775870554284e-01
7.049297233459157486e-01
9.658006990568464012e-01
6.914715555026145211e-01
6.395055073438509208e-01
8.124227507339665255e-01
6.067116674413144395e-01
9.520554157616529789e-01
7.025544694208716301e-01
9.985378616925981721e-01
6.280482120761380349e-01
7.329351355951667646e-01
7.946791493959599606e-01
