2.980169110933544729e+01
2.353775860128197550e+01
2.980188762188662466e+01
2.980193606806447093e+01
2.144138430502892589e+01
2.980215790624948013e+01
2.530775783851826688e+01
2.275369036281983526e+01
2.980188279034848620e+01
2.326648409047789912e+01
2.489131039516610855e+01
2.396052366855873217e+01
2.980152331808121957e+01
2.980218056895949985e+01
2.980249938911155994e+01
2.980161319647463714e+01
2.980139320327111108e+01
2.785635271982492256e+01
2.980243583464942247e+01
2.686801119319815712e+01
2.305059776630788804e+01
2.980221361736712637e+01
2.586456635803604698e+01
2.560207246088721789e+01
2.455203772270855112e+01
2.495092499688960785e+01
2.980233977448972382e+01
2.980170473652346530e+01
2.784588160437098381e+01
2.980244841924684707e+01
2.980192782512101957e+01
2.086934067648711277e+01
2.980123179122927013e+01
2.980195716827821073e+01
2.980196619248691903e+01
2.668585706930508650e+01
2.980212929289885082e+01
2.713216634443379149e+01
2.688373573947110273e+01
1.865661449059780352e+01
2.711705751697267885e+01
2.213719271761864249e+01
2.980236027970890689e+01
2.762608477331921364e+01
2.980215713589727855e+01
2.665846059127918366e+01
2.980215349038097017e+01
2.980216298382974571e+01
2.372352741688841249e+01
2.980225816445344833e+01
