1.893025470935878751e-01
1.731825708228884375e+00
4.227579600317610264e-01
7.579155804521547912e-01
3.657196998129375598e-01
1.180667200066152445e+00
7.409576677740841166e-01
1.237064283855699331e+00
1.785219815141431576e+00
6.717793342874933682e-01
8.720858697046214303e-01
1.288915070049358569e+00
1.804127140317384415e+00
6.499353571230753746e-01
1.654521701924942523e+00
2.515063779771427477e+00
3.956966946671857666e-01
8.324088015488013692e-01
1.121001191067943381e+00
4.075529991357811910e-01
8.025158399056517844e-01
9.320712761498680665e-01
1.429803927175188116e+00
9.012714358956945837e-01
7.566192121856675223e-01
1.262847524775034813e+00
1.692514991898287802e+00
1.308600913519915032e+00
7.757883727416400310e-01
5.976559439186741596e-01
2.214948261433167254e+00
8.642802193984366887e-01
3.262063646416630269e-01
7.021405828316391595e-01
6.081123736316539352e-01
4.307938474787481598e-01
2.910142205013742434e+00
4.183064096354147110e-01
8.367984658017505462e-01
2.302565291749348597e-01
9.637905487559333961e-01
5.444487552131027641e-01
8.654437396027956364e-01
2.885889426764061128e-01
2.146000894741861842e+00
4.863608974866273083e-01
1.469070080813646317e+00
5.322923477004284365e-01
6.479516034367113209e-01
2.017576263527651292e+00
