4.575614964879880509e-01
3.099828840066845004e+00
2.371553725852573458e-01
4.949144844394435805e-01
2.243602539087436731e-01
7.134486731336602272e-01
1.910459770617292941e-01
2.807842296287539341e+00
4.035214230395820501e-01
4.750877743396232922e-01
5.764938815429647700e-01
3.835783734108372811e-01
6.574527091467193829e-01
1.343951560699532033e+00
6.397656864634523322e-01
6.246674436992289969e-01
7.593366403040445745e-01
2.176722210601237162e+00
4.174435850103154211e-01
1.452912171776159722e+00
2.640390199994625542e-01
5.679011991209611532e-01
4.602611556837871154e-01
2.595801279777526505e-01
1.446659630988007983e+00
7.795534676351862924e-01
7.533500972552410468e-01
6.649260877289252525e-01
2.579898349224833964e-01
1.743452400374054578e+00
5.735568174722002199e-01
1.640588358033330696e+00
7.620274678956719949e-01
8.658937017302982264e-01
1.444728865668919671e+00
2.074750258139573589e+00
2.222348620488091786e+00
3.471204507178583532e-01
6.463905379670188411e-01
9.902961230508774415e-01
4.024937052601992304e-01
7.641636329976316810e-01
4.922062153313508936e-01
1.793223516934949746e+00
6.716353917182777966e-01
6.108753885907981518e-01
8.446928450849355841e-01
4.709055916608387293e-01
1.107693474412924095e+00
2.001025999926214993e+00
