1.939813260623843849e+00
2.087051903650761542e+00
7.419827947076110819e-01
1.854497381388549471e+00
1.363445569735947549e+00
3.315751418046875010e+00
1.443779228577653173e+00
1.503165873935191854e+00
3.333888192222698166e+00
3.315863358171512676e+00
2.964011783531371069e+00
6.417760565296428688e+00
3.492687291350426548e+00
2.654990420788246208e+00
1.511497602983276956e+00
8.450222704913258331e-01
9.025999592358935786e+00
3.882398603901472955e-01
5.204478250428274944e-01
1.922204862969226102e+00
1.065167117058718693e+00
3.535342889554957124e-01
3.178886772798759530e+00
3.225109245504103939e+00
3.203521583036751608e+00
1.141555487717605732e+00
2.423994035058518293e+00
7.345690197878771421e-01
1.183537377448972805e+00
1.538073714087398347e+00
2.092040987412386865e+00
1.208515123267570379e+00
2.262444126042272519e+00
4.020647566416807983e+00
1.101302660361674901e+00
1.455086878702168462e+00
1.487190374924522995e+00
1.137532356291712343e+00
2.301964020997660398e+00
3.461003274695459098e+00
4.167868747238345217e-01
2.538170822581006014e+00
1.330443966330235206e+00
2.471424201158858303e+00
6.793696919211178464e-01
1.056698493183801491e+00
1.878752016552108772e+00
3.918420498915893724e+00
1.944161934446112072e+00
1.265213193265446900e+00
1.599942159781082118e+00
1.376453097411199922e+00
1.661465338610565112e+00
7.131219358412753451e+00
3.288236037699328040e+00
7.130462291162240618e-01
1.128976317648493710e+00
1.862273417444827217e+00
4.167873701870767889e+00
4.064293267796744047e+00
1.351346968915746682e+00
3.893728763665699422e+00
3.218550146663268663e+00
1.213444752172301078e+00
1.148984115787002436e+00
1.098187168901157529e+00
1.593235551779364156e+00
1.865716481974489138e+00
1.641234379964070733e+00
6.831753516871719611e+00
7.046442705371684934e-01
1.624609859156783465e+00
8.782650731867593930e-01
1.268637108379655043e+00
1.810789673837958969e+00
1.191534728799087839e+00
1.190504753753833800e+00
2.683307816530794199e+00
2.258152270745755974e+00
8.639685236882884700e-01
5.656729759820020575e+00
2.505491114513832329e+00
1.154147242991783839e+00
7.262610088984606804e+00
2.856981533395552830e+00
1.866627605515222443e+00
1.750210083544521122e+00
2.434854970340630587e+00
1.559527904916798491e+00
5.649409518938246499e+00
1.907319339608877007e+00
1.382844085756101737e+00
9.564939480755295653e-01
5.467187314234331907e-01
9.369255160064142718e-01
2.543417824267657501e+00
6.877626850759924748e-01
1.712229193975734587e+00
2.388088335882794677e+00
1.084932390645346523e+00
