-1.052807296423080174e+01 -9.529632229188630177e+00 -8.529580619016835286e+00 -7.529214504936895480e+00 -6.529185246506877149e+00 -5.529194053093135608e+00 -4.529421079734518685e+00 -3.529461745003423800e+00 -2.529457013884730543e+00 -1.529444906691274753e+00 -5.289557686245078827e-01 4.702499622309552763e-01 1.471218239685336826e+00 2.471369814296995315e+00 3.471294101496967599e+00 4.471001047810350570e+00 5.470868025144376645e+00 6.471568655391966018e+00 7.470921766182222257e+00 8.470390629192628751e+00 9.470664534887111685e+00 1.047046492638233417e+01
-1.322320441128338864e+01 -6.967312000836646924e+00 -7.104006500819808778e+00 -5.489088776544878812e+00 -6.494338759968875330e+00 -3.576555444085853352e+00 -1.669472147990209709e+00 -3.804093771343123098e+00 -1.361558667753401952e+00 -8.943903828576535986e-01 8.751287944982116818e-02 6.563204817967395188e-01 1.821778211509452738e+00 2.638481938583903563e+00 -9.123181650450495894e-02 1.009988884004576981e+00 3.164039269055674453e+00 7.512077054443423663e+00 5.616348829054951253e+00 8.615568778493685187e+00 8.710333313910636477e+00 1.020119461147545614e+01
-1.233717746723117692e+01 -8.751882345814061992e+00 -7.760098451088609295e+00 -7.236853499974740700e+00 -5.871974753894538601e+00 -5.017337281573425400e+00 -3.959032846407538386e+00 -3.018129817920168989e+00 -1.765607046950555148e+00 -9.960342198232674527e-01 -1.699587085784571294e-01 1.000548980107302421e+00 1.848984855095393565e+00 2.754724133034868405e+00 3.942834644476585826e+00 2.263896175237922304e+00 5.878529799841366810e+00 4.449735100287562695e+00 5.245808777553546243e+00 8.581376462921314285e+00 9.618838366098733772e+00 1.065720071639193023e+01
-8.907797092218299184e+00 -9.588029516431115340e+00 -8.665562108158637145e+00 -7.389665950222198632e+00 -6.576958084941714411e+00 -3.579379347322465321e+00 -4.361957670403133314e+00 -3.545763160439232564e+00 -2.946429724028825969e+00 -2.031126939707315060e+00 -7.087510912725232259e-01 -1.513974559074497961e-01 2.896284978852714964e+00 1.836384706773972475e+00 3.051940942124582001e+00 4.138551486217668440e+00 4.899635194088819645e+00 5.674138183800776503e+00 6.698463180600466416e+00 9.757187681778489718e+00 8.748096240630442111e+00 1.011052711797496251e+01
-1.052727408724069846e+01 -9.529295332899133442e+00 -8.529325187375583539e+00 -7.529109209945263004e+00 -6.529728211631816492e+00 -5.529891520907932900e+00 -4.529155202379273604e+00 -3.529834285547790884e+00 -2.529562093486818597e+00 -1.527836680581613038e+00 -5.296648071909473288e-01 4.702456889843453780e-01 1.470300249586056651e+00 2.470223486254164769e+00 3.470273688266225065e+00 4.472462557086894108e+00 5.470688804814766826e+00 6.472531497309157444e+00 7.470269962975931932e+00 8.472053959796378209e+00 9.469933792779391624e+00 1.047008450312371153e+01
-1.323428351705985051e+01 -7.283563296613978721e+00 -6.598041651964983600e+00 -5.523888901736429879e+00 -4.597503921846975317e+00 -3.680618226566488183e+00 -2.446046061342239675e+00 -2.714168094978175461e-02 -8.139934644087416515e-01 4.321965065392110450e-01 1.088550377607880870e+00 -1.992170007324010506e+00 2.416822241159639617e+00 2.767390280842819905e+00 -4.827516295881730812e-01 -1.447248063984556410e-01 3.503102729136913673e+00 5.797560019557739253e+00 5.559671580234970989e+00 8.753988335208958915e+00 7.795626270186814644e+00 8.068210397115137766e+00
-7.970550131375546243e+00 -9.261443099184909045e+00 -9.877610289861404880e+00 -5.276140825419845193e+00 -6.510257179080548795e+00 -3.067194037937889028e+00 -3.557887062960705116e+00 -1.232901363291270425e+00 -1.195149442587168931e+00 -5.492047705141223091e-02 1.131433874686918140e+00 1.545834499570339693e+00 8.411437149664544588e-01 4.124830690731619010e-01 1.583625005775239902e+00 5.234795267753442616e+00 6.166033395208736501e-01 6.924441919080710051e+00 3.061857633913468657e+00 5.224013811180256539e+00 9.656064519110971744e+00 1.113014882590884191e+01
-1.052862173403535451e+01 -9.529066638005053491e+00 -8.528883692723795207e+00 -7.529113818806710157e+00 -6.529104840857062442e+00 -5.528937314552347715e+00 -4.529577386480841739e+00 -3.529114265841529985e+00 -2.529178467494514138e+00 -1.529287827116533549e+00 -5.293182180347884014e-01 4.707198246297394917e-01 1.470891519534303526e+00 2.470532874661397926e+00 3.470707605677553431e+00 4.470844722437572472e+00 5.470768581229163985e+00 6.470768104392002229e+00 7.470999336886125164e+00 8.470594405281257622e+00 9.471020310270505504e+00 1.047074849073858438e+01
-1.057691786953437330e+01 -9.459027659735356863e+00 -8.502737794299324747e+00 -6.409137994592912335e+00 -4.969718216862583304e+00 -5.567167288294854188e+00 -4.486908221251703743e+00 -3.792006155999807504e+00 -2.668105400110157621e+00 -1.976823655003545177e+00 7.502699392981764248e-01 4.354324076757020157e-01 1.141365627497660462e+00 1.969250214006658117e+00 3.149161554855444134e+00 4.036309360831508819e+00 4.868151005193182002e+00 6.232212747554125798e+00 7.055576674770230206e+00 7.747897802666364520e+00 9.043719203279824370e+00 1.133759528984573350e+01
-1.056280139331871659e+01 -5.296132307399253669e+00 -7.147333855998245333e+00 -8.476086725311340331e+00 -3.047484215729768131e+00 -6.041309823078512942e+00 -3.307580913654957655e+00 -3.477459029258978429e+00 1.049676594505539740e+00 -2.459686780478753665e+00 -1.448786202714745786e+00 8.031736439496306446e-01 5.077773600790662645e-01 1.016422148560234051e+00 2.933935381844410273e+00 6.405658006064719245e+00 5.376829594779755084e+00 3.933733006354965589e+00 7.168451511986130065e+00 5.812883610016305269e+00 6.348684558987204518e+00 9.265827401605285729e+00
-1.052863785031843236e+01 -9.529307799075118268e+00 -8.529255734417910517e+00 -7.529447020624170150e+00 -6.528521360490790570e+00 -5.529213295910837545e+00 -4.529424445364954366e+00 -3.529030600224031033e+00 -2.529137761924753036e+00 -1.529512496326441706e+00 -5.291198209266774199e-01 4.709900229830612517e-01 1.470654009248727689e+00 2.471343664791088912e+00 3.471459789540276120e+00 4.470463162626732156e+00 5.470679631795395181e+00 6.470763152803883145e+00 7.470188675786964438e+00 8.470457597043020925e+00 9.471391467716200552e+00 1.047060858305881936e+01
-1.052645182626491760e+01 -9.529385961761526858e+00 -8.529440500011496340e+00 -7.530119031837053001e+00 -6.529553584923787568e+00 -5.529873565008706748e+00 -4.529621444811873232e+00 -3.529958434572286308e+00 -2.529664330353774915e+00 -1.527688220312654721e+00 -5.294598640704712977e-01 4.700096471404453524e-01 1.470264158973632718e+00 2.470395177433427847e+00 3.470344818959180344e+00 4.472457215020602561e+00 5.470661602745000351e+00 6.472540326247157694e+00 7.470435328612278880e+00 8.472039989957757200e+00 9.470103822479192246e+00 1.047035624814981070e+01
-1.063788069459221219e+01 -6.813967756665142872e+00 -6.312269639455366566e+00 -4.407155574236025330e+00 -3.676836422211954281e-01 -3.528276750165253439e+00 -5.445664709027438377e+00 -9.937229529099367298e-01 -2.542431867611862017e+00 6.438680449281637408e+00 7.783847481019382508e-01 -2.123783755243235483e+00 -1.630826653485092370e-01 4.151325796751740071e+00 -9.017320720965675829e-01 2.000774681859950554e+00 1.340647305541967427e+00 5.502132813196401351e+00 6.483987704737071311e+00 5.398735943948675953e+00 5.561020778734475201e+00 5.940353429208870217e+00
-1.404424428388976054e+01 -7.171933202239642036e+00 -7.562801900798630683e+00 -3.789585731727887818e+00 -2.382806997916619984e+00 -2.862389410059589245e+00 -2.310867739435557233e+00 -8.443995111983173540e-01 7.754936774972449598e-01 1.638525943455542588e+00 -3.180511442711366321e+00 -1.412324631414030307e+00 -5.090877363694157332e-02 1.799960472137068113e+00 4.143758638447457621e+00 4.137522373301763423e+00 5.049106792505487995e+00 6.722509994509293207e+00 4.024932362667744457e+00 4.351695615295108510e+00 6.410265295578840394e+00 5.917394031422755774e+00
-1.052929537794133807e+01 -9.528667852790523085e+00 -8.528312474997219894e+00 -7.528624997050949119e+00 -6.529320061714807721e+00 -5.529179275543862460e+00 -4.528571934015930722e+00 -3.529093653471653269e+00 -2.529140107841639562e+00 -1.528724782676865956e+00 -5.292297085239230370e-01 4.705029795454205299e-01 1.470758720724409940e+00 2.471218369393168857e+00 3.471382833509270682e+00 4.470543674616640928e+00 5.470523885874573722e+00 6.470547057180233708e+00 7.470141872255634752e+00 8.469985931603735807e+00 9.470159500329323521e+00 1.047078697332603525e+01
-7.458810194475402611e+00 -6.433801898177232026e+00 -1.050464816927115663e+01 -5.300562086669144080e+00 -4.407439083165448857e+00 -3.812438817894534537e+00 -3.926600268354123457e-01 -3.780468161923747239e+00 -1.713983062300663995e+00 -9.985423018812387141e-01 -5.936972797889743525e-01 6.043833884243909882e-02 1.733947514222325292e+00 1.804335647625269878e+00 3.849628182287887501e-01 6.999287484886293598e+00 7.054258660980318396e+00 1.389306060177513125e+00 3.874578499313592772e+00 3.147238052793047025e+00 8.413709760385341241e+00 9.893379816717999375e+00
-9.391286993542857786e+00 -1.015150892708511243e+01 -5.551921574736254250e+00 -5.162666158869217981e+00 -6.430499731422688825e+00 -5.734837221682059116e+00 -4.770572742078401873e+00 -1.549514189690357036e+00 2.306797003711830829e+00 1.909269747482169155e+00 -1.706125810543010601e+00 -1.004606646216108956e+00 -2.853345266698219529e-01 1.980701337542838836e+00 7.632374885795200292e+00 2.798895521931672459e+00 4.342746355744186992e+00 4.616041551963419032e+00 4.861034624351540323e+00 5.591597352531609388e+00 6.835810181702278499e+00 8.221997531569131823e+00
-1.270176869496269134e+01 -6.329440760911567487e+00 -5.386163687764588204e+00 -2.217789494132275330e+00 -3.020148228548549252e+00 -2.123799076030233657e+00 -2.628208931619583577e+00 -3.154093308176315169e+00 -1.147876326361067845e+00 1.075724404241492849e+00 1.878051397756295149e+00 1.231236224382089572e+00 3.864640001751371567e+00 2.467039051748477263e+00 -1.379189358793898812e+00 5.631030804457339833e+00 5.551117156271111241e+00 6.821575208004784230e+00 1.050511477083144740e-01 2.841648708730367012e+00 4.222958214513307773e+00 3.756797119525809414e+00
-7.767719348542834190e+00 -8.385909701284445461e+00 -1.073668698556286749e+01 -5.903750310591707517e+00 -6.897118789812155093e+00 -3.504886737126660545e+00 -3.697228417130821843e+00 -1.512691602260636703e+00 -9.839126568906124692e-01 -7.264206611360457533e-02 -6.961438570029394590e-01 -1.173944572962332122e+00 1.254818367618884212e+00 2.206768184014519907e+00 2.521469598071762963e+00 1.159960738953322634e+00 5.149234548291440561e+00 5.122801648609626390e+00 6.241789847888149723e+00 7.102982096580907623e+00 9.711439009552908175e+00 1.021976257749007289e+01
-1.087371808059277534e+01 -5.375679086476832680e+00 -8.096092997419550130e+00 -2.771162507550028131e+00 -3.225133377255769762e+00 -4.185874410692441039e+00 -4.737071693783049042e+00 -2.094771930670912496e+00 -3.137110611391257020e+00 -2.694822769112048988e+00 7.877970549773949394e-02 4.104820540049050948e+00 -1.488995637399450178e+00 1.484255201005012292e+00 1.235941448861045622e+00 1.986117116870314447e+00 2.945585949949567350e+00 9.003083341959763786e+00 4.991141663549733209e+00 5.546237924063502689e+00 9.051249324785876738e+00 7.611612457542494603e+00
-1.053060530041424414e+01 -9.531742318618007914e+00 -8.530981852757644646e+00 -7.519599064337947780e+00 -6.530932231890867357e+00 -5.519751384007642869e+00 -4.531524582850659399e+00 -3.531644984233105689e+00 -2.531351312148267141e+00 -1.531156971203996520e+00 -5.312797567722373770e-01 4.693498470905250741e-01 1.468889401209636958e+00 2.469055638563911970e+00 3.469249383461754377e+00 4.468389407646933265e+00 5.468166277659221919e+00 6.479955718767921979e+00 7.479875669729993959e+00 8.468332634222782929e+00 9.469160065901556678e+00 1.046853728677062101e+01
-1.052905172092673780e+01 -9.526803761551320804e+00 -8.530138701031157566e+00 -7.530373111197906866e+00 -6.529258712956849564e+00 -5.529200255701493205e+00 -4.529618978331047430e+00 -3.529836550185644128e+00 -2.529598772356456138e+00 -1.528011500666085709e+00 -5.267751215195151104e-01 4.701775314116929394e-01 1.469989806582976399e+00 2.470098108222526179e+00 3.469789952209040962e+00 4.470976829698132704e+00 5.470993161370802937e+00 6.470236286690287386e+00 7.471704662015486775e+00 8.472328096797511421e+00 9.470039650967168043e+00 1.047072467224840331e+01
-1.052771823362185444e+01 -9.529099377549485439e+00 -8.529494213617644149e+00 -7.529231707311486943e+00 -6.529402862048939937e+00 -5.529173473573541386e+00 -4.529122288084833414e+00 -3.529732684350816996e+00 -2.529528255320384389e+00 -1.528742517090636355e+00 -5.290701638229773351e-01 4.704187636009748985e-01 1.471034241162930911e+00 2.471535248004583352e+00 3.471124326132928317e+00 4.470582803033984476e+00 5.470949878238831943e+00 6.471657713197858541e+00 7.470793959938681894e+00 8.470206511460929732e+00 9.470327397131118374e+00 1.047007650628009578e+01
-1.373286757045982576e+01 -3.946377343122310588e+00 -5.757040481534505538e+00 -6.323798457897502168e+00 -3.989166641294517035e+00 -3.628327092325827063e+00 -2.031220904488112211e+00 -3.702246951509843509e+00 -7.015601143604313084e-01 -2.727818211854567743e+00 8.069343744683510344e-01 -9.036273989748663249e-01 2.382876591546341682e+00 2.015541053695160123e+00 1.204830142954610217e+00 1.558863301869840345e+00 7.464331762344705190e+00 3.893941574675200634e+00 6.427609527580983695e+00 4.654045657792112323e+00 7.269622861820831616e+00 9.123845890864156871e+00
-1.022513158847180570e+01 -5.891230589869562273e+00 -9.639574834214833743e+00 -7.451198671960125530e+00 -6.192279593018408690e+00 -2.179198546768832401e-01 -3.508566876581083349e+00 -3.558041149478580856e+00 2.581333318260095488e+00 1.692592467391796029e+00 4.833040890063552197e+00 -2.797399229718036118e+00 3.922556189723980236e-02 -8.610558483854737766e-01 2.378702415363994405e+00 4.218521248372919530e+00 3.030432899192882168e+00 3.881044064131134785e+00 6.839009059378969191e+00 6.275034113640892031e+00 6.682635584844846655e+00 7.249218185626459032e+00
-1.169554363294100163e+01 -6.842052262612733138e+00 -8.615919452659989375e+00 -4.844837582939430121e+00 -7.235892839418278655e-01 -4.306895359417930891e+00 -1.150652837743192602e+00 -3.602501822507480078e+00 6.579622249450758353e-01 2.767605125978215952e+00 -1.153828552027975629e+00 -1.600081664294900730e+00 -8.408244463285202697e-01 4.661840062672209406e+00 2.370026351495793548e+00 5.357751552269490070e+00 3.430283135773490422e+00 3.090007765704946952e+00 4.330930694619670618e+00 3.076497652340076883e+00 6.926275191754013072e+00 8.065938711651972071e+00
-1.052842571704898234e+01 -9.529249252074128762e+00 -8.528980531983741287e+00 -7.528746419840246062e+00 -6.529305481605891970e+00 -5.528749720447436289e+00 -4.529168115251444249e+00 -3.529865035109901683e+00 -2.528630637817737892e+00 -1.529765018515956143e+00 -5.293565404347368997e-01 4.712996098466923911e-01 1.471271983093838998e+00 2.471323190934283431e+00 3.470395906574353262e+00 4.471213272518737014e+00 5.470750271088707706e+00 6.471018946475604494e+00 7.470408132977116367e+00 8.470279327339751418e+00 9.470673343844035585e+00 1.047000005722723515e+01
-6.828958476754102946e+00 -4.107667706519000816e+00 -8.616706448048049083e+00 -7.754720811355523935e+00 -6.971301363795419981e+00 1.600356263380686705e-01 -7.832334636565486008e+00 2.298683164939067325e+00 -3.370410922565729273e+00 -1.918570301976599390e+00 -2.054633909495971356e+00 -2.658932120829766710e-01 7.059394679321144395e+00 1.272977063704689549e+00 2.330748672733277349e+00 8.912215354465506945e-01 4.436230476666821687e+00 4.893275992664874785e+00 6.164260873095073201e+00 4.518075515625179506e+00 8.284983674076041638e+00 6.769702086338056368e+00
-1.302511137545094400e+01 -7.651729452325445102e+00 -8.310005235875982166e+00 -6.031902729189510204e+00 -4.435627778863100446e+00 -4.059692573206881150e+00 -3.609959088840027697e+00 -3.252620720003652099e+00 -2.343709920986488893e+00 -3.490637209021323351e-01 7.012216774303074995e-01 6.305739706461592764e-01 -9.587794147503747588e-01 2.990465984387276510e+00 3.900839393172273351e+00 1.882956336565951627e+00 3.179825421427935783e+00 6.574911113093701687e+00 8.097635888338837518e+00 8.633720824198576338e+00 9.227032331764521089e+00 7.567410641158986984e+00
-1.052685527317220249e+01 -9.529992295429098093e+00 -8.529764851555212246e+00 -7.530156521126633251e+00 -6.529367631301266073e+00 -5.529440870508549821e+00 -4.529285451397297990e+00 -3.529091639444230211e+00 -2.529352886602257655e+00 -1.529722278937684976e+00 -5.295290406793267124e-01 4.700174201279949671e-01 1.473093757405884219e+00 2.469846220687033522e+00 3.470722468569883645e+00 4.471874812617905093e+00 5.472178550437099886e+00 6.470193119719629848e+00 7.470096888020641757e+00 8.470319168642170382e+00 9.470666447654368270e+00 1.047194145806134280e+01
-1.052780712243512085e+01 -9.529464071955187521e+00 -8.530145427550783310e+00 -7.529334253038889813e+00 -6.528503125872118673e+00 -5.526259472932331107e+00 -4.530302202667705558e+00 -3.528995251621729778e+00 -2.527763953771104966e+00 -1.529092198576442740e+00 -5.271438568491912946e-01 4.694725811820052996e-01 1.470877313647754647e+00 2.469987297091959633e+00 3.470665642652990712e+00 4.470560947094444515e+00 5.470062384043218984e+00 6.469882959161278535e+00 7.469476380978113284e+00 8.470181727443218733e+00 9.472282508049492122e+00 1.046975276771593499e+01
-1.052956340275697755e+01 -9.529447471722946261e+00 -8.529505221173153018e+00 -7.527226699516178954e+00 -6.529842725023607741e+00 -5.526893397793168461e+00 -4.529658583924154769e+00 -3.529990760609507561e+00 -2.529764978215073512e+00 -1.529582237824774538e+00 -5.274655874818456880e-01 4.727081451565133818e-01 1.470257626846443344e+00 2.470313655212526882e+00 3.469965705648075271e+00 4.470196703448902298e+00 5.470175104215750039e+00 6.469981858506809402e+00 7.470422396436340762e+00 8.470454791560779739e+00 9.472431035712371994e+00 1.047042561508716041e+01
-7.630769634359448439e+00 -8.983488271971028283e+00 -3.887334863944375218e+00 -6.622990626240012446e+00 6.218344715047470217e-01 2.258419851233959275e+00 -4.762766862762298992e+00 -2.411355085450804570e+00 -1.354482960174073547e+00 -5.990122176456257108e+00 -2.060638086781868272e-01 4.071384289667443923e+00 7.007177741833929829e-01 5.224406981764709634e+00 2.807667765610336374e+00 4.610665071299102635e-02 8.066179196566922727e-01 2.765442372832946472e+00 4.801983722793710996e+00 6.714237203948275834e+00 4.944733383997313325e+00 5.444213473919945478e+00
-8.810293959390021357e+00 -5.718746066874310863e+00 -3.962568720794339860e+00 -6.869039366376624045e+00 -7.717719688237480113e+00 -4.369466846683263128e+00 -3.556930114546870580e+00 9.565403778417513880e-01 1.511393854411654969e+00 2.122922567489260448e+00 -3.365326641222267767e+00 2.021334949978133455e+00 -1.315165926889222847e+00 -1.098106559822849437e+00 4.541367896533453852e+00 5.296875752199560416e+00 8.240977948328247038e+00 1.421144054231265663e+00 1.355312086618746470e+00 6.696133956350090344e+00 4.808347326586645210e+00 7.169404692058414241e+00
-9.448409385852986730e+00 -2.894021856420193828e+00 -6.012787379687446254e+00 -3.898218619351235148e+00 -7.786759224339938612e+00 -2.810809691271999089e+00 -2.889702103145665113e+00 -1.287377818798951523e+00 -7.025274960999859708e+00 4.980770111575016923e-01 1.695679527422473187e+00 3.151105774740022625e+00 4.436247308882478535e+00 4.165007649829441050e+00 1.376803091898068043e+00 2.445983209014973347e+00 3.614944163842925384e+00 6.798702219515970313e+00 4.614108139420442178e+00 2.482236440095205499e+00 4.156548872925180049e+00 3.976309202913559382e+00
-7.769336711279734686e+00 -8.305966874755775109e+00 -7.594800304802089563e+00 -6.369036550496819160e+00 -5.337174292134763576e+00 -2.916382249108559144e+00 -3.380332190711782037e+00 -1.898986530798448591e+00 -5.396922425396953882e-01 1.379833402374821549e-01 6.383883257282947365e-01 -2.974218914097395583e+00 -2.960459382798166672e+00 3.981815590927445303e+00 4.506434058399792164e+00 -5.264591362395107943e-01 6.105177925578909814e+00 2.787235779221315823e+00 8.121479723763341596e+00 3.805955742235526795e+00 9.271580233039962593e+00 1.057518623242064670e+01
-1.122156866534239050e+01 -7.006774166316020569e+00 -8.802024808517199261e+00 -5.133587881238998563e+00 -6.628181640225266236e+00 -5.793120512414597911e+00 -4.971331633586022036e+00 -3.749074160442982251e+00 -2.886310700097529214e+00 3.721656912416029250e-01 -5.706141446896050295e-01 5.230733710693535876e-02 1.202150615403422274e+00 2.086267664948177281e+00 2.834651385739354712e+00 3.408098023294439560e+00 5.158800333570347618e+00 5.365068301713344034e+00 7.029397697372967713e+00 7.237922311671909803e+00 1.149280318434307802e+01 9.881347338255011437e+00
-1.052888547408982589e+01 -9.528512207452527250e+00 -8.529231628064392723e+00 -7.529145439748068824e+00 -6.528819409791706718e+00 -5.528781091455703844e+00 -4.529539545659302391e+00 -3.529079502109773614e+00 -2.529272390190836717e+00 -1.529641953889607109e+00 -5.295695118944703239e-01 4.706864379007740240e-01 1.471026825125926862e+00 2.471297333355657599e+00 3.470703715797178290e+00 4.470809216018430732e+00 5.470940986986869703e+00 6.470586890693418525e+00 7.470721969719644306e+00 8.470523188229313050e+00 9.470953042026277302e+00 1.047062012028288081e+01
-1.265843482913332529e+01 -8.952434776169525321e+00 -7.678079383394345925e+00 -6.444350391634872999e+00 -5.662097084328173047e+00 -4.644606441464037339e+00 -3.718870501221346547e+00 -2.861016523335757622e+00 -1.933606320176410209e+00 -7.482115511001826702e-01 -1.407014741817323722e-01 6.029386472436458755e-01 1.862991614319269518e+00 2.560609782358477471e+00 4.027062768533594905e+00 2.618721417924805728e+00 5.669675299768461407e+00 4.102185192252240320e+00 5.031800898821918722e+00 8.360053381012178875e+00 9.396466252834223098e+00 1.056829559286086528e+01
-1.052879036099403720e+01 -9.529508626765830215e+00 -8.528764187104327377e+00 -7.529168060726775025e+00 -6.528685285455809506e+00 -5.528911432928680370e+00 -4.529604083604446885e+00 -3.528498246080516765e+00 -2.529399326748471566e+00 -1.528967140919782253e+00 -5.288547787138178080e-01 4.709593367508713158e-01 1.470972852104077688e+00 2.471144282513028756e+00 3.471418903463252548e+00 4.470351637595067373e+00 5.470096090131171707e+00 6.470729776912101272e+00 7.470441141419781772e+00 8.470619314604169503e+00 9.470225536518457332e+00 1.047058422982014214e+01
-1.052906541407786278e+01 -9.528720325536342628e+00 -8.527695758945553095e+00 -7.529461092061627170e+00 -6.529730810529800422e+00 -5.529523587531681272e+00 -4.528718954629507465e+00 -3.528150855309592160e+00 -2.528679146177383430e+00 -1.528829007155515285e+00 -5.283640611239484031e-01 4.703683417967727820e-01 1.471304104917429356e+00 2.470535391264336411e+00 3.470208087258717100e+00 4.470831015401262931e+00 5.470033557408230607e+00 6.470218115740198783e+00 7.470323340289970915e+00 8.470160254531283073e+00 9.470265732400790171e+00 1.047108264385975751e+01
-1.052680665881113242e+01 -9.530064268714989240e+00 -8.528891741044125396e+00 -7.529868705875513157e+00 -6.529140746898265846e+00 -5.529383829540838846e+00 -4.529796129769911417e+00 -3.529455533928491207e+00 -2.529865666038579874e+00 -1.530027470297417480e+00 -5.296356889673177193e-01 4.698343363336583423e-01 1.470109262757691937e+00 2.470431828194048052e+00 3.472122826867488854e+00 4.472305619411853783e+00 5.472706713967708581e+00 6.469986566596412914e+00 7.472155266695407860e+00 8.470148214393045549e+00 9.470774838023563902e+00 1.047075253843584797e+01
-1.398729943339962389e+01 -8.940332998536158371e+00 -7.404260058987073734e+00 -3.598916357726878790e+00 -2.824173003843864382e+00 -1.262644241220727714e+00 -3.518625794208798840e+00 -1.352322487047939115e+00 -1.438013119893717828e+00 -1.937285747789329271e+00 2.702629681269550499e-01 -7.726676657236904999e-01 1.387843954727561835e+00 2.299189830359299247e+00 2.949984963874687338e+00 3.171085980775877111e+00 3.921686961098068913e+00 3.100171095553664546e+00 5.626877308295030744e+00 5.088122243031504510e+00 8.637036094336647096e+00 9.942671079988496530e+00
-1.120686713826384739e+00 1.424110883409011930e+00 -5.394441487626909115e+00 -5.696674774144276476e+00 -3.213417094907936811e+00 -1.555180006554239158e+00 -6.345956359409322012e+00 -1.682664098560298083e+00 -1.515569656852639779e+00 -4.694125170177644080e+00 -2.660281589978321648e+00 -2.006158506905959094e+00 3.538020040252380483e+00 -1.362509264319272662e+00 -3.023005069957414026e-01 1.852783479496601604e+00 -3.650373234730169281e-01 3.288590960361248872e+00 7.444952875191410691e+00 6.075967711245979785e+00 5.090025489418882110e+00 8.558942686146417955e+00
-9.921485288819237525e+00 -8.793445878504533297e+00 -5.512036987873729643e+00 -4.715449599791845081e+00 -4.695026811931021449e+00 -4.747314980346935442e+00 -5.628232925504192963e+00 -1.840323606423222236e+00 -1.285757042861225496e+00 -3.108767326979041901e+00 9.470621859547752042e-01 2.811141516069104895e+00 2.572631746001304620e+00 1.291083789395948589e+00 3.801946210792784608e+00 4.094834614835343167e-01 6.578587597639280027e+00 4.265001414022177251e+00 8.075572879382869829e+00 3.269868777919978875e+00 1.039159635356312705e+01 5.192256088600083253e+00
-7.784615229264526093e+00 -4.934738672350469812e+00 -6.005384956854618039e+00 -5.794576679381643558e+00 4.539145118275027535e-01 -5.314826646005484712e+00 -1.555376767720567655e+00 1.485801725097940729e+00 1.919266034058582093e+00 7.006837453137205740e-01 1.191555232150824484e+00 3.397296406991418216e+00 -2.526844132058902126e+00 1.595421083144977548e+00 4.899128440314290955e+00 -9.558306455101035493e-01 3.966391330599194909e+00 6.928087051511703010e+00 3.568672938591945787e+00 1.365793562528524685e+00 4.270420344780814226e-01 2.331531204327591311e+00
-8.015167662972494611e+00 -6.950216463969137948e+00 -1.066279731509824913e+01 -2.104712599389295669e-01 -4.121515183946031335e+00 -2.024265422287827132e+00 3.985072093943361482e-01 -2.599764725566477530e+00 3.291829416771587802e+00 2.988337910542552933e+00 1.852235382765074601e+00 3.695332244901677665e+00 8.608283027615328820e-01 -1.773545572993695529e-02 2.674311761978596103e+00 6.425889630550536413e-01 1.550206215057888581e+00 3.099581475371494754e+00 1.734731365179992491e+00 1.150981626283464454e+00 5.982890274987321177e+00 4.037962912248495684e+00
-1.225654638720422618e+01 -7.265030316380375552e+00 -6.456637113192016386e+00 -6.809361478179460470e+00 -4.455060904353647544e+00 -3.549283859102029481e+00 -2.781984730693665142e+00 -3.059085200880860889e+00 -1.463013837666759187e+00 -2.045667650142223515e+00 -4.775754641229148501e-01 4.882595545300804640e-01 -1.722369339346922601e+00 3.083610634486446678e+00 5.313313220485931687e+00 1.315802612711735931e+00 2.660582793705740468e+00 5.726447778792758569e+00 8.618786617657068660e+00 7.740525488411990729e+00 8.908218963476135954e+00 7.844460188797199862e+00
-1.052952353097494864e+01 -9.529078507795913922e+00 -8.528898464515791034e+00 -7.528583863750109018e+00 -6.528345981612785565e+00 -5.528841549530627120e+00 -4.529513040557491266e+00 -3.529217550531035030e+00 -2.529259542003256200e+00 -1.529833206906912935e+00 -5.291967783123201485e-01 4.704116042703407885e-01 1.471048725768925536e+00 2.470994120463732457e+00 3.470793513581156731e+00 4.470515644177798009e+00 5.470779849216345525e+00 6.470710655674340117e+00 7.470661489292989899e+00 8.470771519467239941e+00 9.470870157703759062e+00 1.047112630866468308e+01
-1.216366945425543911e+01 -2.843814548867882763e+00 -4.120758818465040108e+00 -6.094433684942317520e+00 -6.895929392658250556e+00 -1.224302605218501760e+00 -5.714426515952880870e+00 -3.408614886336860383e+00 -2.464635420581295477e+00 -1.516181344257445218e+00 -1.491255443578721529e+00 2.650846629224101747e-03 1.090395193549080100e+00 4.571956894388799597e+00 5.906737381044145252e+00 2.338356313958898536e+00 3.406157341011104123e+00 3.509071877439450482e+00 5.421322091131546728e+00 6.035685610468599194e+00 6.611405860977358273e+00 8.402674276306399292e+00
