-8.693442964771175951e+00 1.358132089750065628e-02 7.340508537608884422e-03 -4.190138546880397413e-02 -4.576490773341272689e-02 1.627424383470498781e-01 -1.356242388950387401e+00 -3.562423889503832930e-01 6.437576110496200377e-01 -1.164507866243725154e+00 1.172692399345051539e+00 2.306557035228825825e+00 3.306557035228826269e+00 4.306557035228824937e+00
-9.939670806977946027e-02 -6.178139141793256850e-03 1.074291865741969915e-02 -8.180123973550966487e-04 -5.456337495953612893e-02 5.327538881912560753e-02 -2.648097847069864397e+00 -1.800286310682080559e+00 -8.002863106820794492e-01 1.997136893179196349e-01 2.698941641152479143e+00 8.526742223261138953e-01 1.852674222326139208e+00 3.288102148713487050e-03
-6.399980103228369854e-01 -3.533816052799584329e-01 -2.567922239102578552e-01 -3.383581153799551378e-01 2.063860536619731012e-01 -8.736262691184487617e-02 -1.381789192958034818e+00 -3.817891929580373711e-01 6.182108070419689572e-01 6.431336564243600451e-02 2.618210807041961630e+00 2.064313365642430398e+00 -1.339114150326420116e+00 -5.311657992380027782e-01
-2.097078976258542227e+00 -1.809660823459958934e+00 -5.454895754515827477e-02 -2.498247402887940338e-01 -2.952144885363501281e-01 3.666384272160566615e-02 -2.318310004487219800e+00 -1.318310004487219134e+00 6.102753788363236565e-01 6.816899955127709854e-01 1.681689995512769542e+00 1.621486687710814945e+00 5.670478260394060221e+00 -1.897652683879682112e+00
-3.688882775180947760e-01 -1.670984596810325407e-01 -1.830889428965239429e-01 5.383887659828110600e-02 -8.443294152281677345e-03 5.288622834887189011e-02 -2.348488612821638455e+00 -1.041650775424213471e+00 -4.165077542421123658e-02 6.515113871783518862e-01 1.958349224575796299e+00 2.651511387178349111e+00 -6.234028739720387513e-01 -3.237016102441927501e-01
-6.764784910906358473e-01 -3.351423388599210074e-01 -2.471991773081285704e-01 -6.948142196944298576e-02 -9.654311177112295805e-02 2.056009418309787118e-01 -9.204867943580981038e-01 7.951320564190630935e-02 -1.017844008682827317e+00 2.079513205641901674e+00 9.821559913171811207e-01 1.982155991317182009e+00 -1.069646399404701409e+00 -6.344341105588494623e-01
-1.851321762439669116e-01 -2.289130620479704406e-02 5.237724329165847209e-02 1.451684564190296178e-02 -5.651535498417330217e-02 1.056762858949390482e-01 -2.494078729254483484e+00 -2.224499494451143811e+00 -4.940787292544697729e-01 5.059212707455278402e-01 2.512607190787543576e+00 7.688147287615862968e-01 1.768814728761573640e+00 1.015097825372471979e-02
-3.097053050642898375e-01 -3.785154253051076223e-01 -1.451059445737639675e-01 -1.563841631922822384e-01 -1.646013193519114681e-01 5.123027932014218022e-02 -1.318667469827845329e+00 -1.437215968566127433e+00 -4.372159685661324846e-01 5.627840314338710126e-01 2.681332530172152229e+00 2.562784031433867682e+00 -7.661048114608705051e-01 -4.829310147062793046e-01
-6.331212423762249131e-01 -3.875156011304681236e-01 -1.646055201988240457e-02 -8.340111866756287629e-02 -6.174740274242242200e-02 2.074023809923303957e-02 -1.657000998094826594e+00 -1.409059430841999250e+00 3.429990019051808448e-01 5.909405691579957542e-01 2.342999001905179846e+00 2.590940569157992535e+00 -9.053013241810334844e-01 -4.733282284257400718e-01
-3.785435342491737520e-01 -5.362359971130299385e-01 -1.850471979611116868e-01 -1.394672348923328697e-01 2.233584652632163992e-01 -7.878921881558734186e-02 -1.623237906381421292e+00 -1.453442261601177510e+00 3.767620936185904768e-01 5.465577383988400317e-01 2.376762093618581595e+00 2.546557738398822490e+00 -8.924437095262782726e-01 -5.211075870125156939e-01
-1.335502535487970432e-01 -2.095984886268623115e-03 -3.907346216003484973e-02 1.156554590349878620e-02 -5.379611315806032135e-02 2.661493800234199236e-02 -2.444248560133296611e+00 -1.444248560133293724e+00 -2.158822692825266731e+00 5.557514398667073863e-01 1.555751439866705832e+00 2.169702875920993534e+00 2.227226166185875655e+00 -9.093297155683854882e-03
-2.447845326446103975e+00 -5.442684490466439540e-01 -5.577312521915551713e-01 -3.035630883058990648e-01 -5.117018416853954393e-02 -1.022887176839242379e-01 -1.381321645376193397e+00 -2.059601913005225438e+00 6.186783546238110443e-01 1.618678354623809046e+00 2.177379393794930618e+00 2.381697656997051382e+00 3.381697656997050494e+00 -2.468657359067145229e+00
-1.909804322433660551e-01 -6.558404028880285286e-02 -8.846727466077973501e-02 -3.011488780249579889e-03 -3.392889986497360510e-02 1.009786567752678499e-01 -2.361861037004968189e+00 -1.242068629506511312e+00 -3.618610370049694658e-01 6.381389629950335873e-01 1.757931370493486911e+00 2.638138962995027370e+00 -3.176680930322711149e-01 -2.080735391265014500e-01
-1.587289693640647065e-02 -1.053059713069183501e-02 -2.013910348907107725e-02 -1.211811379677806694e-02 -6.249721706136039667e-02 2.067772549642957480e-01 -1.610568675226011326e+00 -6.105686752259985584e-01 3.894313247739983885e-01 -1.932397476775406409e+00 1.942969968671336201e+00 5.140643546378650397e-01 1.514064354637875365e+00 -3.093102029822455967e-02
-5.967897998164135576e-01 -4.044714497569802392e-01 -2.164421339454098425e-01 -2.148659571545314534e-02 -8.969126888572664935e-02 1.373154599243616436e-01 -1.255439415965179384e+00 -2.554394159651758867e-01 -7.197381476363160502e-01 2.802618523636958847e-01 2.744560584034824391e+00 2.280261852363695052e+00 -1.036114059677357924e+00 -5.851039795771429963e-01
-1.992141547091679898e+00 -1.137948252957036832e+00 -8.744399593561228423e-01 -8.780602147581380301e-02 -6.711113869400954501e-02 2.467924291533450387e-01 -2.018234858290093747e+00 -1.250593973975254736e+00 -2.505939739752530704e-01 9.817651417099149125e-01 1.981765141709917799e+00 1.566679426785408946e+00 5.164492502714945310e+00 -2.000941434512844452e+00
-9.319379418408758886e-02 -4.141783189026821549e-03 -6.495818386657355170e-02 7.717914652619166371e-04 -2.495940858640903134e-02 4.111980987008959088e-02 -1.926372501950009308e+00 -9.263725019500111957e-01 7.362749804999343950e-02 1.073627498049987805e+00 2.073627498049988027e+00 8.041286874695140890e-03 3.889783528992201561e-02 -8.031562178398267415e-03
-1.306192397942431416e-01 -1.329351505086030956e-02 5.974422195124020479e-02 8.246646938847147432e-03 -4.500235961645171479e-02 3.815370930227102858e-02 -2.589396384366246195e+00 -2.094574366719975433e+00 -1.094574366719979208e+00 -9.457436671997385136e-02 9.054256332800347806e-01 2.642277332690326830e+00 2.673752276858700316e+00 -3.881740288267373357e-03
-2.166228776530210176e+00 -1.628969462253620382e+00 -1.572431328987985155e-01 -2.764112126342261888e-01 -6.636192624566875087e-02 -1.447052592622232181e-01 -1.695353274869387805e+00 -1.456372950835863822e+00 3.046467251306158031e-01 5.436270491641327363e-01 2.304646725130609752e+00 1.321139933270156774e+00 5.527133519456319810e+00 -2.147864474876413965e+00
-4.335005667222864290e-01 -2.501887157607194934e-01 -7.528265000853712197e-02 -6.527441802662943549e-02 -1.029546740754436196e-01 1.902079018896176699e-01 -2.210785327841138681e+00 -1.033595181078794445e+00 -2.107853278411461473e-01 7.892146721588533254e-01 1.966404818921202891e+00 2.789214672158858210e+00 -7.032442158424512257e-01 -3.877475061859619321e-01
-2.984569999558215336e-01 -2.236100737780876702e-01 -1.469049038467122592e-01 -8.078061399229441442e-02 -9.413375066694280868e-02 1.708267488940442003e-01 -9.999027156152165974e-01 -1.788305778301774396e+00 -7.883057783017638487e-01 2.000097284384787510e+00 1.211694221698235374e+00 2.211694221698224716e+00 -5.777520930395083631e-01 -3.344762874317486756e-01
-5.340459395162213685e-01 -2.546419398240910015e-01 -8.772167711311801286e-02 -8.740910795033182690e-02 -1.395041746784026482e-01 3.883294850382834618e-02 -1.995097310725388207e+00 -1.159257044198547248e+00 -1.592570441985453333e-01 1.004902689274614902e+00 2.004902689274611127e+00 2.840742955801443426e+00 -7.924789661633196980e-01 -4.182845967411105703e-01
-9.187133123226436382e+00 1.421049917765815351e-05 1.196355878806648620e-03 1.193182231106759694e-03 -6.484039351143056074e-03 7.823605171937370040e-02 -9.588417607599072356e-01 4.115823924008679691e-02 1.041158239240085326e+00 -2.813808199437772828e-04 8.128668767735593992e-01 1.812866876773544078e+00 2.812866876773559177e+00 3.812866876773553848e+00
-2.203772558989808061e+00 -8.509370384996870484e-01 -9.347615683232939343e-01 1.211461178302625230e-02 -1.164465632252169036e-01 1.342597336156334809e-01 -1.222234213986352458e+00 -2.222342139863517363e-01 -1.295567696914629474e+00 -2.955676969146214805e-01 2.777765786013652871e+00 1.555102377977495287e+00 4.927095631942329135e+00 -2.003133108746752988e+00
-8.364555160659280231e-03 9.498395287066864826e-03 -5.207722267006712445e-03 -1.208890692692234092e-03 -8.189094991448719191e-03 7.573629969909163873e-02 -4.282157142122094418e-01 5.717842857877939444e-01 7.146786714714358467e-03 -1.486447564642087160e+00 -4.864475646420837740e-01 5.135524353579149492e-01 1.513552435357915060e+00 -5.506049850887307501e-03
-1.885044005887266949e-01 -4.730663006028992812e-02 8.427384180839235517e-02 2.634986837407579663e-02 -1.517541021788555433e-01 8.113811954968030982e-02 -2.306465619888640184e+00 -1.503464566085775278e+00 -5.034645660857846039e-01 2.365708841491120040e+00 -1.756385633063526908e-01 8.243614366936392601e-01 1.824361436693647809e+00 -6.791161467070916391e-02
-6.604380209952200875e-01 -5.478193923874818960e-01 -1.896010307251198013e-01 -1.245848339808102584e-01 -2.092023914754612413e-01 7.336522306494051848e-02 -1.831096964255528814e+00 -8.310969642555317005e-01 1.689030357444707975e-01 1.168903035744465857e+00 1.794089083326599221e+00 3.168903035744460972e+00 -1.141040594933837582e+00 -5.775997388705231828e-01
-4.321601557135849592e-01 -4.452179305886556082e-01 -1.020637597317171213e-01 -1.162859969283286110e-01 -4.983494722779153313e-02 1.628106920362342724e-01 -2.164841197827383823e+00 -1.164841197827386710e+00 -1.648411978273825185e-01 1.350390405640545133e+00 1.835158802172607739e+00 2.835158802172612624e+00 -8.491095226389461237e-01 -4.326393139654007847e-01
8.597103963298654422e-03 7.417158217743535092e-03 -1.764227368835690965e-02 2.907620092465975845e-02 -5.525945306727664263e-02 1.119244952622476114e-01 -1.749968741705315356e+00 -7.499687417053132465e-01 -1.804531292289726307e+00 -8.045312922897192021e-01 2.614473377562469114e+00 8.310271273742273479e-01 1.831027127374223351e+00 1.004268581226094859e-02
-1.465930680568422462e-01 -1.791635079096535743e-01 -4.149353637957294005e-02 -1.130611939943502453e-01 4.539435046415894737e-02 7.351990667373702396e-03 -1.494985628956357337e-01 8.505014371043587706e-01 -1.378054509652514970e+00 -3.780545096525286253e-01 6.219454903474742613e-01 1.621945490347464380e+00 -2.964433805042586134e-01 -2.030930081400510734e-01
-1.006782798639555665e+00 -5.901958736419659485e-02 -3.725784584508448627e-02 -1.558935346883061346e-02 -1.892757462448719785e-01 -6.122255924535242172e-02 -2.520512200329060093e+00 -1.740679404365618188e+00 -5.205122003290604260e-01 2.593205956343702656e-01 1.479487799670940351e+00 1.883003286175793045e+00 3.855804642172508068e+00 -1.065081146076558571e+00
-3.964624690808604690e-01 -1.059907265091331041e-02 1.608778710525890498e-02 -8.658260493634534205e-02 -1.875588203353327488e-01 -2.099260674897437950e-02 -1.696598228632895555e+00 -1.496820547327633477e+00 -4.968205473276375850e-01 5.031794526723705197e-01 2.303401771367096451e+00 2.503179452672368743e+00 -4.489397287390677893e-01 -2.227903562920141578e-01
-1.068212315372184529e-01 -1.298734527140814159e-02 -3.324448776868185046e-02 -1.355773175273430886e-02 -1.792637105490418534e-02 8.197371757676102932e-02 -2.184180755723779122e+00 -1.832840946234265633e+00 -1.841807557237931381e-01 8.158192442762070007e-01 1.815819244276203337e+00 2.167159053765722820e+00 -1.372449266084838915e-01 -9.610322647420325992e-02
-1.419925888604934294e-01 6.604594758700225998e-04 -6.686975482144499883e-02 4.907211182436184080e-03 -1.768118391390259558e-02 4.692999323135726986e-02 -8.720271346134638168e-01 1.279728653865351284e-01 1.127972865386534629e+00 1.261890188507720605e-03 -9.786244430078032686e-01 2.137555699220645977e-02 1.021375556992200506e+00 -1.357781187311812160e-02
-3.457072426024353495e-01 -3.462793533175051452e-01 -1.671513430065999506e-01 9.291487742566283126e-02 -1.759321978099633310e-01 -3.193422163585107887e-02 -1.836517265578513136e+00 -1.225555220793113742e+00 -2.255552207931111885e-01 7.744447792068820391e-01 1.774444779206884260e+00 3.163482734421492193e+00 -6.656919535054712789e-01 -5.232796694729349163e-01
-5.167045605097626559e-01 -1.776235862250479525e-01 -1.575881630228121999e-01 -8.443097754546463607e-03 -2.009863120830343922e-02 -2.695243526615708624e-02 -1.914838120649283049e+00 -1.348329725174615135e+00 -3.483297251746118595e-01 1.085161879350719616e+00 2.085161879350717840e+00 2.651670274825386642e+00 -6.300316800273074724e-01 -4.113708267689558107e-01
-2.109342007013059295e+00 -1.879290065850375946e+00 -4.402977627965264928e-01 -6.081255590671430511e-01 -6.344418280508370978e-02 1.529457065508235958e-01 -1.861537435204008606e+00 -8.615374352040086059e-01 -3.737211216510748224e-02 9.626278878348872858e-01 2.138462564795990950e+00 1.324840656207168177e+00 5.776249733356098481e+00 -2.232496506894233956e+00
-3.219554669644015821e-01 -9.119891710423418119e-02 -1.231824358295954269e-01 1.801477325805459218e-01 8.968024480910044560e-02 -1.863660198629043252e-01 -1.812513528713234567e+00 -8.125135287132574380e-01 1.874864712867675698e-01 -3.671630481999795803e-01 6.328369518000110938e-01 3.187486471286751222e+00 -2.289797314387989335e-01 -7.208171319134840105e-02
1.366178141217919140e-02 1.816822582617218587e-02 6.983445729812812197e-03 1.882457711412887508e-02 -1.103100308408598851e-01 7.695473362863518296e-03 -1.585863456347313738e+00 -5.858634563473085199e-01 4.141365436526977528e-01 -1.922415499702318842e+00 1.954270302411161842e+00 5.374491297579403470e-01 1.537449129757946897e+00 -4.250268404168058844e-02
-1.222755927234850035e-02 -7.684999344830046979e-03 -5.149876309117515719e-03 1.025291497901637677e-02 -5.047433725893048836e-04 8.162727437617013637e-02 -1.971063727998217940e+00 -9.710637279982228254e-01 2.893627200177983569e-02 1.028936272001781171e+00 2.028936272001784058e+00 8.712642389447038463e-03 5.326195028868231651e-02 -1.128548199791260150e-02
-2.289067320671378525e+00 -1.819779237590841481e+00 -1.944952849714021159e-01 -3.112237847644825917e-01 -1.709184111334683398e-01 -1.443066056366031358e-01 -2.095533667800396405e+00 -8.261990751392963572e-01 1.738009248607104429e-01 9.044663321996025962e-01 2.173800924860697759e+00 1.418851868020845286e+00 5.659414650025248683e+00 -2.217127830513814235e+00
-5.682383401354671459e-01 -5.128504002548759377e-01 -1.830619220665328228e-01 -1.835298882958808497e-01 2.443245742134120269e-02 3.352210827875480581e-02 -1.603267379817366445e+00 -6.032673798173702195e-01 -5.838275995837868271e-01 1.396732620182623119e+00 2.396732620182633777e+00 2.416172400416214838e+00 -1.144006677303233799e+00 -6.238591374616312413e-01
2.213316949226947980e-02 6.209743451057918653e-04 5.859864535769403887e-03 -2.564988010889624956e-03 -4.117219353991896647e-03 8.979678340717101026e-02 -4.479951526798562900e-01 5.520048473201499828e-01 -6.595021574921607673e-05 -1.494609287423936062e+00 -4.946092874239404469e-01 5.053907125760565000e-01 1.505390712576066159e+00 2.444830260119711454e-02
-1.165891630381181043e+00 -1.559212600679620864e-01 -2.295307395254039262e-01 -2.220102568341508764e-02 -2.333214293792864602e-01 8.775437364356655778e-02 -2.165350144742487437e+00 -1.165350144742476113e+00 -1.485112131894056331e+00 8.346498552575156715e-01 1.834649855257523221e+00 1.560855768453212722e+00 3.788680135819159300e+00 -1.222228000269287351e+00
-4.438848895385527071e-01 -1.151629248898900504e-01 -1.098782019058229809e-01 -1.220457355049912734e-01 3.339698986476327680e-02 5.259132573840907127e-02 -1.659838197174683838e+00 -6.598381971746744012e-01 3.401618028253214354e-01 -1.801036719984017431e-01 8.198963280015957311e-01 3.340161802825325488e+00 -6.097936812332670486e-01 -4.239792680897088162e-01
-1.935045204790142748e+00 -1.331731206110393084e-01 -2.649349711674187091e-01 -1.430284257015085325e-01 -2.233688274209620628e-01 3.238297836471533131e-01 -6.679461085632465434e-01 3.320538914367544558e-01 -1.813068177994999974e+00 -8.130681779949966437e-01 2.516732625903395082e+00 2.002253438507231031e+00 3.002253438507232808e+00 -1.921806682012030087e+00
-3.919189388556515441e-01 -2.484812449562354419e-01 -6.572193431593835455e-02 -9.811037990103133044e-02 -7.786798630957358913e-02 1.770202701804929335e-02 -2.543123164321607454e+00 -3.373779511945077525e-01 -5.431231643215959082e-01 1.662622048805493691e+00 1.456876835678396098e+00 2.456876835678393878e+00 -5.809583834369476119e-01 -4.457111178218217118e-01
-5.668640331960056455e-02 -7.861293081897605117e-03 -2.994967983450209578e-02 -1.029457002091229735e-02 -9.934271061722526122e-03 1.002212745259615373e-01 -2.605221045382637879e+00 -1.254376983605588247e+00 -2.543769836055931877e-01 3.947789546173627873e-01 1.745623016394415528e+00 2.394778954617355460e+00 -6.679926144969884627e-02 -7.821822704751973943e-02
-1.815639733642318676e+00 -1.652386633349281375e+00 -4.091134782550992499e-01 -5.447438900491962110e-01 -7.202855114638224976e-02 2.010645561298401163e-01 -3.166212237822066400e-01 6.833787762177955249e-01 -1.387056251255517347e+00 -3.870562512555362766e-01 6.129437487444812094e-01 1.712393275259466385e+00 5.583928461439070290e+00 -1.947379323309693877e+00
-6.290644279917712023e-03 -1.580233764014687958e-02 -1.060538093222708755e-01 -6.023803456106258114e-02 -5.894309462431912561e-02 1.951699037691573269e-01 -8.720717762524672345e-01 -2.207681494902321351e+00 1.127928223747548309e+00 -2.076814949023255141e-01 7.923185050976692123e-01 1.792318505097670878e+00 -9.002811293978935092e-02 -2.126085654200349229e-02
