-2.157545346821179599e+00 -1.368880883647890290e+00 -5.653504689282160545e-01 -1.693515866797806191e-01 -5.325858569986611224e-01 -2.504900165555459107e-02 -1.153896383818357352e+00 -1.538963838183627364e-01 -1.162985337534049091e+00 -1.629853375340528654e-01 2.846103616181638873e+00 1.445609484585355986e+00 5.237508076403138979e+00 -2.127141570366871903e+00
-1.848501895585105803e+00 -5.164871737046682343e-01 -6.553493130600563932e-01 -4.240271560799722672e-01 -1.354516426901940518e-01 1.052156491221379331e-01 -6.601521981458999822e-01 3.398478018540916912e-01 1.339847801854104015e+00 -1.362700623853045911e+00 -3.627006238530374738e-01 1.603103395027683398e+00 4.374044189033265084e+00 -1.847135190552144479e+00
-2.037178191245670789e+00 -1.209284773411070990e+00 -5.217531984017670377e-01 -1.524461279396036317e-01 -3.149825873707504109e-02 -6.980759863416950706e-02 -6.344788962943052057e-01 3.655211037056955159e-01 1.365521103705695349e+00 -1.119023833668516543e+00 -1.190238336685226217e-01 1.318850156967635412e+00 4.927646645633657840e+00 -2.133491278644824352e+00
-1.177760933064083471e+00 -8.423747232051827238e-02 4.933801155380292819e-02 -2.215435700366430449e-02 -9.906182983934314068e-02 2.715117032833227473e-01 7.300464727185150826e-01 3.112823958550124948e-01 -1.738892697687477895e+00 -7.388926976874866659e-01 2.611073023124989567e-01 1.261107302312518996e+00 2.261107302312512779e+00 -1.334947483378452038e+00
-2.322721818499148827e-02 -5.251372849914955065e-03 1.898033356413605932e-02 -4.499163481085111105e-02 -9.404777092519356341e-03 1.055296826250770037e-01 -2.492462914152641762e+00 -1.525957613047324024e+00 -4.924629141526318810e-01 5.075370858473738922e-01 1.474042386952661099e+00 2.507537085847366232e+00 -5.784813901299547256e-02 -1.246697216558589894e-02
-4.569604991986618292e-01 -3.154566280762711172e-01 -7.078437458697814377e-02 -5.018130885986499257e-02 -8.151468381470394764e-02 1.071722664059664987e-01 -1.819440812167950616e+00 -8.194408121679456203e-01 1.805591878320488286e-01 3.670780033354268390e-01 1.367078003335427505e+00 3.180559187832044721e+00 -1.096569077333467535e+00 -5.425454331679114839e-01
1.112784614147829115e-01 9.687723903210876397e-05 5.942538438704692005e-02 -1.308452803268628575e-02 -1.565518429281079205e-02 8.702890072870493599e-02 -2.047646465271109939e+00 -1.047646465271112159e+00 -4.764646527110782959e-02 9.523535347288858421e-01 1.952353534728890949e+00 -2.148553547097115102e-03 6.128247207885812592e-02 -1.004384842531192146e-01
1.380124101241208823e-01 -9.471239211822277820e-03 1.385465597487030853e-01 -1.978492309894402251e-02 -3.154040554526008067e-02 8.220286028526800626e-02 -1.094327874081149732e+00 -9.432787408115141103e-02 9.056721259188554862e-01 -7.003026972794818006e-02 -1.018802436779114196e+00 -1.880243677911386940e-02 9.811975632208953524e-01 6.100895937381941442e-02
-4.541402776540950370e-01 -2.840561217665894533e-01 -3.411725888584480892e-01 -8.321360284587896172e-02 -3.187801064562365005e-01 -7.691645613581853287e-03 -2.213895896283676556e+00 -1.213895896283668341e+00 8.528701638391593676e-01 7.861041037163226664e-01 1.786104103716325442e+00 2.786104103716327440e+00 -8.558994145522624830e-01 -4.888839053065390239e-01
-1.176579353181599619e-01 -1.833973579466880582e-02 -8.247356082379551923e-02 -8.185522504077333283e-02 -3.186091832907737009e-01 -1.693120679621493499e-02 -2.080206083250708549e+00 -1.080206083250700555e+00 -8.331244308718813718e-01 9.197939167492955592e-01 1.166875569128126511e+00 2.919793916749295892e+00 -2.898732601062164460e-01 -1.376336787156662300e-01
-1.364331590779427894e-01 -1.224623243395708688e-01 -2.455603725595684877e-03 1.226757315051472518e-03 -4.720184627825754070e-02 8.842171299364989800e-02 -2.952493193849696329e+00 -1.952493193849698105e+00 -9.524931938496986605e-01 4.750680615030030557e-02 1.047506806150299674e+00 2.047506806150299674e+00 3.047506806150300562e+00 -1.640901605722834278e-01
8.226044377623467629e-02 1.235890814671385465e-02 1.512519826673601187e-01 -1.105968494137532510e-02 -2.193194253043799502e-01 5.747495163117749550e-02 -5.122480082903047016e-01 2.137964645264836261e-01 -1.967108629124216135e+00 -9.671086291242184663e-01 3.289137087577297808e-02 1.032891370875767878e+00 2.032891370875776982e+00 1.058053277636513724e-02
-2.044644094215123165e+00 -1.487733158848331960e-01 -1.246261294945321674e-01 -9.831013458686285733e-02 -1.049833554739340591e-01 1.195407756746508510e-01 -2.621361821092681677e+00 -6.034454569711928951e-01 -6.213618210926726837e-01 3.786381789073242077e-01 2.665120345279558212e+00 2.110073093413380896e+00 3.110073093413387113e+00 -2.066386338509310860e+00
-4.159111740133025759e-01 -1.552514570827243368e-01 -1.691906070154539921e-01 -8.517151188951185836e-02 -3.169188428562547122e-01 -6.516706635572980244e-03 -1.698786192510332471e+00 -6.987861925103363570e-01 3.012138074896650863e-01 1.301213807489657759e+00 2.301213807489651764e+00 9.030053248663316712e-01 -8.600157778806275521e-01 -4.505452655740307399e-01
-3.408678007795162279e-01 -2.554296030850593535e-01 -9.877575592521886660e-02 -8.879201500381803114e-02 -3.057991561825754157e-01 -3.197455706898814226e-02 -2.118695741714051284e+00 -1.118695741714055503e+00 -1.186957417140487303e-01 7.384713679867308533e-01 1.881304258285950937e+00 2.881304258285938058e+00 -7.037509893680401474e-01 -3.700497626360892411e-01
-2.831502331918380189e-01 -1.241734092437558196e-01 -1.121910916794532087e-01 -2.253221026205235594e-03 -8.777854450087831106e-02 1.431847868519808276e-01 -2.129320134150654464e+00 -1.441617568572436392e+00 -1.293201341506300950e-01 5.583824314275396272e-01 1.558382431427530745e+00 2.870679865849355750e+00 -5.835598936466110942e-01 -2.877122660267864007e-01
-1.235438864503363376e+00 -1.790440149152777716e-01 -1.822367477904296706e-01 -3.498115704914210866e-01 -3.155244949699609336e-01 -1.844089795058430070e-01 -1.808723108863153017e+00 -1.870525135018245688e+00 1.912768911368532554e-01 1.294748649817546726e-01 2.187607250526839131e+00 2.133145030433925005e+00 3.133145030433916123e+00 -1.699383132088435389e+00
-2.003238513919431973e+00 -3.673488297797014024e-01 -2.111741552798435118e-01 -3.712431190089647837e-01 -1.786633997555491515e-01 -5.416870871000274701e-02 -1.143414832272966697e+00 -1.434148322729646985e-01 8.565851677270376330e-01 1.856585167727041297e+00 -1.003757083228504321e+00 1.007419960987928631e+00 3.845407900826737002e+00 -2.140021703673656628e+00
-3.284586969751965846e-01 -2.123421850527087706e-01 -1.374119373567270208e-01 -9.118457754820334660e-02 -3.244353925861387378e-01 2.079080948631422190e-02 -2.131106606110082513e+00 -1.131106606110078960e+00 -1.311066061100699121e-01 7.060990172222199046e-01 1.868893393889926813e+00 2.868893393889924148e+00 -6.728787790442257721e-01 -3.550922082277950809e-01
-2.310224009941763246e+00 -2.501441647102500832e-02 -9.199192089505066339e-02 -1.015591398933483880e-01 -3.290897712749359938e-01 -1.620706492699485607e-02 -1.723233099797883527e+00 -7.232330997978820841e-01 2.767669002021245217e-01 2.357331425451539175e+00 6.575657393925461447e-01 1.657565739392548698e+00 2.657565739392550697e+00 -2.336690001465266953e+00
-1.952598145809628205e+00 1.143419820266397546e-02 -4.815117965418025392e-02 -9.609765758933408453e-02 -2.906674943775282571e-01 3.406029635749008300e-02 -1.923323751351154076e+00 -9.233237513511529659e-01 -1.011101615293861888e+00 1.076676248648842371e+00 9.888983847061404431e-01 1.988898384706137001e+00 4.076676248648844592e+00 -1.981827146476120349e+00
-6.586204267588831041e-01 -2.446496411435075957e-01 -1.435900487399042469e-01 1.030091958886214243e-01 5.673850476524255892e-02 1.508411878053992350e-01 -1.862025912404397410e+00 -8.620259124043913035e-01 1.379740875956177448e-01 1.137974087595611916e+00 2.137974087595614581e+00 1.766302553647441043e+00 -1.042699849966712833e+00 -7.276488941085936801e-01
-4.742077609476160749e-01 -2.880212452829076231e-01 -3.419611180251941329e-01 -7.335198061853426266e-02 -3.218888795707495754e-01 3.929971637510848437e-02 -1.622584737470622374e+00 -6.225847374706254822e-01 -7.790564858583670649e-01 1.377415262529373408e+00 2.377415262529367634e+00 2.220943514141617836e+00 -1.026288701863049990e+00 -5.155750891006428693e-01
1.576071812837396002e-01 -8.335815322893024709e-03 1.560999864006189508e-01 -6.024460701014814484e-02 -2.751706624846919080e-01 8.755760800390680054e-02 -3.092527030790948928e+00 -4.412132818832485981e-01 5.587867181167458508e-01 -9.252703079094959371e-02 9.074729692090507394e-01 1.907472969209056179e+00 8.236482097554484461e-02 6.220919445137615411e-02
-1.395186751846610784e+00 -4.956822187233410615e-01 -3.169779606559263163e-01 -2.153831497954436514e-01 -3.978669125099926207e-01 1.092965760892359028e-01 -1.819631998875309353e+00 -1.827612887943778741e+00 1.803680011246932835e-01 1.723871120562301684e-01 1.172387112056229252e+00 1.648038383220808978e+00 4.704717089006493325e+00 -1.569299373836130718e+00
-1.202885695571166980e-01 -8.636000644427505035e-02 6.922767278472768959e-02 -1.382196139308265459e-01 -3.724340707318889443e-01 -2.522038765586567116e-03 -1.909666146962193833e+00 -1.428589879229160697e+00 -4.285898792291437109e-01 5.714101207708481844e-01 2.090333853037815715e+00 2.571410120770839303e+00 -6.109890386520003824e-01 -2.551695044948806279e-01
-3.407943099442509172e-01 -1.835092997889123945e-01 -1.587398001722168384e-01 -7.109223409749466926e-02 -3.406072193407385512e-02 7.386842787669349597e-02 -2.541730575716644847e+00 -5.478537587774040540e-01 -5.417305757166377411e-01 1.452146241222607381e+00 1.458269424283353155e+00 2.458269424283351601e+00 -7.199943698067307052e-01 -3.534948523444809698e-01
9.377956320604674545e-02 -1.758023323414971695e-01 2.239455435837460762e-01 8.060690406612695813e-02 -4.003452369283391765e-02 1.047937101894843293e-01 -2.174488844066484461e+00 -1.174488844066477133e+00 -2.136487729474265684e+00 8.255111559335196469e-01 2.082265209774850412e+00 6.067598311371014130e-01 1.606759831137103856e+00 2.643354398073805012e-02
2.071983220823202937e-02 -2.223376254390188253e-02 -2.560603606545815841e-02 -5.385940184592088315e-02 -2.802811817810410000e-01 1.580205055289432559e-02 -2.446881856747793016e+00 -1.446881856747797013e+00 -4.468818567477961246e-01 5.531181432522098707e-01 1.553118143252204542e+00 2.553118143252205208e+00 -1.657148990937990646e-02 -7.125850761499068209e-03
-2.488690335024606459e-01 -3.124884875489991609e-01 -1.135088758528222663e-01 -2.733336275192819742e-01 -4.209625301453000512e-01 -1.035008592760592316e-01 -4.722993968378971230e-01 5.277006031621207516e-01 1.527700603162111426e+00 -6.474086091378998820e-01 3.525913908621052251e-01 1.352591390862095233e+00 -7.583319281059273109e-01 -4.603276207546265208e-01
-4.311682784532422374e-04 -8.157091866721299933e-02 -8.468662888602368488e-02 -1.536753886907704647e-02 -2.104223416098309207e-01 7.114841967422097513e-02 -2.542389929426962958e+00 -1.542389929426961848e+00 -6.298469055004592143e-03 4.576100705730400398e-01 1.457610070573033045e+00 2.457610070573038374e+00 -1.685393400282146625e-02 5.985246196175131317e-03
-2.253109350053462023e+00 -9.960386420558621501e-02 -7.195408589169198510e-02 -1.727924676248389357e-01 -8.783254926639325055e-02 7.211428142399234353e-02 -2.413910689595637482e+00 -5.449681899813888508e-01 4.550318100186134251e-01 2.390205765587902764e+00 6.509152351646687595e-01 1.650915235164663430e+00 2.650915235164669426e+00 -2.276373346538352216e+00
-1.398471265541669784e-01 6.870992597035166516e-02 2.159901145057570027e-01 -6.509214054231740598e-02 -3.045637293075004193e-01 -9.423477208639130520e-02 -2.754455322816732554e+00 -7.123211874949979538e-01 -7.544553228167305559e-01 1.287678812505003823e+00 1.245544677183268556e+00 2.245544677183263449e+00 -5.446066513491643057e-02 -2.344849212267319238e-01
-9.602659661128437607e-01 -5.209979187646728710e-02 -1.225534761273827933e-01 -1.201799914783596573e-01 -3.324887838472638246e-01 -7.322201393467580102e-03 -2.257630097312567141e+00 -1.257630097312567585e+00 -1.539101880001926492e+00 7.423699026874359674e-01 1.742369902687437078e+00 1.575899310204363468e+00 3.627368669062107642e+00 -1.089182479811339199e+00
2.776071536852605659e-01 1.575633438193205574e-02 9.222821744773185282e-02 1.835171954075733025e-02 -1.788420899000606190e-02 6.519591341416274000e-02 -2.706608586237043479e+00 -1.706608586237043257e+00 -2.695019558152383921e-01 2.933914137629493601e-01 1.293391413762954523e+00 2.293391413762948527e+00 2.485982978855680314e-01 5.224447900222403685e-02
-1.496693209981322381e+00 -5.542784546278413382e-02 1.405585807949177868e-01 -6.682781426619530118e-02 -3.594526864240333852e-01 3.552724110975014060e-03 -2.198244899367271632e+00 1.868010344520502963e+00 -1.268277871583304517e+00 -2.682778715833045169e-01 7.317221284166893769e-01 1.731722128416693707e+00 2.731722128416693707e+00 -1.544532816641098316e+00
6.767419557650161677e-02 3.574848016458138933e-02 -2.646464739314503128e-02 -1.221339592954629599e-02 -1.834754616615654269e-02 1.321038300474122462e-01 -2.490563499465016317e+00 -2.482782481631789384e+00 -4.905634994649781255e-01 5.094365005349886788e-01 2.378311045122941447e+00 6.483430529044678092e-01 1.648343052904463590e+00 5.052793216243427893e-02
-3.914818045784183576e-01 -3.929028236302962163e-01 3.644205560001823746e-02 -1.197289968975632779e-01 -6.081624577270736826e-02 7.062802587757219253e-02 -2.295178703620627036e+00 -1.295178703620615268e+00 2.160963293746511193e-01 1.216096329374639629e+00 1.704821296379378071e+00 2.704821296379380513e+00 -9.806772967295365184e-01 -4.633877387687168059e-01
2.423827964482470204e-02 5.205464476774012122e-04 -5.830916379581903286e-02 -6.041545727950592415e-02 -3.003943405390009924e-01 -2.980432716932625986e-03 -2.440915894372308603e+00 -1.440915894372295725e+00 -4.409158943722946700e-01 5.590841056276993903e-01 1.559084105627700945e+00 2.559084105627708272e+00 3.162278868422269129e-04 -7.927274047138528970e-03
-1.312293407623354655e-02 -5.112411791121357525e-03 1.691792633965454595e-01 -4.839271086683253481e-02 -3.509874373481889909e-01 1.118341372126209834e-02 -1.956706897597056516e+00 -1.391317361115879558e+00 1.694823459827134782e+00 -1.042847137882122910e+00 -4.284713788211718527e-02 9.571528621178888585e-01 1.957152862117886416e+00 1.139518674599338845e-02
-3.130867302985271827e-01 -1.770909493840896742e-01 1.021772619199304843e-01 1.663384308357053476e-02 -5.770238637221624112e-01 1.601962002166122390e-01 -1.757389362410427092e+00 -1.453550596182106025e+00 -4.535505961821055254e-01 5.464494038178882018e-01 2.242610637589552258e+00 2.546449403817883983e+00 -6.914131708516653152e-01 -2.418584620471937452e-01
-4.965235321877603525e-01 -3.775539379521344885e-01 -5.158147902592871703e-02 -1.518501718301100700e-01 4.991532287570787929e-02 2.451404201542805444e-02 -1.837915941106148754e+00 -1.373123842455518995e+00 1.620840588938560756e-01 6.268761575444709022e-01 1.626876157544464574e+00 3.162084058893856575e+00 -9.341157970873662508e-01 -4.801320767556578328e-01
-1.801748577820788677e+00 -2.731416959343415662e-01 -2.834222781647864897e-01 -3.729291627780955687e-01 -2.825320545191244981e-01 -1.715954120359368396e-02 -1.777876652022632120e+00 -7.778766520226263470e-01 -1.652791599712368331e+00 1.222123347977372321e+00 2.222123347977368990e+00 1.592769052379600092e+00 3.976562360168469645e+00 -1.824546874957296172e+00
-8.705946765778472596e+00 4.313070545110147570e-04 6.598300206547222380e-02 -1.203038670103195318e-01 -2.744539741026495450e-01 -4.137126078106884153e-02 -3.315806163102586607e-02 -1.705946765778465490e+00 -7.059467657784707084e-01 2.940532342215257389e-01 1.294053234221528959e+00 2.294053234221528292e+00 3.294053234221532733e+00 4.294053234221530957e+00
-3.876231876250883501e-01 -2.703221879160537244e-01 -1.721184431362240141e-01 -2.078210842017692156e-02 -3.901082054504049768e-01 -5.205086000992591860e-02 -1.154873822202348466e+00 -1.497318635305425305e+00 -4.973186353054240838e-01 1.845126177797659528e+00 1.502681364694573141e+00 2.502681364694574917e+00 -9.707302739966513494e-01 -4.876895284519264240e-01
-2.024644764333896951e+00 -1.439137724945611208e+00 -1.130799387997603322e-01 -2.996230101444241622e-01 -6.974871456968564365e-01 3.571239899455969785e-02 -1.818244222931949317e+00 -1.355686982197039647e+00 1.817557770680594265e-01 6.443130178029404798e-01 2.181755777068041802e+00 1.371500372640265919e+00 5.454568520765856299e+00 -2.172149055923025429e+00
-4.273563302374175921e-01 -4.783204233553872697e-01 1.132702103825109913e-01 -1.269285456763028508e-01 -4.658732409055263424e-02 1.160143567717344948e-02 -1.388567507038137583e+00 -3.885675070381418017e-01 6.114324929618669691e-01 -4.596690818911367549e-01 2.611432492961859975e+00 1.540330918108859803e+00 -1.054805538512506580e+00 -5.677122728855297229e-01
-3.506190593855214033e-01 -3.373348615245045923e-01 1.014537293622118502e-01 -1.843358932832850905e-01 -2.773427843745262522e-01 -2.712307277979037617e-02 -2.796698670929015584e+00 -4.327724224325096292e-01 5.672275775674882059e-01 1.567227577567502417e+00 1.203301329070987524e+00 2.203301329070983527e+00 -8.726049878275635718e-01 -4.141267707352979666e-01
-5.779159613591922096e-02 -2.026973347411558657e-01 2.546213517009260352e-02 1.211039923888240083e-01 -1.608402292480358431e-02 9.556487243359540473e-02 -2.499210374515237199e+00 -2.366169344159190224e+00 -4.992103745152389749e-01 5.007896254847634676e-01 2.344173254390181871e+00 7.904473996566759864e-01 1.790447399656688088e+00 -7.727261282211828064e-02
-1.619840321321363019e-01 -6.514160522443304679e-02 -1.336641325955085224e-01 -1.716759544519062541e-01 -2.951875213285164445e-01 1.707268184771804087e-02 -1.317772346870671685e+00 -3.177723468706672993e-01 -1.215401478353575815e+00 -2.154014783535728172e-01 2.682227653129324985e+00 1.784598521646419966e+00 -4.518770841935580984e-01 -1.884678568817582667e-01
