-4.606170355725741072e-01 -5.021911317504098582e-01 -2.543840654701014226e-02 2.769152247098688110e-02 -1.298497804829916724e-01 1.568644368596441296e-01 -1.831069245491575570e+00 -8.310692454915756811e-01 1.689307545084187956e-01 1.168930754508420877e+00 1.000837449686935887e+00 3.168930754508414438e+00 -1.008152163033091187e+00 -5.124244160936369807e-01
8.568927397312020577e-02 -5.689454597943339326e-02 4.130170736268379272e-02 9.254386787320045826e-03 -1.106609656988055690e-02 6.064649507374129944e-02 -1.367680632384133510e+00 -3.676806323841348423e-01 -1.981800656544426387e+00 1.985373893051661343e+00 -3.348547453665022822e-01 6.651452546335023808e-01 1.665145254633504823e+00 -1.204708207067528569e-03
2.317085552177531454e-02 -1.338855046484368171e-02 -1.376018378292030199e-03 2.025911197575637826e-02 -1.631657796987395423e-02 1.236667678429616973e-02 -1.635594111611579304e+00 -6.355941116115776390e-01 -1.845772315838941857e+00 -8.457723158389389706e-01 2.683923562573443888e+00 8.347094633494945848e-01 1.834709463349493141e+00 -2.395088376025676646e-02
-2.214276403219635481e-01 -2.048954366646103531e-01 -2.088403022280517218e-01 -8.190878731453896111e-02 6.110364849698992490e-02 -6.541591000921571919e-02 -2.359115284777292931e+00 -1.359115284777296040e+00 8.638727409596573814e-01 6.408847152227047372e-01 1.640884715222705958e+00 2.640884715222706181e+00 -6.443284770808876960e-01 -3.112091638709516550e-01
-5.763236403509748307e-01 -2.516861930675640124e-02 -1.539518976739489287e-01 -1.369924596508309278e-01 -1.469902997859424409e-01 -1.139963050204906292e-01 -1.259632295112439238e+00 -2.596322951124400702e-01 7.403677048875697553e-01 -4.998629760831260205e-01 2.740367704887568756e+00 1.500137023916858325e+00 -8.451761226530982718e-01 -5.717712748619928620e-01
-8.681481206474694901e+00 1.461579399424924562e-02 -1.311631757663830194e-02 -4.454080492784286138e-02 -3.947277994529412026e-02 1.535638390768345185e-01 -1.320959602360388230e+00 -3.209596023603943360e-01 6.790403976396155450e-01 -1.175696416891143015e+00 1.184824567329768596e+00 2.318518793525295774e+00 3.318518793525292665e+00 4.318518793525295330e+00
3.192946625751413164e-02 1.579570992366550325e-02 -2.326030008582576775e-02 2.266171803989655911e-02 -2.403433556149199915e-02 5.090547606664150987e-02 -1.948945936559154157e+00 -9.489459365591664808e-01 -2.231773539320544231e+00 1.051054063440834518e+00 2.232793450048600636e+00 5.864860026145087835e-01 1.586486002614499791e+00 -9.777592840022497622e-03
-1.143257724501976602e+00 -4.766026159442112581e-02 -6.415620814113899562e-02 -5.400691267287466291e-02 4.577093688199511227e-03 8.042109932313551424e-02 -1.914486828927613571e+00 -9.144868289276053552e-01 8.551317107239840565e-02 1.085513171072390870e+00 2.085513171072400862e+00 1.419443352631315561e-02 2.615865304609966913e+00 -1.442168431519219363e+00
-1.174803945256666093e-01 -1.284300042224076344e-01 -1.400982858142862109e-01 1.929519800135141849e-01 1.657877091820374182e-01 -2.602920547821004071e-02 -1.818833434530801707e+00 -8.188334345308028173e-01 -9.350451089020312967e-01 6.495489109796627469e-02 1.064954891097959377e+00 3.181166565469182306e+00 -2.511003533666149590e-01 -4.259156740988266632e-02
1.805082802499858030e-01 5.043929075426883957e-02 5.885649147033731460e-02 -1.231190149004568468e-01 5.605055505397436855e-02 1.249326873578108232e-01 -3.440298105885398749e-01 -1.982586787759547997e+00 -9.825867877595385602e-01 1.741321224045344271e-02 1.017413212240443787e+00 2.017413212240449560e+00 1.557862081545931809e-01 1.448834993257221981e-01
-7.507895963722632793e-01 -2.020853494648349249e-02 -3.771202861106207754e-02 -2.223186825803322858e-02 -2.923459410157193405e-02 6.904026734972271151e-02 -3.044265921545502573e-01 6.955734078454441915e-01 1.059835751708737041e-02 -9.919724053834604316e-01 8.027594616559358132e-03 1.008027594616541123e+00 2.008027594616554889e+00 -1.251344948654529832e+00
-3.393314928593047508e-01 -2.090179618756604352e-01 -2.140817803930000485e-01 -1.037886394417503189e-02 5.717486354077917776e-02 1.527442957490956522e-02 -1.925059400299087287e+00 -1.332653904574890635e+00 -3.326539045748793111e-01 1.074940599700924038e+00 2.074940599700916266e+00 2.667346095425100927e+00 -7.130403557777559298e-01 -4.220846755639201531e-01
1.449247013668616135e-01 9.541049058228338181e-03 -2.273339385516185557e-02 -2.840109858738091436e-03 1.028946266549034087e-02 3.952212361930461382e-02 -1.929640192046811364e+00 -9.296401920468080338e-01 -1.053364585314574109e+00 -5.336458531457929921e-02 9.466354146854292217e-01 3.070359807953183751e+00 1.016232079644724257e-01 6.006153920365819160e-02
-1.658463099345259817e+00 -5.766597532279696958e-01 -6.526774744003484008e-01 -1.019733380600026384e-01 -5.705102611932477696e-02 2.150958492771903874e-02 -2.811046616817272525e+00 9.104180610018619557e-02 -8.110466168172659751e-01 1.889533831827323596e-01 1.188953383182720591e+00 2.251694019020354265e+00 5.028301675734644149e+00 -1.710161679280954417e+00
5.354016662465939380e-02 2.538016502297101018e-02 -8.834666248575802350e-02 -1.425669032816967441e-02 7.707130281220796186e-02 5.348420049469478424e-03 -2.155346047912127361e+00 -1.155346047912122920e+00 -1.553460479121098747e-01 -1.921322382014906127e+00 1.844653952087861093e+00 1.931814428649345494e+00 1.991517638541205004e+00 -4.798794714256991029e-02
-1.804422561772956346e+00 -4.522732726316980312e-07 -3.029873014242560544e-02 -7.171052765486685132e-09 -7.168492320575037269e-09 7.590995960022743627e-02 -2.571306081362887408e+00 -1.571306081362887630e+00 -7.546689853613125498e-02 4.286939186371110377e-01 1.924533101463857365e+00 2.428693918637112148e+00 3.428693918637113480e+00 -1.842349749105360424e+00
-4.013128614865578703e-01 -3.000543978263008338e-01 -7.017554895699906758e-02 -7.893624255044912053e-02 -8.636243846970143023e-02 3.629481522073864375e-02 -1.575052349086292214e+00 -5.750523490862884390e-01 -1.025177239733660706e+00 1.424947650913704233e+00 2.424947650913706454e+00 1.974822760266341737e+00 -9.150696413010248609e-01 -4.424455607372615451e-01
-1.836689547888852303e-01 -1.313833836707653524e-02 2.332142775195969464e-02 -7.644136088369604676e-02 -6.584324456942916570e-02 -7.704309457274521877e-02 -1.029683191781297635e-01 8.970316808218669058e-01 -1.361170631168396428e+00 -3.611706311683861581e-01 6.388293688316111218e-01 1.638829368831607569e+00 -4.110000385386533006e-01 -1.541929849216923110e-01
-2.536503162266849909e-01 -3.060768770417306439e-01 -2.038114795462504236e-01 -1.169744668409095772e-01 -8.918305416730221147e-05 4.700201310312805691e-02 -1.409330100157953236e+00 -1.457013397755164918e+00 -4.570133977551734672e-01 5.429866022448374130e-01 2.590669899842047652e+00 2.542986602244827310e+00 -7.219637388030715197e-01 -4.063479121737788580e-01
-8.898417293432173025e+00 2.817783551511683898e-03 -2.906842217192512692e-02 3.889156759232150623e-03 -2.715812659515643226e-02 9.761138990004512850e-02 -1.082220188852648590e+00 -8.222018885263815413e-02 -1.408193647197058640e+00 1.408002958699433371e+00 1.101582706567831194e+00 2.101582706567834968e+00 3.101582706567831416e+00 4.101582706567834968e+00
-2.396444249944048588e-01 -2.088630738860052238e-01 -1.306351706070892627e-01 3.664256054080425318e-02 -8.969778722244073355e-02 7.360346411562027069e-02 -2.392591871330766562e+00 -1.392591871330771447e+00 7.767326315699588646e-01 6.074081286692445403e-01 1.607408128669238989e+00 2.607408128669243652e+00 -5.442894071863728644e-01 -3.195151875963042620e-01
-1.875364074171988360e+00 -1.446309624616253231e-01 -3.548831171156322517e-01 -5.344145978013622456e-01 1.457985015392063155e-02 9.979121375488246570e-02 -2.928872769342162563e+00 -7.784209873189267270e-01 2.215790126810800176e-01 1.221579012681073495e+00 1.071127230657839879e+00 1.816234687411204751e+00 4.476471797073293679e+00 -1.913402048121641830e+00
8.427028003768732844e-02 -3.234174007883514057e-02 3.973125162200162597e-02 1.051092262087460066e-02 2.470219497306413992e-02 1.765275574177466861e-02 -2.512449088928460306e+00 -2.223399437222754127e+00 -5.124490889284603057e-01 4.875509110715327554e-01 2.534798877194373468e+00 7.293520363674135254e-01 1.729352036367417966e+00 1.409233724232494822e-02
-4.543684223088126917e-01 -2.983983485125204504e-01 -1.806109237117685118e-01 3.672231346872539826e-02 -3.505165756250048364e-02 -6.564449437584059244e-03 -2.155519721478037720e+00 -9.389012179754995246e-01 6.109878202449705448e-02 8.444802785219653884e-01 2.061098782024492149e+00 2.844480278521956951e+00 -9.281617027573618728e-01 -4.589297427375961802e-01
-9.442574683237739408e-02 7.719413344048878245e-02 3.281018780635142768e-02 -6.388351837813516232e-02 1.669792295238164970e-02 3.506916475625337232e-02 -1.216632680848709791e+00 -2.166326808487049616e-01 -1.628127732036628528e+00 1.783367319151290209e+00 3.718722679633678085e-01 1.371872267963374359e+00 5.116215281573384399e-02 -1.289688098247299131e-01
-5.734825221999997336e-01 -4.039642770032416674e-01 -1.082967094248645790e-01 -1.494145287438713721e-01 -7.764387701956768084e-02 1.787235438674195098e-02 -1.451719187908259823e+00 -4.517191879082489980e-01 5.482808120917417316e-01 6.948088667879373515e-02 1.069480886678792375e+00 3.548280812091738845e+00 -1.068988554697722915e+00 -5.767926589420760974e-01
-2.742173004537922787e-01 -2.625296604114789600e-01 -2.638369499256716308e-02 -6.198710404700514404e-02 -8.167284816067388320e-02 4.775098941320904400e-02 -1.120464179143007666e+00 -1.663073124691911486e+00 -6.630731246918984967e-01 1.879535820857001438e+00 1.336926875308085405e+00 2.336926875308078966e+00 -6.981973258853838571e-01 -3.581679503287001909e-01
-9.127320150657669551e-02 -7.149784662991751083e-02 -8.973815231641568690e-02 1.620648386354933135e-01 -1.568005879522865742e-02 6.487550786017770577e-02 -2.380806205267349096e+00 -1.380806205267341769e+00 -4.082781844234608104e-01 5.917218155765283649e-01 1.619193794732653791e+00 2.619193794732663338e+00 -1.740052095762815720e-01 -5.359043967498955396e-02
-4.072659903203621479e-01 -1.797717366576640496e-01 -2.353391814554104677e-01 -2.308838961442163107e-01 9.065252267202542069e-02 9.339150855043637511e-02 -1.561442488281210350e+00 -5.614424882811905881e-01 -1.118757493068606612e+00 1.438557511718809190e+00 2.438557511718797866e+00 1.881242506931386282e+00 -7.260209557945216385e-01 -5.301030835083173631e-01
-1.487640511742666094e-02 -4.817839284205460704e-02 -1.097125521781631696e-01 1.565028566163438883e-01 1.248585451688733611e-01 -1.021887387020100624e-01 -2.713753472351714713e+00 -8.708489813300485105e-01 -7.137534723517153790e-01 1.129151018669950268e+00 1.286246527648275739e+00 2.286246527648290616e+00 -2.932959611383567644e-02 1.101038331519044178e-02
6.776467624103631182e-02 1.056475040694546293e-02 -5.874648042713171564e-02 -5.982713595872995657e-03 -8.599776798516011941e-03 2.715421580084723119e-02 -2.430911449007563618e+00 -1.430911449007562508e+00 -4.309114490075768855e-01 5.690885509924221708e-01 1.569088550992430831e+00 2.569088550992431053e+00 -5.344933404186328479e-02 -1.862395460071239114e-03
-2.405706646890556133e+00 -2.182096023212041769e-01 -1.870643617982167828e-01 -3.185128156249120712e-01 -2.653462962752700105e-01 -1.865525631298383669e-01 -6.272727474173740436e-01 3.727272525826254568e-01 1.372727252582620627e+00 2.372727252582623514e+00 -7.674202340573368746e-04 9.627397487063945603e-01 1.962739748706402443e+00 -2.442854553389282923e+00
-3.168888351514738133e-01 -1.712428918304246817e-01 -2.401244068007646892e-01 -2.133167220927989494e-01 -3.534405531316378579e-02 1.075536505191393155e-01 -2.125141799938136788e+00 -1.125141799938118581e+00 -1.251417999381267410e-01 1.100071620016808360e+00 1.874858200061868985e+00 2.874858200061878755e+00 -7.979007471954824293e-01 -4.157243643812486011e-01
-2.085352322575077452e-02 -3.507150869367349488e-03 -7.523792413720610528e-02 -3.683652410648678710e-02 -5.309416413022453873e-03 1.440660943170998243e-01 -2.052233402347741098e+00 -1.967636751214651092e+00 -5.223340234774526136e-02 2.212513650222005523e+00 -2.323831093569072304e-01 7.676168906431040106e-01 1.767616890643112448e+00 -5.420807372648736577e-02
2.141464296078239293e-01 1.447702937455594419e-02 -5.848755149597976988e-02 6.454303596232943002e-03 7.896648956023204213e-04 1.188713025180639093e-01 -2.631760507915033909e+00 -1.520070799871849010e+00 -5.200707998718516745e-01 4.799292001281439957e-01 1.479929200128142774e+00 2.368239492084969200e+00 3.042446011659559746e-01 1.346826837351783046e-01
-2.355806899684532996e-01 2.940034709412536751e-03 4.238455763492300632e-02 1.498879526904399184e-01 -2.384291467452139823e-01 -1.492833797185510458e-01 -2.625509406074112206e+00 -5.614162841487755351e-01 -6.255094060740973294e-01 1.438583715851222689e+00 1.374490593925895787e+00 2.374490593925895787e+00 -2.757129252164016164e-01 -2.799619627122300614e-01
9.055667501093189742e-02 -3.459898108840508968e-03 -1.046951475024344158e-01 -8.669283992519399851e-02 -4.063533785890423300e-02 1.391711290809936608e-01 -1.334521124264732350e+00 -3.345211242647306848e-01 -1.970408555375471327e+00 1.986779147838989124e+00 -2.917099447557439662e-01 7.082900552442459308e-01 1.708290055244250816e+00 -7.506884228340471310e-02
-1.713394926751030667e+00 -7.838192161167213401e-01 -5.822121226274218353e-01 -1.564221960018713220e-01 -1.645712172669482609e-01 3.281540601615932917e-02 -3.091119391161236130e-01 6.908880608838846582e-01 -1.623639509762631272e+00 -6.236395097626380446e-01 3.763604902373610117e-01 2.148090234691071299e+00 4.919158309959236419e+00 -1.819127616302370409e+00
-2.247732845631153609e+00 -1.376269839192500122e+00 -5.189636419865948369e-01 -5.593578667363741097e-01 -7.670986199022711283e-02 2.483876298709938590e-01 -2.023037279924607912e+00 -1.023037279924607468e+00 7.407503084544490857e-02 1.074075030845445200e+00 1.976962720075388091e+00 1.464447630324567484e+00 5.586589264044903302e+00 -2.208054442540722917e+00
-9.822317304602503629e-01 -9.648496774708167911e-02 -1.234996032476824712e-01 -1.268266508024592232e-01 -1.166635113305435761e-02 7.552956378635684864e-02 -1.928736574946229076e+00 -9.287365749462195286e-01 7.126342505378854830e-02 -1.227609210292551989e+00 2.071263425053776697e+00 1.288948710380626084e+00 3.554705505985727765e+00 -1.244544718604791766e+00
-1.093020547123701114e+00 -1.972214900812929717e-01 -2.694580051968927248e-01 -3.136347664499626320e-01 2.332904638787435328e-02 2.319336939937477471e-02 -2.010211209351435269e+00 -2.135261352043522187e+00 -1.021120935143319565e-02 9.897887906485670628e-01 8.647386479564700412e-01 1.686084266031063983e+00 4.168443338013461563e+00 -1.335184630758617486e+00
-2.329158426334837717e+00 -2.280212676675320349e+00 -1.752495822585734275e-01 -1.817640818783748669e-01 -1.919497966977096182e-01 -1.617542001911599914e-01 -1.585636908744260776e+00 -5.856369087442621080e-01 4.143630912557437762e-01 1.414363091255745664e+00 1.512431407317960996e+00 1.119225492143925083e+00 5.807569503631939689e+00 -2.385215756000861997e+00
-1.041371674512664436e+00 -1.403796140589333441e-01 -1.500756429300882377e-01 -3.172775412919278670e-01 6.057304686687794981e-02 -2.057705742026256224e-01 -2.533316125194005508e+00 -1.225203251458256481e+00 -2.252032514582493761e-01 4.666838748060074260e-01 2.274864410195524211e+00 1.966616005795808642e+00 2.966616005795818189e+00 -1.505381420273329329e+00
-3.863289906625808068e-03 7.383152843850750158e-03 1.094208068098435904e-03 -5.483097894450456034e-02 -3.063825516667278981e-02 1.606510054977810797e-01 -2.439590077924872702e+00 -1.439590077924880474e+00 -4.395900779248802515e-01 5.604099220751189714e-01 1.560409922075111089e+00 2.560409922075113087e+00 -1.852711761240849464e-02 -3.235400915027213803e-02
8.545124569703979600e-02 4.441038489508195714e-03 -3.706104061678291289e-02 -5.036249359550239169e-02 -1.123354486125413380e-02 1.178468587975839005e-01 -2.693947659707303099e+00 -1.785984506699996865e+00 -7.859845066999986418e-01 2.140154932999890069e-01 2.702038774166808377e+00 8.180302475729340772e-01 1.818030247572947733e+00 -3.905905336017312379e-03
-3.008693938973647231e-01 -1.447527287760697889e-01 -1.393985037138337491e-01 -1.375825405805482238e-02 -1.150017726350267139e-02 4.300667781454946964e-03 -6.027238499548966955e-01 3.972761500451034711e-01 1.397276150045094090e+00 -7.645877081982385137e-01 2.354122918017532984e-01 1.235412291801753382e+00 -6.117073904477603463e-01 -2.890052970854823378e-01
2.085944694097831564e-01 -1.007106317239464185e-02 5.613787580216647588e-03 -5.230756507275037548e-02 1.612553690187164268e-01 1.524087938271567744e-01 -1.303413904014280478e+00 -2.251423677929578204e+00 6.965860959857265167e-01 -2.514236779295833668e-01 7.485763220704104715e-01 1.748576322070414246e+00 3.653114069651598461e-01 1.730915692709586451e-01
-1.082165855208767846e+00 -1.941536060098074390e-01 -2.328927943780465526e-01 9.783053898031666973e-02 -4.011400847232467481e-01 2.869413476607216573e-01 -2.804250052881244848e+00 -1.369312785357676532e+00 -3.693127853576732567e-01 6.306872146423242453e-01 1.195749947118761813e+00 1.738045958767550525e+00 4.088391793778310301e+00 -1.193044588951566842e+00
-1.758642752166241108e+00 -1.910224756978803340e-01 -2.643079127565385322e-01 -2.777704136142661873e-01 2.633439790340660891e-02 7.205963045561861180e-02 -2.461432337356637579e+00 -1.461432337356640687e+00 -4.015503886773639369e-02 5.385676626433569814e-01 1.538567662643363976e+00 1.992475062455980828e+00 4.505937542876414348e+00 -1.827804443082244656e+00
2.733816185384413400e-02 -1.351255520790789477e-02 -8.170326054455440135e-02 1.576855164029831446e-01 1.096829996651050021e-01 -7.738184125798597268e-02 -1.037592362564939918e+00 -2.207489773368715102e+00 9.624076374350654106e-01 -2.074897733687235957e-01 7.925102266312773480e-01 1.792510226631273129e+00 7.846924214822860455e-02 9.593980362500531545e-02
