6.499485777872409109e-01
5.661119929248804583e-01
5.771279312691590668e-01
4.976894982173432069e-01
1.196468342727457390e+00
2.950534468600157778e-01
2.624581171215514264e-01
1.784881178373530330e+00
4.082087401232779578e-01
4.559030357788976806e-01
7.311114225431372127e-01
6.615268479696583270e-01
6.684810896836982375e-01
4.243940209065000801e-01
3.424555701037309552e-01
1.058390535054329229e+00
7.531117623270965344e-01
2.900863091192950605e-01
4.034960837990129723e-01
5.628570260707167483e-01
5.181658003312572536e-01
1.168082986528051981e+00
7.007085799670214055e-01
6.026216741697021373e-01
4.754923074802403504e-01
5.485510857422379871e-01
8.091818413468204740e-01
1.439095567425197064e+00
5.238781374610960162e-01
2.473581653624445653e-01
4.617268190070556444e-01
2.535146547553276397e-01
4.828567879659474982e-01
8.777974746034247211e-01
3.750413473908026374e-01
1.041067053613567994e+00
7.198793215357496278e-01
6.901862431498214656e-01
4.319338304650305327e-01
2.561440162487560457e-01
4.627749556662378305e-01
6.341978475141017979e-01
3.688000974326790526e-01
2.440105038125806591e-01
1.053010662253771379e+00
7.608696423555589838e-01
4.697438891145725437e-01
1.073676340858398026e+00
5.556860189496715119e-01
6.808414265403001098e-01
