6.769025396708439501e+00
8.729694548988641500e+00
4.565711733223324131e+00
8.875454244633720791e+00
7.081905371777549085e+00
1.031045729297718871e+01
8.806571706865948812e+00
5.698595296346307570e+00
5.652349234903019770e+00
9.754169519066239857e+00
6.318687537366528773e+00
6.532191236199136775e+00
6.601284970199450264e+00
7.098945550414684114e+00
6.710057530562709260e+00
6.759300601467130853e+00
4.349453389966685180e+00
8.504385483102181453e+00
6.020100949179998828e+00
4.786128533524494522e+00
8.532593990078741086e+00
6.120812263183109003e+00
4.461860693908866971e+00
4.714771426709531532e+00
7.045494503274345455e+00
6.902160453274484908e+00
1.051611775691541695e+01
1.037000524965060855e+01
6.498323032470988636e+00
1.034157412421257050e+01
5.171016964182658882e+00
6.701998584434859296e+00
4.396313005300076959e+00
9.458641871222528863e+00
7.388092920230507232e+00
9.996049341852426551e+00
7.763565694999180700e+00
1.262699539204493782e+01
6.472120350942688560e+00
4.406429110047629827e+00
4.099758834013329967e+00
1.045077939141023471e+01
8.542380058021626255e+00
6.510545669808085911e+00
9.480334977004918784e+00
5.811107366397200380e+00
7.084478287767219662e+00
1.043854546765240876e+01
8.098525083337134944e+00
8.478916661413341771e+00
