6.507409646961781036e+00
6.522049826417471330e+00
7.232784868367706288e+00
5.837892626029119292e+00
6.509157724404644796e+00
9.897216086710805882e+00
9.339811699563265179e+00
9.096268908617126669e+00
7.152147027912494792e+00
6.407599894340863855e+00
6.166162702272663054e+00
6.506793846260824132e+00
6.566610325433358319e+00
1.013356908027853542e+01
1.016521936463445286e+01
6.733968622986781227e+00
6.195140562145445173e+00
5.670747831050128696e+00
6.914556635012277575e+00
6.144502339887236708e+00
8.104062099005252762e+00
7.956020642249009178e+00
5.296441124658289645e+00
6.815777247363652869e+00
4.318074976623896610e+00
9.707283414628893325e+00
9.497828877859959107e+00
6.602839650048736964e+00
1.016343664517867929e+01
8.598087320179878645e+00
7.211513201711102106e+00
1.230421067487021958e+01
9.562813017521879289e+00
6.142674567773870997e+00
5.141659684787165396e+00
7.158065003424709083e+00
9.500085386960364531e+00
1.049467955228648819e+01
9.203108836684027239e+00
6.872776996682653738e+00
6.562126184023536979e+00
5.877249904987134954e+00
9.285901334913553740e+00
6.764113244697216309e+00
9.489273615923504934e+00
6.386954008370455682e+00
1.000136168631327216e+01
5.246666998548604965e+00
4.903659305379695077e+00
9.463528716793559781e+00
