2.852896227570408172e+01
3.004420454275071251e+01
2.270931158241413783e+01
2.585529876126748761e+01
2.873185641694674430e+01
3.135507571786518355e+01
2.172948160177442034e+01
1.617982929823919136e+01
2.229257556985037070e+01
3.024691016300356949e+01
2.825340376497685924e+01
1.573357790072419959e+01
3.903948472048313789e+01
1.771574156774924802e+01
2.332682379880802870e+01
2.117536544929934905e+01
3.008315410314279248e+01
2.790787221054415213e+01
3.220825498010083976e+01
9.964720587133079732e+00
2.895685410043948949e+01
3.079604613839806859e+01
1.617041696109145121e+01
3.123793951258599932e+01
3.007235244877530533e+01
2.100259592990314417e+01
2.560980311295609013e+01
2.730432818163932751e+01
3.543834230474995195e+01
3.139396976858986221e+01
2.072756284053868114e+01
1.664487542776604201e+01
1.693940952225858254e+01
3.168790935605200687e+01
3.046166379102388078e+01
1.761274211374145082e+01
2.155211340412220622e+01
3.096189824736683605e+01
2.467422421682094225e+01
2.150400007847989059e+01
2.143403795139207801e+01
2.297782272547735616e+01
1.707874364802488643e+01
2.212219728403955443e+01
2.996230640339724971e+01
2.057327960805922729e+01
2.970132741711915614e+01
3.054451571003162869e+01
1.595116590460733264e+01
2.780940811294239623e+01
3.094002891965016389e+01
3.110362377951038582e+01
3.010939246653279255e+01
2.733610406758870326e+01
3.005391454451500621e+01
2.083964641715604671e+01
2.482701866351533226e+01
1.801979729762229709e+01
3.141849591653894436e+01
1.526193450779019756e+01
2.086263205314963542e+01
2.339388497645960996e+01
3.215987291084553590e+01
2.190293649206350679e+01
2.614743160863531202e+01
3.060728178929077359e+01
2.143438944487751030e+01
1.934557713570834281e+01
2.051293881873973390e+01
3.356537883242926057e+01
2.055702404979174958e+01
2.142836950976775157e+01
1.976458224191314628e+01
1.766682820654420283e+01
1.803676115854425177e+01
2.960604628647446290e+01
2.210803689658763105e+01
2.041553044641008086e+01
3.083016800302638316e+01
3.124421814382381157e+01
3.246691556624362818e+01
2.132239852307521843e+01
2.374272605738173070e+01
3.410462964388655394e+01
3.282744821941582813e+01
2.128975436259675291e+01
1.646300144743554483e+01
2.524640470996714825e+01
2.165320953250175151e+01
2.808075998901294312e+01
2.215585843747018657e+01
2.330957222268631668e+01
2.999833336648026716e+01
2.482008138150856524e+01
3.604544602424692812e+01
2.044852156597952586e+01
2.295619503467916545e+01
3.290990034288238775e+01
1.396864105229019160e+01
3.152663754495010906e+01
