-1.048215436867693029e+01 -9.481060936369670955e+00 -8.482061802663581673e+00 -7.482330135323797649e+00 -6.481783165850421469e+00 -5.481893277981070511e+00 -4.482114493169566671e+00 -3.481396868147635715e+00 -2.481008648195041744e+00 -1.481913461603900473e+00 -4.819373332641365693e-01 5.173616863109806729e-01 1.517688714645121451e+00 2.517770603976462240e+00 3.517298147759657212e+00 4.517542817375872488e+00 5.517881312153553708e+00 6.518123359165402420e+00 7.517505348406055887e+00 8.517631129107686050e+00 9.517614149234507437e+00 1.051815900274297455e+01
-6.173033021240754259e+00 -5.739913586745942098e+00 -5.111778139745114302e+00 -7.223208012487720708e+00 -4.377489929041416872e+00 -3.870500159591069078e+00 -6.514443050672003466e+00 -1.225548456650122464e+00 -1.868822857409633276e+00 1.234318689676501712e+00 7.266090859237094302e-01 -3.085064629732555463e+00 1.888729269474153316e+00 1.825118597729169068e+00 4.168851717027919790e+00 4.969398404467963992e+00 7.706884298561413438e+00 1.274659885457848141e+00 8.538282185847224426e+00 4.026271371023689483e+00 2.477444230976955986e+00 6.748155886782364554e+00
-1.048226016827608476e+01 -9.482155957005238278e+00 -8.481826492331244083e+00 -7.481824666939017376e+00 -6.481285133145076927e+00 -5.482033372602698407e+00 -4.481985949657184776e+00 -3.481253050945033678e+00 -2.482045867226332803e+00 -1.481880091808063682e+00 -4.823017350652083479e-01 5.175723650238630569e-01 1.517545833506355635e+00 2.517609893598327986e+00 3.517579785802139369e+00 4.517938426949756447e+00 5.517828143455755452e+00 6.517812974073660115e+00 7.518033779480237655e+00 8.517769417979492275e+00 9.517830937423477522e+00 1.051825270734049056e+01
-1.048187593878675017e+01 -9.482466829432686595e+00 -8.482218956066811089e+00 -7.481622991575463288e+00 -6.482439277185640947e+00 -5.482568745924687903e+00 -4.481461239470696967e+00 -3.480944720520232849e+00 -2.481290881945311000e+00 -1.482122530652727477e+00 -4.818325317041516342e-01 5.182203897698283157e-01 1.517969744787968978e+00 2.517540248618876930e+00 3.517620275305066713e+00 4.517534593628200312e+00 5.517226340757165559e+00 6.518253142522128840e+00 7.517753834412850722e+00 8.517362731085569294e+00 9.517899575219900044e+00 1.051838554678992033e+01
-1.048179680583145768e+01 -9.481537331911622957e+00 -8.481693753125975732e+00 -7.482130662622770600e+00 -6.482024596157375029e+00 -5.481993527236303620e+00 -4.482215837660154634e+00 -3.481996149840682619e+00 -2.481732175770114068e+00 -1.481714972379519324e+00 -4.818888316777556469e-01 5.176417631181884360e-01 1.517874828455134661e+00 2.518145262179050548e+00 3.517864144322555120e+00 4.517544734207076473e+00 5.517815387723130627e+00 6.517991452393211205e+00 7.517684492197913571e+00 8.517632457343019325e+00 9.517676747319379515e+00 1.051777515458790191e+01
-1.133752091957524044e+01 -1.006668889548430812e+01 -4.264829942284284137e+00 -2.591978668634127736e+00 7.188075681607006828e-01 -3.613868993466378576e+00 3.155673030683495917e+00 -6.137157248401125642e+00 -4.353915734882976452e+00 3.034512856463219332e+00 9.958617428311744568e-01 -2.120992013727129422e+00 3.474396742713755870e+00 8.176085191023756416e-01 7.725550851217666271e-02 8.922491088022490580e-01 3.054892164475789151e+00 4.326861844148555569e+00 5.645777906640748967e+00 5.361933769813120421e+00 5.130887483535893523e+00 8.195155950204879858e+00
-1.048118131370701178e+01 -9.481546913696945467e+00 -8.482096952809520474e+00 -7.482106631113722983e+00 -6.482128140939890315e+00 -5.481676218523226396e+00 -4.482440879060455075e+00 -3.482033205641940299e+00 -2.482666251672913660e+00 -1.482043368233863845e+00 -4.818353554741818812e-01 5.177157842977546665e-01 1.518886978314688108e+00 2.518178003416824851e+00 3.517357873307039640e+00 4.517310331152254221e+00 5.518064411865047703e+00 6.517648840831091306e+00 7.517865198241056035e+00 8.518037060783674619e+00 9.518175775693229923e+00 1.051743675260382105e+01
-1.048260592872452435e+01 -9.482699090784247886e+00 -8.479831168597405266e+00 -7.482165971940242244e+00 -6.482139492576772355e+00 -5.482201377099224615e+00 -4.482562894170941448e+00 -3.482771599834629583e+00 -2.482980596070941459e+00 -1.480547087436375975e+00 -4.829510321671435236e-01 5.194592083042177677e-01 1.520266284996798944e+00 2.517651175910760486e+00 3.517091652209094477e+00 4.517195796424683607e+00 5.520028328353697944e+00 6.517969420010377490e+00 7.517644105309779334e+00 8.516945665532876575e+00 9.516979848796660590e+00 1.051714653318577497e+01
-4.902715548463884687e+00 -2.492112456195992642e+00 -7.749926064739681486e+00 -6.818392358146950549e+00 -6.874312067110936120e+00 3.664879977900659114e-01 -4.983283703835117429e+00 -2.285605654428177758e+00 -3.165439417866242611e+00 1.820030041141061261e+00 -2.363962234657302819e+00 -5.823498266872562112e-01 8.705852909824456365e-01 1.904976535473426269e+00 8.320576266200871984e-01 3.424532654858303715e+00 1.256258067719186133e+00 1.193786162296095910e+00 9.136936352590845800e+00 4.769965781621781531e+00 7.537901154999509856e+00 9.499503445671297897e+00
-5.034838080337832977e+00 -2.918388337456148562e+00 -4.359643856249714844e+00 -4.321404417703897494e+00 -1.810331342678704658e+00 -3.132847517582194818e+00 1.125292075816397563e-01 -1.942009050410232529e+00 -5.884108480406307073e+00 -7.916393328279260899e-01 2.328510644801831120e+00 -1.472003895865511947e+00 1.365540588580760772e+00 3.331643039820005647e+00 5.398527428415974327e+00 2.730603109343845425e-01 -2.932328823352805980e+00 7.142477585629532832e+00 3.781031591714413054e+00 2.388289315369195975e+00 4.047112506845619961e+00 4.825742694810482014e+00
-3.484771434971586146e+00 -8.577770787713339118e+00 -3.155897263598164582e+00 -1.617784062918337096e+00 -4.859416343910152314e+00 -5.740005856404804874e+00 2.591085428724694495e+00 -2.915718850228498749e+00 -1.402556788459944137e+00 -2.902294354789320074e+00 -2.297500863079797284e+00 4.572926374410324790e+00 -4.606933217207536124e-01 9.557148458881294939e-01 -4.284364025060005687e-01 2.276861657800778094e+00 1.248977486670186821e+00 3.795803886766781154e+00 3.163207222369888161e+00 4.256775061064498544e+00 4.051635644716776952e+00 1.132478050152120019e+01
-9.560118245719728236e+00 -8.597048284174233501e+00 -7.756949225224962774e+00 -6.714551348898702976e+00 -8.838937082683868240e+00 -4.731296528520280376e+00 -3.928188422026174020e+00 -2.931769502638942537e+00 -2.122318453578300623e+00 -5.616143862072997539e-01 3.119474010498873850e-01 4.009167636938274493e-01 2.182348100119248180e+00 9.527655743316754133e-02 3.898852948360174597e+00 5.256349228660671002e+00 2.835361616720911471e+00 7.325996018884529448e+00 8.123949872009884388e+00 5.397648338268282941e+00 9.173166193101501165e+00 1.113590022100296117e+01
-6.343243257291926618e+00 -5.634544925779296776e+00 -5.411951277754796230e+00 -3.820868788671506699e+00 -1.818407486455914102e+00 -2.586073224010029925e+00 -1.406904310760926480e+00 -3.586427637656786516e+00 3.096616319330860456e+00 2.906345334213648601e-01 1.856898390083683292e+00 1.228513561560129697e+00 5.440927466941596791e+00 -4.777817130084184960e+00 2.740337492816654841e+00 5.480260237030454284e+00 -1.916542387511401824e+00 6.024173502459660767e+00 2.004337905239155226e+00 1.764783725448271223e+00 1.610245035235612132e+00 6.159974036041893974e+00
-7.519149993767670459e+00 -5.439192494408986889e+00 -6.284379004051562134e+00 -1.118864941383288292e+00 -2.198891070214659571e+00 -4.369846090298246111e+00 3.317968122778200968e+00 3.108642330914136664e+00 -3.026316468647943125e+00 2.618939156069968188e-01 -3.295373253270866165e+00 -1.463829680294300273e+00 -1.854059678082968121e+00 3.232501735641764462e+00 3.660961883739956568e-01 6.373152866456361920e+00 1.509650849130261818e+00 2.073929433923426657e+00 3.745961359492769205e+00 4.066680113785532846e+00 4.171968725195870142e+00 4.736378812753739176e+00
-8.318135046499982366e+00 -4.859565804436200231e+00 -4.640622657193697265e+00 -7.272919834129659478e+00 -6.329763996152629524e+00 -3.667442214911353915e+00 -6.442406482765646203e+00 -3.710804560043411193e+00 -1.458947050239960408e-01 -2.332988426957950168e+00 4.457030999126686543e-01 -3.452860668848333203e-01 8.413693681954154124e-01 2.753146913856497235e+00 1.487273391165519154e+00 3.503446314888317925e+00 2.513427753369748885e+00 4.541971364806203226e+00 5.601519036221774606e+00 6.107974295904208262e+00 9.079043109356362606e+00 1.158587692695521909e+01
-1.048158756287929805e+01 -9.482210770418673107e+00 -8.482082598080678437e+00 -7.481850844045933258e+00 -6.482116900553736016e+00 -5.482073724439192830e+00 -4.481732756068748103e+00 -3.482234642078926967e+00 -2.481617868115938208e+00 -1.481908187439479718e+00 -4.823466243052916269e-01 5.177796444093747397e-01 1.518181249330003979e+00 2.518162451515154387e+00 3.517688643017965688e+00 4.517730116674856689e+00 5.517881691286520507e+00 6.517947610298353567e+00 7.517841789702137234e+00 8.517850927839234032e+00 9.517856139520368686e+00 1.051776399446483090e+01
-9.849866468775401174e+00 -7.536026095516293211e+00 -6.748558305669101642e+00 -6.903604771561381526e+00 -4.581160616254308593e+00 -5.027002330361903581e+00 -2.486535040061579771e+00 -2.985147987492751120e+00 -2.296519446461720015e+00 -8.838419469701447317e-01 -3.750690161049806015e+00 5.820629960106482592e-01 -1.743739488706556262e+00 -5.557404134515286920e-01 3.828238969362679711e+00 4.790698245728080451e+00 5.447382854589068124e+00 6.675781481368692205e+00 4.371135220010978095e+00 8.879833775798699591e+00 9.501180018823021101e+00 1.166704129027317194e+01
-8.499436394347304358e+00 -7.912417726131221407e+00 -6.289246602850017354e+00 -6.324007215875512955e+00 -4.933063066678358588e+00 -4.786710406161115650e+00 -8.344160819269776042e+00 -2.562008252863500868e+00 -1.614216126439992127e+00 -3.602902566004936302e-01 8.345439201838424914e-01 2.066578556156922986e+00 1.898392404920942411e+00 3.888648391111321878e+00 -4.901366768052874967e-01 1.321185598769731628e+00 5.963099584316843504e+00 7.816710698402863144e+00 3.288892977000678286e+00 4.144899052191816757e+00 1.053630220965936459e+01 1.075136193094082238e+01
-7.589948533457935298e+00 -5.803722322854482307e+00 -1.589518765235939046e+00 -6.453231543087190936e+00 -5.812621753235711175e+00 -1.198550457363750432e+00 -2.610470796996769760e+00 -2.582845126102529143e+00 -4.535917481281860120e+00 8.944993998216015374e-01 -3.427647208382921029e+00 -1.693095773870526788e+00 3.471537863749569741e-01 -3.568308319076562984e-01 8.078285518215395644e-01 1.255626316940102738e+00 2.977607938477814464e+00 6.431668001698846560e+00 4.037151842117625122e+00 7.447883472144283701e+00 7.527863323386407401e+00 1.232203974062665708e+01
-1.048141726783725147e+01 -9.482224523343806055e+00 -8.482360399582150379e+00 -7.482206016101621060e+00 -6.482111043550734308e+00 -5.482035956599482063e+00 -4.482132754542597297e+00 -3.482031933285968606e+00 -2.481361008503194299e+00 -1.482140681960355977e+00 -4.816962548277494705e-01 5.181917182423934065e-01 1.517829083583578154e+00 2.517743670127611466e+00 3.517759644172414824e+00 4.517654725096448942e+00 5.518362865529285344e+00 6.518698208711372288e+00 7.517426752231346043e+00 8.517655216834768339e+00 9.517631881616335221e+00 1.051768585362218111e+01
-1.048116981102656098e+01 -9.482015720145250626e+00 -8.482306352393173654e+00 -7.482103771106778822e+00 -6.482108792798070951e+00 -5.481919503347434386e+00 -4.482177792624987944e+00 -3.481877869503065881e+00 -2.481680980460183150e+00 -1.481520360843695983e+00 -4.822836951775890668e-01 5.181548534469229139e-01 1.517492057247601167e+00 2.517501884563408510e+00 3.518279352648697511e+00 4.518230812116105000e+00 5.517538660629234926e+00 6.517273717983204762e+00 7.518098646266903273e+00 8.518048906190832881e+00 9.518054106696089534e+00 1.051741343127056894e+01
-1.048227863081473998e+01 -9.483133331618512685e+00 -8.482414082370011599e+00 -7.480933547697297570e+00 -6.481062889776433522e+00 -5.483559981665820260e+00 -4.480907396159373945e+00 -3.479788318953730197e+00 -2.483322203836639375e+00 -1.480262831530776424e+00 -4.812384552576283170e-01 5.165130191228648471e-01 1.519383280792018454e+00 2.518980666317723660e+00 3.516458436169413559e+00 4.519265695729041354e+00 5.517303361811423557e+00 6.517494543709540622e+00 7.519008248367102354e+00 8.516709848561072604e+00 9.516386120834134488e+00 1.051632022789933885e+01
-1.048142863843934691e+01 -9.481510147791016863e+00 -8.482093200426215063e+00 -7.481963962655198586e+00 -6.481796667318459271e+00 -5.482181936841135084e+00 -4.481970042328944359e+00 -3.482484400611047803e+00 -2.481532730500806139e+00 -1.481561974029650841e+00 -4.823914993215812075e-01 5.178893056105344783e-01 1.517848409373636187e+00 2.517508029599065722e+00 3.518979280848384406e+00 4.518217727203248657e+00 5.517529666085122741e+00 6.517439573664541186e+00 7.517428919334292914e+00 8.517632588405485095e+00 9.518009706992980767e+00 1.051735377277839234e+01
-6.179673361819780553e+00 -8.971522168768379046e+00 -5.025673700715305614e+00 -6.254879966703345673e+00 -1.997515215548996359e+00 -3.881436098503704635e+00 -5.591412160873836079e+00 1.883188280798732350e+00 -1.769246141808239470e+00 -3.879491615160188811e+00 -2.320973830508922919e+00 -9.673171654591263824e-01 1.460150736929206383e+00 5.744184313608672321e-01 1.656486689242778976e+00 1.595861002231385495e+00 2.858304102077701359e+00 4.663694866761827207e+00 5.265494363606606498e+00 6.163047701339921858e+00 7.497402117685043166e+00 1.361601491346832127e+01
-9.298032285542278785e+00 -8.578077134407191551e+00 -7.530087656943722507e+00 -6.520853938945213812e+00 -5.310738628954865703e+00 -4.352610298907332975e+00 -3.689407819673633515e+00 -2.465036792029287049e+00 -6.002436905178970328e+00 -5.784524252618596929e-01 2.399679388460268792e-01 -3.363267354085380134e+00 2.219403652043037578e+00 3.399866899229079031e+00 4.309019804216716487e+00 5.400305001962788509e+00 6.267154721836453390e+00 7.292258083872437346e+00 8.248037245355575919e+00 4.125783582306926434e+00 5.313140758187867796e+00 1.126898533170539984e+01
-6.910033178366560058e+00 -4.255481159805971636e+00 -5.590398767616752806e+00 -4.136421035102304522e+00 -4.353034287244715195e+00 -4.983147670182059286e-01 1.112876483212751899e-01 -3.281981524006309492e+00 -2.799188663867937077e+00 -2.830589159424309109e+00 3.109535274864728915e+00 -2.315374983536214959e+00 3.309560242329997681e+00 5.725975923399833967e+00 -2.765195441041519597e+00 3.146997421112554427e+00 4.690539366269356414e+00 8.410491591510041332e+00 1.372945927825637291e+00 9.857911410527950835e-01 5.367175530482137802e+00 3.900634679495015966e+00
-1.048146462271163415e+01 -9.481504498218948029e+00 -8.481953626667921853e+00 -7.481945453381021238e+00 -6.481916969811379658e+00 -5.481582259928655887e+00 -4.482349423860965132e+00 -3.481835378503271627e+00 -2.481878018176010059e+00 -1.482352061366492890e+00 -4.822381419891748067e-01 5.186208056455203774e-01 1.517821581864891911e+00 2.517891676927140665e+00 3.517549441958006895e+00 4.517498293722209013e+00 5.518051804805338634e+00 6.517352731729085136e+00 7.517585212195458055e+00 8.518298582935862839e+00 9.517881052399216557e+00 1.051739105006509511e+01
-1.048142841864712693e+01 -9.482311535965298077e+00 -8.481732528995362230e+00 -7.481893580745566652e+00 -6.482184764336432536e+00 -5.481631148945179888e+00 -4.482167210768547960e+00 -3.481809903274884377e+00 -2.481807995926240906e+00 -1.482301276515816113e+00 -4.816357161511035656e-01 5.178293917666803026e-01 1.517674874175684252e+00 2.517941329289568486e+00 3.518621626902712407e+00 4.517404485155239513e+00 5.518095988441597655e+00 6.517455022443426671e+00 7.517243917692798760e+00 8.518153976310388842e+00 9.517336252738131108e+00 1.051806899498809678e+01
-2.069613324917361830e+00 -9.266187998660990743e+00 -3.907223626993254761e+00 -5.419470436472415109e+00 -3.007981316642038827e+00 -3.365784335939945748e+00 -5.479440313135791385e+00 -1.877455972627211978e+00 -3.717249877079129128e+00 4.108562596792145749e-01 -8.905815840344525336e-01 -2.300249219634698861e+00 3.504049533651293569e+00 -6.956236217115858711e-01 1.092052752272018479e+00 4.592314663737789182e+00 2.138698846356235528e+00 5.461593483608808697e+00 4.367934689861730391e+00 4.881539564573013301e+00 5.254508976266552445e+00 1.068823463747477831e+01
-1.048225577378813966e+01 -9.481196271424934707e+00 -8.481618376618076383e+00 -7.481580415909961701e+00 -6.482111441140814279e+00 -5.481540905481034898e+00 -4.482021929865533494e+00 -3.482501300221139573e+00 -2.482242139225640187e+00 -1.481709169393225167e+00 -4.823872169310412517e-01 5.175015459006502283e-01 1.517538403922868540e+00 2.518259255046194411e+00 3.518435371870342721e+00 4.517267329449003554e+00 5.517990318888967849e+00 6.518054423684423782e+00 7.518132967705083658e+00 8.517491875047028316e+00 9.517374155873602248e+00 1.051804107224399942e+01
-1.048323282057586425e+01 -9.483264291828323422e+00 -8.480673546140838681e+00 -7.481478208845325995e+00 -6.481742242520491359e+00 -5.479851553385893581e+00 -4.481800103729414175e+00 -3.483541498130025005e+00 -2.482437068765793953e+00 -1.479538152163668130e+00 -4.825719540769402016e-01 5.191812569444849146e-01 1.516911348158661355e+00 2.517260854894464828e+00 3.517455747181720938e+00 4.517348160797901357e+00 5.518073772842233993e+00 6.516519030386755063e+00 7.519643639976331784e+00 8.518708547407932485e+00 9.516675432974642135e+00 1.051727542823011063e+01
-1.048217270252381184e+01 -9.478694026443077902e+00 -8.482230817052444749e+00 -7.482083757492636877e+00 -6.481906880709242813e+00 -5.480188672515472703e+00 -4.482289617034515672e+00 -3.483034689995387012e+00 -2.483221595260227232e+00 -1.482987855645740538e+00 -4.831534522500966489e-01 5.195598256858833253e-01 1.518142352727322120e+00 2.519045139578242498e+00 3.518229748037722260e+00 4.517957637933163184e+00 5.516638512638474268e+00 6.519589687612912243e+00 7.516797493127254981e+00 8.516816417601965838e+00 9.516897271302605432e+00 1.051721176030959803e+01
-8.527710672433919115e+00 -8.382843008927263639e+00 -6.860496241337150636e+00 -4.408910295473185137e+00 -5.219690026535349858e+00 -3.903156201404610393e+00 -3.055229830375941091e+00 -5.598082707108607003e+00 -6.413821791561376884e+00 -8.214954198215278502e-01 1.009402265472719940e+00 1.635801368886374840e+00 2.369812895968953281e+00 2.775182372469558345e+00 4.068477493502326681e+00 4.642982259824532498e+00 5.362556440022456350e+00 2.590747809019138259e+00 3.593314230735447978e+00 5.261355567889927087e+00 9.995795089098550079e+00 1.028093018172151929e+01
-2.508590061425767459e+00 -7.838818453858791280e+00 -5.512935032772743327e+00 -5.411304571344873970e+00 -3.182103940190221358e+00 4.926820843951542628e-01 -4.093175981427577881e+00 -7.574601927111736188e+00 1.394520607129799306e+00 2.332367080382521163e+00 -2.755699611600478605e+00 3.557454581103772995e+00 2.468274934950966504e+00 -1.216599016937967903e+00 -1.388480959018834060e+00 4.778441176890226849e-01 3.610262911643963513e+00 6.538970599925317373e+00 2.849308503635888723e+00 4.700869406597718125e+00 4.463859685803942767e+00 8.990816822063493419e+00
-1.048227126828653866e+01 -9.481213993646885996e+00 -8.481340079822325961e+00 -7.481657906689456183e+00 -6.481993860819127207e+00 -5.481621465899742418e+00 -4.482612266459256034e+00 -3.482032357969080394e+00 -2.482095278122205428e+00 -1.482400759377263455e+00 -4.822399460456683329e-01 5.174316994168410844e-01 1.517439440570084841e+00 2.518096835098468489e+00 3.518195428631509358e+00 4.518991985104291231e+00 5.518097259781564290e+00 6.517389640889371449e+00 7.518647134981359059e+00 8.517373175106254024e+00 9.517075032673082191e+00 1.051766333051702063e+01
-5.456673274079044234e+00 -6.050926070912639787e+00 -5.453204801400502788e+00 -5.417059672964544603e+00 -2.421766883929068914e+00 -1.394665527517891856e+00 -5.437291855991746026e-01 -2.769128531937883331e+00 -8.503729723277522190e-01 -7.846102093520512799e-01 -3.750059166733710647e+00 -2.142607437323289510e+00 -1.241632669408329503e+00 6.245255351051339776e-01 7.664048637065727476e+00 -9.197884238976063997e-01 -1.868479608875496467e+00 9.625939258515010977e+00 5.695669998219123897e+00 7.064328560539659740e+00 3.830817608198254121e+00 6.954296618248643647e+00
-7.695895447638527287e+00 -5.428995382439050665e+00 -6.394416482265029344e+00 -4.878690548837839813e+00 -4.304120525476603731e+00 -2.638150171443037983e+00 -3.408312194914212778e+00 -1.026424581445907425e+00 -5.932393212713694020e+00 1.266088658201609540e+00 -1.367575643486849124e+00 2.310555646359495618e+00 -2.180479419601807134e+00 3.979205014325088996e+00 1.329553177595551805e+00 5.735625627564298057e+00 6.505248688661634304e+00 7.274381499788981742e+00 3.830255310817137104e+00 3.114173443091702520e+00 7.044174548145010206e-02 1.023484657800817565e+01
-8.008858139638116214e+00 -9.758175407664856138e+00 -9.059104108179740322e+00 -7.764999551889076201e+00 -4.118069146261298386e+00 -5.820590678561608833e+00 -4.565194894091678890e+00 -3.537497657360657577e+00 -2.827744246503383962e+00 9.050369799308956020e-01 -1.376764773219910865e+00 3.148511028016684477e-01 1.298095412324008047e+00 1.858270133040950789e+00 2.201718629697678509e+00 3.669352183108934184e+00 4.926558478164498212e+00 6.114974097109477924e+00 6.489334765359936696e+00 8.090430110102929007e+00 1.149574017024191974e+01 9.867558321119997089e+00
-8.332061555047840073e+00 -9.974187070523377940e+00 -5.414379654831655841e+00 -5.674611173688010268e+00 -3.854720085593368317e+00 -2.439228613150702607e+00 -3.322485925816294206e+00 -3.785862953580775514e+00 -4.381255108484824135e+00 -1.248405195314092220e+00 1.128850076249081846e+00 2.925994722364602119e+00 2.949901623608015555e+00 1.625187601805881510e+00 3.617538075527244601e-01 4.990010170583860649e+00 1.821367666795970397e+00 7.688325882864616823e+00 6.757246804746825930e+00 8.097709171486721758e+00 6.983216740771963416e+00 3.492554846833231252e+00
-1.048143577914350999e+01 -9.481387782503260198e+00 -8.482378754426136425e+00 -7.482381973076980941e+00 -6.482574898410920383e+00 -5.482510324228895726e+00 -4.481277379799982086e+00 -3.482383701611666993e+00 -2.482629585672500028e+00 -1.481695953417920819e+00 -4.823749322782973081e-01 5.179894979704400271e-01 1.518253099511959192e+00 2.518393617462018952e+00 3.517804865132664105e+00 4.517270680855608234e+00 5.519438546489578101e+00 6.517290782522060510e+00 7.518352907489637360e+00 8.517885845493173846e+00 9.517923701893186816e+00 1.051734929938206875e+01
-1.048186253553092229e+01 -9.481793036515060891e+00 -8.481966307217426504e+00 -7.481884298676815703e+00 -6.482098979706115927e+00 -5.482176100665880014e+00 -4.481786986643625070e+00 -3.481680234724848333e+00 -2.482123559171498073e+00 -1.481989113444646122e+00 -4.822266454046530981e-01 5.177671333605466941e-01 1.517730245536009548e+00 2.517685542052429781e+00 3.518192807381790743e+00 4.517623791640442477e+00 5.517596984451456521e+00 6.518458271568460916e+00 7.517884532159014199e+00 8.517737696116608248e+00 9.517544293945471523e+00 1.051828827912155973e+01
-1.047608165997667662e+01 -9.470389082246940760e+00 -8.521495405102967879e+00 -7.520506925909425711e+00 -6.457260918962168361e+00 -5.506125292147358685e+00 -4.007064142629031878e+00 -2.972896047931842922e+00 -2.501662317921340861e+00 -1.494339350683394851e+00 -5.290894653768329903e-01 4.093113943810141597e-01 1.368849580356175544e+00 2.427957658039832989e+00 3.459914862972935268e+00 4.372721696659168877e+00 5.446151586226836372e+00 6.397381610312949718e+00 7.927528067461826033e+00 8.373322050092431468e+00 9.353953458171712754e+00 1.031474042384566658e+01
-1.048180228133089997e+01 -9.481569502841329822e+00 -8.481510293077338503e+00 -7.482149746607664298e+00 -6.482106428932050690e+00 -5.482055832039240073e+00 -4.482372533868659303e+00 -3.482710685919636617e+00 -2.481991764496651598e+00 -1.482277963649135444e+00 -4.825465198267568923e-01 5.183123607527129195e-01 1.518519628454340520e+00 2.519387270916590538e+00 3.518529202450407567e+00 4.518376472998753002e+00 5.518127802420748296e+00 6.517167824913155272e+00 7.517855453897611895e+00 8.517204437066206779e+00 9.517350319434299877e+00 1.051718455891717774e+01
-1.209556746601846555e+01 -9.104081557527392121e+00 -4.061965854577364254e+00 -7.912155433381829361e+00 -1.296267356213536281e+00 -6.273451425756088717e+00 -1.106900349946360329e-02 2.177397140020304267e+00 -3.886383317439870311e+00 -2.449962776908317430e+00 -2.304904246613177055e+00 5.194859794642205486e+00 5.673444454423357541e-01 6.374598566379561237e-01 1.998646549714323761e+00 3.804013578767967196e+00 3.006957027963652607e+00 3.520029483640890078e+00 5.678750373745891089e+00 6.739703348955536022e+00 7.851029102772491441e+00 8.614539515264524994e+00
-1.048233475095848632e+01 -9.481897141107108240e+00 -8.481364469297909991e+00 -7.481570790775819546e+00 -6.482033740051763360e+00 -5.481316323646097999e+00 -4.482312704690485816e+00 -3.481551277705230873e+00 -2.482413339682594255e+00 -1.481569211252718787e+00 -4.819350049577035833e-01 5.179398103871086789e-01 1.517469850114796515e+00 2.517755915156811852e+00 3.517952252856700213e+00 4.517913703552695281e+00 5.517732311717482574e+00 6.517841358415100927e+00 7.518214870921591242e+00 8.517605234614823217e+00 9.517477047375649590e+00 1.051731817864557961e+01
-8.277651535785800263e+00 -6.132900049803193809e+00 -1.686609913728543297e+00 -4.460691239027861243e+00 -4.519419896200952635e+00 -4.595466474120761369e+00 -4.879131227383592062e+00 -1.721821683611786113e+00 -2.285568111536492530e+00 -1.174366818312320593e+00 -2.468784629086756555e-01 -2.550619911036169807e+00 -3.670114993099049538e-01 1.282369707004381354e+00 2.844927586177735890e+00 1.888584576587759356e+00 3.544857370510992922e+00 8.006993544645084171e+00 3.915390889602928137e+00 5.943003612235876254e+00 4.938379764673960892e+00 1.092855155095991115e+01
-1.070165310160275851e+01 -2.912353794612173807e+00 -2.802606148629424698e+00 -7.289981625905404883e+00 -5.457879842508834400e+00 -4.462465420549088790e+00 -4.248320094066594166e+00 -2.802814992849651521e+00 -3.662011699194421599e+00 -1.504848010731422381e+00 2.991308563762443029e+00 4.901543181565964247e+00 4.681852111649599246e-01 -1.724310408314166931e-01 3.149092912992310644e+00 4.598698395115402349e+00 2.799001560869777805e+00 2.165111698452487410e+00 2.019630390909001871e+00 7.515632060799971370e+00 8.040028306710180317e+00 7.764055268771263840e+00
-6.317976394433513221e+00 -6.053539934882685714e+00 -6.674647723066757798e+00 -4.528907419655709532e+00 -3.354407462290366571e+00 -4.675742981528096642e+00 -3.757063347081088800e+00 -1.266225122233354039e+00 -6.832211137256214428e+00 -1.243350878328034481e+00 -4.762008356365360129e+00 -2.236946061741609704e+00 2.976778097157009473e+00 3.259376414751743667e+00 2.884939055851796663e+00 4.849382934322017391e+00 4.974704868580728245e+00 6.021315022082690760e+00 3.130112877877375688e+00 8.570684233196221413e+00 8.749643983041579531e+00 6.681011111634212796e+00
-6.938021664990293047e+00 -7.631640219408178716e+00 -3.872666190218358562e+00 -5.099730818632599139e+00 -4.294572260615955983e+00 -4.560320614415584117e+00 -5.694540203659885336e+00 -1.080238370383487023e+00 -4.415235749366165585e+00 2.358631593131033100e-01 5.840118442316543090e-01 -2.633528769051930229e+00 -6.283973645769762584e-01 -2.275773781667978390e+00 6.309551416489277642e+00 5.538624069595194932e+00 4.500885868388015965e+00 5.196124837081528725e+00 4.859263196293435172e+00 8.556438134246842964e+00 5.742577221042814983e+00 7.996248039938081753e+00
-1.048262217302217891e+01 -9.482198816131461427e+00 -8.482428569685326991e+00 -7.480250146578677928e+00 -6.482852999459606025e+00 -5.482415471564651810e+00 -4.482437026094311605e+00 -3.480226401578315532e+00 -2.482813965867864070e+00 -1.482404735278004537e+00 -4.824969734657980069e-01 5.172822285782086027e-01 1.517429809678670694e+00 2.519825104285359885e+00 3.519852857698083426e+00 4.519537862051608457e+00 5.517294954169871701e+00 6.517348531294942404e+00 7.517170849848874070e+00 8.517441402782083060e+00 9.517299789596677329e+00 1.051758566837417952e+01
