-3.941446119546666328e-03 -6.610848860724577447e-02 -5.191585356168575416e-01 2.130685878722421780e-02 -1.794154390501304097e-01 5.077063926606262788e-03 2.592918538565562869e-01 2.302095925438523982e-01 1.982006990432663013e-02 -9.382051061880808396e-03 3.221163479078716085e-02 4.459498844572681309e-01
-2.156816565013886522e-01 2.146780215249913804e-01 -2.125108529873259711e-01 -2.706666306151489856e-02 -1.362968610299127026e-01 5.662536677149897224e-02 3.263891162652643452e-01 -4.811582862994439047e-01 5.431562353524025527e-02 7.777172700558844173e-03 1.600374023747410182e-02 6.327862766555181206e-01
8.640146512812729718e-02 -1.092646925522553075e-01 -3.070803323219054026e-01 1.955903107286078094e-02 -4.064445998432378304e-02 -3.970449705120362299e-02 -7.171186818917775485e-02 -7.960664631441420960e-03 1.624070829739650001e-01 -2.713683670010441293e-02 6.196741166028389702e-02 5.090293584061346133e-01
-2.092764065792192540e-01 -2.040608766203718949e-01 -7.388692706173005664e-02 5.729656018492828434e-02 -6.459848698427117508e-02 1.090298094374110571e-01 -1.614160148017576013e-01 -5.085967946769685485e-03 1.816488721453403121e-01 2.845947831696417352e-02 1.062232447568570715e-01 4.715277129635786491e-01
6.128854948233063149e-02 -8.625781725091324903e-02 -4.304954998946355915e-01 6.914217378911521883e-02 2.165964254560649727e-02 -1.385843352246605154e-01 6.980149742807119362e-02 1.782776293677603568e-02 8.595804776487182830e-02 -1.329719887264674827e-01 2.954846132731319547e-03 6.955381188281339888e-01
-4.227832253994597000e-02 2.025741293176717452e-03 -5.477497281358504333e-01 -1.027792462019940650e-02 -2.056151245248387660e-01 1.747081228579711321e-01 -1.433444651654517399e-01 3.169148394462421026e-01 1.453619511876663717e-01 2.015149945239622653e-01 -1.352631138112531384e-01 4.798640272994806888e-01
-2.378355274271230085e-02 -1.027612694147644976e-03 -3.165170331863600972e-01 -1.514466496821372576e+00 -2.962858888372192981e-02 9.875331732514787755e-03 1.485533503178632531e+00 -6.942536113958915067e-02 -7.693273786105069012e-02 -7.326280457257666745e-02 -3.979338964782248161e-02 8.852897404491660849e-01
3.013646686285059023e-02 1.460333842453170883e-02 -2.814449441665208829e-01 -2.886529840344023018e-02 -7.789500927748264913e-02 1.544197148465763919e-02 -6.343984676790009880e-02 1.104460046593537109e-01 6.543433709058606162e-02 -8.868592751535293861e-02 5.768723673083365339e-02 4.824426686888432236e-01
1.344479235662473238e-01 -8.974008579961345600e-02 -4.917279059130841845e-01 -3.853444325632610773e-02 4.821766176349052968e-02 8.149190808613450410e-02 9.066583656207164582e-03 -6.606802535668632181e-02 -6.552518860876724305e-02 2.523315800458620917e-01 -1.800644798469869245e-01 6.419654694744824086e-01
8.416161637575282628e-02 -1.336471715081387068e-01 -2.981728079483324523e-01 -2.008472292931347616e-02 -5.450351234595646882e-02 1.568727355600246509e-01 4.637635354432052132e-02 -2.807235301007392214e-02 -2.773542558512766265e-02 -1.727468745761102237e-02 2.020519738095716625e-02 5.077357757344583833e-01
3.723305931831495941e-01 -8.249021633556655533e-04 -3.668751257303446422e-01 -2.474459687955842480e+00 -6.649509256821778402e-02 -1.305130191114326210e-01 1.022074338426727513e-01 -1.749190432114641758e-01 2.525540312044157965e+00 -3.341500396493249370e-01 1.952292469734453473e-01 5.887903221575163659e-01
-6.650762231375188793e-02 -7.770510612296696595e-02 -4.358545921675902046e-01 8.441449622466051794e-02 3.190157056157906512e-02 -1.583051562694903214e-01 2.537344917571852654e-01 -2.452559505105066096e-02 6.648656492686456920e-02 7.664419491977178533e-02 -1.272478261268694122e-01 6.128255774726181215e-01
-7.607993734565057786e-02 1.445172624184598298e-01 -4.662771121518546891e-01 1.110563206448819673e-02 1.272648300332797633e-01 5.793246092281448267e-03 8.492081960029027043e-02 3.255706448711101486e-02 7.592257518872110034e-02 -2.248214871653180791e-01 6.397029443438138896e-03 5.145610751457134757e-01
9.620161260915939538e-02 2.725708054027384253e-02 -4.133565207678038256e-01 5.757733343739994403e-02 3.577557885566731016e-02 -1.281814460707305509e-02 -9.458087245345700791e-03 -1.315877280868381904e-01 -5.362950048913985024e-02 -1.951533380812102078e-02 7.693729975704062529e-03 6.517209773970769060e-01
-1.398046609982476762e-01 2.033612962370413280e-01 -3.451422405508416946e-01 -1.248731784098583084e-02 -1.492234565250259992e-01 7.245938598469045533e-02 1.313987836948225518e-01 -5.398852033364392317e-02 -6.318937373524395607e-02 -9.768782835860080616e-02 -1.101602001041032536e-01 8.003251303410986450e-01
-4.718211674017133012e-02 -2.707677071079727521e-03 -2.869598109416728327e-01 1.297496533605802249e-01 -1.297523062320646570e-01 -1.385072604175950073e-01 2.306669625109914259e-02 1.965927513739125776e-01 -5.081133994055441958e-03 -7.647313012039996805e-02 1.176236225901807070e-01 4.554917097522261371e-01
-6.790627703150030336e-02 -5.018511844465994159e-02 -6.086532351126240359e-01 1.158198296778571550e-02 -1.556736881441772580e-02 4.007838167129897274e-03 4.211489664652927623e-01 -2.466255844060714353e-01 1.362054988127791577e-01 1.364854943970622014e-01 -3.070528570730544915e-02 5.460740865174888992e-01
3.075587670204631141e-02 2.340537058642106275e-02 -1.466789996874611757e-01 1.038739215651968972e-01 1.104899002083050003e-01 -3.453249299458691773e-02 6.671905779218826292e-03 -8.841404817193825039e-02 9.477676251004556185e-02 -7.601392657671668385e-02 -1.131463489824657415e-01 3.246730768728949279e-01
-7.272559654670950058e-02 -5.245662376876850802e-03 -2.812658098441730425e-01 3.813437265400095727e-02 6.967735927418772235e-02 7.473219363354798028e-02 -4.042137561453191391e-02 8.275366311932960683e-02 6.567406543678988573e-02 -3.239798092517688632e-02 -2.215238735069286757e-01 5.584696425075005299e-01
2.336533728366342599e-02 2.058132742840270910e-02 4.173681352024558033e-02 -4.153788514010219035e-02 -2.328986764025273853e-02 -3.787282949170407975e-01 -1.797335885073945635e-02 -8.186201488188300790e-02 1.318668958860612084e-01 -9.312817004380295749e-03 -9.423022417543931717e-02 6.652450863024246264e-01
3.393256576379821698e-02 -1.007403881084194402e-01 -3.692701894601883028e-01 8.785850763638422545e-02 -1.883103280259293688e-01 -3.428593905963576299e-02 -7.670437701843679790e-02 6.215130478342066611e-03 2.921024935253966337e-01 2.936490260414292841e-01 -7.313284590589796963e-02 3.645473419441172536e-01
-1.109831438835008621e-03 -4.315486407369032995e-01 -2.236618680315205221e-01 3.322900717555196670e-02 -1.016889585709349897e-01 2.563959688778218449e-01 -1.525092543403825940e-01 -3.564870616442954165e-02 -1.006761169495170444e-02 3.887489594197723330e-01 -3.246276065246906511e-02 5.461846939682404312e-01
3.048726656522277034e-02 3.049083274970798008e-01 -3.174887567481960993e-01 3.792680980690048363e-04 -4.143906577477059483e-01 -6.619813098491097655e-04 3.285939417957944308e-01 -3.735813476305381298e-01 -6.223448008734458470e-02 6.592750458115857748e-02 1.932874616034490137e-02 6.545931666369241286e-01
7.663909164692659683e-03 5.249947651360249712e-02 -1.970433336467234120e-01 -6.391650984564537508e-01 -5.075806796026026690e-01 1.076659547656360905e-01 3.813951709004028134e-01 2.773042688169432418e-02 -3.329656237441461775e-01 1.015102365788099092e+00 -1.262487042611248889e-01 4.468071335078834250e-01
-1.022448540810273893e-01 -5.269982776023164617e-02 -3.361074518960903701e-01 1.079231034389955129e-01 4.121724284460018956e-02 7.849792572852928862e-02 5.434838170435541543e-03 2.392569261382184592e-02 2.649013097278760109e-02 -8.078049906486127474e-02 1.162166738741478855e-01 4.079880229698527039e-01
2.531880577106421573e-02 4.705368625919191528e-02 -4.195540835706058624e-01 5.380439456626454064e-02 -4.121576505010823843e-02 -6.402054857942836297e-02 -4.635332139071619839e-02 -1.776261876781463217e-02 1.056421693988303240e-01 -1.620636880113658293e-02 -3.779804066927441170e-02 6.469526886446931302e-01
1.377991872401250484e-03 -2.864976323322609639e-02 -4.090768446644333922e-01 -2.438472774378213151e-03 1.389280399649311069e-02 2.741955071319746376e-02 5.761501426156202810e-02 -1.146339521128670602e-01 4.245785434546042042e-02 -3.991367594197488267e-02 -1.316966352982283095e-01 8.195071266469534654e-01
-1.123656820130922718e-01 -3.686501317105286279e-01 -3.824219621424169713e-01 8.766262527145042560e-02 8.889945020079853544e-02 1.907410797811888159e-01 1.405727815451665585e-02 -2.495111255474621037e-01 2.198648207830719847e-01 -1.198243808516973596e-01 7.661910862764532981e-02 7.907899172574853752e-01
-6.888388207820334008e-02 -3.745226348411971606e-02 -3.460918327394055249e-01 -4.303122892723635490e-02 -4.924707658190948661e-02 -1.295555317214977242e-01 1.268945778492469034e-01 6.266753143498840495e-02 1.579414238665132753e-01 6.078253086806712641e-02 -4.727484166744393146e-02 5.491115909919601634e-01
-4.439668542823756170e-02 -2.283314846114659069e-03 -3.245234371395756545e-01 2.165516565849442271e-02 -7.856381827232096493e-02 1.483401370985395519e-02 5.361065141257014693e-02 -7.990838166581569826e-03 1.535330466409472461e-01 -1.184080236229590188e-01 -6.008917218983624714e-02 6.284834100547197488e-01
1.430886210725587984e-02 1.589081405249357509e-02 -4.542833985533037411e-01 7.482387095517295528e-02 -4.803616055763734044e-02 1.479351773190611674e-01 -1.208346202685858378e-01 -1.304470167202179676e-01 2.981850096595556887e-01 -1.030941156893561139e-01 8.086542437758202639e-02 4.605471511289395692e-01
-1.312428130631959067e-01 -2.681085598216211008e-02 -3.323330138242986398e-01 4.390622602644587286e-02 1.184283894786722705e-02 2.883989188278352107e-03 3.548709366702907514e-02 -5.175384654288663761e-02 7.372797467435804331e-02 -9.358973448341276896e-03 -1.325739387085167198e-01 7.520863168763823881e-01
1.604760752011367281e-02 -5.146961051047910067e-03 -5.944732522139170583e-02 -2.780870371174294295e-02 -4.852975983853229092e-02 -2.845584065236198001e-01 -4.805897682470840898e-02 -1.296562064997996699e-01 1.366365835263330109e-01 -7.170668824858189572e-02 2.310532441090600020e-01 5.270365905748778390e-01
1.667313362594901316e-01 -1.483077539989142712e-01 -1.535357571278741506e-01 -6.020744393426884916e-02 -7.108199269571686962e-02 -1.528276005976893781e-01 1.295495122412379241e-01 -7.029958031834838972e-02 5.863383546469044805e-02 7.400220105908285328e-02 2.306695394641536667e-01 2.325347019951167493e-01
1.399933050986944816e-01 5.786322132029167453e-02 -1.425086441088771194e-01 4.511007362473982291e-02 -2.295591034924102658e-01 -3.871917111067686018e-02 7.100512079083547146e-02 6.000328773986746828e-02 -4.030066085084026417e-01 1.292254976072524097e-01 -5.148847698839395526e-02 5.979424958380392674e-01
8.829671560228787019e-02 2.272961941177000650e-02 -2.901835257316722205e-01 4.700640843253578796e-03 -6.196403286910709407e-02 -8.425466104778572829e-02 1.277987309549084328e-02 -5.513222114258228834e-02 1.665136305752814780e-02 -1.145764647893845606e-01 7.396016037402131094e-02 6.228535310071399156e-01
6.141663788838933047e-02 -3.429112818540076824e-02 -5.294094409068407225e-01 1.957813799168760943e-02 3.594633900884595078e-03 -1.123220397062775433e+00 -2.023623679169478384e-01 -1.065800744863768801e-01 1.198248441643068984e+00 1.105426133117846099e-01 8.616395502729314038e-02 7.521799866061934514e-01
-1.286306556096590004e-01 8.083958051752107576e-02 -4.639274158999628361e-01 -2.501821248066223857e-01 -6.133423456029989118e-02 2.153300092987874281e-01 1.946118063500629214e-01 -4.286746731382168329e-01 -5.544105926044842758e-02 6.826888645943195444e-01 1.833356747515596519e-01 2.672452255739186100e-01
7.206789687486551965e-02 8.448000838392340575e-03 -4.079078697084255745e-01 -2.707105985615338925e-02 -8.964508321560160642e-02 1.098860334234597336e-01 -3.712404119541801249e-03 1.574583055823825309e-02 -2.571626584146984029e-02 9.968415211716276370e-02 -5.922673151224336352e-02 5.433084982522767836e-01
2.003122986720343862e-02 -2.923254444398740853e-02 -3.565010512782491037e-01 -2.755994294365057828e-01 4.575418901368096675e-02 3.106262877407455214e-01 1.897122285310146039e-01 -3.333911332245928505e-01 3.671330774485621201e-02 -1.041637444684530567e-01 1.527074878685434067e-01 5.792041698967037577e-01
1.580245410188456726e-02 1.365145533636808600e-02 -3.695203923702571336e-01 -2.819722257777661570e-02 -7.296682645372111475e-02 1.753795624953882748e-02 1.358974222544029886e-01 -3.123572365947049900e-02 -2.618560861537974453e-03 -1.519954260956563052e-01 3.188471283711359627e-02 6.776211490500715362e-01
1.535306609795429322e-01 -4.075601998510061663e-02 -5.629128995790247947e-01 6.481499159670796317e-02 -5.094852798386453885e-02 -1.571704422322339478e-01 -6.069307097502611714e-02 -1.493710034229875916e-01 2.648652761232193620e-01 3.789343345368054172e-03 1.364422284544405395e-01 6.342704614899183913e-01
-1.503427381162128484e-02 2.515451194706611743e-02 -2.507755384148130373e-01 -1.157629410583386614e-01 -1.039657327426951605e-01 -1.242076878008412238e-01 8.195157939774476430e-02 1.214897120083204274e-01 1.237040926334733032e-01 3.203359716211732350e-02 6.321218403608889341e-03 4.549524600869384039e-01
1.456886819647116860e-01 -5.816910112687593420e-03 -5.581111083870143874e-01 -7.385932150091795330e-03 -3.483772056762936969e-02 1.753256595764165690e-02 -9.974025150094234515e-02 1.444584985720053782e-01 9.826860205744063215e-02 -1.825270737486161393e-02 -2.238440551606475995e-02 5.764416848684522643e-01
-4.040363831879920098e-02 6.534325743601407388e-02 -2.584390640600161548e-01 -2.051905276717272963e-01 -2.829811352738932639e-02 2.449449923297364329e-01 -2.019624014967496550e-01 -1.713789369135837737e-01 -3.763071681532821622e-02 -9.453875485696504322e-02 3.182358329062121571e-01 6.451790687995558882e-01
9.073115074844689820e-02 -1.366522547036055357e-01 -2.889389572867313016e-01 -1.046131323767804551e-02 -9.885213598623625308e-02 2.086331176605501769e-01 -8.055948845155785909e-02 1.550922148386398303e-01 -1.556763084241368500e-01 -8.870658998074403001e-02 2.298969933984604253e-01 4.113545692355523586e-01
6.834079374615117941e-02 -7.820979245536775759e-02 -2.966439007941888417e-01 -1.880841428446403812e-02 -5.593050736437893411e-02 3.689568489053593903e-03 -4.869400573775520269e-01 5.130599426224503601e-01 -7.447115818740128457e-02 -3.568256976362093463e-02 1.174073532021344124e-02 6.857163578600651288e-01
-6.993988264459860549e-02 5.504154570576868383e-02 -4.212438223350316591e-01 -3.439748425773676010e-01 -6.671868705827635471e-02 3.659366117965868193e-01 1.211539128270687771e-01 7.126677627869071330e-02 8.990461403822913589e-02 -1.357395424609973145e-01 -9.185228717411103583e-02 6.620266014149981393e-01
2.527254038047929696e-02 2.141245402213992066e-01 -3.928486735696550824e-01 -1.604825858336491329e-01 -2.405312762033464669e-01 3.241702651464622303e-02 -2.713759405585456155e-02 -2.455214693953612914e-01 -7.569521834876313804e-02 1.254078168684880090e-01 5.657510785491230987e-01 4.151048126834536722e-01
5.906360881069316199e-02 -1.987764860807207656e-02 -5.441922751338300612e-01 -7.143136051084647553e-02 -7.304177176667879523e-02 5.470988465597921568e-02 -1.007417874496953636e-01 -2.377737219035340466e-02 2.001878534875185800e-01 -1.276268361647253380e-01 1.509544133916896347e-01 7.316342892892809813e-01
