2.219411215915840785e+01
2.979726755446305475e+01
2.979687766175349850e+01
2.979776913620296952e+01
1.936030352402773858e+01
2.383430124025679220e+01
2.409591651964600700e+01
2.846838041297674948e+01
2.979635979415056823e+01
2.979784273853350740e+01
2.151633841477839937e+01
1.932901713147179024e+01
2.979771785846364907e+01
1.417932160423817400e+01
2.979833732861209938e+01
2.576081118016551486e+01
2.694536351452109457e+01
2.979939257098010685e+01
1.823096125404684642e+01
2.979620339099429671e+01
2.979612194706116668e+01
2.282045917525944745e+01
1.582307041874974907e+01
2.979779677555740491e+01
1.780979038323897967e+01
1.965114391299409391e+01
1.251388602421636342e+01
2.904512036592055324e+01
2.979826055813600050e+01
2.979843896196457109e+01
2.979692511403527178e+01
2.086419011530070478e+01
2.979972914114933147e+01
2.979777852432237495e+01
2.979821763556652670e+01
2.571295772285255765e+01
1.571221125959304388e+01
2.979915940383220274e+01
1.909487766141860732e+01
2.979816237935243350e+01
2.576777623374897885e+01
2.979797744587726882e+01
2.018245148273880218e+01
1.800507714205069476e+01
2.979866597865327549e+01
2.979677475767282502e+01
2.979954207679475431e+01
1.581073268347215333e+01
2.622752964247926855e+01
2.979806604557252214e+01
