-1.052641752023591692e+01 -9.526417520235892056e+00 -8.527185473929762338e+00 -7.526734423231012272e+00 -6.527334187518471609e+00 -5.526648212562918161e+00 -4.526259262453429244e+00 -3.527384732257250022e+00 -2.526782956312993988e+00 -1.527290556918490694e+00 -5.273608829487539396e-01 4.732061881910567536e-01 1.472573298622249283e+00 2.473110448230386282e+00 3.472924392331721677e+00 4.472737859595897092e+00 5.472600850869300260e+00 6.472613375295283689e+00 7.472798507321956052e+00 8.472674484957341434e+00 9.473396431316022159e+00 1.047248382459985905e+01
-7.679792281244326446e+00 -7.525040474557490811e+00 -6.525040474557496140e+00 -4.679792281244385066e+00 -3.679792281244357977e+00 -9.956021578398400962e+00 -2.828115911701216678e+00 -1.755057917368882725e+00 -6.267717187980222704e+00 -5.940440168860372516e-02 3.708391355394524691e-01 2.962711992638672243e+00 -1.528829888595408359e+00 1.305568880777003171e+00 2.728513552925969421e+00 6.188160776325327461e+00 4.539006070498798451e+00 4.615897464457468402e+00 7.012705005995265140e+00 6.791452370082004641e+00 6.967122482092740654e+00 8.407930879974468752e+00
-8.803093652634416344e+00 -4.220864957071072787e+00 -3.220864957071054580e+00 -1.026249266433335272e+01 -5.409842347459360212e+00 -4.551427714772952271e+00 5.645302105770673151e-01 -2.250202443107392369e+00 -4.509404060879004916e+00 -7.865571258636042673e-01 -2.360110606209920636e+00 -1.788413036494319375e+00 3.689341953718375589e+00 -2.933925853498349223e-01 5.381983129090810003e+00 3.933376356168151400e+00 3.531919486233207728e+00 4.260381823812668500e+00 6.490723244085232935e+00 5.938410963739061188e+00 6.351030333730113497e+00 7.720272582817984564e+00
-6.334383948877558623e+00 -7.944217449790164309e+00 -1.213321864266655759e+01 -3.876107309371920717e+00 -2.871205661951341526e+00 -1.846533060944493210e+00 -5.180993145152664070e+00 -1.781413970950802561e-01 -2.643220343164645048e+00 -3.679534815808860770e+00 -9.720093558254524480e-01 1.215920993598904598e+00 -5.880599114129829719e-01 5.229479191233957991e+00 4.181513836174630683e-01 3.037348909669769004e+00 4.512989966372582096e+00 6.298020154618130917e+00 5.439861385700019980e+00 7.480740799239485206e+00 6.370329232415535614e+00 7.650086958322255271e+00
-1.052728825468908980e+01 -9.527288254689082692e+00 -8.525915440510617671e+00 -7.527380775998960161e+00 -6.527271401475770674e+00 -5.525871102105494259e+00 -4.525908347557891176e+00 -3.526231330226776706e+00 -2.527156573127596673e+00 -1.527279232035983370e+00 -5.258386250246704918e-01 4.722533706914280316e-01 1.472621682692652811e+00 2.472679014910346140e+00 3.472306687046177842e+00 4.472887988794928660e+00 5.473280857909808006e+00 6.472569185901763333e+00 7.472596306015145018e+00 8.472327593375329258e+00 9.472882609475735904e+00 1.047232797335494148e+01
-1.052712897617701771e+01 -9.527128976177070996e+00 -8.526183639060350927e+00 -7.526568878780713234e+00 -6.526704226027817413e+00 -5.526020739566190443e+00 -4.526274402033179101e+00 -3.527603436600069031e+00 -2.527003687213744243e+00 -1.527089264582476957e+00 -5.275031368840732426e-01 4.724443514238796382e-01 1.472808908332487121e+00 2.472510326315060070e+00 3.472838382829332105e+00 4.472433503378530517e+00 5.472897816110750213e+00 6.472924086857929638e+00 7.472746308554315320e+00 8.473044540394447210e+00 9.473253186453479913e+00 1.047261188517918029e+01
-1.052683652785007240e+01 -9.527123263444387646e+00 -8.527078656818359192e+00 -7.526808875020257972e+00 -6.526950290765256568e+00 -5.526948837902054379e+00 -4.527143834497422858e+00 -3.526880340989343665e+00 -2.527054326947416385e+00 -1.527002459730599782e+00 -5.272370151836707208e-01 4.732030570845804363e-01 1.472993595186972371e+00 2.472826422784821787e+00 3.472850901667378309e+00 4.473107399080298308e+00 5.472960004244345811e+00 6.472795487974186912e+00 7.472965476695801357e+00 8.472798416052359727e+00 9.472961062226788798e+00 1.047290653887798584e+01
-1.052690199728722575e+01 -9.527390841056007531e+00 -8.526681117374797836e+00 -7.526204548437513964e+00 -6.526629265059138874e+00 -5.526944704015173571e+00 -4.526812489737169543e+00 -3.526289526034505073e+00 -2.527489408511996771e+00 -1.526830341328283325e+00 -5.270046588372228058e-01 4.725792001594069092e-01 1.472530141811466464e+00 2.472685888748264560e+00 3.472605899314979538e+00 4.472662400792934534e+00 5.472473346035577890e+00 6.472801387648683402e+00 7.473582864146331772e+00 8.472615186463695380e+00 9.472575016658405289e+00 1.047337149862537053e+01
-7.292145359517478553e+00 -1.052771990034575644e+01 -9.455348366446003183e+00 -6.320022034823177925e+00 -6.900986879208383939e+00 -4.096543132555446221e+00 -1.432870512352439007e+00 -4.010710477771078253e+00 -3.306062878143527950e+00 -5.853675732253658115e-01 -9.527736547132803491e-01 1.640547227719649337e+00 1.597419733184340940e-01 3.060511995317694911e+00 2.075169977404022426e+00 3.502622125978142709e+00 4.096992327995327976e+00 4.903684894803333805e+00 6.349225074827256954e+00 8.371057930377062917e+00 1.029958775871660492e+01 9.826713415370791793e+00
-7.097415478188443316e+00 -6.097415478188405125e+00 -7.375983151567997886e+00 -4.114790307554202720e+00 -3.196168942681961500e+00 -7.005504025716743577e+00 -7.376352790864904918e+00 -1.963191933236917874e+00 -3.914360813576693854e+00 -4.423879829518636342e+00 -1.647473190199336912e+00 1.934579754884524494e+00 2.621757220178431158e+00 4.281398216298128112e+00 2.780791480836482421e+00 4.652534203402598045e+00 9.117223762402356657e-01 6.638882115085280589e+00 8.388182152101300915e+00 6.764953624871115068e+00 8.611916891653196515e+00 6.031121838469338137e+00
-1.052696298503061456e+01 -9.527354930273503442e+00 -8.526492242447350378e+00 -7.526456077329152450e+00 -6.527436916462395544e+00 -5.526493121615859039e+00 -4.526833330027075775e+00 -3.527485404840930983e+00 -2.526987571946584410e+00 -1.527452219954943402e+00 -5.264869823374525026e-01 4.725335643372776673e-01 1.472608107396149890e+00 2.473317566581744842e+00 3.473040948875924627e+00 4.472702185877343695e+00 5.472882579334758191e+00 6.472383382984181921e+00 7.472831170328639416e+00 8.473482008346101324e+00 9.472532796927470855e+00 1.047343140400268702e+01
-1.964448230066169643e+00 -9.644482300661231244e-01 -5.193458286657613776e+00 -4.103900110488804209e+00 -6.182439144942867060e+00 -5.482956878278189450e+00 -4.106274156380552931e+00 1.989938762095005531e+00 -2.052656286665104357e+00 -1.155188549602891523e+00 -5.140899577996205227e-02 1.289182007238339978e+00 6.031819464085807603e+00 3.085119012087988999e+00 4.073600337466353416e+00 4.815361028025628265e+00 4.913802602044181178e+00 5.476860702248975699e-02 1.471230946723600441e+00 1.244389141400462861e+00 5.265687648962147360e-01 1.166702128568588570e+00
-5.839965327836678988e+00 -4.790740148507091511e+00 -3.790740148507095064e+00 -9.193680700070853362e+00 -8.626497995313744838e+00 -1.096625894599471573e+00 -6.064156318812996105e+00 -4.878909720322453403e+00 -4.771233204941967010e+00 -3.051006876690528724e+00 -8.972166108288541775e-01 -1.623539287505056050e+00 4.506958899064324342e+00 1.058812842687915312e+00 1.221549610711277989e+00 4.433545504431950057e+00 4.084135169221879025e+00 6.574480714774480816e+00 6.404832937458934339e+00 8.803931716772643412e+00 8.141964069922634550e+00 8.799404701617136837e+00
-4.789378381973323329e+00 -8.218411280905357330e+00 -7.024549381617044119e+00 -2.397878054471280773e+00 -1.429217515101639524e+00 -4.551845039451729136e+00 -7.954278911256309925e+00 -6.276960661520890383e+00 1.453996353901676697e+00 -3.942444168065069476e+00 -1.743668551481504680e+00 5.381934654523185202e+00 -6.812369963970487108e-01 1.311505881942371721e+00 1.953377272072782445e+00 3.458313978082319551e+00 3.488470062888117784e+00 4.511783022101923279e+00 5.036722912871507418e+00 7.564756108697819670e+00 6.887180458008245409e+00 7.367132169877635306e+00
-1.052729180658403862e+01 -9.527291806584040401e+00 -8.526011536067171548e+00 -7.526439810341061687e+00 -6.525484288280653189e+00 -5.527209701185883617e+00 -4.527413534169840048e+00 -3.527286509221253752e+00 -2.526421638374968026e+00 -1.527566561644716714e+00 -5.273979848081413735e-01 4.722074026411231529e-01 1.472951767796823574e+00 2.472868202084841371e+00 3.472200026566332198e+00 4.473030766302890981e+00 5.473517140204254616e+00 6.473049318248577322e+00 7.473152777010749759e+00 8.472988745028322555e+00 9.472341878170317031e+00 1.047281108593398713e+01
-8.050344459832512456e+00 -7.050344459832460942e+00 -5.608488049162513533e+00 -1.056828831397754875e+01 -7.328897683753579528e+00 -4.165353154111024025e+00 -3.452951303955996032e+00 -2.161304189413320032e+00 -1.972230106968281049e+00 1.754404267426667996e-01 3.252355732600549776e-01 2.564462138989759055e+00 1.667550420663506117e-01 2.183971868992672594e+00 5.417877782058239333e+00 2.102440627465091083e+00 1.651549622503839299e+00 5.681775681164474179e+00 4.557456538683487324e+00 7.369204487404992676e+00 8.888778492503693229e+00 8.678557371898305561e+00
-1.052781291847885115e+01 -9.525621583515954782e+00 -8.527812918478808513e+00 -7.527178933674667505e+00 -6.524932330304933359e+00 -5.527851542288628295e+00 -4.527886031026197244e+00 -3.525755664164387682e+00 -2.527259101921847773e+00 -1.527289679104638864e+00 -5.273775065487207314e-01 4.720575904304240566e-01 1.473998928611921500e+00 2.472414234822434054e+00 3.473316678946659408e+00 4.472060272639435397e+00 5.473029339855356667e+00 6.472483264451668106e+00 7.473366925662208615e+00 8.473676959222000704e+00 9.472223857587023232e+00 1.047345409000460670e+01
-1.019736822112323260e+01 -6.894277418340420738e+00 -6.612578520254349002e+00 -3.674552985535522343e+00 -6.655557827959370343e+00 -2.772966814571833361e+00 -5.156713120414497808e+00 -3.920837567915154587e+00 -3.136141961193880334e+00 3.139549084856920302e+00 -2.541768400836891040e+00 -1.162552670074093131e+00 -2.053945490007929031e-01 1.421987431144056346e+00 1.643185424365822822e+00 2.464202342593658557e+00 3.730142288790319505e+00 3.845218909160108556e+00 7.608441521297279131e+00 7.955752549939561824e+00 9.134525985919074387e+00 1.139300845187963063e+01
-6.596043729095451447e+00 -1.081811408953550213e+01 -4.647400776803996436e+00 -8.819338321244002188e+00 -7.122424301858615081e+00 -2.443666556419664015e+00 -1.342381752000215922e+00 -4.615528757671839344e+00 -3.045084017243878005e+00 1.307530337462960768e+00 -1.402808976091632687e+00 -5.211977080846869059e-01 1.095475706590259390e+00 6.670082319909212742e+00 1.313942516094328328e+00 3.146169543955166681e+00 4.166203458694039519e+00 4.206970856199157893e+00 6.858799989037996703e+00 6.807477201285610846e+00 7.327108684568882424e+00 7.879532304978271284e+00
-1.052700211006126807e+01 -9.525940834459914797e+00 -8.527519180354726558e+00 -7.527510016140611881e+00 -6.526440187272680049e+00 -5.527309811589377730e+00 -4.527262731370592874e+00 -3.526928923008119554e+00 -2.526279642161977534e+00 -1.527356034991404599e+00 -5.275267650457884372e-01 4.741012762216048060e-01 1.472401351752612442e+00 2.473453805866567379e+00 3.472831362011763900e+00 4.473148197951644534e+00 5.473173373463485092e+00 6.472440415146682113e+00 7.473134786906571847e+00 8.472475187006326180e+00 9.472653643312781924e+00 1.047256676954302357e+01
-1.052619719979441726e+01 -9.526876543733202141e+00 -8.525903050872411626e+00 -7.526924614879229480e+00 -6.526740645143103592e+00 -5.527113054963672667e+00 -4.525080566379147129e+00 -3.526779924604037220e+00 -2.528021697970952886e+00 -1.527370301159953314e+00 -5.279322835532163083e-01 4.731431257995613038e-01 1.473111974922089118e+00 2.473012643781563824e+00 3.472189756956955975e+00 4.472335020926861304e+00 5.472575123337179548e+00 6.472703109410664624e+00 7.472841042009266133e+00 8.472888882187270099e+00 9.473345982757473749e+00 1.047209715369071503e+01
-6.226752799945941774e+00 -7.053621685763827642e+00 -7.831848699366091182e+00 -6.308354291234325117e+00 -3.009442171209351979e+00 -8.091777010900353062e+00 -2.415548329642231984e+00 -1.392507668396060216e-01 -1.758392819736696033e-01 4.254558587309611895e+00 -6.530614228598374815e-02 -2.036764539202233770e+00 2.166447883069369862e+00 8.000321071206069057e-01 3.735174392487642603e+00 3.832250757328070190e+00 4.138005556691408238e+00 6.097473085232938850e+00 3.914982069432765943e+00 4.061737756006269962e+00 5.158006209064291525e+00 4.601141247347042551e+00
-1.052825424447651415e+01 -9.528254244476540791e+00 -8.528163556009522139e+00 -7.528163556009539903e+00 -6.525912825018146179e+00 -5.523732308298344051e+00 -4.523709569126355134e+00 -3.527859974652532316e+00 -2.525671530514937757e+00 -1.525562662631257282e+00 -5.268012620508635280e-01 4.719445519149338963e-01 1.472979288548240007e+00 2.472112771123645913e+00 3.471856784075502134e+00 4.471954744309192264e+00 5.472267653793103648e+00 6.473212014883763743e+00 7.472118195146332909e+00 8.471546780318027103e+00 9.472492124885327769e+00 1.047490475699306245e+01
-5.807314037433227938e+00 -1.006816656977198221e+01 -3.781382159519941499e+00 -1.817823702518136297e+00 -7.888418498633898324e+00 -6.114264560472106425e+00 -5.629487948435147437e+00 -4.892961437667080915e+00 -3.777625887300204433e+00 3.861919876820407271e+00 -1.394201840955608063e+00 -3.870213102915608383e-01 5.795597885597532972e+00 1.589184650310678348e+00 1.873983115805018862e+00 2.940523027257581745e+00 4.040849082623559241e+00 4.912276688173182748e+00 5.246193194894454237e+00 5.766084673814242834e+00 6.888269033114311490e+00 8.049090657314303954e+00
-1.052656175585625675e+01 -9.526561755856311819e+00 -8.527097415348327658e+00 -7.526919026097116827e+00 -6.526736315509111819e+00 -5.526648737659483501e+00 -4.527071479877276872e+00 -3.527228068729682420e+00 -2.526781071146753987e+00 -1.527159530838767765e+00 -5.269558915698944190e-01 4.732614418661178490e-01 1.473111852834186664e+00 2.472785327414232626e+00 3.472823727706627395e+00 4.472868922928528335e+00 5.472931012341934576e+00 6.472670297900389613e+00 7.472574658522567859e+00 8.472736261615708031e+00 9.472627419809057869e+00 1.047263405827636973e+01
-1.052705843035464284e+01 -9.526031077246754464e+00 -8.527311101894465395e+00 -7.526236653666606102e+00 -6.527175359766571816e+00 -5.526019431989295683e+00 -4.527310729365444431e+00 -3.527277730743991313e+00 -2.526814431290715035e+00 -1.526335053484542570e+00 -5.266702551055963966e-01 4.728525426577494528e-01 1.472722530026336685e+00 2.472291759807959011e+00 3.472977116365331796e+00 4.472413755614656594e+00 5.472578338940044418e+00 6.472745515067471089e+00 7.473018124360939041e+00 8.472674160857103232e+00 9.472672089595690181e+00 1.047259825434197644e+01
-1.052693273736670676e+01 -9.526932737366710313e+00 -8.526606111363927099e+00 -7.526889650659141395e+00 -6.526569998399766703e+00 -5.527301563458008715e+00 -4.527520156042141863e+00 -3.527173920111231098e+00 -2.526645770804435642e+00 -1.527348494665185186e+00 -5.264533670111148922e-01 4.727346314625293644e-01 1.472643369300801197e+00 2.472673983736468628e+00 3.473795489831401184e+00 4.473357164724307111e+00 5.472853520377114478e+00 6.472655275328589752e+00 7.472937056286772517e+00 8.472648316486312225e+00 9.472735115750268164e+00 1.047264451669020779e+01
-9.291303577238334555e+00 -7.484582052202740421e+00 -9.674695710002744420e+00 -5.694782253928677207e+00 -5.443440577101188893e+00 -3.583413427349413816e+00 -6.211630217621166850e+00 -4.961870270486812728e+00 -2.010701915813696505e+00 2.688216969437828840e-02 -6.405422238891754771e-01 -3.055634535058423529e-01 1.112107832752485592e+00 2.998349359519226986e+00 3.222642832886163600e+00 5.013543698706123486e+00 4.912956363323810471e+00 6.302175071326647782e+00 7.068069780770337651e+00 6.530092417846367070e+00 7.851969081894003111e+00 9.669041003146626068e+00
-1.052568339895125860e+01 -9.527100454677238872e+00 -8.527624521065845897e+00 -7.525714289058372586e+00 -6.527014042843470421e+00 -5.526354904879228869e+00 -4.525725837458276501e+00 -3.527720596302660994e+00 -2.527008179236542418e+00 -1.527525361288690320e+00 -5.276452858339819585e-01 4.737262468446221675e-01 1.472455177794788739e+00 2.472430464218946966e+00 3.472924117337555572e+00 4.473247994076102074e+00 5.472349349747986480e+00 6.472634081136082074e+00 7.472674575041628131e+00 8.472697262059540435e+00 9.472473096441119012e+00 1.047280843962321484e+01
-5.792929167871124996e+00 -8.531212705390665008e+00 -4.840069007912632948e+00 -7.380009370617780284e+00 -6.740785237075060721e+00 -5.300064389227611805e+00 -2.236961680238191696e-01 -3.363052536978075935e+00 -2.964704703888420667e+00 -6.316510075475966213e-01 -8.387545336166752907e-01 1.263132552199264236e+00 1.073725263745671121e+00 2.031946106566254073e+00 3.736727941294042843e+00 1.122522490779024729e+01 4.543533545109506022e-01 5.101145537754615766e+00 2.275882936692211533e+00 6.280481675751802051e+00 5.821875275217692547e+00 6.747737209353085852e+00
-9.027467579058781055e+00 -8.523270794101533099e+00 -7.203283235839479381e+00 -6.236092262779879825e+00 -5.725321349100770618e+00 -4.132144526726640343e+00 -6.621847264546416589e+00 -2.035031694122194423e+00 -5.174925749220279592e+00 -3.993465950416823063e+00 4.242954000103271728e-01 1.412717816238309165e+00 2.499335409045508438e+00 1.721342140362099649e+00 3.479233166871834815e+00 5.092038513709693071e+00 5.375676413664997710e+00 5.194684498371937131e+00 5.634045245457366846e+00 7.672758262443151622e+00 9.620693753113032543e+00 9.951333719350927254e+00
-1.052785463597281534e+01 -9.528332695026275445e+00 -8.523247584361911322e+00 -7.528295457024476889e+00 -6.525614723224510527e+00 -5.525605961341732097e+00 -4.528298958797336127e+00 -3.523732453245996155e+00 -2.528291269798154772e+00 -1.527527346868389202e+00 -5.283976938914083377e-01 4.756696078587729914e-01 1.471771866421816455e+00 2.473769352178688763e+00 3.471584543924441491e+00 4.473140493373986004e+00 5.472241193394777881e+00 6.471889570694081328e+00 7.472086117010228179e+00 8.471663579683418988e+00 9.472255751829262493e+00 1.047443063591014756e+01
-1.052791680700394039e+01 -9.525348353453638950e+00 -8.527890566059120658e+00 -7.524891327389264362e+00 -6.527991834350590494e+00 -5.527524921365754906e+00 -4.527975711294176975e+00 -3.525385934182182268e+00 -2.527389119633200565e+00 -1.525124508210188523e+00 -5.279194594106826344e-01 4.720183729448166332e-01 1.472140100530616280e+00 2.474159848622305091e+00 3.473501992157922658e+00 4.472469960085382112e+00 5.472633396021350904e+00 6.473077070645315345e+00 7.472824428907859584e+00 8.473283965817909547e+00 9.472234335474002620e+00 1.047231900387189896e+01
-1.052782815999614030e+01 -9.524551960893656855e+00 -8.527649323709992402e+00 -7.527939106591739815e+00 -6.527691218324680023e+00 -5.527708473869347827e+00 -4.527920591898942249e+00 -3.527823957868617910e+00 -2.524560886689217298e+00 -1.527335132726234335e+00 -5.273780853233738242e-01 4.730590104379235328e-01 1.474641945890384775e+00 2.475156505338150126e+00 3.472699430517156571e+00 4.472132582894760233e+00 5.474792879752117258e+00 6.472409826449352366e+00 7.472238530150859148e+00 8.472281214527090043e+00 9.472165998748742766e+00 1.047211290591140198e+01
-1.052827101234677798e+01 -9.523775168101881405e+00 -8.527671031992525741e+00 -7.528257258575072441e+00 -6.527573384683222457e+00 -5.528333612125022611e+00 -4.527712025086975345e+00 -3.523799009959795114e+00 -2.528196685354789253e+00 -1.523178466003029641e+00 -5.276166278530123321e-01 4.767313372682568939e-01 1.471641577441596738e+00 2.471626095135112777e+00 3.471588410098455313e+00 4.474996141750718692e+00 5.471846006472015134e+00 6.471661679108043685e+00 7.473052255470664207e+00 8.471867970783611312e+00 9.472453437406914034e+00 1.047222330387343803e+01
-1.052692219852040978e+01 -9.526455218480371911e+00 -8.526160555468347724e+00 -7.526233288036152658e+00 -6.527251953767084558e+00 -5.527276108549379785e+00 -4.526923249052309473e+00 -3.527503209696574160e+00 -2.527001703665991528e+00 -1.527351307259355195e+00 -5.267409333451116282e-01 4.728714949028134384e-01 1.473458645357334618e+00 2.472688918425282267e+00 3.472911303354944579e+00 4.472753529860220567e+00 5.473239978267395500e+00 6.473333110524853495e+00 7.472421815110887877e+00 8.472464886917313365e+00 9.472360988570892815e+00 1.047261898727580132e+01
-1.156730511096751890e+01 -6.312151694458620454e+00 -5.210778215244310729e+00 -8.457956297435513804e+00 -3.652458184361059956e+00 -6.300190302989588709e+00 -5.265603615340481269e+00 -3.760405509493081055e-01 -3.243534836379201813e+00 -2.383706342931723121e+00 -1.281827148045118658e+00 -7.187840766463686748e-01 2.314934088816428037e+00 4.287555446612100418e+00 3.334087114540969399e+00 2.637439218918064210e+00 4.324088566907773767e+00 7.231587088607200897e+00 6.345815175917593365e+00 7.042782564080670937e+00 7.716376344641743046e+00 8.940974699432644002e+00
-4.568342631195630332e+00 -6.288633484112798655e+00 -4.414192092473578910e+00 -4.609252469842879840e+00 -1.708565455271353173e+00 2.352521032840119375e+00 -4.849645132927163260e+00 -4.908608789714790532e+00 -3.126384560677571312e+00 -8.577361440189474884e-01 8.365714453979944398e-02 3.337050850809082925e-01 -3.226693056699658779e-02 4.279875209988609264e+00 2.694363199385727548e+00 7.561693849542812096e+00 -1.329757991545353679e+00 1.149194888345757892e+00 7.194436607676497175e+00 7.689812666985331724e-01 2.257968068358080505e+00 7.422293262616594056e+00
-1.052745085514408885e+01 -9.527450855144044439e+00 -8.527450855144049768e+00 -7.525798524983922988e+00 -6.527269239791419153e+00 -5.527460838922049646e+00 -4.527194070883776789e+00 -3.527290205725229555e+00 -2.525923515923999219e+00 -1.525923277505427222e+00 -5.265351191840466072e-01 4.730976565994886585e-01 1.472608131102536078e+00 2.472875077954737932e+00 3.472759005359620232e+00 4.473131959072558672e+00 5.473378096453160424e+00 6.472505931488482744e+00 7.472413223914118774e+00 8.473459672860114367e+00 9.472660069099870128e+00 1.047216246717354338e+01
-6.840006651203405674e+00 -1.003223466549530229e+01 -9.723551565005172037e+00 -8.779686789350467535e+00 -2.638545025485859785e+00 -1.923797561689337465e+00 -1.637939801591319799e+00 -3.929878848748724174e+00 -3.048482952374855337e+00 -2.018921106613896121e+00 -1.643243168250985153e+00 -9.678623527952210370e-01 4.307976487508004548e-01 1.532697745134266709e+00 2.193899132116881923e+00 3.236846884901815713e+00 7.599674854611848218e+00 6.050011891259572394e+00 7.018688758283172291e+00 7.431747351388642286e+00 8.007904690274843418e+00 9.087185464609071062e+00
-7.597099285770641863e+00 -9.169652965939853573e+00 -9.437185621579697425e+00 -7.502321121616957633e+00 -3.620216580211358171e+00 -5.468892459728494693e+00 -2.778020476479373446e+00 -4.309533043560476173e+00 -3.596414368381072535e+00 -2.090276934378732854e+00 -9.875371292015499014e-01 2.402315002593470972e+00 6.112386285636980388e-01 1.708622522698985957e+00 3.096611945386449349e+00 6.613892488187008034e+00 4.426110616209451010e+00 5.399146849074099030e+00 6.528762163109017358e+00 7.877041199964299523e+00 7.950582926199224687e+00 9.348129577588883521e+00
-5.616922891933025852e+00 -1.019989403950053841e+01 -3.735334013404172815e+00 -5.118440264854042354e+00 -3.462133448770148281e+00 -8.423283001812027493e+00 -3.066141699763947237e+00 -2.393443489344626585e-01 -2.295720063177056236e+00 3.912655071646304883e-01 2.405205934470465046e+00 -1.510834913384172751e+00 -2.271893005275689159e+00 4.458724887896595490e+00 4.005343573711748206e+00 5.884150813459649854e+00 5.835891230316676115e+00 1.371522074414830872e+00 6.004687272213936389e+00 6.518577193909517398e+00 4.266085187099816878e+00 4.203791948877795726e+00
-5.493705534881713426e+00 -4.493705534881715202e+00 -1.148353656236954379e+01 -5.924712211838524922e+00 -4.586411520105118100e+00 -7.269808155078154144e+00 -3.725034308725238663e+00 -1.551198354745353392e-02 -1.872772311274664148e+00 3.075369283939437093e+00 -7.057728363982094244e-01 -2.685137546503774342e+00 1.429904092252964221e+00 -1.719831248804410961e-01 6.504976568488203270e-01 3.380809242328488118e+00 4.124351121571229406e+00 4.543014263542501929e+00 5.953763118185966263e+00 1.061516913599104583e+01 6.919035680124329346e+00 7.141481968426152349e+00
-4.674679917697572407e+00 -3.674679917697596387e+00 -1.178477293095388667e+01 -7.507264175372833748e+00 -2.405487486588880230e+00 -1.999007239271974878e+00 -4.818251090098981670e+00 -4.762057579538326202e+00 1.383618462295052032e+00 -1.649634167954634023e+00 -2.131504751511194229e+00 -2.494700907785651012e+00 5.189937968536573187e+00 6.367954283158359097e-01 8.765161924451361219e-01 2.887774498841809034e+00 4.609592648624789568e+00 5.302645100671569800e+00 3.704501895860662586e+00 6.337688380550389411e+00 7.949457688119260013e+00 8.428815832936837893e+00
-4.027414167938968781e+00 -6.291531179233935234e+00 -5.291531179233942339e+00 -4.291531179233959215e+00 -3.291531179233942339e+00 -9.738581939595633230e+00 1.293473219406953589e+00 -3.909844281221250828e+00 -2.385455844239031009e+00 -6.112726881026622205e-01 -5.078157110900451965e-01 1.886161278141287978e+00 -2.237940969678418490e+00 3.276947188409016221e+00 9.359819876156147966e-01 3.803277877965403064e+00 3.617859523688985224e+00 2.314764663723751781e+00 3.995628845575646793e+00 5.111421218039332359e+00 7.819866992333971645e+00 7.934371456628213082e+00
-1.052642376297576021e+01 -9.526883787898848155e+00 -8.526301778344944182e+00 -7.527350514619207900e+00 -6.527119546620678392e+00 -5.527054711668334619e+00 -4.527325603602967874e+00 -3.526765834032142166e+00 -2.526772368191295470e+00 -1.527246869592499223e+00 -5.267523410306758080e-01 4.731078600002938117e-01 1.472555254162710270e+00 2.473119590939440116e+00 3.473236691714687296e+00 4.473257940770549723e+00 5.472691230983896205e+00 6.473027911545200297e+00 7.472430129112170860e+00 8.472497325898567411e+00 9.472838014872234425e+00 1.047253910130398324e+01
-1.052727305719793094e+01 -9.527273057197968242e+00 -8.526756374334736321e+00 -7.527251986956050800e+00 -6.526728196238906321e+00 -5.525772025978019641e+00 -4.526444306766441272e+00 -3.526390267705377113e+00 -2.525803750550180027e+00 -1.527595183050079797e+00 -5.266773609275094969e-01 4.732441099529989259e-01 1.472912760282111932e+00 2.472319671714853229e+00 3.472429768944333972e+00 4.472458751702856006e+00 5.473281415010049500e+00 6.472415091300561585e+00 7.472307311201650037e+00 8.472342783415863110e+00 9.472561092877933575e+00 1.047299674322659691e+01
-1.052745408632537050e+01 -9.527581893584926576e+00 -8.527454086325379379e+00 -7.524718255481950280e+00 -6.527594090185367293e+00 -5.527517259798258920e+00 -4.527587444267489047e+00 -3.524754927239639457e+00 -2.525020331821639985e+00 -1.527566001496520443e+00 -5.249230570413843111e-01 4.724658422849383754e-01 1.472474432804371958e+00 2.472180574455039803e+00 3.472182869233865432e+00 4.471992432393809835e+00 5.474819391288541226e+00 6.472096546807071249e+00 7.472395017065789347e+00 8.472340285100717239e+00 9.472320973195815341e+00 1.047220700166442242e+01
-1.052708528631119123e+01 -9.526441530070528074e+00 -8.526789162985298987e+00 -7.526285254142527137e+00 -6.526767269454216702e+00 -5.526893057606448778e+00 -4.526988633654339012e+00 -3.526987974277966842e+00 -2.526595917276358350e+00 -1.526959073475824269e+00 -5.273041694679161395e-01 4.727778092703882606e-01 1.473723671653040412e+00 2.473063617267376557e+00 3.472553755410675791e+00 4.472751657732494834e+00 5.472681763835911539e+00 6.472750212319857255e+00 7.472506969489826290e+00 8.472560066052448491e+00 9.472514978863959101e+00 1.047251675955272354e+01
-6.835447846513374337e+00 -5.835447846513319270e+00 -4.835447846513327264e+00 -9.984289768218081562e+00 -4.533678599058157843e+00 -6.754354112643206065e+00 -1.218972983952522293e+00 -9.949460411912658397e-01 -3.577156534551877431e-01 1.132498153077869940e+00 2.128253382460065790e+00 -9.927908650057021278e-01 -3.204807831660523743e+00 1.303953931001667899e+00 5.407304800038830628e+00 1.429295007450887889e+00 6.425264253563349737e-01 5.979474031717129989e+00 4.785395277018821503e+00 8.729752454316434651e+00 4.825485303602100373e+00 8.589264561410910659e+00
