6.192645315996106459e-02 -1.516630813259752485e-02 -5.053506875887629757e-02 -6.120306330186212063e-02 2.885408614542222527e-01 -8.072338880443104270e-02 -9.492979977059935737e-02 -1.953537955283793925e-01 4.348562761542252436e-02 6.104099718143482511e-02 4.210421586848396569e-02 8.490942681842661433e-02 -9.828503819981774040e-03
7.693940056781349568e-02 -4.068127028381258309e-02 6.326563771315156515e-02 -3.823418082938582346e-02 2.754914343777458141e-01 -2.129536169558325365e-01 -6.627525709656312269e-02 -2.547168204394802821e-02 -9.588015712404557300e-03 8.233979859039791682e-02 -2.245342540384337796e-02 -1.328795525890826001e-02 5.176786316813191194e-03
-5.300341920015944064e-02 -4.938760345250561845e-02 -8.815504570367255210e-02 1.105384329272411370e-01 1.345707648106444776e-01 -1.941274291571259691e-01 4.057007663487778582e-02 -9.892181393464004324e-03 8.472927856980261296e-02 2.016410883054761127e-01 -3.068433303949062718e-02 -7.327389162094613551e-02 7.419163005459514237e-04
-8.505974404594218719e-02 8.001249805424745509e-02 2.224169417240679791e-01 1.253387232894426218e-02 2.546516113327177422e-01 -3.144655923592358793e-01 -8.326087321161673716e-02 -3.282574131967490316e-02 8.110217983057707580e-03 -2.310369807222775046e-02 -1.088396097654082684e-01 1.335513902701299105e-01 1.054638106216446332e-02
1.356041633256405143e-01 -2.475501675034971760e-01 -1.371858350087583611e-01 1.193036933118726689e-01 1.634628483687632361e-01 1.212054305800869952e-01 5.962514059684631551e-02 3.656115156308513414e-02 5.529053034207150052e-03 -2.336454226013537014e-02 -1.219702367444147617e-01 4.472205501315435275e-03 -4.142525078378800352e-02
7.549336527945073316e-02 -8.862769350833689386e-02 7.500510790746857392e-02 -2.965063189018977280e-02 1.765287831052056167e-01 -2.028695324792881283e-01 8.533613658533764634e-02 3.479566787920120030e-02 7.723538716078816313e-02 -9.248323453518765558e-02 -4.594966435697154378e-02 -1.277901108288839183e-01 1.372440736626296398e-01
7.816472253280309923e-02 4.501675320884814674e-02 -9.989123118604223417e-02 -1.529861856063843006e-01 3.897878805056284035e-01 -1.959728745385845572e-01 3.488510108935739817e-02 -1.278244592411003494e-02 -6.093263566198567349e-02 -1.311076656318339029e-01 -4.690683268052732967e-03 4.551651408927656628e-02 1.392604043723034701e-01
-5.843833986263424762e-03 3.434665821688089038e-02 -1.082879016830650964e-01 -3.975465186709548071e-03 3.009601600461406790e-01 -1.291945035654565588e-01 -6.375317883017261877e-05 -3.241903047920884767e-02 1.280079062991100192e-01 -6.648459765006962952e-02 -1.882830145932957722e-01 7.548416202588567603e-02 7.002086771610550875e-02
4.829308518955520435e-02 5.484933236730039213e-05 2.301851431150123573e-03 -1.727194474556285053e-01 3.143901310709718011e-01 -1.391507385053960266e-01 -6.516098790493599080e-02 -1.207126130632311251e-02 7.688450104105125360e-02 6.506062796522940617e-02 -8.712141023804076401e-02 -2.111591390242682689e-03 4.561804475146570559e-02
1.324707181985470827e-01 -9.430417684172077986e-02 1.029965237362507613e-01 -9.103134128378101431e-02 2.355259792651581696e-01 -1.618997754584701743e-01 -5.773428644669315046e-02 -9.863486691549908092e-02 7.592361461191100835e-02 -9.482390848574360348e-03 -3.182338518715535636e-02 5.807332788850988470e-02 1.418771326274073652e-02
9.225923636783719961e-04 -1.514574697877585086e-01 -1.340623375743531763e-02 5.729983231093722235e-02 2.564582497161107533e-01 -1.392568292286810172e-01 -7.122452009183574684e-02 3.559787730314625809e-02 1.203478897508745843e-01 -7.664043982333285099e-02 -4.143619778110865098e-03 -2.694695791718581396e-02 8.671728292081669343e-02
3.322818818856219936e-02 -2.490728448928650543e-03 -3.613840303912206620e-02 -1.385742982031664891e-02 2.087919737742991999e-01 -2.045155086662297783e-01 -9.246926655249079752e-03 1.470635041087959595e-02 -1.468444308034713014e-02 -5.118836812054749358e-02 9.994757546988496111e-02 3.520781806457136398e-02 1.450755590376723823e-02
1.211871613162572026e-01 -1.131957037590371196e-01 6.973054137074413683e-02 -1.193796157086484122e-01 1.485628175317974253e-01 -4.050451017692183187e-02 1.207156681292301248e-02 -2.051852460249555810e-01 5.089703556857867739e-02 7.555434216249540258e-02 2.696624830532717149e-02 -4.863885620786005670e-02 9.620187279052364038e-02
1.140015794094857843e-01 -7.731786783408663155e-02 1.157946074207713213e-02 -6.124895783219252293e-02 2.731288019763840613e-01 -2.701087187223357722e-01 3.127570315332790785e-02 -1.047016803332787571e-01 5.300227716217691815e-02 2.254414656033125117e-02 2.444158632896632766e-06 -2.036333120051051285e-02 1.024737967412119866e-01
1.676368225307744431e-01 -9.886081391730303092e-02 -1.192332503258600046e-01 -9.198351641228405887e-03 2.180351523508926026e-01 -1.090241245634335221e-01 -1.078243252648048017e-01 -1.906401245907324293e-03 -1.141617471821131935e-01 -2.841350742475477406e-02 1.259846720699275280e-01 -3.044369516855453123e-02 1.816772237635886911e-01
3.877963563193409513e-02 -2.799899333138396174e-02 -3.920438599966479670e-02 4.689976380992931515e-02 2.663975996203538088e-01 -2.520330103136821376e-01 1.101134892054722592e-02 -3.849819834183256656e-02 1.054537872834802464e-01 -7.545346132377583892e-02 -2.686241281442766637e-02 5.838719838448232224e-02 7.388782455263691318e-03
-1.332613364866603312e-01 6.993883314417137509e-02 8.892954097556446391e-02 4.166007705635264846e-03 1.813567698900197533e-01 -1.298064761355426366e-01 2.283513008790859222e-02 9.640244577920707714e-02 -8.073832655396355473e-02 -5.294751648093141971e-03 -3.727657032974387996e-02 8.217897605339720413e-02 -8.516258850067651154e-02
1.044868350214287478e-01 -1.589195925328493186e-01 -8.311454920118738210e-02 -4.546342564523349339e-02 3.469391351395288980e-01 -1.146134408590823994e-01 1.571411406160667101e-01 -4.180785780862664169e-01 -1.631886339701598410e-01 2.440256768424941825e-01 -1.344149476097546980e-01 1.830026448847973941e-01 1.564653893814412500e-01
-1.037852916359649491e-02 5.622107299661295576e-02 -1.403226361744200346e-02 -1.214860535368159078e-02 2.426605336269230528e-01 -2.452616777919742197e-01 -8.649107496189635882e-03 -1.788932778839601168e-02 1.696894832859022206e-02 3.436295979737383210e-02 -9.761934122549155435e-02 4.045806291877369204e-02 8.957492874972149133e-02
8.795547607117605582e-02 -3.174899869665793323e-02 -6.574272492774768661e-02 -6.809925550186272936e-02 3.125234585194894277e-01 -1.504996514728081936e-01 3.374676711786082917e-02 1.958700105763496249e-02 -8.291978450747369833e-02 8.084854009012179543e-02 -7.500813612774133443e-02 -4.533182786083964078e-02 5.895679022007181691e-02
2.237621440027121912e-03 -3.284270640633462236e-03 -9.077275607614152669e-03 -9.964224154166129166e-02 1.318621568656589971e-01 -2.270126101315469644e-02 -1.123065622077180394e-02 -5.688597775567097448e-02 -1.576671525148259645e-01 5.482457890389805244e-02 1.104243726051838820e-01 1.306551521541497729e-01 4.752607306638240679e-03
1.060208401568596970e-01 -3.965392703723756573e-02 -5.187682340730449815e-02 -2.486879411876964999e-02 1.713094835709085273e-01 -1.157726408242445854e-01 -4.081166988153124564e-02 -4.539305270864700537e-02 1.153829602232190749e-01 -3.706928370076299772e-02 1.830222731879308732e-03 -2.305197067536738156e-02 5.822230965222201238e-02
6.316639167242740771e-02 1.292468238092641108e-01 -9.376578413000614953e-02 -5.901644956385579399e-02 2.994493360503056034e-01 -2.344631919593945235e-01 1.169375520106022831e-01 -1.528361942841097165e-01 7.539474157443457059e-02 -4.441322007078863515e-02 8.697769829638637984e-02 -8.757083450078682885e-02 -2.483921492325497429e-02
1.685945326595032212e-01 -4.497703279574755131e-02 -8.900664982284332838e-02 1.272186564061704439e-01 1.194256096228082376e-01 -1.545880160548550875e-01 -4.653963611595000882e-02 -1.529434508564333495e-01 1.568114222932556756e-01 4.038657505119634672e-03 9.616248064869657719e-02 -9.928118833128782295e-02 -1.064773117721293932e-02
1.356835057423335655e-01 -3.153899377345053406e-02 -1.705141469328354600e-02 8.245915786851529261e-02 2.476740966941864408e-01 -2.132203506266217297e-01 5.105417470184324402e-02 -1.235942550611026508e-01 -2.402354659410570539e-02 -9.402168550276568393e-02 1.749000652943005427e-02 1.484376174463565221e-02 2.851319695160924039e-02
1.512865654356529144e-01 -1.601063974136391621e-01 7.913269084854378244e-02 -8.200382940433997847e-02 1.847046012306424179e-01 -3.341783013899800037e-01 -5.370075285713717117e-02 4.176978620897690841e-02 1.296030754230665868e-02 -2.076583638202331161e-03 1.595612447326007766e-01 1.213769307416660663e-03 7.570455337838219445e-02
3.645400689169224495e-02 7.057093502857356843e-03 -8.519797203882578662e-02 -3.385643253318743051e-02 2.548906536839334325e-01 -1.801973442632683609e-01 1.694182088195760397e-02 -6.047414236599520099e-02 7.207513379825264410e-02 7.747007551000016645e-02 -2.410276163999982429e-02 -8.396487653303161269e-02 7.717239908683846961e-02
7.698122104334161053e-02 -2.013025517951565202e-01 6.794876152135959080e-02 -5.667271396371517667e-02 3.705413007120536006e-01 5.954546439327246948e-02 -1.937647724649358416e-01 -1.454616673107081704e-01 -8.262106910217180411e-02 2.454368147266838274e-01 -1.212459862023813895e-01 -5.028306860096742881e-02 1.051659210245489140e-01
-3.235945620018547408e-04 -2.554846057076724103e-02 4.531660348657531867e-02 -5.738455165086939896e-02 2.347848049602058174e-01 -2.181722707896378566e-01 4.184563643532862587e-02 -9.458011342226134432e-02 1.770202070805780570e-02 -3.978757868818809731e-03 3.563928307872601953e-02 3.576899976012028193e-02 6.319805441656635436e-02
-1.781150501295613101e-02 4.513971837330713749e-02 2.339470355809860486e-04 -1.630739349951162154e-01 2.901997843260939458e-01 -1.264180036034299737e-01 5.475447141239678933e-02 -9.602839764879214646e-02 -9.634625954699736761e-02 1.211551909974769962e-03 5.828132631032174188e-02 3.665991000924773147e-02 8.746504541159239032e-02
1.714923131868845707e-01 -1.595412233269682123e-01 -4.208640563233820298e-02 -1.077706555454175652e-01 2.727420898688365236e-01 -1.793650485899100366e-01 1.973505305946025024e-01 3.083920335890862063e-02 -1.040057443452701569e-01 -1.151337964581259088e-01 2.727311327243436834e-01 -2.481545668250803305e-01 8.516982497075820113e-02
1.466229391318896874e-02 -2.117930145563647060e-02 1.337259822588693706e-02 -5.101582683365112753e-02 2.435188680349314738e-01 -2.088979922511491893e-01 -1.193021572323565149e-01 -8.740215215386383171e-03 -3.011759229559702114e-02 1.232891357789555054e-01 5.077500358397713659e-02 1.425391529268578150e-01 -7.463631319879741877e-02
4.723303450071798110e-02 8.779708512992895342e-02 4.851472948345000868e-02 -6.569138684951017493e-02 1.685230071992561696e-01 -2.086791121681579597e-01 -5.764602453284665973e-02 1.014873122980149561e-01 -1.136777054420336358e-01 5.894293412314256103e-02 -3.735171084394357799e-02 5.398967499625952765e-02 -9.174183913054436562e-03
4.545573748276145187e-02 9.054624107136782785e-02 1.516999346504727120e-02 4.749993462116026965e-02 3.180734347775381887e-01 -2.710199368329154757e-01 -6.735105697259036184e-02 -9.450663353074564843e-02 3.443166126223146106e-02 -7.225426869931517171e-02 -3.435058567119586570e-02 6.862732966892604036e-02 -6.054196661046336997e-03
7.136810417079685054e-02 3.613046658331018901e-01 -1.133422593952504304e-01 -1.930794918574746666e-01 -4.064401328560023410e-03 -8.421177497056378525e-02 -3.473034280917083327e-01 -2.143686210736283904e-01 1.933600564604459893e-01 1.664073463903203709e-01 5.343976431902638241e-02 -1.284298224611688799e-01 3.131875159858867330e-01
-4.336764293833523382e-03 -4.193866947667834744e-02 -1.559426009795020218e-02 -3.183234911424128594e-02 2.265543540508762610e-01 -4.285026424861412830e-02 -8.213985584875652113e-02 -9.080732404958274939e-02 6.467697063166229221e-02 2.713433212802717279e-02 5.768908955418750040e-02 -4.650351792107210169e-02 5.421591266719935631e-02
-3.021971466868967823e-02 6.744033326256236582e-02 1.075816529101873524e-02 -8.299233548433412877e-02 1.543653535457631398e-01 -1.184726574667409604e-01 1.867551795707736093e-03 -1.075907344804439419e-01 5.511995371490596013e-02 6.078454369110186661e-02 1.480822926274974385e-03 8.279963324199410279e-02 -2.107326138789647474e-02
-7.310732115611100201e-02 1.543604402721290500e-02 8.172719051498496257e-02 -2.801570840124653974e-02 2.857953931366015721e-01 -1.743713135953712801e-01 -2.939185278665983059e-03 8.187840072447896689e-03 -3.242231746456979841e-02 -1.364737960974214681e-01 5.352787285586783905e-02 -8.405884273497053749e-03 8.532883964099165219e-02
8.627802887996731396e-02 2.382158029738535784e-02 -4.716134311033294557e-02 1.685064726475372365e-01 2.183270456240724300e-01 -2.550764307231438988e-01 -5.665737668448824621e-02 -2.929422644793816533e-01 3.936272799988457805e-02 -6.375172338395553029e-03 -1.928381307756831323e-02 5.755437695629639361e-02 1.579138219893910233e-01
1.377220424799734111e-02 -7.067374344477207748e-02 7.872765332510896219e-02 9.022461045111208888e-04 2.027010914717291834e-01 -1.657333248553692906e-01 -4.418035479312788089e-02 -1.239588289682802373e-02 8.564917001139056574e-02 4.718589140931175180e-02 3.675555835459789339e-02 -1.322507897389813003e-01 3.380793478565546212e-02
-3.742241162334701554e-02 -3.657300184713556390e-02 -3.706854504180238236e-02 1.107048746217108651e-02 3.278764092125283081e-01 -2.455143229863505638e-01 -7.875609305988517939e-03 -3.813434827754131479e-02 1.715189483149824334e-01 -4.959623766484631824e-02 -4.422705212182032053e-02 1.475694421385386618e-02 4.545639364652004355e-02
-1.616980853552856812e-01 1.289675597723089883e-03 1.297675391966848779e-01 -5.070220027914337790e-02 8.363776061623885705e-02 -5.163913311847460885e-02 1.817314779257677704e-01 8.848627447469244178e-02 -7.571770730094606883e-02 -1.496932049743599780e-01 -1.442257785916398471e-01 1.255671956803002809e-01 9.746384010966595290e-02
-5.529116294042868765e-03 3.066696856358867330e-03 3.346735642221596030e-02 3.553229166034645170e-02 1.207972027105004426e-01 -1.636625354090527895e-01 -8.389523248255513488e-02 5.826869500336005411e-03 6.540458289636515155e-02 6.607498809702622156e-02 -1.965291386533031537e-02 -3.800832365204478286e-02 5.484578754110047694e-02
-6.326663614282258818e-02 3.669802589324654141e-02 6.475948270106332560e-02 -7.079819892626070497e-03 3.162153035809589507e-01 -2.218366217783786232e-01 4.272743301713066710e-02 -6.285156863524178628e-02 -4.555506770662540172e-02 5.659796352032039901e-02 1.133457876110732510e-01 -1.039590570186712526e-01 -5.152757116820370908e-02
-1.285930536592847992e-02 7.073153959046844796e-02 -2.474178182874386261e-02 -2.677535266396206728e-03 1.281907760707129695e-01 -1.720119598515726378e-01 -3.893198522583391635e-02 -2.936146845021210192e-02 2.320754332402134856e-02 1.220406133844302715e-01 -5.970279337779672846e-02 2.280955744786482275e-02 4.757445353020978845e-02
2.009387474479160107e-02 8.395197640806824346e-02 4.404816776959250002e-02 -7.834620877379865067e-02 2.812204379712915370e-01 -1.939827810053464663e-01 -1.138185761574423693e-01 -1.267754857773814026e-01 1.113396652860867558e-01 7.462214804319678568e-03 1.149662370874231371e-01 -7.054497325769813754e-02 -5.346895118682692960e-03
1.340358393082170529e-01 -1.786808506795905804e-01 -1.031483291879364134e-01 3.235489867288399851e-02 1.512128356747251268e-01 -5.820184564909203218e-02 3.270986107346325611e-02 1.725195885089069736e-01 -1.123915860700270969e-01 -3.605193286045799139e-02 3.581047453825926541e-02 6.282858772932817248e-02 -5.872988707745602222e-02
1.075845219802062103e-01 -6.830741051907351924e-02 -1.752412359467350918e-03 -6.942923486233278096e-02 2.126507938277047982e-01 -2.116965195362168484e-01 1.341112748315879677e-01 -3.477915016463106745e-02 1.368873994072466183e-01 -6.993251587119912738e-02 -1.171291620517522503e-01 4.536365320930810241e-02 1.069641608984291115e-02
-1.080422596708594807e-01 1.553876970202176244e-01 2.440088880083808240e-02 4.982349341917938906e-02 2.346656624508058064e-01 -2.431432876385341332e-03 -2.767821751208553449e-01 -1.073243096403457136e-01 7.417416241881812089e-02 1.249217043015932449e-01 9.905898796376975957e-02 -1.312098795090554382e-01 -6.237488557649698701e-02
-1.811180529408912623e-02 4.660294140470819246e-02 -4.209675211739827283e-02 -3.123687313103713087e-02 1.545622974723330212e-01 -1.507497763486468356e-01 8.436101096112269548e-02 -2.280306553670231190e-02 -6.728516363096601061e-02 -1.653512932959385132e-02 6.632027501505595446e-02 -8.997808078748953386e-02 1.612177753039268913e-01
-5.266632952867073003e-02 -1.367212390330793115e-01 4.928820178004410940e-02 -6.724495697874741974e-03 2.335255075980022521e-01 -8.237103190851707835e-02 7.983728244850818445e-02 -4.379891110100359031e-02 -1.477096475107702971e-02 -5.047344716147807164e-02 -2.121375301650590961e-02 3.204177046205910345e-02 8.831506389081654473e-02
-1.315104609574136441e-01 1.834845700244306099e-01 5.069059094218385242e-02 -2.177679226480373487e-01 9.936786621405771514e-02 3.042475969978489236e-02 1.287717828539115539e-01 -1.844733671707006473e-01 1.664115336767041931e-01 -7.266910498216336278e-02 -3.425181412403115189e-02 -1.106509246914406663e-01 1.664401451439376234e-01
-2.028116517170492142e-02 1.691118037137007979e-01 -1.064955738850337646e-01 -8.908021806355051475e-02 3.919972393712181646e-01 -2.247871827231554820e-01 -2.265257583360526794e-01 -1.093984416746607707e-01 5.751401049111180136e-02 1.351673228986884356e-01 -2.276828658405896655e-02 1.296954130003118988e-01 -9.881509055590240870e-03
-4.324117157245669502e-02 9.026397852539413957e-02 9.054680440046060375e-02 9.346345336359350442e-02 2.178642590100388632e-01 -3.553973528711037444e-01 -7.183800821221004995e-02 -1.555505018382932481e-01 5.058999515844132128e-02 2.188493513717276739e-01 -1.740613457255554830e-01 3.435048777851852642e-02 7.842770459266834582e-02
-2.923419343811032786e-02 2.497695627938391061e-01 -2.065295923060617711e-01 8.706097385434345692e-02 3.747403252862318013e-01 3.189092909404464549e-02 -2.880924435344782708e-01 -2.832662706905861860e-01 4.178082978322832930e-01 -2.397071903733672404e-01 -2.245267476995706779e-01 1.088898688920768021e-01 7.546413427057913070e-02
1.214803664820502394e-01 1.122560161112556160e-01 -1.156518443711869459e-01 -7.568506508713807035e-02 2.388372698427712604e-01 -2.431666503888454123e-01 -7.126579831267898513e-02 -2.442424214332600818e-01 1.979507353761622568e-01 -2.931668482793321762e-02 -1.372866752951815150e-02 2.698757504068455271e-02 1.698128230788606696e-01
-1.434300185078304229e-02 -1.220987342276544652e-01 -6.383828515838477213e-03 7.305721337522658176e-02 2.025574047641401088e-01 -1.111120367924363084e-01 -6.039508474451135006e-02 -2.951837034427080148e-02 1.113831610311291215e-01 2.959966523669736727e-02 -8.791366713278413181e-02 7.122167053976080631e-02 1.821326264254832447e-02
-1.775415615889777698e-02 -7.302461709927131339e-02 4.804159539823703307e-02 -1.626457908514340467e-01 3.340011697623322950e-01 -2.922192947574165922e-01 2.313198644771037593e-01 6.408982421569847654e-02 -1.608215358261595451e-01 4.611271074612775800e-02 1.578267379584419872e-01 -7.831793916065984962e-02 -2.234091472287847921e-02
-1.028027331431632940e-03 -2.363631764541460067e-02 -5.884343476755728858e-02 -6.529670122093783613e-02 2.356679735070268955e-01 -2.170333727544420527e-02 5.192397818163980994e-02 9.144134218513164103e-03 -3.795294273788855921e-02 -6.660583249481086265e-02 6.709906000450882591e-02 2.238137776815149471e-02 -3.688227622513150228e-02
1.161470701954857299e-01 -1.438790938807549269e-01 -1.696700854439355671e-02 2.725627764688222376e-02 2.786687133357381718e-01 -8.310698780857168899e-02 -1.115864222712775050e-01 -5.656967869575009467e-02 2.487641567472249904e-02 -9.117775073631984029e-02 -5.812238394531639429e-02 2.058598684320711580e-01 -1.713136542129204548e-02
9.127017244570502508e-02 5.408462906652045099e-02 -3.522031702311367168e-02 -4.086995105170447562e-02 2.666186944765802092e-01 -2.778698098290901530e-01 -1.332799656648113729e-01 -7.331377583241564799e-02 -1.173519500683845168e-01 1.184126469568514972e-01 6.560854104382853047e-02 -4.335157540729860093e-02 1.995303148685564354e-01
4.987964230396765841e-02 -8.211891736013715581e-02 -5.625489836467496840e-02 -7.074407833833977477e-02 2.840956308789480689e-01 -1.485897173903864832e-01 4.234921053178535705e-02 -8.933984310083256664e-02 1.647498877907947745e-01 -1.911645309030976167e-03 -1.461554251540243821e-02 2.367735428332179773e-03 -5.599810573799973885e-03
3.219090350820470736e-03 -7.777295595617984836e-02 -6.284141549780426078e-03 -2.055909240300060614e-02 1.973144681735629069e-01 -6.823023281097605197e-02 1.758315224182240011e-02 -8.763853727307165109e-02 1.362023070827385052e-01 1.767125634668967327e-02 -8.446655597502628066e-03 1.087253301654878684e-02 -3.966353764044777686e-02
-3.512115848387403066e-02 -3.025494169284680818e-02 -8.450897745612258316e-03 -5.297430522757670679e-02 4.843149979650573367e-01 -1.714228229919518010e-01 -5.230110535069780464e-02 9.551703876917325142e-02 -8.187943117892896444e-03 2.506144650303556223e-02 -5.965472893079817873e-03 -1.533244161018141039e-01 -1.262276565069624448e-02
9.931782915383904897e-02 1.005208092668672254e-01 -5.489997623767680669e-03 -1.422278691582206933e-01 9.729629342889502264e-02 -2.018306531218928557e-01 1.540371118149637050e-02 -3.650390909855857902e-02 4.998699274608931625e-03 -3.783554220492044845e-02 6.082474008148346101e-02 3.820373154681806077e-02 8.158981125457581696e-02
8.864457655894281141e-02 -2.966785479507520057e-02 -6.043702536520024343e-02 -1.076175100943012192e-01 3.248486494299258620e-01 -8.001156991183528203e-03 -1.136613990380046929e-02 -7.734329354865732142e-02 -5.899258904336580553e-03 1.123739963673735937e-02 -1.154639496820780153e-01 4.926659056454408409e-02 1.606662707570616008e-02
6.644107048436284635e-02 -1.984234375407481835e-02 3.794866784024713419e-02 -4.111355731572081951e-02 2.995843174305975465e-01 -1.795534554471368283e-01 -2.688655802417863269e-02 -5.625655954467152775e-02 -5.820134746891696825e-02 -5.197396551512518947e-02 -7.801974212244830453e-02 5.561042729417313424e-02 1.265307001241161022e-01
-2.476727770551163943e-02 1.063444144023144022e-01 -2.267247170928397837e-02 -2.135710696339156445e-01 2.776760258989471319e-01 -1.902043821206379492e-01 -6.189234098231066045e-02 7.723338024446868566e-02 -2.694594435223968132e-02 2.051632430655267458e-02 6.160361526305542512e-02 -8.560562863967152714e-02 1.565530090094564564e-01
-7.638128702191630467e-03 -4.271816662855477953e-02 4.314896630718095122e-02 2.760739298700234240e-02 1.537455113951417540e-01 -6.710785078325526287e-02 -9.165477874599632646e-02 -2.346934955075838727e-02 3.669170685076045269e-02 1.391651104103121817e-01 -1.261914023103126448e-01 -6.070644407973645358e-03 3.875928715986871886e-02
6.609564618116081647e-02 7.044357707989348794e-02 -5.364611554346063182e-02 -1.544615627133081592e-01 2.595455381680510931e-01 -2.295074521207703666e-01 -1.033376498123571990e-01 -7.607003749102235479e-02 2.212220272768052887e-01 -3.228554313449671226e-02 -5.295970922007665893e-02 2.042593973656010864e-02 1.388029955742449695e-01
1.057208178613551902e-01 -7.105740275267480310e-02 2.747670038232650352e-04 -1.119690567684944044e-01 2.270462544262211446e-01 -3.832484244503824022e-02 -6.899847486292573495e-02 -8.339226455976654628e-02 -1.708122094841594066e-04 -1.200637289287966036e-03 2.129698472109844282e-02 -7.583074065202734249e-03 1.026253949216002492e-01
-1.473592131885431145e-01 1.377939046165089776e-01 -1.005733218351832076e-01 -3.066017883880857095e-02 1.010064659405418980e-01 -2.384541420037580295e-01 1.428363077007275828e-01 3.807107251792770514e-02 1.238852335745754818e-01 2.024385626258686788e-01 7.594670163742603397e-02 -1.742105662753105078e-01 -5.645317249074913168e-02
7.284164633764469987e-02 -2.930543138958258825e-02 -5.239682772900008945e-02 -1.931029285904763138e-02 2.146167647612930718e-01 -1.493729056609237049e-01 -6.816166801799997121e-02 -4.682754502763758486e-03 5.394974147904914308e-02 7.596702854583231579e-02 -7.868198940930964946e-02 1.283313558484351635e-01 -6.952701342240333315e-02
1.323577505075253236e-01 8.081705190718804777e-02 -7.788397207106326214e-02 9.917533891118837652e-02 1.408470235525023928e-01 -2.858560224831354635e-01 -7.287280386016356526e-02 -2.369105808390997714e-02 1.717064325243847570e-02 3.866932534984826586e-02 -6.499619680269221045e-02 -1.905427175398720363e-02 1.095848455554844225e-01
7.371120266000973087e-02 -2.608279829194927457e-02 1.305776142594395131e-02 2.921357957358153290e-02 1.663779096815681813e-01 -3.034482307120121569e-01 -1.225751123544873006e-01 -5.360561641193814508e-02 9.498953225247910859e-02 -7.732788932432774209e-03 -3.562376257778708880e-03 5.746549892103984536e-02 1.564590924271996586e-01
-4.796512925181183051e-02 3.173837877429596527e-03 1.596471472455854301e-01 -9.482522526258260753e-02 2.703472926397471610e-01 -1.400556932912266350e-01 -3.162236439434777755e-03 -6.342655916053077658e-02 -3.290592776222227983e-02 -2.002528865403331304e-01 4.640149859894495549e-02 -5.172403056227649343e-02 2.290155658899351021e-01
1.294470252830629553e-01 4.102957177125246546e-02 -2.423140767834362774e-03 3.166887381177884569e-02 2.338271709836914625e-01 -2.295802101508757076e-01 -2.108957993336396664e-02 -1.787796869178443493e-01 5.446075131253798329e-02 1.875049578893405594e-04 -2.876713093552408368e-02 -8.671226277978827390e-02 1.309987673462414404e-01
9.551861051789171941e-02 5.102499031161410181e-02 -9.196495180959174398e-02 -8.974680969406334530e-02 1.393890244142375334e-01 -1.498804675552426469e-01 9.776008200189585662e-02 -1.426870710398296382e-01 1.062635049533487280e-01 4.839445098103878351e-02 4.593027306690736222e-02 -1.060828129349348928e-03 -3.467315403763365778e-02
6.030569878650988980e-02 5.692373599737012013e-02 -8.704812910108640500e-02 1.343398672026355212e-01 6.191124608403400509e-02 -1.077477516713562511e-01 -2.150964272241784325e-01 -8.070913003207723369e-02 2.800609619233021541e-03 4.320562373446837356e-02 1.287871344014200614e-01 -6.689021067495359851e-02 1.434853868592046444e-01
7.976890138677386610e-02 -1.059329212376687451e-01 1.186965096986938584e-01 -9.159959481139559601e-02 2.500296015822345286e-01 -2.981675726178500407e-01 7.220601054365732852e-02 -1.129249787931204674e-01 1.562160071265037212e-02 -1.970889213983668606e-02 -6.154415833517624945e-02 1.108842267181733843e-01 1.169389212740881839e-01
-1.004944055527868252e-01 -3.440795358547945465e-02 5.170037821933842759e-02 -5.802533672773919904e-02 2.210533243436179629e-01 -1.067021605846582011e-01 1.567028761562250239e-02 1.286987544795610283e-01 -1.513294715160772887e-02 4.396246084636847712e-02 -1.304828052544200756e-01 -3.604138026048646359e-02 9.446943759389327122e-02
4.446323952694825055e-02 8.711937507114630996e-02 8.327468566509312747e-04 -5.772104006217231714e-02 2.670508135045867038e-01 -2.828384451249796316e-01 2.199106617380409967e-02 -7.689614384214549236e-02 -1.332033770954531848e-01 -2.986483171684974416e-02 5.663460995999696629e-02 1.643245501868192127e-01 1.237509054287156546e-02
2.292237117882995126e-02 3.951285996577845461e-02 8.265869215983166762e-02 -1.825891100076001972e-02 1.416335789920973587e-01 -2.144348438121997658e-01 2.760204133444129140e-02 -3.323965419768155211e-02 7.609586345204238239e-03 1.705324190752843805e-02 1.179302157624651931e-01 -4.052347175963441628e-02 -7.619805289467712628e-02
5.454801268517003171e-02 9.018040031907911813e-02 2.515881310104063281e-02 2.641213895933640365e-02 2.033508133605966828e-01 -1.743230997971810803e-01 -8.475688330102829071e-03 -1.355722623687591610e-01 1.380277789020439329e-02 -4.061047175968535150e-02 -1.756365534639361958e-02 2.119651265423959027e-03 3.524022400249454678e-02
1.740019616899743382e-01 -8.119740580233736349e-02 1.156553075597581137e-01 9.893401178942674845e-02 1.261925871641507990e-01 -2.785455066795812784e-01 6.609100463916862955e-02 -5.188784939842670807e-03 -6.309195091362576439e-03 -1.864851815543230873e-01 8.649080537364343957e-02 -5.642179967519460326e-02 2.104984950774323182e-02
4.022341595654172278e-03 -4.643052414770766634e-02 4.993846389577474149e-02 3.695828278054293786e-02 2.535810880056107997e-01 -1.025045531327644643e-01 -7.528949003630826253e-02 -1.009906601389126135e-01 1.127904846214270451e-01 -1.151167304214218041e-02 -6.984289100647167459e-02 -3.919575390651856145e-02 6.274253849303945696e-02
5.106293301153529834e-02 -1.540741465948950936e-02 -5.884957442868195970e-02 -3.494995810269263016e-03 1.781143718059568504e-01 -7.816130783613767230e-02 9.457005822121684196e-03 -6.333798354825258270e-02 1.007131711618525077e-01 -3.240704401234798665e-02 4.805014606618354667e-02 -6.506161760899252522e-02 3.589964017745323616e-03
-9.230244786926396086e-04 1.093655981163284274e-01 -2.471378104339904194e-02 -2.679876835157632767e-02 1.668259103471692595e-01 -1.208056243297640914e-01 2.318046910220645518e-01 -2.144453115878320881e-01 -6.058704459465479725e-02 -7.380536779717046525e-02 -7.805841525507396794e-02 1.075454133657789864e-02 1.556542505972469403e-01
-4.016573786401638618e-02 5.294637533336027727e-03 7.412412443386118266e-02 -9.096088643860184009e-02 1.221224587623498670e-01 -9.008589766588859238e-03 -7.669033347604624351e-02 -1.808485006157162234e-02 6.435434147998196630e-02 -7.524603972413912434e-02 -7.534297235161263595e-02 6.871504538476017054e-02 1.251564560695111739e-01
1.050799958287580993e-01 -1.674994779255652710e-01 -2.362931623945881479e-03 -7.860020766246268720e-02 2.292746086538078598e-01 -2.619652982399151009e-01 -1.022828009550332679e-02 7.162926344115190525e-02 -8.599110532804456197e-02 -8.120152122963769648e-02 1.829752456282796313e-01 1.656985021994210605e-01 7.458860334879654705e-03
5.128227346272020565e-02 -4.672802272561989677e-03 3.051858495826997517e-02 -9.552077457821868400e-02 1.992423165907561133e-01 -1.691454862386914115e-01 -3.643144765320537742e-02 -1.428276334355882936e-02 -2.979298929586406824e-02 -2.556761159037356304e-02 4.051927441135495106e-02 1.267746098727063307e-02 1.154416185433257552e-01
7.963108781838061298e-03 -8.392905933540888153e-02 9.212908089691725089e-02 9.601962599499258566e-02 1.919268413168605247e-01 -1.824966688755297606e-01 -1.137328303443121830e-01 2.855905494611681722e-02 -5.250205624779006458e-02 -3.988356053075164248e-02 -4.826551190303392941e-02 1.651953715789256372e-01 1.328425770239925405e-02
-7.696612765738149176e-02 1.467402870880945842e-01 -4.114530818612540525e-02 -1.190960602001946839e-02 8.887593683568956182e-02 -2.512241030525156349e-01 2.351825286294291148e-02 -6.424851209463104673e-02 -2.233928037481859932e-02 2.298980975553310269e-01 -6.761325434129152046e-02 -2.965777482928141917e-02 1.503390461952302803e-01
-2.713351695452728696e-02 -6.601188656789322429e-02 4.926990191655360868e-02 -4.270872243455613865e-02 2.372496661147703023e-01 -2.099485088060354110e-01 -2.183089036812313130e-02 -6.596622461265413961e-02 -1.993507132634605300e-02 1.560334034906465245e-02 -4.015291100444064176e-02 1.292247351601933658e-01 1.366077425152177616e-01
7.473985327705467974e-02 3.144583633187203464e-02 -4.982185374318601895e-02 -6.868088785288588294e-02 2.347420227690072414e-01 -1.508771849559428779e-01 -3.124241817183272957e-02 -5.670499683422006165e-02 2.186640968634580295e-02 -2.282026002093068273e-02 -3.383789696237073097e-03 1.192856725678739793e-01 -2.428074937569472957e-02
1.426480680244034405e-01 4.754254409800349329e-02 -4.062054901607719398e-02 -5.648312703372192906e-02 2.376087490206055808e-01 -3.503290266730978847e-02 -1.106182883607561285e-01 -2.910245378051733445e-01 -1.138130853569093437e-01 1.983743091167078643e-01 7.396570115926652533e-02 -1.369331324236288672e-01 1.586539052258133520e-01
-2.321471157007145431e-03 -2.389489462062568265e-02 -2.207051073532140251e-02 8.158968353695328357e-02 2.913233897831474795e-01 -1.917702210124957451e-01 -5.994888180403252533e-03 -1.919359566519117655e-01 -1.782198718212634966e-02 5.715618435587625779e-02 -9.994068681299633772e-02 1.287664644501963773e-02 1.870723662131147103e-01
2.371597014924148317e-01 -1.629729487930136889e-01 -5.439957221776850482e-02 2.579180309410247091e-02 2.077008834074834109e-01 -1.493145866280090606e-01 -6.627666269091322948e-02 -1.085615055366480480e-01 3.010787953814465789e-03 -7.437917055586426573e-02 1.319864423056567038e-01 -1.413303399636588360e-02 9.865551614633449873e-02
1.089522169320410044e-01 8.312684719277507739e-02 -2.662068532821513372e-02 -3.110030025205718154e-02 2.979736897383385430e-01 -2.133984989388573172e-01 -7.846747215178749568e-02 -1.079891768769630500e-01 -2.775416110704645098e-02 5.042885368055373407e-02 -5.282092294641384939e-02 -6.004526283123950287e-02 1.319825268700953180e-01
5.942531389323418844e-02 1.510469849392104963e-02 -2.120268661907783597e-02 6.483603850227200038e-02 2.058411027902653512e-01 -1.460849762548331043e-01 -3.662315820805368133e-02 -1.431251002492117952e-01 -7.568425554360085766e-03 -2.336682626743817083e-03 -6.350688826574781010e-02 3.217441271140614178e-02 1.173340053681530964e-01
