<<<<<<< HEAD
-2.148842484469502268e-01 4.447259808816711457e-02 -1.152895374507003079e-01 1.016095800335978516e-01 3.582102173289002101e-02 1.564883712002239080e-01 3.016436005493863814e-01 -2.836498765773752817e-01 1.407979239632018431e-01 -8.232258001271018991e-03 4.630061537023228563e-02 9.630045208843980575e-04 -2.238480623557146942e-01
-6.479539791102727209e-02 -1.068930242772856976e-01 1.301843993672747724e-01 1.156994041372991361e-01 1.661209506052846174e-01 -8.777383473210038922e-02 -1.103500626818567365e-01 -1.486665999364550628e-01 1.280115057318456373e-01 -8.530090932703011941e-02 -5.970691289081538067e-02 1.378442662097264723e-02 9.187878792046609566e-02
-5.833318215596799972e-02 1.302910002591969874e-01 5.436760955205435786e-02 6.856543191517280866e-02 -2.878372468668732864e-03 7.840663469602106306e-02 -6.528238858475149398e-02 -1.722945887489511774e-01 -1.475966767597006180e-01 1.071784578206513572e-01 -5.953557191327302905e-02 -1.295011858319290721e-02 6.225449759798159372e-02
2.622393376347361138e-01 4.461372116222637324e-02 -1.000694501923705126e-01 -1.140569783479991189e-01 3.925921712485591630e-02 -1.609694865173195433e-01 1.846601082171292485e-02 -2.230864101540178668e-01 1.116027602608456459e-01 -1.047485704007024981e-01 2.121597814918061709e-01 4.532928095382710715e-02 -4.854648121102853042e-02
6.188786406660255757e-03 -7.134975652741126773e-02 -6.845003305076666211e-02 1.480460247053236034e-01 2.052398511739957909e-01 -2.840509323145723464e-02 -2.752956579205569423e-02 -1.989210202073454503e-01 7.988289025496053686e-02 7.035731366378585039e-02 -1.359983758462521009e-01 -5.441930848463935599e-02 5.755101956177399725e-02
7.014687092349249087e-02 -4.879987328197854524e-02 4.005026844510408551e-02 -1.427866802690545313e-02 -1.023380543803611986e-01 5.665256542790810673e-02 7.604510667039429683e-02 -1.336700984308828999e-01 -7.893570999129952137e-02 1.675611953438351787e-01 -1.383951074188123354e-01 8.301058826507916322e-02 5.143649080998892627e-03
-3.040058324698750175e-02 -6.688811397252306112e-02 1.045023077357160601e-01 -2.094467785795644382e-02 2.012563939151501280e-01 1.741121063634432434e-02 -1.092741743552106889e-02 -2.808183452077061548e-01 3.191933496876857984e-02 5.934537282817900494e-02 1.068645532637206991e-01 -1.220619653124331017e-01 -7.065337688179212927e-03
-2.482170161340527259e-02 1.094486062258805403e-01 -1.501591166329497781e-02 -1.553158183716000715e-02 -1.618769100463385638e-02 -8.504248835509777005e-02 1.140083328796893947e-01 -1.857018006295315660e-01 4.157805909999975208e-02 -9.322487529795769889e-02 -8.553020318783131556e-03 7.315601282640143976e-02 8.808079231446538926e-02
-1.095483441699116045e-03 -2.353921420595636235e-02 1.022981619698024314e-01 -2.641149801043966155e-03 4.095171419114020106e-02 -1.066154123703364071e-01 8.433039516893424403e-02 -1.278863235852540914e-01 1.527268598528687404e-02 -2.523639605808270653e-02 1.469206391185275476e-02 -5.182086442045799601e-02 6.348255528238641587e-02
1.301165161266054637e-02 4.372032915330524572e-02 -2.676004740333295939e-02 6.609037477114534931e-02 -3.179115252421733234e-02 -2.982963858539578947e-02 1.174322413809730792e-02 -1.266855233352255916e-01 1.914827545398711806e-02 -3.004198904610949628e-02 4.098571070034449926e-02 -2.813318410125867364e-02 6.073470179257205864e-02
5.742315875476756981e-02 6.460734209696079866e-02 2.596824180675512753e-02 7.049869927822850768e-02 5.107847169290210404e-02 2.896206419890775055e-02 -2.257371941275989891e-01 3.093994456973723703e-02 -7.193773693523283774e-02 2.569109733920013280e-02 -7.068537452473144800e-02 -3.190896036641736877e-02 2.729297884309369801e-02
-2.438650318643980144e-02 -1.586894537516726073e-02 -4.951474496804665615e-02 4.713436248869790068e-02 9.382712835443113297e-02 1.416074576055293965e-01 9.606710572506213519e-03 -2.317062104500534347e-01 -4.790022425044073578e-02 3.734166468894129648e-02 4.918773489486476941e-02 -6.457369063833047484e-02 3.743799289007989500e-02
-5.757606082578725637e-02 1.820054259616894071e-02 -5.775773637573361485e-02 3.766882888164163612e-02 1.276785353217838870e-01 -3.224982304991365345e-02 -2.163469881280413176e-01 -3.253942916425297399e-02 -1.830517527579633708e-02 1.806588484008433415e-01 -9.246796487549491239e-02 1.034244656150991593e-01 2.180468950605545658e-02
-5.270479908228403731e-03 2.191131939562152020e-02 -6.686607084067704848e-04 -1.923222598648899329e-02 1.321690749962546318e-01 2.824308660153030531e-04 5.848519658622979706e-02 -1.805187342566516584e-01 1.902389268469773312e-02 -7.750176213713427797e-02 5.717408370605873980e-02 -3.139728518665098334e-02 7.735882575255596978e-03
-6.903537530015560475e-02 -1.775021025319457359e-03 3.680379081696244503e-02 1.296986116546354137e-03 6.082461162011619515e-02 9.677793520715298470e-02 5.012744155339950852e-02 -1.374861225532253151e-01 -5.541560712616495910e-02 -7.644945975954468842e-02 1.081506202119881729e-02 1.388368697410561139e-02 5.182480408150037104e-02
3.631867152900164486e-01 -1.773612983237128626e-01 -2.858694325674828729e-01 -2.592597433545589802e-01 1.332575014665691657e-02 -7.303962398044992754e-02 2.427845328637651401e-01 1.204085919026487844e-01 4.915594038048462511e-04 2.331730357842508317e-01 -3.197027799883355587e-03 -8.849580830960367128e-02 -1.039545184288790808e-01
7.337994941388015224e-02 4.279054709500820786e-02 -7.753405537434918116e-02 7.881738543617616832e-02 -8.301826321661755215e-02 -3.532581441570245562e-02 1.160257094397855321e-01 -2.133616035053515769e-01 -5.084960944412277722e-02 1.451290738853566187e-01 -2.482019793154776818e-02 -3.728304722020169687e-02 4.824265846425859067e-02
1.195061350552857893e-01 -6.462777351865614528e-02 -8.217944735107861332e-02 -8.552341916482214534e-03 1.640849893378432123e-01 1.231799972270967158e-01 -1.690546758428762564e-02 -1.509962261377398862e-01 -5.617494726343680300e-02 -1.015599563034137454e-01 7.169252779346661948e-03 8.765008590247456988e-02 -3.840156760037964634e-02
1.734053960186519860e-02 -2.634920037440267176e-02 -2.548562673333945039e-01 -2.414924519362778577e-01 2.237715261847647852e-01 1.147740041806697420e-01 1.593931335659473092e-01 8.341591641483160624e-02 3.699109144023055018e-02 6.021074430319184323e-02 -2.222298081570484030e-03 -1.049149164053363170e-01 -8.386908893394692810e-02
-6.358403159579591180e-02 -9.807610588272297480e-02 -7.932442836508345196e-02 -8.153046733350516329e-02 1.649015058878847417e-01 2.475687912437398164e-01 -6.896203870191733309e-02 7.368158319935964526e-03 1.353955946516586240e-01 -6.423326331694990954e-03 8.789177547700621762e-02 -2.358977713934700127e-01 -2.713492334946324136e-02
-5.483808365577109989e-02 -1.860461262982773811e-02 -2.472164162893110695e-01 1.477171678478610972e-01 2.047346630817189483e-01 -4.767084752217471549e-02 1.314951683472796451e-01 -1.412887029859253851e-01 1.476270590795860926e-01 4.064156592425371972e-03 -8.444537458791856466e-02 9.457637370256437304e-02 -1.539578183539347112e-01
-7.042118747223558017e-02 -9.447862928429748286e-02 -3.425350896631479403e-02 2.490782706140191871e-02 1.194834928965017584e-01 9.332574007024417237e-03 3.993519364397703914e-02 -1.610070616261372600e-01 6.917025571401833051e-02 -4.808226278375109936e-02 4.868115433602378944e-02 3.641605941119870071e-02 4.250882568916247023e-02
6.878308437005316994e-03 -3.014384513261979953e-04 2.525739395861752168e-02 -4.467938571944297943e-02 7.066311874958522421e-02 6.180026324842929908e-02 -1.257771701946575754e-02 -8.195529794148875835e-02 6.615434732708282140e-02 -1.097075906366654224e-01 -1.305739670414568857e-02 -6.186098448319450258e-03 1.990422582670631907e-02
-1.921698887948934120e-01 1.950089421063481709e-01 9.493035293101846628e-02 -1.085085088968819056e-01 9.205169553503179947e-03 1.443728324819949227e-01 -1.068188295430124307e-01 -8.347712870489530645e-02 -8.966669487938533356e-03 -3.918367376716662409e-02 4.027177643760392924e-03 6.179809629725623032e-02 1.197486080747908743e-02
-3.047174086889112288e-02 4.765543448583538233e-02 -1.636722358862710558e-02 3.787038333625963871e-02 1.451043139371050450e-01 -5.980938155375854770e-02 -3.906259496825202626e-02 -2.461964205438043618e-01 8.371482453323152162e-02 1.547252919956009637e-02 6.147239377638814839e-03 5.993271588166612304e-03 3.214209769210832346e-02
-1.409326860723725608e-02 -1.889963163204640140e-02 1.106062168636927356e-01 -4.433189121399036536e-02 7.995771117403883965e-02 -3.201424008021816481e-02 -3.257431309871292036e-02 -3.840798255730172583e-02 2.435857894300896484e-02 4.781183102378139434e-03 -4.703146763487759535e-02 -2.052524420794754265e-02 1.036708157578556874e-02
1.999807331572674984e-01 -1.686868081860271040e-01 -2.586945761499576460e-02 4.780386685287345283e-03 4.723576600129363728e-02 -1.841965041232537514e-01 8.619748710160753113e-03 2.343239023222609685e-02 1.353378570011117277e-01 6.160271102380358854e-02 -9.020967191838728805e-02 -1.490560553565362378e-01 1.192216370146217397e-01
-2.960152546621931668e-02 -1.173159546119643820e-01 1.308738704764433325e-01 -5.127663006874075974e-02 2.263131696305898527e-02 -6.616244436086435310e-02 1.986244674613918404e-01 3.390826706988205042e-02 7.396904154460043866e-03 4.146259156051711886e-02 -4.258332030132148949e-02 -7.491211316559909239e-02 -7.085269708447174131e-02
7.878696199613706430e-02 5.000204067783410589e-02 -9.606557294773825084e-03 -2.974291053546326141e-02 1.583019566933340228e-01 -8.354993600506718798e-03 -3.856375479520539329e-02 -1.572224649104580485e-01 -2.002511051794450825e-01 -9.145213649396727318e-02 1.904832812397235509e-01 -1.651561438680378968e-01 2.049685586974009655e-01
2.359807875149547152e-02 8.246934055852288281e-02 -1.330655095729424420e-01 -7.313673461860598080e-02 3.006796335445882651e-01 -5.973343291532443033e-04 -9.138808633387611458e-02 -2.715082765220572236e-01 -2.671920931310686753e-02 3.071162296575891126e-02 -1.308187860377488590e-03 4.461305878564084115e-02 9.784433657068525303e-02
-2.358844622805128521e-02 6.402011721641094610e-02 -2.048644572390159041e-02 7.948863186551743953e-02 -1.145626679985865468e-02 -6.988010811576370052e-02 -1.701116887167528763e-02 -1.851424918898114391e-01 3.020626491185544882e-02 3.007424495542922877e-02 -1.066146980445237535e-01 1.687869101275020212e-01 4.379618922344288845e-02
1.929382441989170235e-02 -6.183209142236003458e-02 -2.470168268093664646e-02 -8.043394064766375140e-02 1.816307603396572767e-01 2.980166596169163060e-02 5.160216348213234744e-02 -2.855534364394557434e-01 4.977746937860742099e-02 -6.029462358037784159e-02 5.220017665986890348e-02 1.394305687423891826e-01 -2.872812158687216427e-02
8.215615443925691763e-02 -1.848301920389149727e-02 -7.158159445698614176e-02 -8.236240523970442262e-02 5.340858878057874043e-02 2.747926134164195913e-02 1.521878451507794206e-03 -1.752194213200439499e-01 1.272537218126413017e-01 6.406179255366314940e-02 -1.645374625086815437e-02 -2.395228701785986555e-02 1.436380873663641380e-02
-2.896521716769255225e-02 4.077043508837836783e-02 -2.949970150193579124e-02 1.275772435831772945e-02 5.625095055198799099e-02 8.689329097620471232e-02 2.214147115321299375e-02 -1.381897764193866229e-01 3.114001959521480421e-05 1.847962758238952743e-02 3.709077367418837229e-02 -2.072725993476884007e-02 -7.484072575391884086e-02
-6.223346584027345668e-02 -3.880130345354811106e-02 6.372865528601033558e-02 3.808610790663942425e-02 1.284544168909448059e-01 -3.364272448515082115e-02 -6.661089666609182336e-02 -2.544475646953433534e-01 1.317170243705905186e-01 -5.724799318477384602e-02 -2.821192811366830810e-02 1.112488528591877718e-01 5.015355175204906646e-02
8.400561537707547377e-02 -2.192567456379906909e-01 2.364651339861182505e-02 8.820473613743964880e-02 7.668805101136356994e-03 5.431628732394422343e-02 -8.882495041752411225e-03 -4.840255714590051273e-02 7.473786034694984703e-02 1.730715514968649699e-02 -1.607428476564342623e-01 -8.981930187041611835e-02 1.594097071442223956e-01
-1.424607691721827551e-01 -9.617469950918636212e-02 -1.111406158673076613e-02 -9.012152120384343823e-03 1.528709289849989328e-01 9.654763998124964164e-02 -5.169626070953177444e-04 -1.738555442344810187e-01 3.976983474800600132e-02 -5.685975317638683815e-03 4.649782713177065541e-02 -4.101889105380177730e-02 1.263455573820480016e-01
-1.320043397793318751e-01 1.727194371337092416e-01 -2.369812888915939775e-03 -7.563726460206829372e-02 1.214770424903011264e-01 4.286906494736816842e-02 -2.378385874868127470e-02 -2.636615255996893059e-01 1.274748862457025234e-01 -3.546850143919716425e-02 6.994143452506593195e-02 4.645618964714570698e-02 -6.582001930483667718e-02
-4.388733923351224170e-02 -3.423036063873134693e-02 5.506900251682541464e-02 1.289539578753277071e-01 4.873816117204630982e-02 -6.533002040605979943e-03 -3.305893682270893974e-02 -1.449514830006744248e-01 -7.113051340286773161e-02 4.701300917742168989e-03 3.191880654632036490e-02 6.319032733853807704e-02 -1.658718860112714383e-02
5.676000564588554176e-02 -4.309144784347310186e-02 -6.288984246511619691e-02 -1.963724415738555759e-02 6.645656582320667860e-02 1.219846178401708392e-01 3.910341816931317549e-02 -1.837299919856784924e-01 -2.759035740758135000e-02 -7.236265434312444400e-02 1.001601097995101081e-01 5.788300457255807219e-02 -5.085345102171300730e-02
-1.094947151801254348e-01 8.056686323567376420e-03 1.240760534215018390e-01 3.029650926952122056e-02 1.142380522650818242e-01 -1.132015602960856210e-01 -3.627745418797817534e-02 -9.566082604260718603e-02 -2.777478733323263810e-02 -7.687097713675804245e-02 7.288163787424404606e-03 1.154596248165506017e-01 4.205796291971208856e-02
5.634651105555524286e-02 8.233162322092514585e-03 6.534456484230972972e-02 -6.310082387473534005e-02 -2.351116398270081814e-02 5.057281219341477896e-02 -7.912060634536749459e-02 -1.186081426434684311e-01 8.694352029399343013e-03 2.562944301631196048e-02 5.134777140927354946e-03 6.377064038125429546e-02 -1.719279350842087967e-02
2.670282472869222809e-02 -6.589048382476529742e-02 -9.757698029107714222e-02 -4.676832555563421173e-02 2.375074315789404422e-01 7.994282998689915612e-03 -2.915118674457232301e-02 -2.123326260459889314e-01 1.109293748735656372e-02 5.733377117904434050e-02 1.657200368630918907e-01 -3.762565923642039595e-02 -3.481329051078483477e-02
-4.584743391836384324e-02 -2.004629227774144817e-02 1.010172236455452455e-01 -7.056715515343434109e-02 1.533762988473481859e-01 2.926110724359511084e-02 -7.412319625740456525e-03 -1.431557059276183375e-01 -4.821376604500187540e-02 -5.380112132782195744e-02 5.390801990131223465e-02 -8.069731621421019369e-04 3.448085042663584510e-02
6.005973173309315377e-02 -3.905614978547988086e-02 -2.316803411476894142e-02 1.140600750122279690e-02 9.859198041344709174e-02 2.452358202214337257e-02 -5.195588256874187488e-02 -1.586862311347276566e-01 -7.798621128002460046e-02 6.468643989186179111e-02 5.316237668609085504e-02 -2.654529959650117621e-02 4.716042285895732933e-02
2.513248643466994836e-02 5.950709445802638414e-02 2.313497595007360519e-03 -2.285379366912300772e-02 7.376049802067889682e-02 -3.931520473746819705e-02 4.247436734771957434e-02 -6.602019118344414073e-02 -2.677652169806822927e-02 -3.027521832450168551e-02 -2.405266947805762695e-02 -2.344598916483633597e-02 1.174437702596930339e-02
-7.248535293592363316e-02 2.532206774718972001e-02 3.386865428371289583e-03 -1.706552994785471298e-03 1.557056342689257245e-01 1.143647325643702348e-02 5.157846012572245113e-03 -2.678187938347390551e-01 3.624613471789862873e-02 4.897830386765007760e-02 2.404948665595219026e-02 2.484041294347910656e-02 -1.091979250645563546e-02
1.203028689875131063e-02 -1.035801901103746980e-01 6.308199224074764744e-02 6.995233625388237730e-02 1.878709031652645300e-01 -1.819002469199905783e-02 1.850067387103479510e-02 -2.405334756369588156e-01 4.779012201007267618e-02 1.161967558801026978e-01 -6.756631775018065444e-02 -4.712621783801970027e-02 -5.623411166575083275e-02
4.644602077291645065e-02 4.250123353540315174e-02 -5.490917194117084232e-02 6.611230000075091207e-02 3.856614849059671057e-02 2.220457199965852890e-02 -5.202774776244976918e-02 -1.098756882613907970e-01 2.644828098030372818e-02 -5.573753314859612729e-02 8.541483007313666054e-03 -6.827281125023612618e-02 7.219564620347275474e-02
-5.671008167519274445e-04 2.088105040632796949e-02 -1.274624686133118967e-01 3.484678641030808377e-02 1.804657195123552105e-01 4.168681111116827320e-02 4.385622656197412511e-02 -2.342677478562052440e-01 8.986889894712531135e-03 2.367629650340717651e-02 6.772982819715486769e-02 7.781975041967842399e-03 -8.542153372653477073e-02
=======
-7.930807825709122738e-02 1.957538154111907944e-02 -4.204867793374751639e-02 6.044463474322261942e-02 2.665991651029651216e-02 1.798446052626716252e-02 1.195796857489664633e-01 -9.792368748255313171e-02 2.906159726576188970e-02 2.008988005381955044e-03 1.321482073719872953e-02 -1.855678796787219378e-02 -6.849952081037810614e-02
-4.467463275501503545e-02 -1.905054782038294592e-01 1.270870008724176436e-01 1.285305279968209091e-01 3.457916403434972696e-02 1.907694542972574250e-02 8.274221417816392254e-02 -1.445970124383347821e-01 -3.475772559690259653e-03 3.286918253245257014e-03 1.360496315398643796e-01 -5.901151223870654272e-02 -1.068952614824392883e-01
-3.657209277418388416e-02 1.843287501327705788e-02 -7.150252134511203561e-02 9.020121529988867765e-03 1.347188642614268739e-01 1.791465781178241956e-02 -5.602046909938636007e-03 -1.521479654161052297e-01 2.486549044607038253e-02 -2.213683874846408134e-03 -8.634134319264845370e-03 -5.402991417441493222e-02 1.079430823778926574e-01
-1.683874036499491966e-01 2.298468618614979420e-02 1.503966154626513174e-01 1.727684406725473257e-02 5.288235800077268484e-02 -3.026488814107450298e-02 5.490173226321301211e-03 2.767464891882000233e-02 5.823612256379630953e-02 -9.096039186223170425e-02 -1.175124728295192517e-01 4.685754838410357420e-02 7.518892299477181011e-03
-3.575555665550997353e-02 -3.909203886872419931e-02 -1.566816237440410708e-01 1.367530128575559778e-01 8.700274011596487167e-02 -5.001995846169234039e-03 3.472113600525850163e-04 3.982881775305706362e-02 1.720810618182806728e-02 1.567675002529236861e-02 -7.752635957859381477e-02 -4.112898317968483042e-02 4.056265220554454431e-02
8.635057928955471029e-02 -2.103515411639885618e-02 -6.556952649186638393e-02 -3.582711537524892187e-02 1.075936699265347407e-01 -7.144880462613732719e-02 5.569905282840402483e-02 -1.633949905687902271e-01 1.865746797710354093e-02 -4.167020782255700939e-02 4.722608163867961228e-02 1.253615843895439230e-01 -5.974990442224956816e-02
2.367875176042648355e-02 -3.839589199739845693e-02 7.862307035004061084e-02 -1.993258676446966748e-01 9.425282748328659560e-03 1.184153602560847479e-01 -8.244632149304276236e-02 -3.464312379969897160e-02 1.441726567637035827e-01 1.222486723389042997e-02 8.756671134418311797e-02 9.066340463437117664e-03 -1.461691033586856037e-01
8.199529251792317397e-02 7.531749738174842168e-02 7.849932281847420840e-03 -9.270586310974432420e-02 6.895759188095083869e-02 -4.430672143769363858e-02 -3.396846354667570206e-02 -1.311476878289580539e-01 6.338687925877571627e-02 -2.087123025071205284e-03 -1.919662254676400212e-02 -1.406544379185341309e-02 2.216346459208702255e-02
-4.640932858733105154e-02 5.500381943308737392e-02 5.637960161004987140e-03 -8.199286364319795239e-02 2.075089509908225049e-01 -6.962604466478304610e-02 -1.031044882509045413e-01 -1.032867483922848828e-01 3.128959047029439278e-02 -2.024949131665351731e-02 6.531678924038414324e-02 2.330384254082694395e-02 1.880074464530688202e-02
7.639686287106425833e-02 -7.375559105689546979e-02 1.573281203516083485e-03 -7.735737660025850115e-02 9.229846163243185519e-02 -7.819227472564488357e-02 1.430316894445741727e-01 -9.215083578902941164e-02 5.401744557119009943e-02 -4.414819903653668942e-02 1.567765628129963174e-01 -4.035838502345375639e-02 -1.359389086773818422e-01
1.709081944130685579e-02 -7.652056250983082369e-03 -1.753816614201960875e-02 4.531303214454612122e-02 2.307747308785356999e-01 -4.806984757975366063e-02 8.748249853596033743e-03 -2.493648489172354821e-01 2.184834383560731175e-02 4.804588711655364240e-04 2.472008838803727362e-02 -1.628613030720781757e-02 -2.787194158902295618e-02
4.965170289042952767e-02 1.614612676095550092e-01 -1.000356818385191304e-01 -5.615600750852314804e-02 4.176655915398857881e-03 1.152320032687673412e-01 3.142952906753508635e-02 -1.091933342487423908e-01 -3.010066079691517751e-03 -6.980731565391502802e-02 -9.476337617296434757e-02 4.051727118821743003e-03 4.915562825842027112e-02
3.381334858374070163e-02 5.841439751596474994e-02 9.174646982941795509e-03 -7.141696082830793768e-02 3.992090580079697693e-02 1.054369608819568233e-01 -8.109545739428596078e-02 -1.031875440452375836e-01 -9.394118745643689067e-03 8.077624646063406855e-02 1.967019196869652584e-02 -5.942887250187935122e-02 -4.049101205280484367e-02
-6.810403638060030795e-02 1.300797874038236435e-01 -2.626805315962829623e-02 -1.118306801700431063e-01 1.050740031956331477e-01 5.287937649577515581e-02 1.007596068669906059e-02 -1.486348839470123806e-01 -3.525756819601184866e-02 -1.945677628809651394e-02 4.962146977500261208e-02 5.180658991090542065e-02 -7.792456699874321380e-03
-2.594847109290559020e-02 -9.523951199049811300e-02 -8.885908860127927911e-02 2.811403394131797503e-02 3.474542206864774663e-01 -8.264203586963446424e-02 6.009022224809323909e-02 -7.249725453126179553e-02 -3.123897349524904637e-02 9.867244304878039496e-02 -3.096800211342643286e-02 1.133932112058768857e-02 -1.360841707244298260e-01
-2.794120304547150768e-01 -4.471721387364373246e-02 2.309452261230513989e-02 4.075669874468615221e-03 3.905174988684920190e-01 -3.506097917057685587e-01 -1.000414181853461343e-01 1.256126311792436223e-01 6.560331502044798591e-02 1.264645381339546404e-01 -5.968419727316882917e-02 2.954201638976490796e-01 -2.141309554673465898e-01
-1.830352510795763346e-02 1.079651904776124105e-01 -2.937718731764796948e-03 1.017512047375170314e-01 3.398095031028145179e-03 3.137343571505103734e-02 -1.095890951685952602e-01 -2.035973516754108759e-01 5.378714734317284474e-02 -9.764595698689655656e-03 -4.091566638085413626e-02 4.333434771321235945e-02 2.569126437225079107e-02
3.420312497244466787e-02 -6.935060028311411384e-02 -3.076906124872352821e-03 1.347730840983768193e-03 1.196667437304425735e-01 2.761439983669115583e-01 -4.434397328613898931e-02 -3.133963461119321781e-01 5.911077929940422582e-02 -8.167226263181581736e-02 -1.556658648373547039e-02 5.374807038587878921e-02 -3.462104004788447292e-02
-1.114758254671111420e-01 9.510310993974188665e-02 -1.930676170171906070e-01 1.956413913564172269e-01 -1.152266509090547064e-01 3.710441358341694945e-03 2.679780817988607344e-01 -1.463122172400280752e-01 7.252891118537996284e-03 -2.139105293442919720e-01 1.619552221147726734e-01 2.233153763959003918e-02 8.212897277986491718e-03
8.522294487210599345e-02 -4.984735532460742718e-02 -9.166850605771256766e-02 -4.985469820367435106e-02 -1.461511481461218176e-02 1.532070476774967105e-01 1.102136349956506500e-01 -1.914492196461547724e-01 -6.088319544123571569e-02 1.243807288785434839e-01 -6.564552357401802485e-02 2.474365349361697108e-02 8.388335771173427435e-03
6.517664082039867357e-02 -4.162778565241861267e-02 2.832517319743987905e-02 -1.662286932549386642e-02 3.362083999040905644e-03 9.600815102797694359e-03 -3.396000603318821698e-02 -6.786973246557281847e-02 -2.755643194897437753e-02 -3.831338834995919040e-02 9.831674984513916887e-03 4.406793006934763002e-02 4.777862822864063774e-02
-4.348923200159583724e-02 2.621635740776572313e-02 7.139121355683838988e-02 -5.338905262213972103e-02 6.680582549732758113e-02 -7.384783417415891060e-02 -5.640792118723132742e-02 -5.017648260035702246e-02 6.073629221092240876e-02 1.988715954307587394e-02 3.197748331757262197e-02 1.461255050637467329e-02 -3.212362682782222284e-02
-1.956029615152547751e-02 -1.048533806827449122e-01 -3.742733707149509259e-02 1.898193883820965822e-02 2.195093696223808510e-01 -6.386765568581370678e-02 1.696102690859825901e-01 -1.550666711576932366e-01 5.975330018604885218e-02 -4.066397120698461709e-02 -5.214998436270229520e-02 5.009668423690213923e-02 -6.216953302399255699e-02
1.116136356772609861e-01 5.496893936157075389e-02 -8.799891030615313026e-02 1.912032698909227335e-02 8.706637684577220315e-02 2.382216990257551847e-02 -2.265744551553246222e-02 -1.065899779845379536e-01 -1.605743147581038255e-01 3.624487713522668575e-02 1.271413832695292290e-02 -2.095449482885164416e-02 3.541741178129995116e-02
-1.249932821461178789e-01 -1.727392978773464871e-02 1.192948723787268760e-02 2.762053336138464710e-02 2.381556492706853323e-01 1.016248646604389350e-01 -1.682719099433889823e-02 -1.959768411183506198e-01 1.362798777999465333e-02 3.644740100890489151e-03 -4.238861228637395839e-02 -5.120028180328058121e-02 3.424960835150209909e-02
2.998655610305418079e-02 -2.148988859470148463e-02 1.125147071544979616e-02 -7.238748096863803494e-02 1.569285567781532331e-01 -3.961726465501882316e-03 -5.864562484444765106e-02 -7.768012054640301145e-02 -1.833313996325277445e-02 6.429925026033639357e-02 5.142558354664434478e-02 7.974688727540287306e-04 -7.999817226687487570e-02
3.838624213151418246e-02 -5.078464336721275063e-02 -3.897666094936701187e-02 -3.245964960963659829e-03 5.073335469369243816e-02 -4.246647753041359052e-02 4.319844107906450903e-03 -9.509447812451787829e-02 7.069144440289987230e-02 3.549841582133564377e-02 7.409802130165929479e-02 3.277376984052863401e-02 -9.374013474048938088e-02
1.066293593632239717e-01 5.552932478503350838e-02 -1.004049603214183656e-01 -1.332304002477681104e-01 2.515917204624497638e-01 -6.766127584176148679e-02 1.653992148584252850e-02 -1.682083477948113637e-01 6.445732496512272813e-02 -4.814837824168219371e-02 4.547547189213647922e-02 -4.394262192629307118e-02 3.565594046497855968e-03
6.726089890211718603e-02 8.301241007422731355e-02 -5.757796822796008851e-02 3.901961291508292823e-02 1.155188644642774903e-01 1.658805501530480342e-02 -3.181277900875208869e-02 -2.014659384756879446e-01 -4.689867076022249254e-02 -2.391753817365079374e-02 3.205983458676273795e-02 -2.290687736605517832e-01 2.194747249756249241e-01
7.587006336840146359e-02 9.238211137782404922e-03 -1.561046751722769410e-02 -5.044481624747489124e-02 1.543554563377883271e-01 6.090311345412822291e-02 1.940164081155803730e-02 -1.806000371402345928e-01 1.138764022975737727e-02 -1.422289097750648393e-02 -1.091858297923996302e-01 -4.752944710748692458e-02 6.863009606948661245e-02
-4.702817614848889272e-02 1.946750233349594378e-02 -6.289348686988954773e-02 -5.364510220459178108e-03 1.206973567547209997e-01 1.614679744266343808e-02 7.174486720031419962e-02 -1.853113554345066083e-01 -8.039295880649212356e-02 -3.651468632505199680e-02 -1.497837973361641414e-03 1.313872440719676959e-01 4.175197660165998886e-02
-3.138065369374521546e-02 -1.385940489485085886e-02 -9.538290898516244010e-02 -2.297312420280216844e-02 1.007062451177883483e-01 7.888778819204847470e-02 -7.128387205195576594e-03 -5.508640986883685947e-02 4.758790043497260897e-02 -2.377371489585719533e-02 5.002646139130521169e-02 -2.425206591730764277e-02 -2.117899284578442232e-02
1.115984263392487685e-01 5.775862347555175969e-02 -1.102286052496645047e-01 3.890064532851793266e-02 1.086750740072418980e-01 -1.609055410232887728e-01 6.622142296183830545e-02 -2.055906247938483755e-01 2.054015904368659134e-02 -6.413466783229024304e-02 -4.212972034320707632e-02 1.594107306639316879e-01 2.076810048854253656e-03
1.331619059837130248e-02 1.317486652296549939e-02 2.794758030649598449e-02 -1.113490494463024449e-01 8.793912698404822426e-02 -9.880290266795217768e-02 2.694318407805298618e-02 -3.138905974402175780e-02 -6.181971204836552575e-02 9.917147840817591709e-02 7.790060578673436986e-02 8.336403981798382046e-02 -1.442036159696139241e-01
8.903738528622195947e-02 -6.541712777201026674e-02 -9.341676018454249386e-02 3.758031964727640700e-02 1.796146955468817252e-01 -5.779657580773590875e-02 2.197753860310443230e-02 -2.205630136986697631e-01 1.609689807241075285e-03 -5.273672944118505679e-03 3.293849212897240197e-02 5.918502804843063514e-02 2.716733965520558292e-03
-1.000821413796107173e-01 4.581749146374703568e-02 -5.160377864790425401e-02 8.281576566267635775e-02 1.169415335172331177e-01 1.341241340109171620e-01 -8.470092984970067906e-02 -2.489755557304386760e-02 -2.291206167028653207e-02 4.448155544703985553e-02 -9.488208034972686611e-02 8.087584324699589877e-02 -1.437850432517642774e-01
-2.444813666602098281e-03 3.161579076061420135e-02 -1.017362759511339781e-01 -1.074960775408286134e-01 5.790969083195685041e-02 1.061665102042540221e-01 -1.054899254751759038e-02 -1.268462757519536743e-01 7.438041867283155806e-02 1.005999199393155658e-01 7.763045868647016831e-03 -1.006903564391968542e-01 5.352014824618583910e-02
-5.222553322105583096e-02 -2.677567539038071265e-02 1.038961191192514649e-03 6.685653110430997415e-03 1.212651626466228899e-01 -9.451299165110017830e-02 1.090096720630326782e-01 -1.332673118875420670e-01 -1.433441071574707293e-01 1.841271519706153548e-01 4.502882890676586369e-02 2.487172298103004081e-02 -5.970880093556858031e-02
3.882757011766944238e-02 -9.246067791812372094e-02 3.709241110136779485e-02 -1.280900513666051455e-02 2.116099212492372483e-01 1.812157803894514155e-02 -7.868349835979046580e-02 -2.044747519670120917e-01 9.761505378198773175e-02 -5.970859898556921119e-02 3.430083493357637819e-02 -2.059261566213814454e-02 1.335451143308270111e-02
2.315435895022866994e-02 1.643475052268206227e-01 -8.290076689174095959e-02 8.677079360524639351e-02 -1.305805807760460589e-02 -8.286945419648808486e-02 -1.218686126126382469e-01 -4.067537835255209677e-02 1.213757568435105128e-01 -8.209075650716905759e-02 -1.306540731232477270e-01 1.577903633840539721e-01 -1.712894562184712199e-02
1.824671378751759054e-02 4.767212096055262888e-02 -9.107098888707565454e-02 1.573791680812334781e-01 -7.487032988271352663e-02 -6.358775605984867685e-02 1.799819406735349986e-02 -1.977413482487226926e-01 9.542149662642476771e-02 5.299921367559043417e-02 -3.882201855587328471e-02 7.173424752301238438e-02 -1.316598046087871787e-02
9.054065953475173845e-03 -2.512035256460884436e-02 -4.558368974417549568e-02 1.021344768357548699e-01 9.698613453370520665e-02 8.251913826401131857e-02 -8.862042676455218759e-04 -2.125173561242207909e-01 -1.096955950662269197e-02 5.135010692792230103e-02 -3.801378876176709359e-02 2.857218154460695186e-02 -5.533242046386311480e-02
9.615152717884342670e-02 5.419288911956214594e-02 6.798794356289214469e-02 -2.870174217368835073e-02 5.606999447810656623e-02 -8.800069909261556966e-02 -9.878301071595309291e-02 -8.082757540652377171e-02 8.111233532959549741e-02 -3.282449586021390225e-02 -5.112016255000610687e-02 -1.596167893464714438e-04 7.095345545919715113e-03
-8.368208394037637832e-03 -6.430176207371662844e-02 -2.256722271711347066e-02 -5.991547724177997795e-03 1.488614040910444525e-01 2.716053192247470938e-03 6.598932710400223951e-04 -2.932750376999835318e-01 1.325036809625727285e-01 4.653868706439249353e-02 1.143913497118435735e-01 -3.395804893168824501e-02 -3.501650812585092171e-02
-7.307623396343306335e-03 -2.369191950635087668e-03 -6.701718523502350755e-02 6.987029397380441209e-02 1.958350159846722893e-01 -6.819549530219314037e-02 -1.130811137874404224e-02 -2.043028944098058686e-01 -6.215624892729226109e-02 2.036220046505423098e-01 -6.773114675090349812e-02 8.510065183566037361e-02 -8.184733646716643718e-02
1.773030870313446195e-01 -3.153198169355147379e-02 -9.679556792573382196e-02 -1.118072657061319614e-01 -2.361858208863373311e-03 -5.884321979017362314e-02 7.531800738536800766e-02 1.361589753314193865e-03 2.178047184510517251e-02 4.443749934677089508e-02 -5.788084968552005549e-02 -1.695274269094772940e-02 3.816556296559139166e-02
-4.939186617933480350e-02 2.385960624776512287e-02 1.421239736328435144e-01 -4.092233188574463665e-02 5.795812582408688129e-03 -1.761345548436588082e-02 -9.951674978314900555e-02 -1.852058363215231818e-01 5.675217168662308187e-02 1.053295921461362139e-01 -6.305964208073769339e-02 -9.567257139973736613e-02 1.997140294653881876e-01
3.122627776145568690e-02 5.321868892370520271e-02 -9.566725185513196700e-03 -4.363072452749105351e-02 9.344133247361055550e-02 7.084248225630142282e-02 -5.412610022093205381e-02 -1.287079108053889864e-01 -3.225891273559842141e-03 9.213342635131885686e-03 2.183778252786932814e-02 -2.352536332557281923e-02 -3.480445861304389682e-02
5.835881020546113823e-02 -6.547456532672769891e-02 -6.764241128112212509e-02 -7.350329858309179870e-03 3.146854065530158007e-02 -8.413051767247738816e-03 4.111227277800550556e-02 -1.153324403903688983e-01 -7.266371860630899127e-02 3.080336298097460443e-02 7.950678542356680312e-02 7.619698368947486200e-02 1.622494123872357183e-03
1.842956153932866770e-01 -1.245747164551206654e-01 -6.869571855305767194e-02 3.608470014555586330e-02 1.772603111345893712e-01 -1.547560450850149483e-01 2.174218650215687665e-01 -2.595516078646769587e-01 -7.264021814820575962e-02 1.498225726847035588e-01 -1.528263493409413032e-01 -3.019488783599662968e-02 8.054721152988193744e-02
>>>>>>> ea63ce8354f58d16bf9988ab4c1113c311a33941
