-1.047828620435161184e+01 -9.478401516987510433e+00 -8.478295927359294382e+00 -7.478914303197109703e+00 -6.479153347624960091e+00 -5.479023230685422519e+00 -4.478137580169873289e+00 -3.479007271541794566e+00 -2.478678201748548915e+00 -1.479115223004059843e+00 -4.790686419741678748e-01 5.213177525861691919e-01 1.520957509563729104e+00 2.521547029302878329e+00 3.521149630234997829e+00 4.521491701291365573e+00 5.521314064548773715e+00 6.521509657190598830e+00 7.521557132290169534e+00 8.521032864735882839e+00 9.520603562281886312e+00 1.052087628333405789e+01
-1.047830825925552034e+01 -9.478586907244540782e+00 -8.478960073299031563e+00 -7.478701173073877939e+00 -6.478262352503143973e+00 -5.478938518769366439e+00 -4.478761962360946924e+00 -3.478774665600889549e+00 -2.478795612908211154e+00 -1.478843602097851928e+00 -4.784641105004379114e-01 5.215164285830429236e-01 1.520967998795885734e+00 2.521409758620633212e+00 3.521283054047003702e+00 4.520848174833432154e+00 5.521119584583418671e+00 6.521095709197895829e+00 7.521377125077629344e+00 8.521099278026007084e+00 9.521000114523552327e+00 1.052095575004138439e+01
-4.804153147472646879e+00 -6.178457108011486731e+00 -7.746258877945064292e+00 -7.200016721574596268e+00 -6.776151325838877248e+00 -4.441156816195272583e+00 1.074354851201645200e+00 -5.310220832739826591e+00 2.567634268777982065e+00 -3.283113477466593544e+00 -2.797162276343201803e+00 8.134259072793393885e-01 -2.304065170269764540e-02 9.738081584520615896e-01 7.232724547530499315e+00 1.894654968920654436e+00 3.374765582544442921e+00 5.264517273063669123e+00 5.472830645632317470e+00 6.190526204063004911e+00 6.483374168915942093e+00 7.684390397624833113e+00
-1.047805311801763395e+01 -9.479141714898013049e+00 -8.478529120710758704e+00 -7.478878530589039286e+00 -6.477717305448914331e+00 -5.479429359463114935e+00 -4.478734071281817108e+00 -3.478687572208331247e+00 -2.478285680440341920e+00 -1.479088391092702182e+00 -4.785168570551086020e-01 5.213096487251096534e-01 1.521149073812090080e+00 2.521027048203066556e+00 3.521017205986099796e+00 4.521125887605265348e+00 5.521500689062195377e+00 6.521339242431240635e+00 7.522083853456098979e+00 8.520857085558491306e+00 9.520451498302536564e+00 1.052047622677954131e+01
-1.047786714610730030e+01 -9.478783537718378227e+00 -8.479212646457281011e+00 -7.478650529953577930e+00 -6.478327740999770157e+00 -5.478839864107692748e+00 -4.478819106790156823e+00 -3.478472028943638605e+00 -2.478382636877613621e+00 -1.478832547637546568e+00 -4.788131761280016718e-01 5.211412784728075565e-01 1.521276871589090973e+00 2.521561304953957361e+00 3.520880090919400018e+00 4.521166439083485145e+00 5.521505887535480994e+00 6.521094719794655603e+00 7.521382297304546327e+00 8.520848805931477088e+00 9.520809690383345014e+00 1.052060931446876602e+01
-1.047866434468465258e+01 -9.478300368921313890e+00 -8.478892347352061876e+00 -7.478289640085277412e+00 -6.478137759999791356e+00 -5.478511399166157148e+00 -4.478711640970265861e+00 -3.478259837762895046e+00 -2.478858097033068475e+00 -1.478663346306836601e+00 -4.787072898312096925e-01 5.210005058483595519e-01 1.520910867913205067e+00 2.520921864970155468e+00 3.521201559765769318e+00 4.521368571980428186e+00 5.520813384516667810e+00 6.520703860981894806e+00 7.520958022637795892e+00 8.521351197226470831e+00 9.520951071246093633e+00 1.052109090374273670e+01
-1.047728716988453357e+01 -9.478890482674943385e+00 -8.479082841764791212e+00 -7.479340840469721030e+00 -6.479186337779861304e+00 -5.479382846843119381e+00 -4.478868160735483883e+00 -3.479076724838133572e+00 -2.479110885750150928e+00 -1.479121703993182990e+00 -4.790501188148148515e-01 5.206744257699362777e-01 1.523002255369323876e+00 2.520582418550143089e+00 3.520648341287266447e+00 4.522613715041766014e+00 5.522629584778437462e+00 6.520903806794771995e+00 7.520731966603884544e+00 8.520727190781727245e+00 9.520624290813096025e+00 1.052253585647453171e+01
-1.112566437678649045e+01 -9.187791114423648153e+00 -7.775149082792439437e+00 -7.261062710172001999e+00 -4.986799917295104301e+00 -4.870935654015199567e+00 -4.356173181735458755e+00 -3.343133536163686248e+00 -1.362048510656887590e+00 -2.247505487611132224e+00 -8.848649404878885516e-01 3.972766716306148083e-01 1.264892736173891086e+00 3.733493583879949895e+00 4.291244521559747227e+00 3.417984014849633212e+00 5.062754208892339847e+00 5.413929144926036940e+00 7.045551664534833947e+00 7.671749303897609451e+00 9.390544691071415428e+00 1.017898370943998287e+01
-1.047928429496551672e+01 -9.478979730131932513e+00 -8.477823973718003003e+00 -7.479299978437754959e+00 -6.478478015485118036e+00 -5.478995830836613123e+00 -4.478077360513513128e+00 -3.479289793494066529e+00 -2.478813649239834049e+00 -1.478347905996155731e+00 -4.794953252104097174e-01 5.220275734636050657e-01 1.520792378959345825e+00 2.521154730496091290e+00 3.521211645481272967e+00 4.521252795037906225e+00 5.521700627085849078e+00 6.521441622552554662e+00 7.521063572642496808e+00 8.521440676328822406e+00 9.521381608125846441e+00 1.052069436657158796e+01
-1.047631351683626377e+01 -9.479227692227464530e+00 -8.479216784577470634e+00 -7.478550777177940034e+00 -6.478619456629850504e+00 -5.479483813386064384e+00 -4.479219951074231432e+00 -3.479629487137902544e+00 -2.479225263338186380e+00 -1.477186300199136326e+00 -4.794943634081967332e-01 5.211979668926112197e-01 1.520449235696688106e+00 2.520071707327261379e+00 3.521394088525664046e+00 4.523515179414641096e+00 5.520319848914038374e+00 6.522986791689287855e+00 7.520316168327227047e+00 8.522558882493862953e+00 9.520423210818655946e+00 1.052021006460894270e+01
-5.076624377114287157e+00 -3.616265096568004989e+00 -2.935916730257244200e+00 -8.976768145914068242e+00 -7.661945003625604045e+00 -2.696867202803310271e-01 -4.327130067373508915e+00 -3.867839105345050932e+00 -3.099769192946719265e+00 -2.429393900329862355e+00 -2.037181091393159171e+00 -1.413114091609495526e+00 -2.448702781955166552e-01 1.073627553125630074e+00 1.573584580711303138e+00 2.822078798363221175e+00 4.129149264338556335e+00 3.617307340033584673e+00 4.398226304262170316e+00 1.257765778115150646e+01 7.758360663035295701e+00 8.473787254647714207e+00
-4.811134133029281834e+00 -8.607661038459966107e-01 -2.814302215134210527e+00 -6.141161115931401682e+00 -5.103183778931727588e+00 -3.029639383045875434e+00 -5.146913672212522606e+00 -2.593997542494562936e+00 1.080139921205053088e+00 4.153044932280905988e-01 -9.831286796324837374e-01 2.572370805914681036e+00 6.074028728181383840e+00 -3.589141898742047143e+00 5.346716589992639435e+00 3.049046982028995156e+00 -4.247169089333787895e+00 3.016255787844169145e+00 4.377722852166378686e+00 2.697947056255351583e+00 4.032609297012397676e+00 7.125670837220887677e+00
-1.047689515690908735e+01 -9.478735346008408058e+00 -8.478455189276814963e+00 -7.479271631349224236e+00 -6.478574197400680745e+00 -5.478938024152387953e+00 -4.479027125645767882e+00 -3.479823160577915075e+00 -2.479822281409377993e+00 -1.477369907904741098e+00 -4.774511266838388224e-01 5.207215513695366838e-01 1.520468768071049581e+00 2.520653356205329487e+00 3.520812925289984463e+00 4.520507749508730910e+00 5.520596776496283553e+00 6.520496253262871633e+00 7.522316065024257981e+00 8.520851958881722865e+00 9.523100424896590255e+00 1.052111305702816502e+01
-1.047638265212820841e+01 -9.479171665216014731e+00 -8.479312108660266745e+00 -7.479389713907778514e+00 -6.478845605457351553e+00 -5.479205043817103160e+00 -4.479186253452823507e+00 -3.479354904795229686e+00 -2.478944429958378493e+00 -1.476746247911975729e+00 -4.791038872843316199e-01 5.204294157976541157e-01 1.520415341650906527e+00 2.520828774368228054e+00 3.520894540643158876e+00 4.522740660404625856e+00 5.520849330520100295e+00 6.522426856851044619e+00 7.520596137439675033e+00 8.522640643810696304e+00 9.520410491322936153e+00 1.052068605849689398e+01
-1.227009198054086347e+01 -2.541189485172642648e+00 -2.278918267426611521e+00 -4.715353840213477810e+00 -4.488085230284846183e+00 -1.962014219583969599e+00 -8.316535760178211945e-02 -3.672589442864584441e+00 -1.452085897020205740e+00 -2.781089410999987521e+00 5.710928163178079942e+00 -3.117078760680394578e-01 4.239489547632805611e+00 -1.797303679600206872e+00 1.838527747637779264e+00 1.393973084459871892e+00 6.906867224337847055e-01 2.835249736898718176e+00 2.599850755644666833e+00 5.250835628731874039e+00 6.008780476395337189e+00 8.252548563080425836e+00
-1.047820048237382906e+01 -9.478823648934993074e+00 -8.478662440722620985e+00 -7.478971677070314072e+00 -6.478345798497818109e+00 -5.478594573383960054e+00 -4.478873061185526083e+00 -3.478334011679342197e+00 -2.479197161441476283e+00 -1.477759489958922146e+00 -4.785833304578535063e-01 5.212077552622069732e-01 1.520846409553840317e+00 2.521052358502695157e+00 3.520883759314370920e+00 4.520688189024282266e+00 5.520598126406028427e+00 6.521215794438671054e+00 7.520912362093287840e+00 8.521532116288494052e+00 9.521221196109605600e+00 1.052146334742958445e+01
-1.204458082984396228e+01 -6.472580174213163673e+00 -6.808189288754866730e+00 -6.524188641830908075e+00 -3.691589857607953107e+00 -4.691332968676861448e+00 -2.321368656838010303e+00 -1.387232904870371097e+00 -2.986202105074954538e+00 -8.012884743044669245e-01 6.639653589234593145e-01 2.410007994741805992e-01 -3.572236429018103010e-01 1.774402623540983104e+00 5.045419636350551684e+00 1.026545793625940117e+00 1.366310281977063390e+00 6.401701733393855065e+00 6.402847096265328553e+00 8.310495639438830295e+00 1.057192947200785227e+01 6.748434848635395333e+00
-9.672811964936480322e+00 -5.361368377027016408e+00 -8.825715071512354015e+00 -3.455909378564321344e+00 -7.778345190934571107e+00 -6.253886645453047066e+00 -5.415114252237673398e+00 -4.099778099766739459e+00 1.640263954602607210e+00 -2.750909556689950186e+00 2.246959694921682793e+00 -3.687984683323358159e-01 3.970194671114999796e+00 4.774168250985680650e+00 5.401972914953924176e-01 1.409246645583143831e+00 7.080000162369691097e+00 5.377038061181991679e+00 4.013220304479558465e+00 6.810763834254775162e+00 7.993023783695258011e+00 8.594836089485824004e+00
-1.163725591691676264e+01 -4.500802421044201473e+00 -4.305354112986921500e+00 -5.962086749260290475e+00 -1.711529364113679730e+00 5.368107756444443490e-01 -2.672721413049844230e+00 -4.666629839921941247e+00 -2.051218636899558412e+00 -2.563910028605715929e+00 -2.377913966581878480e+00 -3.076032776206869102e+00 7.928214751941563554e-01 3.740415353232757312e+00 2.395120553969666943e+00 1.074161032338656785e+00 5.343895706847232141e+00 2.688762287191758027e+00 4.951676653342520495e+00 5.751756760559882053e+00 1.039596937598264859e+01 8.321340990000061666e+00
-1.395473300399177319e+01 -9.027836193698819400e+00 -4.334724057383579243e+00 -4.189140677371359089e+00 -1.910241537847305437e+00 -2.443660128660064323e+00 7.212088934665619178e-01 -1.783109292324214223e-02 -1.186306356588154642e+00 -3.833505439798412517e-01 1.878745534372539661e+00 3.770194730920764847e+00 1.869011555344808340e+00 5.728037793802438493e-01 1.011070336140043269e+00 -3.118134734984723266e-02 1.556351593494174956e+00 2.409797573823878380e+00 3.212996209615818444e+00 6.512868194625019314e+00 6.915298378080840358e+00 7.515933899245410110e+00
-9.364707476101216344e+00 -4.799378966007312286e+00 -7.826870206105711603e+00 -5.501762996530544569e+00 -6.592894919183519775e+00 -3.543070776171748815e+00 -4.737333678174982410e+00 1.813010918060562693e+00 2.044535943705946046e+00 1.457916654735099016e+00 -3.212002195865524712e+00 -2.018762047633766432e+00 5.027115359132546146e+00 6.729760507023918592e-02 1.881958460366434993e+00 2.773468212631665430e+00 2.826352531424239700e+00 5.641845908189385028e+00 5.655345133740952157e+00 5.636006856368355855e+00 5.284049294352085369e+00 7.955156122712939037e+00
-9.624782442977274144e+00 -4.661681568649841623e+00 -6.713884807004030897e+00 -4.975111644255892251e+00 -2.440555342725856391e+00 -2.608869082436394038e+00 3.666117005213509472e-02 2.226409200495263363e+00 3.458007736125088272e-01 2.340872229707906982e+00 3.209766429929401088e+00 -1.132987241654618060e+00 4.109451074889149957e-01 -3.164641630237816639e+00 3.572583814597312113e+00 -2.289981419770333204e+00 1.877068080502463765e+00 1.017065118073523511e+00 5.970863345437285474e+00 6.332211247332657500e+00 4.242404686783054935e+00 6.497119714415756420e+00
-1.266063334819668995e+01 -6.709911864511554747e+00 -7.697352917159852481e+00 -5.463677477372478997e+00 -4.422308875066147671e+00 -2.711281654207266634e+00 -3.726793381179137832e+00 -2.556551013002345663e+00 -4.207384183882467710e-01 -4.429313240414431974e+00 -3.047746426077229120e-01 -6.909918964127001462e-02 1.287753738019437266e+00 2.768927106516393177e+00 3.693042985644310328e+00 2.159070580230512348e+00 6.361842157329150815e+00 4.431663851955586431e+00 6.509389263588650110e+00 6.525381387846211467e+00 8.420457819318674098e+00 9.482182870014344900e+00
-1.047767051546404105e+01 -9.478264267133015508e+00 -8.479057947681688745e+00 -7.478967378423968526e+00 -6.479000295089024419e+00 -5.478975745425971766e+00 -4.479070226238521357e+00 -3.479079233990466591e+00 -2.478940504179737658e+00 -1.479218537495876618e+00 -4.788533547385060984e-01 5.209875381128430405e-01 1.521295112981050579e+00 2.521149714900698058e+00 3.520830859853473882e+00 4.521470879627909056e+00 5.522262891246525029e+00 6.521475662900650505e+00 7.521755938841558020e+00 8.520895143462858812e+00 9.520833631469454161e+00 1.052141637118026551e+01
-1.047876113720909075e+01 -9.477927454493245918e+00 -8.479126610539161391e+00 -7.477666900239208658e+00 -6.477838859639362568e+00 -5.478715711019242818e+00 -4.478081130168641621e+00 -3.479076542637560721e+00 -2.478861205957128888e+00 -1.478361167690957600e+00 -4.790859899737558436e-01 5.207413130185862826e-01 1.521023399450569968e+00 2.520894519307402604e+00 3.520795836367398124e+00 4.521963543512608652e+00 5.521107188679962974e+00 6.521080396392134659e+00 7.520743645050316672e+00 8.520856677808552604e+00 9.520754396238118034e+00 1.052081753245809281e+01
-1.047773527963600060e+01 -9.478723822669543608e+00 -8.478500886396924230e+00 -7.478483384983123372e+00 -6.478189958767455181e+00 -5.478937348858879730e+00 -4.478677994148300812e+00 -3.478449134664117537e+00 -2.479080414907501861e+00 -1.479141800241047022e+00 -4.783417643471299385e-01 5.214304192499543689e-01 1.520866447551673772e+00 2.520965599878254082e+00 3.521406346424049261e+00 4.521121361716218701e+00 5.520670012994235876e+00 6.521329150958479204e+00 7.521656626327466455e+00 8.520701677961769249e+00 9.520901651544988908e+00 1.052048823372883035e+01
-9.897128897161476146e+00 -1.104980955827208788e+01 -8.032168759948300263e+00 -6.864682334354833770e+00 -5.880195258952588766e+00 -4.592730910032656766e+00 -3.793087217585548121e+00 -2.666481686781041471e+00 -1.616435241415901780e+00 -9.509833278712260807e-01 2.157609684358664515e-01 9.924907296005597290e-01 1.965491096973581486e+00 2.540329440551891249e+00 1.144717165565616313e+00 2.797162786631505860e+00 5.282896641680678407e+00 6.185270089501579527e+00 5.857328726801384278e+00 8.761493698584997603e+00 9.674758401684302456e+00 1.039327918507982496e+01
-1.047698927264317348e+01 -9.478732321072689260e+00 -8.478771913457984866e+00 -7.478541869331493785e+00 -6.478283244777790273e+00 -5.478293586183667685e+00 -4.479170445014112545e+00 -3.479094620455397191e+00 -2.478364292193520058e+00 -1.478890161622651078e+00 -4.788900051604567665e-01 5.214331861246748190e-01 1.520492542873732589e+00 2.521459814499726448e+00 3.521022972058169387e+00 4.520704325627201925e+00 5.521098021756522201e+00 6.521400925110688362e+00 7.520632487129095267e+00 8.520421978424895570e+00 9.521458324383608840e+00 1.052117289264094069e+01
-1.186009387673651183e+01 -7.366900420218193801e+00 -5.558185086865011115e+00 -6.714345524474119031e+00 -3.080077583372976768e+00 -4.720312705034823253e+00 -2.979694752627985110e+00 -1.743602708628643860e+00 -1.064442937643235165e+00 -3.440801395047687450e+00 -5.217209151027303315e-01 4.053700104565374218e-01 4.717742315315920365e+00 7.822634297016041183e-01 2.816512748017538925e+00 4.577970571570067371e+00 4.173518144670627983e+00 5.951238986770351680e+00 6.873201421152804969e+00 3.121590324104702052e+00 6.974752553945143596e+00 9.123293138762736731e+00
-1.047875765270809012e+01 -9.478987547822967485e+00 -8.478642593391917615e+00 -7.478680270978015798e+00 -6.478799554773342351e+00 -5.478376287289647095e+00 -4.478303167291654674e+00 -3.478914211758171504e+00 -2.478974404998798065e+00 -1.478074397214433233e+00 -4.780864671550073552e-01 5.209604098715487908e-01 1.521039974621746893e+00 2.520969998768777032e+00 3.521339733830901153e+00 4.521236379376858849e+00 5.520893630317656786e+00 6.521357875994652886e+00 7.521088664165949567e+00 8.520900216630906243e+00 9.520725552669976111e+00 1.052135985784909344e+01
-7.013811386220177191e+00 -8.585753429686254989e+00 -8.797068750826525729e+00 -5.965879933592031392e+00 -2.955030989931129337e+00 -6.695865874085202840e+00 -5.216680376960648680e+00 -5.917602685561798026e-01 -5.211424915493760857e-01 4.271684428440925885e+00 -2.738886771816947174e+00 -6.996688715071988085e-01 3.095446279368272435e+00 3.425311926078083768e+00 7.539308990084063744e+00 3.665164855217499795e+00 2.988921351940276860e+00 3.444697019913734781e+00 4.471148280252609908e+00 3.473385116527871741e+00 7.015063153348759073e+00 6.858693482275691977e+00
-8.277283358786739598e+00 -6.089908971051942288e+00 -1.354038472961067718e+00 -8.024139937333792716e+00 -4.447261740317587808e+00 -3.175795844085449904e+00 -1.647264371838383923e+00 -1.774625610966281464e+00 -2.186833237792281448e+00 -5.092951086208389988e+00 -4.606758442710561230e-01 5.789775940685620625e+00 5.782908946686464713e-01 4.525218526726431101e+00 4.740320945398030617e+00 5.523095754418605452e-02 1.942161648561241627e+00 3.782064481098592168e+00 4.913177220158710945e+00 3.948909025013624952e+00 5.178666175069216671e+00 7.544238399404786577e+00
-1.047886562787679310e+01 -9.477985341779209705e+00 -8.477946621111856373e+00 -7.478692178360466514e+00 -6.479023282162168940e+00 -5.477901872924801907e+00 -4.478765462271196540e+00 -3.478768397799964163e+00 -2.478896376422850878e+00 -1.478621204129682454e+00 -4.788789495148577657e-01 5.212823555550674115e-01 1.520680318840515355e+00 2.521041694351204399e+00 3.520757089622982505e+00 4.520639817484386924e+00 5.521208140321743230e+00 6.520859184928902152e+00 7.521279777654179099e+00 8.520881536670691148e+00 9.521626721390257231e+00 1.052136441624976193e+01
-1.063260624383112862e+01 -5.496367702639177288e+00 -4.949069835022262609e+00 -8.429378678824345883e+00 -3.462347682991978814e+00 -5.811231152027483304e+00 -3.953366617447162223e+00 -5.620697924315525285e-01 -2.123516268312442001e+00 7.894890388045205931e-02 1.121254079545318749e+00 2.115121867894949048e+00 1.319707049651335895e+00 4.307286647307570604e+00 -9.900093582737248266e-01 4.875900580143688323e-01 2.535596281571383948e+00 6.386150481207849339e+00 3.161257942708319391e+00 8.443614161693936637e+00 8.191590327063224208e+00 8.729121269978673325e+00
-1.047886848212637290e+01 -9.478520510210207917e+00 -8.478462000800790932e+00 -7.479347144676882664e+00 -6.476812673224626948e+00 -5.476939012719814315e+00 -4.476818343116459431e+00 -3.479882543398570505e+00 -2.479782556606945576e+00 -1.479488213969894161e+00 -4.799896454946477320e-01 5.209806734188102695e-01 1.520340072499086759e+00 2.521400461481380972e+00 3.522769297049812565e+00 4.521112571047121165e+00 5.521326507018379459e+00 6.520093882964422605e+00 7.523654224859050998e+00 8.520228961990644834e+00 9.520091066644958744e+00 1.052018914608793665e+01
-1.137239832420301866e+01 -1.029330930915232756e+01 -5.670300475569911569e+00 -5.986063971091063252e+00 -5.412026988748008804e+00 -3.921260935538164460e+00 -2.371761744791743176e+00 -4.739706728551515980e+00 3.559243897385839794e-01 1.211602941612616613e+00 9.565942894942436325e-01 1.762528489129601139e+00 4.817458587398001590e+00 2.055731341314314786e+00 1.825202323745910515e+00 5.939581619086327535e+00 7.428558665568936625e+00 3.008881422910222536e+00 5.923983104169406211e+00 6.225825829498919717e+00 3.733960880386128611e+00 4.988270332308673005e+00
-1.023380556583052936e+01 -9.874214568405744075e+00 -5.421284249116631315e+00 -2.960285557516227239e+00 -1.734405442900861960e+00 -1.961559986396423483e+00 4.448883799901701686e-01 9.530816660090746240e-02 -1.209461601479545401e+00 -1.392253254142367780e+00 -1.677647973162281758e+00 -3.775632157637726305e+00 2.381003664235141315e+00 1.278103066705100321e+00 8.725086121932812411e-01 1.361538876625227878e+00 3.708939325811593246e+00 5.726746914390201226e+00 1.758482332350406629e+00 9.547321432352525505e+00 3.790538242562713656e+00 9.742447081487199512e+00
-1.346235027835019338e+01 -3.424807903663281916e+00 -2.660816649224690078e+00 -3.337838392995185810e+00 -3.429861555574833964e+00 -1.878868854522595111e+00 -6.420468387542085154e+00 2.603029785564274334e+00 2.586555177967944541e+00 -3.698521786887296603e+00 -2.277199338724871680e+00 -1.212778827010712046e+00 -4.504574238868339076e-01 2.930175958527281299e-01 6.298895080281090575e-01 1.441283449943677741e+00 2.460189240245698183e+00 9.310981265291648157e+00 3.825543082283748397e+00 5.975305028529286133e+00 6.690951424381506030e+00 6.904499579010082044e+00
-1.047892279313361996e+01 -9.478455090387287285e+00 -8.477215365930023339e+00 -7.478577056391678468e+00 -6.477320940657074644e+00 -5.477643051608033886e+00 -4.479307451708734789e+00 -3.478555956347420874e+00 -2.478317150338103403e+00 -1.479376607997835436e+00 -4.796094684438152456e-01 5.215283469720422005e-01 1.521170994774871943e+00 2.521695821122696302e+00 3.520444697277122614e+00 4.520978315310054896e+00 5.520497194068012092e+00 6.521437688307338831e+00 7.521303242580469117e+00 8.520933038131765613e+00 9.520509696142248401e+00 1.052007763697343456e+01
-8.833513410454376213e+00 -8.653131402837642483e+00 -3.158504531368639512e+00 -4.679515084464622277e+00 -3.349148600258709862e+00 -5.316484779301543284e+00 -3.774419028906302209e+00 -3.627346693083887352e+00 2.123166095846874768e+00 -1.528803494307512612e+00 1.668286898517143124e-01 5.716475079147906868e+00 -3.979999849326512518e+00 1.588430478588890971e+00 2.445791546076027778e+00 1.151479216326718458e-01 4.609353713479848125e+00 5.068643253296187368e+00 6.771404972255683496e+00 5.993533415062155534e+00 7.148799372017281328e+00 5.620568075770627559e+00
-1.047888651490218592e+01 -9.477103173732757568e+00 -8.478693962097176851e+00 -7.477864399552363039e+00 -6.478907920420169830e+00 -5.479295037686835457e+00 -4.478621974587436938e+00 -3.478573121130487777e+00 -2.478414408862594343e+00 -1.478287830948840309e+00 -4.788472801447039018e-01 5.214843079447586405e-01 1.521402917802317845e+00 2.520717807114106535e+00 3.522555708885178660e+00 4.520440876483903025e+00 5.520916782319531535e+00 6.520481415092929112e+00 7.520756877958765685e+00 8.520506113767606138e+00 9.521036587655530070e+00 1.052047196775673044e+01
-1.047947025265207799e+01 -9.479218475181944825e+00 -8.476486503739245393e+00 -7.478666618127727261e+00 -6.478889979083422901e+00 -5.478906057436356392e+00 -4.479522637684228314e+00 -3.479392088611025002e+00 -2.479211888868690039e+00 -1.479546874422920766e+00 -4.789601188491747763e-01 5.231601375747736427e-01 1.520434238355267809e+00 2.520569339733224723e+00 3.522271901707755504e+00 4.522396922450168333e+00 5.520438216965303013e+00 6.523392729799848411e+00 7.520925306122412834e+00 8.520713270049197874e+00 9.520840421657663200e+00 1.052040474895725986e+01
-1.047768775949418085e+01 -9.479128858243862865e+00 -8.478685235773964379e+00 -7.478759525513108741e+00 -6.479191286658673832e+00 -5.478002390062261640e+00 -4.478791972791587028e+00 -3.478909319436004566e+00 -2.477983197366633306e+00 -1.479008114134710894e+00 -4.783790914172385556e-01 5.223566832190300602e-01 1.520888814533307709e+00 2.522025698626586987e+00 3.520463356578897418e+00 4.520697774196221985e+00 5.520683841610503961e+00 6.521687114441943933e+00 7.520703146064834144e+00 8.520787218416289832e+00 9.520746068859653022e+00 1.052076277306134600e+01
-1.047864072007894976e+01 -9.478901661763144304e+00 -8.478752005675982417e+00 -7.478770989755368248e+00 -6.478900674561215212e+00 -5.478268984535894504e+00 -4.478736519644222369e+00 -3.478744972327913132e+00 -2.479045037010855879e+00 -1.478772979060362758e+00 -4.785112699663240932e-01 5.216584319079302645e-01 1.521145645698352311e+00 2.521251224150695691e+00 3.521524708887382005e+00 4.521090947260896442e+00 5.521156750788730250e+00 6.521360863169471500e+00 7.521161005070254646e+00 8.521073829551976786e+00 9.521032359620372532e+00 1.052086578698996888e+01
-5.668954398304407505e+00 -1.022206663726152343e+01 -4.740148360493990687e+00 -3.412610007168036752e+00 -7.451448364921040124e+00 -5.414894575777299934e+00 -4.553727641753635424e+00 -4.399680441884159521e+00 -3.891556154460281469e+00 -2.517750555372728627e+00 3.404136524499255856e+00 -4.767020805339050038e-01 5.605577597202222595e-01 1.947548974816780021e+00 1.638079950122295569e+00 2.853146642693410229e+00 3.928528670513934618e+00 5.215974608159458015e+00 1.085785530247363795e+01 6.971080543200222301e+00 7.180546176036276762e+00 8.659359804411632666e+00
-1.047827738862152813e+01 -9.478095184672968188e+00 -8.478412005711698285e+00 -7.478400293399023013e+00 -6.477934840727938237e+00 -5.479050758887435535e+00 -4.477867263961936573e+00 -3.479145485569150154e+00 -2.478807050396095946e+00 -1.478429976512092736e+00 -4.789899025451180847e-01 5.210403393615230527e-01 1.520960104059078333e+00 2.521382239054537067e+00 3.520959448407984027e+00 4.521260697733257672e+00 5.521294553171490094e+00 6.520414162765833410e+00 7.520619627426963660e+00 8.521584909747931036e+00 9.520487685095163854e+00 1.052068212289700888e+01
-7.429087457472311584e+00 -5.050601606065241889e+00 -1.145130073238064483e+01 -6.071176269699667394e+00 -2.982402379701072359e+00 -4.738740695147489745e+00 -1.701095958315140155e+00 -1.645900675846085903e-01 6.410748761340090418e-01 -4.010860007556228624e+00 1.263582879936059111e+00 2.000349996933170171e+00 -1.165477108884419577e-01 3.483390840596662041e+00 5.178739131101180782e+00 5.194525614611336550e+00 6.881507194162786334e+00 1.281441743142344603e+00 6.362624748141711528e+00 1.113666433004934397e+00 7.464150580439220306e+00 3.318624585323568077e+00
-6.949477091662899397e+00 -1.082011514633728133e+01 -7.905429748522569966e+00 -7.082832054791369458e+00 -6.506607476708200721e+00 -6.562307914068655990e+00 -4.593299445830467675e+00 -2.158131906767328800e-01 6.005049515080627121e-01 2.220158377451316944e+00 -1.369377931307244500e+00 -1.722479410868427707e-01 1.667628081818659513e+00 1.313683900101141333e+00 6.113429132452794512e+00 3.199735821876686259e+00 5.029155985070292267e+00 4.232447485883442440e+00 5.242157150229104445e+00 6.977836650393619777e+00 7.734364068697630046e+00 8.313682074225644314e+00
-1.158647221759456336e+01 -9.700308025710084436e+00 -3.645516594343692685e+00 -6.154382593714563754e+00 -6.706275572294913445e+00 -2.178099486302304655e+00 1.585728424797277825e+00 -2.833520416019855048e+00 -3.088564039604517308e+00 2.892299678771489635e+00 3.080671040323593957e+00 2.721346407877948681e-01 2.013834210604292796e-01 6.630860285211614968e-01 1.820516538973561360e+00 2.282102674400783293e+00 2.953814027424760624e+00 2.925742572287535648e+00 4.582976119536358084e+00 6.690379001593043107e+00 8.514771125051629141e+00 7.894809390771188262e+00
-1.377054290562925942e+01 -5.890236649174215522e+00 -5.499240475382654481e+00 -3.886717819891056802e+00 -3.013479623820061626e+00 -2.616531997564445877e+00 -3.940533824527761020e+00 -1.530682288638960831e+00 1.653386964111129842e-01 2.212824810032566702e+00 5.684078662212653787e-01 1.388681545225422198e+00 4.031159255252644513e+00 4.463840751081587399e+00 -1.892097226900682383e+00 4.304240522554723114e+00 5.655511385975838579e+00 5.789181359497252544e+00 1.852622686331860891e+00 2.438783020122256673e+00 5.096865956638652051e+00 4.539880694900040758e+00
