-1.052554029564964111e+01 -9.527563485909581686e+00 -8.526855576444750895e+00 -7.527029309083120623e+00 -6.527102905918237497e+00 -5.527727249671110954e+00 -4.526537503708498278e+00 -3.526570070196290985e+00 -2.527070615101928652e+00 -1.527563485909594121e+00 -5.257078368555383463e-01 4.739732633937503437e-01 1.473106038164011977e+00 2.473745022307742403e+00 3.472773406993258760e+00 4.473392155360091493e+00 5.472349044274199770e+00 6.470907878469335017e+00 7.471188705753199599e+00 8.473032143305648134e+00 9.472193669866433297e+00 1.047391093928705352e+01
-9.258587098973157126e+00 -7.900084528225513658e+00 -7.049298320902224191e+00 -7.455200737716864978e+00 -5.487349686273091720e+00 -4.197082211463118107e+00 -3.554444086340696529e+00 -2.188143688917807417e+00 -1.272681322478238730e+00 -4.515157775680459729e+00 -1.801393256425406209e-01 1.172807964122458246e+00 -1.129436997084944938e+00 -1.283918453441081908e+00 4.092217441281693624e+00 4.745066388501538945e+00 5.883584850633959640e+00 6.735894264405032139e+00 7.765566352171514808e+00 8.079886259517303770e+00 5.270589866815595492e+00 1.113121477841701434e+01
-6.751811412602185314e+00 -7.313301349935073858e+00 -4.828323962614049059e+00 -4.764190314303225371e+00 -4.926388377085748616e+00 -4.515249855726377604e+00 -2.854899999009418377e+00 -6.883256621177734402e+00 -5.228456757004147359e-01 6.866986500649270297e-01 1.604726964002056722e+00 -1.875348642444198077e+00 4.235809685696782623e+00 3.054252393950731115e+00 1.504710314257425852e+00 4.680694915436204084e+00 5.182673228864461912e+00 6.785801499778575163e+00 1.890504601973552745e+00 2.643712701613528893e+00 8.698466819827649132e+00 3.672868367858909799e+00
-1.052527997033160290e+01 -9.528362551196035923e+00 -8.527187348766744890e+00 -7.527277858419857637e+00 -6.526674570007736875e+00 -5.527754621072233476e+00 -4.527182394130647936e+00 -3.526389436288312140e+00 -2.526230001314102580e+00 -1.526796789331861248e+00 -5.263764946298135072e-01 4.719171510501354305e-01 1.472577108578251526e+00 2.472238643602887365e+00 3.474336414174601373e+00 4.471743410961195764e+00 5.473567432300612268e+00 6.473970419303936907e+00 7.474222956733274970e+00 8.472158393399283227e+00 9.471596150235699341e+00 1.047248788787560336e+01
-6.291307617370570426e+00 -5.751632233654030202e+00 -5.954927316020157235e+00 -3.477802421142114575e+00 -3.472809651695466293e+00 -2.803606632234592499e+00 -2.683972433500693366e+00 -5.323154506159366584e-01 5.576715150203368498e-01 -3.325035414248890486e+00 8.010381715123381374e-01 -2.078707794698586575e+00 -4.653454945806227094e+00 3.446948799247692818e+00 3.026480678604711816e+00 5.382722916974023164e+00 4.491927870403495504e+00 3.858391038180885690e+00 4.416701975294637705e+00 9.656621431235063113e+00 1.157464708247801788e+00 3.634906738992654596e+00
-1.052704432437364801e+01 -9.527068166231556390e+00 -8.527400313114576136e+00 -7.525401188229979610e+00 -6.528731366788784740e+00 -5.526328204368995856e+00 -4.526188789104873322e+00 -3.526376737451020205e+00 -2.527675731276916693e+00 -1.527856363152915620e+00 -5.258592126721719495e-01 4.715415330773016223e-01 1.472217926586218084e+00 2.473742024803698314e+00 3.474004270339550615e+00 4.473829956555908538e+00 5.473358230495994903e+00 6.472725214267315508e+00 7.474008390510620714e+00 8.471760028803888787e+00 9.472124071622438635e+00 1.047192268242889845e+01
-1.029444575755654867e+01 -9.213904166380057603e+00 -8.285653902562915007e+00 -7.268993381699567990e+00 -6.243527802039704255e+00 -5.288177804588541697e+00 -4.544715430977144699e+00 -4.108317607491823509e+00 -2.390614632646948401e+00 -1.244005673042199334e+00 -3.192586580211540515e-01 -3.740833847118308353e-01 1.541708694988972672e+00 2.612521421792543652e+00 3.563032267340306536e+00 3.963620501218525050e+00 5.488681183280855080e+00 6.367931966748345829e+00 7.411278079803679475e+00 8.268635387843396245e+00 9.303017177670453108e+00 1.046057545375774467e+01
-4.825433329606360289e+00 -6.124769984743045903e+00 -6.247129793151165345e+00 -4.373482200653912244e+00 -4.352434375132554933e+00 -7.889697617430111443e-01 -6.777540498571621441e-02 -7.637634492403355679e-01 -2.240500472895647466e+00 3.729511777050464882e-01 3.486984071843171940e+00 -1.268503074184696544e+00 3.487224491690834149e+00 -3.048793484070896120e+00 3.160679268825977051e+00 2.731496925815300791e+00 -1.175454457026215316e+00 7.549237619756143935e-01 8.773496667566437424e+00 7.710405922556843095e+00 3.616981496191165046e+00 5.871699359895394821e-01
-1.052736498923457731e+01 -9.528407496823483314e+00 -8.527895515276608052e+00 -7.527127434922890714e+00 -6.524954018606365480e+00 -5.527742808176705935e+00 -4.527174731208498670e+00 -3.527084385468191030e+00 -2.528333877636596227e+00 -1.524922405792898061e+00 -5.277472934262217308e-01 4.724255898459492897e-01 1.472036460922531376e+00 2.473884622143080136e+00 3.474288823591045627e+00 4.475028032944971201e+00 5.471930416808897135e+00 6.472086566077045688e+00 7.474350849674520347e+00 8.471085580573843643e+00 9.474968897686771641e+00 1.047197304903107096e+01
-7.453516119947012797e+00 -3.437341007717083841e+00 -1.847883391766909522e+00 -3.084425878223029382e-02 -5.133043309696361689e+00 5.361729176181970757e-01 -3.909532645386679661e+00 -1.527062982730033713e+00 1.909551686843559137e+00 -1.129356652118782112e+00 -4.155776488680725578e+00 -1.712201496887608476e+00 7.491584806552947784e-01 -1.523902247545816158e+00 1.325866921304095447e+00 4.065607703302754672e+00 3.045499424653207221e+00 6.460112125147460249e-01 4.959499725493458300e+00 1.468664444983738937e+00 5.452438840193513769e+00 7.107293176423056025e+00
-7.739128352942187483e+00 -8.883624972172102119e+00 -7.873830505691293169e+00 -7.407564732526338069e+00 -6.400566805765537381e+00 -4.952493389905492371e+00 -4.314542235789527780e+00 -3.936842193587410943e+00 -2.915192731386297531e+00 -2.209856598579653664e+00 1.559071562244058295e+00 2.892355833693495137e-01 3.022482440176781360e+00 2.245042387567423692e+00 2.823721702744266260e+00 5.802817135958379779e+00 4.517034204850310708e+00 5.158966737022253390e+00 6.157410113493406278e+00 7.263468728874528324e+00 7.949644257379432588e+00 9.250051597392030089e+00
-1.052726694941527796e+01 -9.526652403175839723e+00 -8.527392551302922286e+00 -7.526838585734392240e+00 -6.527650460600854743e+00 -5.527012303471575905e+00 -4.527086421847354103e+00 -3.527448341250435604e+00 -2.526849895715715277e+00 -1.527988813817511726e+00 -5.272475481033502831e-01 4.723761677741826759e-01 1.473004922270758854e+00 2.473365575075126443e+00 3.473782576620561002e+00 4.472503907978518711e+00 5.473568737506852244e+00 6.472982555627803336e+00 7.472516044974309324e+00 8.472261995077115415e+00 9.474258124828324412e+00 1.047411759942768228e+01
-1.122891894830170756e+01 -1.028367267943521490e+01 -2.217352849797767256e+00 -8.714140265739672486e+00 -2.883503039463262141e-01 -6.322326417523462361e+00 -5.346008072776101905e+00 2.586227844586266755e+00 -3.384098549210856177e+00 -2.872924948547463497e+00 -1.539852049501964304e+00 -3.736370206632055324e-01 6.029037857965497960e-01 1.640074223190719271e+00 2.553515247556779499e+00 3.620321257749664401e+00 4.567707971227507713e+00 5.469250968208395847e+00 6.047530453307849108e+00 6.991036551728048387e+00 8.404931852774286227e+00 9.493085882044034918e+00
-1.052752147919751025e+01 -9.521890360184690039e+00 -8.528433355756774858e+00 -7.527963835068739229e+00 -6.525419953533182493e+00 -5.527928608723655657e+00 -4.527372020550757270e+00 -3.524345013567002027e+00 -2.526602926918036118e+00 -1.529526504941959075e+00 -5.280914784155132935e-01 4.727130352773425415e-01 1.471270781687714191e+00 2.472725865177128668e+00 3.471270781687712415e+00 4.476454523138022168e+00 5.471875873140314539e+00 6.472793054512951727e+00 7.474331957034090479e+00 8.471793723038649304e+00 9.474940580061884887e+00 1.047022929482838904e+01
-1.052502390234310070e+01 -9.527338142083438655e+00 -8.527060295031823500e+00 -7.527775461362178788e+00 -6.527900660918506404e+00 -5.528315762565885194e+00 -4.524621988223355373e+00 -3.523059914396581505e+00 -2.526738817380227431e+00 -1.527345458553600821e+00 -5.270254263146441076e-01 4.725904068486173060e-01 1.472131465985002663e+00 2.471808870746318831e+00 3.471971263601014712e+00 4.472546388818452456e+00 5.474596103145312753e+00 6.472099339081472280e+00 7.469839935614297488e+00 8.470739399506275191e+00 9.471857016398137930e+00 1.047732957215470684e+01
-1.052647946402434087e+01 -9.526555728167299009e+00 -8.526715841144323349e+00 -7.525424819439669122e+00 -6.526867147535083902e+00 -5.526907045394187534e+00 -4.527406413108129968e+00 -3.526214640587580718e+00 -2.526705738157017933e+00 -1.526868078857662070e+00 -5.258179269731098060e-01 4.729097224771905417e-01 1.472330231219521224e+00 2.472227465361347853e+00 3.472061190754166304e+00 4.473489481955757796e+00 5.470775905996553945e+00 6.473652523010956727e+00 7.472450029104942715e+00 8.472758013755077755e+00 9.472748164087521516e+00 1.047186404839156992e+01
-7.567748933386908572e-01 -3.237941493189119502e+00 -9.075198715720459441e-01 -4.284310412224729969e-01 1.240290274885007538e-01 -3.290083460616598732e+00 -5.640465611549558389e+00 -4.122971473276050958e+00 -4.742673577725150302e+00 2.768072106794936094e+00 -5.805352036404064497e-01 -1.097058279963158078e+00 2.329396334514320266e+00 9.556874497976057814e-01 -1.569731449062206963e+00 3.255931794517398892e+00 -2.758372301005745930e-01 5.698312149208866195e+00 1.144416347526600042e+00 1.795439686066134133e+00 2.960775872332395586e+00 5.023266749735655345e+00
-1.052615939825771108e+01 -9.526231966912737548e+00 -8.527598194777954888e+00 -7.528362877666962660e+00 -6.526826344430432414e+00 -5.526892602443693292e+00 -4.525790028274057519e+00 -3.525491669774059034e+00 -2.527485430240625774e+00 -1.528082929551592528e+00 -5.258965566754323362e-01 4.732616320252418518e-01 1.472427725791936481e+00 2.473306335508823395e+00 3.471611179411409509e+00 4.472681321203708649e+00 5.472895793616773474e+00 6.471818476915355944e+00 7.472286917269233442e+00 8.472562767565252173e+00 9.473379455506801605e+00 1.047389032691716793e+01
-1.052681215818626015e+01 -9.527463078160154808e+00 -8.525826133448960675e+00 -7.526095688004394546e+00 -6.527589767832630230e+00 -5.526121921498647893e+00 -4.526223308999425043e+00 -3.527392714877016999e+00 -2.526816010136471391e+00 -1.526847004551759923e+00 -5.267819237302528990e-01 4.704466689039445981e-01 1.472742401402120649e+00 2.472814292054293261e+00 3.472718023102398632e+00 4.474530123512860058e+00 5.473037354986789893e+00 6.473369814794182275e+00 7.471844561736705970e+00 8.472013622861027216e+00 9.473313048820619642e+00 1.047244372997772999e+01
-3.248609231313420498e+00 -3.672890245223109584e+00 7.166104223113605176e-01 -6.892948175304111302e+00 -3.454358305863024281e+00 2.179199507999183716e+00 1.855365380889493432e+00 -4.506486690154057340e-02 -3.723181127887076336e+00 -2.730123790800460970e+00 -1.087172205789716628e+00 -1.147817658192236412e-01 -2.602444768568404676e+00 -2.273304402686783521e-01 2.932196036435176900e+00 1.940747352763023015e+00 2.310319622190970534e+00 1.105955047569797234e+00 -1.399527110451709855e-01 4.724129508568194247e+00 5.751194657275778610e+00 3.828444031507344469e+00
-1.052755521576508357e+01 -9.525220762599582613e+00 -8.527816604484193874e+00 -7.527830700982706347e+00 -6.526469226587879646e+00 -5.526565920222873629e+00 -4.527792971242535103e+00 -3.525710116733204558e+00 -2.526795472611064852e+00 -1.526980075646521939e+00 -5.257499773393909948e-01 4.739159758795459254e-01 1.472426224838612185e+00 2.472812924872748397e+00 3.472491104494448422e+00 4.473978843878622769e+00 5.473619837652559994e+00 6.472686302255505453e+00 7.472230282019495462e+00 8.471854064952248464e+00 9.472323421727530501e+00 1.047145199437033547e+01
-8.466571185688462009e+00 -9.071640786715260418e+00 -3.865350236988470467e+00 -3.620256200732197005e-01 -4.243610180816968835e+00 -6.748399358996326480e-01 -1.628964421443286348e+00 -6.250388102068989760e+00 1.329991755699536649e+00 4.015884253391019953e-01 -2.500897640565217905e+00 3.076603584857223739e-02 4.870976465623975571e+00 4.678814019553358072e+00 4.151954498436451146e+00 -4.829916858393796808e-01 1.858228073020313786e+00 2.011029963576796309e+00 2.517008314160611437e+00 4.514956302396681664e+00 5.165778536333148097e+00 5.421491338836712970e+00
-4.955797554726839138e+00 -7.032906206567251850e+00 -4.093694515049218552e+00 -4.680865032926794456e+00 -6.461022121089285086e+00 -4.591974916194572209e-01 2.981209554624267177e+00 -6.398995884296576619e+00 -2.930166759014186884e+00 6.074894171921508601e+00 -2.732998124046145172e+00 1.921806259322752508e+00 3.464609179855251408e+00 -1.607816915012879599e-01 1.115436847196769055e-01 1.601004115703422492e+00 3.318678964384968122e+00 2.282612814780647259e+00 3.211591084971822330e+00 5.779587670316852055e+00 4.560103985561521078e+00 4.004087827400740096e+00
-1.052705000781192979e+01 -9.526697595349746805e+00 -8.527105097404914957e+00 -7.527382773093201251e+00 -6.525825363329849083e+00 -5.526175704530686517e+00 -4.527616780928575224e+00 -3.528191116384475023e+00 -2.525884923271130234e+00 -1.528420169583764476e+00 -5.274736329235700794e-01 4.739689708433463267e-01 1.472507703372034626e+00 2.474690544672998982e+00 3.472529377110991078e+00 4.472626398571524220e+00 5.473562094636950093e+00 6.473022374578507154e+00 7.472798156806026881e+00 8.472362238236460286e+00 9.472779269584206574e+00 1.047227996892550550e+01
-1.738488783259905190e+00 -1.153426332544098543e+00 -6.658912285254926289e+00 -6.348691764143706173e+00 1.016276395582117242e+00 -4.191787948779528428e-01 -3.340741005652839490e+00 -5.776907710364172388e+00 -4.007974704659890364e+00 2.367762725520350386e-02 -1.583285766755323065e+00 -1.514563155718500864e+00 -4.086630996748714217e+00 4.341087714745056836e+00 -1.392818995086924083e-01 3.920157218494194407e+00 5.169286801154623134e+00 5.253228795792765027e+00 7.523096890931837422e-01 2.901234217535572313e+00 7.828261306985740298e+00 4.967867365576653427e+00
-1.052657390995461384e+01 -9.528376771645101329e+00 -8.526007792489084025e+00 -7.525872802869853828e+00 -6.527259914712461253e+00 -5.525930470363652702e+00 -4.526570296422994133e+00 -3.527032090858991609e+00 -2.525374776260413512e+00 -1.527662603692574450e+00 -5.280310796065830203e-01 4.739334447817302731e-01 1.472442486746738055e+00 2.471740589900440099e+00 3.472789572043847528e+00 4.474093215032054260e+00 5.472681158645578137e+00 6.473896325989194622e+00 7.471721166236832801e+00 8.472437792880960217e+00 9.473422655327739861e+00 1.047083803401751290e+01
-1.052666316791019341e+01 -9.526332242922350702e+00 -8.528068034486341986e+00 -7.527366808192329728e+00 -6.525822749869389483e+00 -5.527326321737344728e+00 -4.525635449723768744e+00 -3.526683634655055855e+00 -2.524621999399224492e+00 -1.527958458797499475e+00 -5.269447104497491097e-01 4.723780168728310969e-01 1.472632580860086193e+00 2.471720033748573186e+00 3.474917197091999199e+00 4.472982445223754766e+00 5.473406182094045391e+00 6.472324842079109075e+00 7.472230592234561541e+00 8.471993864937246599e+00 9.472349212928236284e+00 1.047179254279894245e+01
-1.052732359109952398e+01 -9.526283706115043159e+00 -8.527166354046613606e+00 -7.526716651902965793e+00 -6.527096616612222846e+00 -5.526855620132245406e+00 -4.526428895579130085e+00 -3.527344899760056052e+00 -2.526833626018314405e+00 -1.526986124501974018e+00 -5.273721092803906885e-01 4.730645096437537944e-01 1.473039684309204844e+00 2.472696495665747562e+00 3.472778802229600004e+00 4.473600035025318888e+00 5.472919439388949314e+00 6.471892354501923350e+00 7.473171499981125621e+00 8.472251889719208506e+00 9.473792446269229117e+00 1.047250497104091949e+01
-9.107911792172059151e+00 -7.547552113560444198e+00 -5.677070041221572438e+00 -5.630828327166137903e+00 -9.496714834432186336e+00 -4.127753673544507507e+00 -3.481152627605054395e+00 -2.429951573156430289e+00 -1.558123194875584039e+00 -6.531545442400722434e-01 2.377231686094662677e-01 1.206564479379818478e+00 1.811003176650231250e+00 2.531769257077289392e+00 3.304688644819508081e+00 5.444132853990577559e-01 6.445474085120867613e+00 6.953979342114819495e+00 2.235139533024623759e+00 9.531979265948420377e+00 4.393864572048142847e+00 9.918917844508188253e+00
2.128235361170325302e+00 -5.640958740275743288e+00 -3.783354342625396605e+00 -2.345330581773922063e+00 -2.554243266158173764e+00 -5.308559067038867152e-01 -1.969459938330669679e+00 -1.940380218900563003e+00 -1.379119501362055189e+00 1.342076905357885153e-01 -5.454410357360663930e-01 3.495457348680229615e+00 2.346743820244932444e+00 2.011407413020905643e+00 3.274820661233388552e+00 -2.747596140302167811e+00 -1.424191844925123407e+00 1.632607698021395493e-01 5.427009658758130684e-02 4.528681406519480035e+00 5.171651043723620944e+00 9.574998383017601089e-01
-1.052585137296807005e+01 -9.526730802248811969e+00 -8.526015322994096479e+00 -7.528050285171392630e+00 -6.527429882775646064e+00 -5.526573803614493130e+00 -4.526491556655276582e+00 -3.527392980049969040e+00 -2.528080467473371229e+00 -1.527210537682876179e+00 -5.266801457513494711e-01 4.725650508295355934e-01 1.471919532526618113e+00 2.471295501698135055e+00 3.473257552493699052e+00 4.473591755736954667e+00 5.471841293979768039e+00 6.473927024413232090e+00 7.473363618959080412e+00 8.473893832076672794e+00 9.472006436098700632e+00 1.047414949129927741e+01
-9.336263048604022785e+00 -8.377372022896356185e+00 -7.704889413916004237e+00 -6.811004870944575629e+00 -5.789521507392388244e+00 -2.302137691774762018e+00 -1.478603327479883767e+00 -2.446005882913650620e+00 1.969090888150186736e-01 -1.174940442625024506e+00 9.962997842875037646e-02 1.622627977103631158e+00 -3.329418572047064817e+00 2.728206948162469114e+00 6.211266227336893486e+00 -4.304532865536621067e-01 5.182270619021640989e+00 1.689545462046521784e+00 7.521954717754054442e+00 3.431634145968752048e+00 9.663667222551074687e+00 1.023820161268497664e+01
-1.052761298316445959e+01 -9.526587909934184140e+00 -8.527277625081215007e+00 -7.527057758447810443e+00 -6.526144332167767459e+00 -5.526943637904800255e+00 -4.526231563565396243e+00 -3.527311569926423473e+00 -2.526828667995598465e+00 -1.526989511129528410e+00 -5.277766649696022938e-01 4.733889560130464247e-01 1.472783804955806630e+00 2.473726266148410957e+00 3.472387016835533302e+00 4.472834014418443971e+00 5.472576701166950386e+00 6.472176321866834670e+00 7.472613358023489027e+00 8.473525353792030756e+00 9.472661749544467824e+00 1.047339261424811774e+01
-1.052787389843302179e+01 -9.527163336561478957e+00 -8.528251419351857265e+00 -7.527358988807973716e+00 -6.524383763359340449e+00 -5.524067501114172885e+00 -4.527856821702277657e+00 -3.528209696100523374e+00 -2.527786354110995504e+00 -1.524573484943667623e+00 -5.322870263321863860e-01 4.719261130825991302e-01 1.472473194314677158e+00 2.471638967706393686e+00 3.472370316697789505e+00 4.475798254324628189e+00 5.472860952331256357e+00 6.472154950215053049e+00 7.472192411734297934e+00 8.473419969393447104e+00 9.473400150849053958e+00 1.047688094289465432e+01
-1.052708482031118109e+01 -9.525444694202045426e+00 -8.526066847484214506e+00 -7.527161807160499762e+00 -6.526999056677910360e+00 -5.526295759122486828e+00 -4.527032807808030412e+00 -3.527207874100330542e+00 -2.525294624607656857e+00 -1.527502097528085301e+00 -5.258725512434168081e-01 4.724979024719075937e-01 1.472785979170687654e+00 2.472259357232932331e+00 3.472589634020215144e+00 4.471956699747932973e+00 5.472533352334389534e+00 6.472342356700790944e+00 7.472466386515987935e+00 8.473435967821965065e+00 9.472301356155762520e+00 1.047209788079965875e+01
-1.052602156996722016e+01 -9.527075082063662492e+00 -8.526799358427512132e+00 -7.526537656784061170e+00 -6.527309596538527714e+00 -5.526905819773670459e+00 -4.528594806790341210e+00 -3.528280675411222589e+00 -2.527423620223984813e+00 -1.526592597365365123e+00 -5.268941968679357046e-01 4.722030013799720649e-01 1.473755106329925013e+00 2.472777783870698798e+00 3.473555110394963563e+00 4.472453787922866297e+00 5.473740652203563428e+00 6.473439157009128309e+00 7.473984941840177143e+00 8.473287425935275508e+00 9.473229601979259229e+00 1.047131234407425460e+01
-9.118216049763960385e+00 -6.410375093443252403e+00 -9.437738897284305040e+00 -4.412539088712015278e+00 -2.574844117766605045e+00 -1.386358563991487713e+00 -6.337538438816352482e-01 -2.903577262190322195e-01 -3.914556705457802543e+00 -4.102008699480825804e+00 1.917445795922777307e+00 -1.151863221363381706e+00 2.476229365908497293e+00 9.004914923494014012e-01 3.285594325065650523e-01 7.929259575910117874e+00 3.495827930490729152e+00 2.678462194367400517e+00 3.429750725505777087e+00 5.276463420577924168e+00 5.757832530553476325e+00 8.647593475998021972e+00
-1.052702029963781882e+01 -9.527362802827889610e+00 -8.527088457549144351e+00 -7.526391492987228204e+00 -6.527285205030960213e+00 -5.526613319123311996e+00 -4.526445807719772674e+00 -3.527853982353759577e+00 -2.526058303022901796e+00 -1.528271468186913395e+00 -5.267223807221093068e-01 4.736483005637506238e-01 1.472466362809592866e+00 2.474170779978686951e+00 3.473336389457641005e+00 4.473135827278552412e+00 5.472238926386294722e+00 6.472466362809594642e+00 7.472491657530722975e+00 8.472339695488869893e+00 9.472965186631137513e+00 1.047315796295350410e+01
-8.351620241295332647e+00 -3.832834703607907567e+00 -1.014861802998177609e+01 -5.041867353113730132e+00 -2.582940087672101814e+00 -3.318212302803970282e+00 -2.817911541327743574e+00 -1.410552671768249500e+00 -3.155031713757861400e+00 1.086599317190621861e+00 1.958132646886271422e+00 1.249443094542929344e+00 4.401773409468479059e+00 3.551302561101661759e+00 1.227772021975632732e+00 3.915575369252933591e+00 1.099538239778103943e-01 2.436163890127798659e+00 -7.399605814184289088e-01 4.367328311577333366e+00 7.841274660437925093e+00 8.659534052934077408e+00
-1.052682275358932884e+01 -9.526605524461380980e+00 -8.526712015609851036e+00 -7.526672691445481789e+00 -6.527146682481875573e+00 -5.526486903767702685e+00 -4.526497796516535388e+00 -3.527446598153245461e+00 -2.526670888404957793e+00 -1.527400970797655688e+00 -5.266012180258048403e-01 4.728858020495128045e-01 1.473709031600828112e+00 2.471770211715574206e+00 3.472771860320445825e+00 4.472587413747191931e+00 5.472337662835000671e+00 6.472686633128997613e+00 7.472928985614661457e+00 8.473030730743287720e+00 9.472836784679765643e+00 1.047282285954463177e+01
-1.052738086235792281e+01 -9.527526968243433814e+00 -8.527944558384733753e+00 -7.527356029572819907e+00 -6.527413391592810754e+00 -5.525081568482233862e+00 -4.524032906713804536e+00 -3.527549863877624148e+00 -2.528100476684883802e+00 -1.527639464559866767e+00 -5.274148146537189774e-01 4.719046493145562238e-01 1.472768737849863285e+00 2.472000851211218375e+00 3.475429735061796421e+00 4.472204550084743602e+00 5.472213401374490971e+00 6.472354500469833738e+00 7.475627659735359032e+00 8.474020241675054521e+00 9.471801898357544047e+00 1.047241861271587560e+01
-1.121271669542487004e+01 -9.381066082505839177e+00 -8.183125235100167316e+00 -7.329172741086900089e+00 -6.177437883186398082e+00 -5.253937171236055192e+00 -4.305403205446284964e+00 -3.366706772524787006e+00 -2.393125278826976121e+00 -1.321158502970274373e+00 -3.923837647881422974e-01 5.705744440400495332e-01 1.539374227727000166e+00 2.552390580563585143e+00 3.509200597221183049e+00 3.595965418954605752e+00 5.573288203233955684e+00 6.625279572611074919e+00 7.459608891147864185e+00 7.492739762859053521e+00 9.418941566421068501e+00 1.038417400104363253e+01
-1.052822116457596024e+01 -9.528275114230119414e+00 -8.527995106510125822e+00 -7.526089821688159986e+00 -6.525111970237693626e+00 -5.527203556827515740e+00 -4.526555557481245273e+00 -3.528881867162205310e+00 -2.528165002099466818e+00 -1.527191002599202818e+00 -5.246390595354704089e-01 4.730699018321367078e-01 1.472989487715755885e+00 2.471299487420115071e+00 3.471673424609695857e+00 4.476119931109939998e+00 5.471852372654470997e+00 6.475398506291904610e+00 7.473548579283749049e+00 8.474839705296552950e+00 9.471761907704859595e+00 1.047107985175469835e+01
-1.052633793042461008e+01 -9.528768682344381347e+00 -8.526959271593515410e+00 -7.526897416873426394e+00 -6.526446738703672423e+00 -5.528180391951034167e+00 -4.525597990913817981e+00 -3.526111231608823005e+00 -2.528660566969332280e+00 -1.526787260039279559e+00 -5.243327333168501525e-01 4.736452387137877196e-01 1.472687429325153730e+00 2.473847954110663494e+00 3.473732604221869025e+00 4.472223951057959113e+00 5.472249931232497033e+00 6.473577587441965875e+00 7.472298509017994306e+00 8.471389188007876214e+00 9.473504035310313043e+00 1.047122771902518501e+01
-1.052680600062012672e+01 -9.525608617812393319e+00 -8.526444394141430294e+00 -7.527600888162872650e+00 -6.527459245175114333e+00 -5.526926789432756948e+00 -4.526791293174035502e+00 -3.527357075363415362e+00 -2.527459245175112557e+00 -1.526614759117368436e+00 -5.288617722690176493e-01 4.728497825562918422e-01 1.472567077726120388e+00 2.473234247416250753e+00 3.472343306988474154e+00 4.472588356584305203e+00 5.473359312862152493e+00 6.473183687776321804e+00 7.474330384284250783e+00 8.472671132534738803e+00 9.472339984029524373e+00 1.047376674041151290e+01
-1.052659927664157635e+01 -9.526994921097699631e+00 -8.527006264606665553e+00 -7.527406290004222456e+00 -6.526715103367509485e+00 -5.527113854715778984e+00 -4.526605989614665759e+00 -3.527396421710207619e+00 -2.527198847213925958e+00 -1.526750054041091431e+00 -5.269943772053196085e-01 4.735147060657034501e-01 1.473118607124140667e+00 2.472374990751792012e+00 3.473697137256907652e+00 4.472678352316666661e+00 5.472944028844885622e+00 6.472712580283932482e+00 7.472821027209814559e+00 8.472622733732510625e+00 9.473278612067749904e+00 1.047232255729084471e+01
-1.052631734684115372e+01 -9.527178842574361539e+00 -8.526360992342240763e+00 -7.527432736009386005e+00 -6.526972707360984671e+00 -5.527414266020064915e+00 -4.525961358100188292e+00 -3.525448057800549151e+00 -2.527469206601381302e+00 -1.527637634426360691e+00 -5.267030782997732530e-01 4.732376225292540539e-01 1.473222438246001076e+00 2.474166210740785132e+00 3.468666892498715626e+00 4.472671996802079164e+00 5.472555074840768086e+00 6.473338123410925959e+00 7.472750511020416653e+00 8.472208667546500038e+00 9.472584228962650954e+00 1.047479839250444122e+01
-8.629861541423345273e+00 -4.829710950457055674e+00 -5.910267640629366603e+00 -2.774321230938051386e+00 -3.024444180257889414e+00 -4.113299756333300472e+00 -2.219173087248368592e+00 -3.289320037885381076e+00 -6.670921589702727417e+00 -1.434042546429622478e+00 2.089732359370627623e+00 -1.081779992708240545e-01 3.212491076559893077e+00 -3.020103367180522191e-01 7.052915966814715887e+00 1.495390910089863912e+00 3.998202386158401289e+00 1.582015257927440022e+00 3.761103390372839250e+00 3.272166845051587725e+00 1.006649815104439583e+01 6.180338486630594375e+00
-1.007680525940617322e+01 -8.868730121163292068e+00 -8.205801343111282620e+00 -5.414691667699981892e+00 -6.220030421411796517e+00 -5.392145410130588346e+00 -4.879016110067099454e+00 -1.325964470129756378e+00 -2.560576632452402190e+00 -1.660478352054863382e+00 -1.572538674997086217e+00 5.252412469822845265e-02 3.284899793169147042e+00 2.336797774078631651e+00 2.964296072967949058e+00 5.832734843476114150e+00 4.898020586027767465e+00 5.392398828273707423e+00 6.403180125815393531e+00 7.155805568428920793e+00 8.566950938134640481e+00 8.694473740280201923e+00
-9.991683269422626523e+00 -9.064480300373777055e+00 -8.002256074711876721e+00 -7.089536101230353715e+00 -6.035150022229353262e+00 -5.122539418666869793e+00 -4.099628320745241084e+00 -3.075476002623966476e+00 -2.070081234183556607e+00 -3.923456910775660944e+00 -1.472699025335677259e-01 -1.923456910775667605e+00 1.853293703883687638e+00 2.745869035971411520e+00 3.808246856613728415e+00 4.895541315194348542e+00 5.757954969484348595e+00 6.762779889116821153e+00 7.729973084094110547e+00 5.957377973845591868e+00 9.700203622371111223e+00 1.073907795042375035e+01
