1.535203686289887404e-01 1.558402226108221156e-01 -9.189128376065985870e-02 -1.051206349508472110e-01 -1.122745821874394645e-01 2.541758780027162865e-02 5.494637807555503850e-02 6.624725512880668132e-01 8.283755663016242887e-02 7.398201392605495419e-02 1.476212362587258076e-01 1.031791494692109318e-01 -2.336832926212378814e-02 3.905615336754410943e-02
-6.716949847701456089e-02 8.755714025771638154e-02 -2.802703717655938721e-03 1.037145725535795482e-01 -4.402711631171864204e-02 -2.147623976894768097e-02 7.500833448374924495e-02 7.016454777469963711e-01 -3.535573091145838287e-02 -2.697379791309733460e-02 5.004866357281074762e-01 -2.462631977753903731e-03 -8.402890376100025094e-02 -1.789715003717002109e-02
1.462892380799443448e-01 -2.090748844468005019e-01 7.942823896568040887e-02 8.713334758644175615e-02 -1.377979452377351977e-01 1.530015056313155930e-01 2.435639083295402380e-02 5.932402199144799493e-01 -1.203120857862870763e-01 1.248519711276280392e-01 3.611771189580860741e-01 6.433375569343477429e-02 -1.500652349290071408e-02 1.459804006809094223e-02
-1.853564910114954140e-02 9.021168489462673412e-02 1.857828550319455194e-02 2.105148215817200658e-02 -1.339252423155804644e-02 1.124565166458768584e-01 1.241221773905162168e-01 4.389201971237334243e-01 -3.487287279712643351e-02 9.620286642892622586e-02 3.291898264013197739e-01 -1.115993164760705619e-01 -1.941740714954694148e-03 1.158274546688260187e-01
-1.538259499363537341e-01 1.944275837941815410e-01 4.753249769849897388e-02 -5.538120341111925360e-02 2.323343487324776302e-01 1.079406546142356316e-01 1.641189858197375784e-01 6.579689593886122179e-01 -1.582133386992522206e-01 -1.097705561249606304e-01 3.070959239887249836e-01 -6.534554440001888453e-02 8.991017478863579104e-02 -9.257414835906752071e-02
1.447792219987739382e-01 7.894182712063350926e-02 -3.764217066169679368e-03 -4.004388255279860143e-02 6.826155378990395040e-02 -4.414016258258827291e-02 8.729402181149058249e-03 7.254359282888946936e-01 2.597229019164294661e-02 -6.719484646457743460e-02 1.912973486568769477e-01 -6.486933876475843574e-03 -9.021563242651518821e-02 1.746464906355822411e-01
1.004767162815681653e-01 -8.938674761448288375e-02 3.153080355121450074e-02 -5.054820033274051716e-02 -1.929183008630039053e-01 1.721628637388206151e-01 1.426051544822589667e-01 5.640613227015867093e-01 -4.222074643037228639e-03 8.610544019572227703e-02 3.445464906222493462e-01 -6.308514062931161459e-03 -1.958772124569919254e-02 8.770115508280697247e-02
1.777476497026652114e-01 -7.924501661885279685e-03 -5.023411167760274965e-02 -2.213676189617986845e-01 -1.542642842505048129e-01 1.719353529272983905e-01 4.320540925973154200e-02 6.948789510739882269e-01 4.683632038682983278e-02 6.575529689578447912e-02 3.746164371100189072e-01 1.258513078610760672e-01 4.377763232643799851e-02 -1.445954530977067443e-01
7.132101765034054575e-02 1.125347188739966864e-01 1.354305422943805348e-01 -1.004263671175170264e-01 1.493583265564283336e-01 -1.548284578689314017e-01 2.053959297384850557e-01 6.315956099956553382e-01 -5.357060271362695802e-02 -9.514631465380637976e-02 2.651080244644405948e-01 -7.950287345513154524e-02 1.751224919364044730e-01 -9.617365780678600873e-02
-1.494173976791087766e-01 1.708437106570097064e-01 -1.851905628303433110e-02 -8.885391739580453252e-02 3.369030529701379922e-02 -3.063550150484567469e-04 3.541703971042690635e-01 8.168770279831779613e-01 -5.946801353942497703e-02 4.852518906243480368e-02 1.664806215649728416e-01 -2.483673292425226525e-02 6.601981772078761856e-02 -1.489872086586600530e-01
2.642029555181110712e-02 1.057690784068579526e-01 -8.726269676700304512e-02 5.101477898755366058e-02 -6.246783745676318805e-02 5.570974899340914999e-02 2.531346178334465402e-01 3.648059583810194240e-01 9.105203155376148660e-02 -9.689526738436880782e-02 4.388949252954703062e-01 -6.480215712458943511e-02 1.230595829137024200e-01 -3.221467128997525242e-02
1.715392803744485162e-01 -7.168633237047034035e-02 4.617293087491627229e-02 -2.913639501323252168e-02 2.034838926398038761e-02 1.073219220413927227e-01 1.137530281071352789e-02 5.115657190596395454e-01 1.384073315395215054e-02 2.596879684852180029e-02 4.144673134515428070e-01 1.922008231661954947e-02 -4.477897115471599077e-03 -7.030145780222016305e-02
1.629513924498991739e-01 5.272964349396599276e-02 3.756417820632101945e-02 -1.261620150345504343e-01 4.420830709650838686e-04 1.838598246069838571e-01 2.960811674148156741e-02 5.337671693822806374e-01 -1.987704913342559082e-02 -8.973481249371492718e-02 3.281992271791846494e-01 1.462661751878270577e-01 -1.231619811779818136e-02 -6.107934764508746173e-02
-1.115270999038824873e-01 1.175099302086635988e-01 1.741651022624946532e-01 -3.939926813469576267e-02 1.602975931548688421e-02 4.836493853860657915e-02 2.947919325506077048e-01 6.366199547317020757e-01 -1.969427330037924473e-01 -3.553117066301596239e-02 3.512432750749702737e-01 -3.605925253236589439e-02 -1.433776308147328704e-01 9.033065026428602207e-02
1.100599909787200736e-01 7.577355925676580728e-02 -6.159883817290304209e-02 -4.382743886803963304e-03 5.811298568237525941e-02 5.675259159604865988e-02 1.148348217164344848e-01 4.335100815230333304e-01 -3.742259406804676614e-02 -2.699347610834469322e-02 3.385379373644160639e-01 1.297898051561716115e-02 5.513769271307449732e-02 4.091739878394556884e-02
1.466773961275244509e-01 6.040636288657615788e-02 1.279554200289722554e-01 -1.860108461385146794e-01 -2.919605566882203448e-02 3.527001176398904259e-03 1.605797782545728136e-01 5.246296853508826130e-01 -1.310591195057674851e-01 6.808967131558983643e-02 3.812568056658746651e-01 1.823625462506514583e-03 -1.004874696924933086e-02 4.758740990778752289e-02
1.427792194805718728e-01 3.817059486473636798e-02 4.262612456364436864e-01 -5.144603056525511031e-02 4.553346157620023760e-02 9.236842572483383584e-02 2.219526101223332631e-02 3.186900619809759916e-01 7.968912737135021296e-02 -1.301833899500259850e-01 3.337738786077223407e-01 -1.129046038565272858e-01 -5.341090503294311509e-02 1.470204104401573800e-02
-6.213694859154111211e-02 -7.539852107895014810e-02 3.055877702223553510e-02 8.319527832132012773e-03 -5.807482131518880430e-02 -1.316306871320943872e-01 2.107159501505351806e-01 3.502137973714493091e-01 -1.795965641267353169e-02 2.820417198438157635e-01 4.163876215409358927e-01 -1.091283881907126468e-01 2.300697553312609778e-01 9.224026152312835014e-02
-3.810804408215304195e-02 1.500335592854968869e-01 2.170111617796000730e-02 5.469064003829761378e-02 4.799201344136350134e-02 3.219109715313438203e-02 6.488994338193673772e-02 4.708685200251123693e-01 -5.978584783236054467e-02 -1.547851728997561016e-01 4.210186381682459733e-01 1.016791338226598167e-02 4.869182940492695899e-02 9.665218224986149576e-02
1.832390801876194186e-01 -9.976800854065841218e-02 6.589652230314180237e-02 3.935871574368307590e-02 -8.035762038162745646e-02 -4.873952888159913122e-02 4.872399148532080559e-02 6.319731820831525626e-01 1.031896513443388563e-01 2.649643292776323045e-01 2.506459566199494282e-01 -1.467488575153103048e-01 -1.068576548925809777e-01 6.069862906127029140e-02
4.708172711466511451e-02 2.687455566535833507e-01 1.648454376894734064e-01 -2.489272867215166357e-02 -1.859909833614483421e-01 2.627687811894188763e-01 3.667960676696165045e-02 4.085142701567823220e-01 -1.323245525751379909e-02 -2.865364677138208804e-02 3.028554880528235294e-01 1.285107307761664333e-02 7.210371892376554737e-03 -9.256411063687318419e-02
1.726928499328647948e-01 8.565199927390391987e-02 -6.591559388686543675e-02 8.237638889748316595e-02 -1.950236119656900691e-02 4.017821425435669225e-02 1.450798809827548996e-01 3.403171576746194527e-01 -2.338265435465342046e-02 -1.389638591598782447e-02 2.426878471558126249e-01 -1.173253654910574872e-02 3.026125381588214980e-01 -1.109489565331032712e-01
1.085232482982111807e-01 2.956280355735120893e-02 -3.367436052727294099e-02 -9.793238172985738177e-02 -7.517530570123398710e-03 7.644787378095947716e-02 5.916527136708117640e-02 5.623680379724832479e-01 2.335244671680180434e-02 2.122980517967516800e-01 2.514230081635725478e-01 -1.494776436108474493e-01 1.224538655824425164e-02 1.194341761209770092e-01
8.717678015218778553e-02 -9.528026164121742442e-03 1.844820646145301640e-02 8.119513761172017854e-03 3.672681075107262633e-02 1.777273263175781770e-01 -1.411138956605205268e-02 4.838711115770070736e-01 4.529206459431066312e-02 3.156367979287202745e-04 2.790647123310787125e-01 5.328376013886001322e-02 -1.278212457999155505e-01 1.276531265417729377e-01
2.762041626283266715e-02 -3.954019928668701250e-02 -6.305676569707867329e-03 2.637385291767116446e-02 1.196163220033515939e-01 5.996241790042409342e-02 -6.499917226257354019e-03 5.414209410429059455e-01 -1.659506933837257350e-02 8.954463721944957988e-03 2.994214555477578421e-01 1.362705665870411753e-01 3.779275814386891946e-02 -2.227394381244106325e-02
-4.552836813807449590e-02 1.009287178457322770e-01 -1.632672038620098381e-03 6.713646995203866041e-02 -7.179990885218508201e-02 2.125112132159463069e-02 1.197559423812510557e-02 5.485146110595955360e-01 1.168939404378564889e-01 -7.691936941167078212e-03 4.065753851329276802e-01 -1.352682717775921528e-01 7.420484395433564473e-02 8.065886169976541065e-02
8.127788065415315899e-03 2.149939603061062909e-02 -2.913599181392945159e-02 1.772672180992174162e-02 -8.033826779230715531e-02 1.071589989471304766e-01 -2.640520112715642742e-02 5.688176753461915425e-01 -3.813322870279970550e-03 -1.189298733051791235e-01 4.434190903878517664e-01 -7.693590945096148714e-02 2.494812698113353655e-01 8.554601385568912086e-02
1.926568531777008708e-01 6.159607993561234257e-02 5.775532001036896151e-03 -4.429054927713348133e-02 -3.599799063794315024e-02 -1.401169969166560225e-04 2.134078384576282850e-01 5.519424499828153863e-01 -7.498734982832970519e-02 1.757536324167543323e-02 2.053808235364781853e-01 -7.504362621731234737e-03 9.000631881377491039e-02 -9.202501890336056700e-03
3.002625733665156837e-02 7.984068292697317493e-02 3.567613797877546011e-02 -8.007109631882688636e-03 -4.877623381151799387e-02 9.784065406778932883e-02 1.854949549622960103e-01 5.254847444351743446e-01 5.476491223397820379e-02 -1.834605196479205044e-02 3.331784957508026612e-01 -2.651912839428013837e-03 -7.395001946745534405e-02 -2.435712408303211673e-02
-3.062353183265700829e-02 2.075774125607443565e-03 1.721437207340968389e-01 -1.635883548776390084e-02 -1.080223006352950960e-01 -2.941034582419494586e-02 1.179024400240796522e-01 8.843085452868016949e-01 2.211155600643555097e-02 -5.791759973004602102e-01 5.669919184211043017e-01 -9.723109543484004247e-02 2.552252502509830268e-01 6.281289560434999419e-03
1.300207780400946811e-01 9.689092756648830240e-02 -5.207604458136763995e-03 -1.453964749372100851e-01 8.423116414894654680e-02 -7.259173154565409791e-02 -1.835376062457310872e-02 6.171183712760407447e-01 1.751060916412208734e-01 -8.056293744473471546e-03 3.546776186408157061e-01 1.997069753001678993e-02 -1.647320923957100725e-01 1.025406967564663624e-01
-9.011551988894772602e-02 5.049366427221625708e-02 1.978337716551517231e-02 -2.496181164531089194e-02 -1.532342671913937970e-01 1.437399742063713015e-01 2.854468003420296968e-02 6.927383078941905525e-01 7.175971486684047836e-03 3.124823317102430262e-02 1.632787267779778617e-01 9.747540358118807202e-02 1.711064643872399482e-01 2.894518364337435312e-02
-5.004152473633444176e-02 6.685510298660381212e-02 3.163394650284485909e-03 -5.596144844414036035e-03 -4.509167095858515606e-02 1.381227114909669429e-01 1.592790343927094066e-01 6.364264404409036846e-01 -1.999516809028146214e-01 4.784252102121308581e-02 4.083683005512505071e-01 -3.433344278333821248e-02 -5.209342708852161830e-02 9.326877367440868094e-02
8.712575571533538732e-02 9.423089163684009173e-02 1.528017237838006082e-01 4.822891776130966944e-03 -2.484494410497972011e-02 1.033871888992662635e-01 1.264114124815165774e-01 4.075110088923780127e-01 -1.768090026942109594e-02 -1.071566830155695413e-02 3.004512048333538021e-01 3.965773438451786204e-02 -1.843026045577738151e-02 -7.850965137707190122e-02
8.426792065465565917e-03 8.285227191083344156e-02 1.375269933294513691e-02 3.825106605491526701e-02 -7.275004196006638890e-02 1.202387816309819363e-01 1.813355640796621843e-02 5.671501572393372603e-01 3.064141913063123460e-02 -5.693188012489833194e-02 2.140051469976951837e-01 -3.649175379574297329e-02 1.370143731150623434e-01 1.019257998892065531e-01
-7.187842528959070831e-02 8.114118673232015300e-03 -2.294464241462269155e-02 1.154475121934036286e-01 1.697619776916651502e-01 7.104571280229035612e-02 3.147283151415378351e-03 4.075195338218849939e-01 3.562532650825037811e-02 8.584713865007509437e-02 2.086426445510518590e-01 6.316472480015564162e-02 6.632055492026707466e-02 2.640492783485431927e-02
-8.837955414734319226e-02 1.653078330280387254e-01 -3.223994422137466120e-02 -9.996758529047769515e-02 9.322786154573228790e-02 4.206452157817550108e-02 -6.116762895676591816e-02 6.602455770131375745e-01 1.502632649903798412e-01 -4.833541225276214576e-02 3.973159596627601209e-01 2.874393201803411291e-01 -2.627870871758447024e-01 -3.676873805966456021e-02
-1.615484275677039894e-01 1.368718598567005007e-01 3.786123202615414296e-02 4.882396431242912171e-02 3.775014571282057224e-02 7.211820384705769360e-02 2.057455429562221605e-01 4.929696317929195826e-01 1.000037668179181993e-01 3.995453043581020935e-02 1.404919514205740239e-01 8.124954023770866729e-02 -2.479691215451113040e-02 -4.127664179976726216e-02
1.427086832444529330e-01 -1.096096992530033384e-03 1.592478634893228773e-01 -4.719664191213463617e-02 -1.053140632716714764e-01 5.477697054949944022e-02 9.778513467741292708e-03 5.111166783444046624e-01 1.036470081650103098e-01 9.058121113171020006e-03 5.033683170965296272e-01 3.036574945015078214e-02 -1.927727228926718606e-01 -1.146999195694244425e-02
1.005560645046220947e-01 -2.413153460718337265e-02 7.431803782361101618e-02 -1.181241274082303755e-01 1.199687315273944704e-01 5.513112176609540754e-02 1.870353624418907845e-01 5.243095867984245428e-01 -1.047048712872891418e-01 -1.454829643345131596e-01 2.546707564870261953e-01 -1.093362814492168135e-02 1.243976432298003060e-01 1.292082090976052478e-01
2.426310324600553514e-01 5.121629537692880263e-02 1.033529812802500350e-02 -6.584041246203863051e-02 5.487353354351666435e-03 8.899699991061943427e-02 1.762459456590196316e-01 5.310444201173083467e-01 2.983642401406317451e-02 -6.381753963904926441e-02 8.404202003998237358e-02 -8.311274276975588737e-02 -2.519674800384235497e-02 1.843500417086652021e-01
1.370360445638290348e-01 8.336840766768753574e-02 6.047521791067589358e-02 -5.101518952642439958e-02 1.017120295253328560e-01 1.010341448822693194e-01 4.665323125077483479e-02 4.462425924203332617e-01 7.600603035824854414e-02 2.904417013532016589e-02 2.148679856518008746e-01 -8.776506170587955458e-02 8.857330298560232851e-02 -8.001451822523832080e-02
1.239612279158829461e-01 6.190835382583162461e-02 -1.444441578083652256e-01 2.685743138973570310e-01 4.146624792528345177e-02 1.992232216442214876e-01 -1.475369610281654018e-02 5.044590715079315668e-01 7.962102131887432988e-02 -8.887678049176811479e-03 3.230671559343525900e-01 -1.483459014908770357e-01 9.698727935073123141e-02 -2.166180719748982686e-01
1.318155545903649251e-01 2.444916951274193201e-03 1.038622856438530806e-01 -8.255514008130343875e-03 -1.205527508979132023e-01 1.080129932534110680e-02 -6.185776935741030269e-03 4.851593408980106048e-01 4.382953194275572562e-02 3.470179650369211583e-02 4.955374100193352671e-01 -6.718270810638421464e-02 -3.054966221889818603e-02 9.079266418677256478e-02
2.709181743932999598e-01 4.834270910642396446e-03 1.145092552397125596e-02 -6.300211279538997511e-02 -8.278688972332448603e-02 2.572931879340519673e-02 6.972945085959977862e-02 4.083660969770991356e-01 -4.813709723491026160e-02 1.213953909947080856e-01 3.233295188052471847e-01 1.347899056094117864e-01 -7.579480229247084755e-02 6.539623707304337286e-02
8.206024207203448106e-02 -1.339302669886191233e-01 8.525980370903867012e-02 8.593930427430004904e-02 -7.307313269070619954e-02 -5.662579245160431762e-02 1.044752508307118938e-01 6.332663290072251261e-01 -2.692401405804113051e-02 1.213237940625751243e-02 5.111445337260995814e-01 -9.361264275873000529e-02 4.074660214956715709e-02 -4.640208333201306656e-03
2.212051383165357377e-01 2.198844526321891146e-01 1.592750531103673539e-01 -1.814694953561260815e-01 8.806720967645290804e-03 1.696281825815374733e-01 -4.749655819325438420e-03 3.843959547022887113e-01 -5.590922090207474382e-02 -1.162045438691114985e-01 3.332491008570986346e-01 1.313123324767297151e-01 7.253397136399834799e-02 -1.757396031674201831e-01
9.604849419191967969e-03 3.282577943708550605e-03 1.912083969842981457e-01 -1.510866536756196032e-01 -6.513239796136882642e-03 2.579936472300740913e-02 1.350261569111658178e-01 6.811682993840281197e-01 6.650921356999173195e-02 9.016564694859507956e-03 2.862746485851924150e-01 -3.362189924786072037e-01 1.184560375642745023e-01 1.336911640649781630e-01
9.118682172385483842e-02 9.334524891936710200e-02 9.713546058043502629e-02 -5.390399980598457874e-02 1.345330492856595672e-01 -1.321981786868806630e-01 -3.993397270636446506e-02 6.923258975473078891e-01 4.773285241880648178e-02 5.081559379893851869e-03 1.514899543001207993e-01 -5.478037657850276521e-02 1.849223806896823363e-01 -5.071830917306321268e-02
1.658102491633724890e-02 -1.480082276245007211e-01 2.134111592516399480e-01 9.978803726640150806e-02 7.611379468709510154e-02 2.894274000392795254e-01 5.894018147266479046e-02 5.845153518281231975e-01 -1.106219894997035325e-01 1.516462216925522077e-01 1.434301301391493200e-01 -4.517647180042711277e-03 -1.219499368712504139e-01 -8.253711222341303388e-02
