-3.048565067474781967e-02 9.827700301156486878e-03 -5.424257982213218088e-02 3.623817965870260172e-02 -3.524904134553179247e-02 5.099560140318708940e-02 6.317420067435688957e-02 2.590358668858095958e-01 -3.889073931730673006e-02 -1.514619212529814685e-01 -4.132527424893141232e-02 1.200179714032979794e-01 5.073170012058404732e-02 -4.185962883394643563e-03
-8.986306520337224157e-03 2.086552669092453516e-02 -5.259782117108845190e-02 -9.061239902469069019e-02 -1.211796828171576440e-01 1.339405016329503761e-01 1.967789557129853706e-03 3.638101812739673036e-01 3.643213519622011398e-02 6.191888971929375429e-02 -1.464467450438075580e-02 -7.847175537136445722e-02 -9.962833233220315388e-03 -8.299500526177835263e-03
-8.675631940655376129e-02 -4.067582003356169651e-02 5.203931334435087791e-02 6.637863716250363977e-02 -1.354560555297392999e-01 1.330375577337584714e-01 1.437734809054749818e-02 2.262459930354024928e-01 4.134229218567629649e-02 -5.110023533482917213e-02 8.260558328373675263e-02 4.094080626118552779e-03 -1.842828030754632002e-02 -5.352404394779558539e-02
-1.463589646421912527e-01 5.069795784931747235e-02 -1.087571490282258357e-01 -8.919402191141345693e-03 2.300187967659711452e-02 1.828307967185184013e-01 -6.380104676467324154e-03 2.142582572140257213e-01 -1.287024642470864511e-02 4.903211889290465253e-03 1.192612260996426671e-01 -6.030674555412166016e-02 8.030274479280594124e-02 -9.748341082127309765e-02
-7.825419279291324914e-02 7.166104127813434366e-02 2.355573440523428888e-02 3.313003818525894068e-02 -4.865888369438362004e-02 -4.616647185284295657e-02 3.335588305560812511e-02 2.021797393542087706e-01 5.925417253299446185e-03 -3.983820284737900341e-02 -4.518461430630859449e-02 6.757453741184145379e-02 1.123147606999362891e-01 -5.741473524762562980e-02
-2.913496427517476769e-02 -3.195166010742227225e-02 1.921870842998809475e-02 -3.952965347323710021e-02 -5.151260669786834889e-02 1.088630687547342546e-01 3.857185093067034068e-03 1.706566935256409179e-01 -8.049828881223577981e-02 6.261920080538491140e-02 4.078878370356306404e-02 2.404383253718096747e-02 3.423980544822723127e-02 2.519945970220377127e-03
-1.041875954044842179e-01 -3.427321290461017578e-02 9.604291847696369566e-02 -2.250652308209309671e-02 -1.140259640976742928e-01 7.069373440248905016e-02 1.224481592520434287e-01 1.366203749313628368e-01 1.202955647229490554e-01 2.091064535476333530e-02 3.653952050054597167e-02 -6.055281689573151216e-02 3.713594538164107645e-03 -3.753834889261953300e-02
-1.805321947122768833e-01 -1.474865451821986695e-01 3.366982350326878093e-01 -2.491453743703216095e-02 -4.288252513310268632e-02 -8.374162748354202490e-03 1.451928993853167649e-01 1.155894334513293542e-01 -3.042210494897648956e-02 -1.077183517223310460e-01 1.854281155036655027e-02 4.420352162804589563e-02 7.468597146843583556e-02 4.159760027015856065e-02
-1.878730170884827799e-01 -1.118241501834308788e-01 1.334976519588108035e-01 1.637715935898952646e-01 -8.616100047712565990e-02 -3.394824547490076644e-02 5.520188774374140683e-02 2.299964149660715385e-01 6.974190326086274205e-02 -1.052449755540552090e-02 -4.852433985599456656e-02 -5.720011831304055994e-02 1.090299997644119528e-02 1.071229683546263828e-01
-1.675069289347550505e-01 -1.768299632642227059e-02 8.935541064209136242e-02 -1.017143939158332740e-02 2.347139097455275877e-03 9.470912233835693250e-02 6.550698381024165629e-02 1.683105811214653524e-01 -6.977694322443749042e-02 1.016144271723146836e-01 1.590348608423013685e-04 3.412183305270816147e-02 -4.035425801440918614e-02 -1.645191530179980488e-02
-8.093275134079687405e-02 2.732181263151664541e-02 -2.665285182621657256e-03 4.237221990989700759e-02 -2.192828709203289983e-02 6.793772270482040243e-02 1.859502128802020468e-02 2.271327288050185023e-01 4.471338577362082151e-02 -7.029426167931158986e-02 4.607332709926763303e-02 -8.654426268453836724e-02 1.218970023813071776e-02 1.020898043107805464e-02
4.527957925952917628e-03 -3.340125434006681326e-02 6.363067313964812510e-03 9.855384815204024096e-03 -2.344078125461532963e-02 8.701427647948452304e-02 1.032695783186288185e-02 1.524439578988606159e-01 -9.317662880203003706e-02 -8.313251524126472058e-03 7.023385605950116517e-02 -4.232729220576914725e-02 2.722735812485615331e-02 6.684644257898937625e-02
-1.080250654999288934e-01 9.386714584545939599e-02 2.903957102588286543e-02 5.479485346017234221e-02 -8.579266424773013267e-02 4.062034619458475271e-02 -5.208164236422695159e-02 2.657728671412817878e-01 1.673852492540581216e-03 -7.416657820405811452e-02 -3.106493279746297409e-02 -1.305260006377414322e-02 9.144012728570682924e-02 2.115477063362126986e-02
-1.026190807654418780e-01 4.284078039591887599e-02 -9.960258796778928558e-02 -2.019824651554962339e-02 -2.901754361345465841e-02 -5.922993106391016838e-02 1.747353085522302119e-01 2.452384887393952162e-01 9.086794264267980537e-02 -1.525583365177031817e-02 -6.167685500621914590e-03 -2.868238024819750459e-02 -1.029059671449652526e-02 5.156141661307642177e-02
-1.220884961231995525e-01 -4.078431398137107033e-04 3.768353677089453235e-02 -5.531298466240949785e-02 -8.208440660564267355e-02 2.934081969067602880e-01 7.697244683866955040e-03 2.151433115005680352e-01 -9.782541374616782193e-02 -1.102195020921379331e-01 4.988285362638217313e-02 1.418740044283510471e-01 -8.529931740269089402e-02 4.172886675730770600e-02
-7.305132878017200904e-02 1.526903133343172686e-03 1.142297069683570615e-01 -6.224202954302855695e-02 -7.901529781168155353e-02 1.075182451483612522e-01 -6.251946973289974896e-02 2.696152816877680491e-01 -1.937061120562045755e-02 4.707624859636037884e-02 -7.386073921752135674e-02 -1.313370243965812298e-02 9.018774337202170588e-02 -1.278089927356116685e-02
-3.614831278685452093e-02 -4.595812280896028473e-02 7.733992666171608799e-02 -5.045832987650639145e-02 -1.952094674036307376e-01 1.217393974817138208e-01 1.654287824022412090e-01 1.993601039661194452e-01 -1.423827915879772310e-01 3.489652542519819378e-02 3.226469465172096540e-02 -3.726046077348776908e-03 2.107386341565921917e-01 -1.337049433019553424e-01
2.568852252338880982e-02 -4.636694969345253603e-03 1.568985547772295541e-01 -4.408000788245708401e-02 -2.045551100192145866e-02 -7.512937064209872229e-02 -1.581376434910353179e-03 -5.990310476679017171e-02 -1.310112091174105431e-01 1.134474992748952388e-02 -1.457963298367274119e-01 2.103226601256263373e-01 2.310127742724140398e-01 8.150639392758129986e-02
-7.341337076862487765e-02 -3.808839647883591889e-02 3.046120554602769689e-02 -1.210337853551744433e-02 -2.585034123776717985e-02 1.011490686406982809e-01 -1.426425769764257459e-02 2.580116175738819684e-01 1.307148229838420855e-02 5.051330705668541365e-02 -2.149068974992102837e-02 -3.044534615499545210e-02 2.334786833358629479e-02 -2.671871792389082789e-02
-8.059554600712674766e-02 -8.821478864290754895e-02 2.557272139162226204e-03 9.931994201499995054e-03 -1.167021776638193509e-01 1.162372315777772391e-01 1.185543243172667849e-01 3.315219609543827439e-01 3.797837417902340945e-02 -6.432966372993797338e-03 -6.202337637869820980e-02 -5.074708408623359451e-02 -2.085902466086477641e-02 4.297385734560014992e-02
-1.112584315652207223e-01 1.790022084013864409e-02 1.119853739929525804e-02 6.358787886511957366e-02 -6.818441931165485081e-02 1.726185570956339718e-02 -5.242223386405464591e-02 2.195791303111513382e-01 8.529201202230912715e-02 -2.953915324633376444e-02 9.459424986684734915e-02 -4.126188492502484359e-03 -1.031752231024161276e-02 6.141146776520054959e-04
-1.077045861116907033e-02 -3.547508369484246582e-02 7.788204541041743312e-02 -5.079214025998052273e-02 -1.086545321486283300e-01 2.521367608748523864e-02 1.382704637478729681e-01 1.593374700550275747e-01 -4.847738068660498167e-03 2.715475546744908208e-02 -4.042328888900621059e-02 2.915989267770283805e-02 6.099719539708103877e-02 -3.287220626868042617e-02
-1.168687736108097452e-01 -1.990850381817471908e-03 -3.725327725989287242e-02 2.197944771964482555e-02 -7.348922857538484066e-02 7.118448546026757973e-02 4.637791875771730965e-02 2.766217527176852431e-01 -3.677133638295849299e-02 1.837576344210259394e-01 2.882224012203899940e-02 3.269890547450555324e-02 -1.265809191868110251e-01 -3.430794837314241064e-02
-8.209741963922413677e-02 -1.319452899877759239e-02 5.817365824588905526e-02 -6.109955738908260520e-02 -3.904498423800284446e-02 1.040027221567151050e-01 3.584662798676701428e-02 2.014188431557760173e-01 3.266769405564852458e-02 -4.042567215018417343e-02 9.244702421284368976e-03 3.206748556068918232e-02 -8.616453703259877028e-03 5.236933437830534888e-03
4.184052318884921851e-02 -4.068181962772254856e-02 4.327244827710202690e-02 -8.818062524280276260e-02 -2.133811332784974202e-01 1.274952684700472738e-01 8.307775820792398513e-02 1.630369190094661525e-01 -1.789575992642009339e-01 4.852863188022872587e-02 1.509394282744754290e-01 6.706221443719273534e-02 -6.677653802821886808e-02 9.690457459822562902e-02
-7.410160696439077599e-02 1.162269184363495106e-02 5.001061833782687038e-02 2.394438989449693654e-03 -6.462100495920936050e-02 4.305141195661665865e-02 -5.872859990366753255e-03 1.858769100766084759e-01 -3.392140897644351644e-02 -3.845167954909798486e-02 1.754957960668372674e-02 5.928092239781045103e-02 8.039257981251531071e-02 9.694583204308462182e-04
-2.116391652697983961e-02 -2.881881248069621468e-02 -6.298486871475343120e-05 -2.359813742592316993e-02 -8.502163048409062951e-02 5.769785493919475650e-02 9.933564083285820190e-02 1.917488702425406699e-01 8.570448883666567652e-02 -1.119459153969825163e-02 -3.861646575211604565e-02 1.544982823671972594e-02 -6.662948034622120930e-02 5.934938723852967862e-02
-5.805364200092465871e-02 -2.641406654736777604e-02 1.184209235704085025e-03 -2.935123747726580204e-02 4.296282004449203384e-02 4.596208727104971609e-02 1.093183386245665939e-01 1.335140004439273331e-01 6.913653102002688400e-02 3.717910553683683589e-02 7.347747181652611315e-03 1.297657484458987140e-02 -5.875517769075773444e-02 -5.282723958446138013e-02
-1.689339434433902998e-01 3.128599316429304250e-02 8.203577626086440422e-02 -9.164097787110146720e-02 -2.206855807932721347e-02 5.977254407922674706e-02 3.317269641878259345e-02 2.364862363766078168e-01 3.924284655692825141e-02 1.280417426771210399e-01 -9.184017086013827880e-02 3.907359677795514685e-02 -5.014947564076707026e-02 9.701744485013947400e-03
-9.229578305228984536e-02 -2.928634292929473137e-02 7.034825218973103644e-02 -3.290476998990130714e-02 -7.673859908760333193e-02 1.402273695221040173e-01 -2.025126401225656875e-02 2.610300976137037154e-01 -2.553254582523784705e-02 -1.452447960316859132e-02 -1.438282922548606013e-02 2.098334219773129866e-02 4.932868988815504452e-02 -1.821086784118190055e-03
3.541866169994751373e-02 2.893304336704570143e-02 8.771285757931639171e-02 -1.222387391494862557e-01 -8.014571155504596200e-02 1.121784948763451979e-02 5.156242217750398732e-02 1.042078906887360518e-01 -2.669691425056032741e-01 -7.035069505472859447e-03 9.760037627088974377e-02 5.371720244224614891e-04 1.647749498156579617e-01 1.286034905065226719e-01
-1.874769503525319791e-01 5.457112984473182216e-02 -3.915785175906143917e-02 7.808228782507543875e-02 -1.539623474502991446e-02 1.082243147799363397e-01 1.054280226070031939e-02 2.546050163632905261e-01 1.296599980993752219e-03 -4.706772977746887660e-02 2.267857885198108769e-02 9.601558815922678347e-02 -1.207879849064114226e-02 -9.065870203913413417e-02
7.164506536211236176e-02 5.945616806186508618e-02 -9.399883822260077237e-02 -6.190263171916107754e-02 -4.815648934309383483e-02 9.920205090362219091e-03 -3.172661060101625990e-02 2.705622082084067070e-01 3.363341514279930000e-03 -5.874711310877423626e-02 -2.353102682066880030e-02 5.347099812519928719e-02 1.066983066396652580e-03 8.275779128876137314e-02
-9.246515766787495594e-02 -6.848705815611055327e-03 2.855769548358334103e-02 -2.253774124537454362e-02 -4.549404312235601905e-02 9.096658611791332005e-02 8.009591015468640884e-02 1.650222204729683839e-01 3.998136077976687658e-02 -3.470117694751902702e-03 7.261019676648529375e-03 3.645000016745805066e-02 -2.836170098321471808e-02 -1.497727542177301231e-02
2.746929793881192072e-03 -6.010503114183547713e-02 -1.880587819304291308e-02 3.823709333126823484e-02 -3.785808874404952840e-03 1.801021558216821250e-02 5.280500511129029156e-02 2.029865757291601791e-01 6.098890012199694420e-03 -1.269202271042028651e-01 1.159062685465081927e-01 2.340828246959133357e-02 3.385047263990915989e-02 -5.025273700042168223e-02
6.950441804174374572e-02 -8.703601789058330873e-02 1.085820421395818774e-03 4.309677361045274185e-02 -1.281224515764982641e-01 -2.411773506238488324e-02 -9.316870878237563935e-02 2.425216618015322567e-01 6.531485613712470495e-02 1.947372474748748292e-03 1.121988612556764769e-01 3.652874092122111727e-02 -3.780491899570706527e-02 3.223137854572218075e-02
-4.241570001754163544e-02 5.035833382398972879e-02 1.701234499206014106e-02 -6.702661032375437089e-02 -4.284703087391401877e-02 3.778966018975725427e-02 1.265991841747662883e-02 2.177309625863573517e-01 1.623953313364460971e-02 -4.182195158187981820e-02 -2.888551076472475887e-02 -1.086494556309050563e-02 7.837958146961891692e-02 3.787146541406918865e-02
-1.057931897443541158e-01 7.634214386062841695e-02 -2.018922752592344078e-02 -1.129978970861575394e-01 4.066041143077407660e-02 2.076314448984774991e-02 1.105568244605322284e-02 3.010395470690972464e-01 -8.954628832450406417e-03 5.093895073762565173e-02 -1.947968053608767347e-02 -4.663378914485704491e-02 4.688758019915021530e-02 5.410035387222941750e-04
3.766999671945775452e-02 -1.563255319787348330e-01 2.831949178727576066e-02 -3.136931856424000908e-02 1.532232513886720715e-02 2.147364231886626784e-02 5.024485346686893839e-02 1.907957724470338290e-01 9.516496713662089824e-02 -9.168283018911169147e-02 4.682930731523146650e-02 -5.452167692444738478e-02 1.262222001599177246e-01 -4.396314793153727890e-02
-9.509584410786643682e-02 1.774067747928164546e-04 4.306574416275733147e-02 2.028868231544326758e-02 -4.824520034997051288e-02 2.305575968485125415e-02 3.046670049427759736e-02 2.189999599124206886e-01 2.878703512759414607e-02 3.088055708859506823e-02 1.027878926875736357e-02 -3.547517439666014044e-02 -2.057599805750149474e-02 2.757163298457764380e-02
-4.233962409734252919e-02 -3.209879636599023700e-02 -1.761903262971667994e-01 -3.829292027802867066e-02 -3.483296117642817324e-02 5.371560138293310360e-02 8.897396534490471798e-02 2.496551647689373155e-01 8.868123021086787849e-02 1.852088337155659015e-01 5.305207177007102703e-03 3.164204795619438015e-02 -3.635155691697277563e-02 -1.088958145224125929e-01
-9.238960049390776419e-02 -1.437440580330289971e-02 4.149257042825807949e-03 4.481330999242903040e-02 -4.812709266830551835e-02 4.930656194418375077e-02 6.083353948907148367e-02 2.242109092152895777e-01 2.076729063560033006e-02 -2.309544977974997346e-02 -8.952734278517516728e-03 1.137616472964955976e-03 -3.100692967551322080e-02 4.690777880900056512e-02
-6.732824396657863253e-02 6.519231866444706591e-02 1.404120024946986511e-01 -8.192283248714812838e-02 -2.038849553642925749e-01 6.292562791271721911e-02 -2.335053553312926300e-01 1.443454026072823193e-01 2.477732163546131627e-01 -4.054001078819183604e-03 7.403630393825938460e-02 5.952789354682067741e-02 4.426352149616237519e-03 2.623632146174510738e-02
-1.920768917567264589e-01 -1.645493429410328501e-01 1.606430031913838596e-01 1.644255845319917420e-01 -1.098570955951087974e-01 4.970097666708916950e-03 3.472970602737639190e-02 2.884824339368431967e-01 1.331296427740787658e-01 -1.460187506540118196e-01 4.946820775430607608e-02 -2.716030582364673332e-02 -4.804910597082413110e-02 8.604286776073033494e-02
-1.419528482665028679e-01 6.668855119625141659e-02 1.244770277556236093e-01 -4.736417916785443105e-02 -3.106285319460400096e-02 7.031512632694800202e-02 4.790477733902301360e-03 1.771158888858160307e-01 -5.064497547498839070e-02 5.605069542213833578e-02 -6.172640672841715054e-02 6.295734085038463823e-02 6.145181492828327187e-03 -1.608975929457197307e-03
-1.420240856974636645e-01 3.642413428656929297e-02 4.361845221348321922e-02 -3.465236963339834997e-03 -4.579473305398905070e-01 -7.133916536553563947e-02 -6.869413241392405625e-03 4.057572183680400735e-01 3.715897399603451667e-02 3.701184274057054968e-01 7.239230834994185571e-02 -3.135086658367680634e-02 1.057490280022441165e-02 -2.886826812663112474e-02
4.582913750509317458e-02 1.047167313731911936e-01 5.955818928931431999e-02 -1.073214004998273574e-01 -1.140565564053129533e-02 -2.895502145279987838e-01 -5.797796139753591538e-02 1.714116053867863754e-01 3.457832706202210865e-02 1.051509573462232061e-01 5.722563673985928828e-02 -7.116368383771355666e-02 2.807588940375716283e-02 1.650524926994287322e-01
-1.230775779259598857e-01 6.322656316731886661e-02 4.356081548183435292e-02 -1.755186380558295192e-02 -1.138189112242395939e-01 1.139348375558142251e-01 6.501700438323156084e-02 2.592441480665798603e-01 -4.200215071930291783e-02 -1.907541899268427876e-02 -2.957106253168238774e-02 -5.549158579081493042e-02 3.434344306826694199e-02 5.544181016928979855e-02
-8.733610151166606994e-02 3.336479725444616018e-02 -7.660706692220223268e-02 1.193660568647511161e-01 -1.354753741857680216e-01 3.027356275685649800e-02 1.137042788655403536e-01 2.789920170960669688e-01 -8.097315604538929401e-02 -5.224615046249679595e-02 8.580180266292336544e-02 -3.017869355440405688e-03 -6.360573950995006276e-02 7.193899339439702167e-02
-5.007015676888731254e-02 -1.679967512009758468e-02 -6.809969917726427756e-03 -5.945001789880809129e-02 1.545862545030611025e-02 1.239904870370004825e-01 2.938921153704850478e-02 1.981744138384515519e-01 4.508731836255897019e-02 7.257836781006514471e-02 -8.956420931659678231e-02 -1.636519392405721973e-02 -1.302623569001338556e-02 1.587085502824691187e-03
