7.098478911456473917e-01
8.841285533506615391e-01
1.109179317465786685e+00
1.333836418800347312e+00
7.526019340898855159e-01
2.079267537197435178e+00
1.407393703004679697e+00
2.539096963314073641e+00
1.104361421097312723e+00
1.609872024340917696e+00
1.047124751990531344e+00
1.444666201006954642e+00
2.765498208038714711e+00
2.658090488618050529e+00
1.115643144432629130e+00
2.024131815335054263e+00
9.273590333015997444e-01
2.644260932281149667e+00
2.772543914118071662e+00
2.060144009257121045e+00
1.089194487498866382e+00
1.860206975756951708e+00
5.958105594996414567e-01
1.901364005503366483e+00
1.597595273437557362e+00
1.701724606260299311e+00
2.964635174709802978e+00
2.942622458127817531e+00
2.430486203569128367e+00
1.127918904806262779e+00
2.398418099661379976e+00
9.663767770364415366e-01
2.535820968163986056e+00
2.988418183226863700e+00
2.935830121559881878e+00
1.296664795209244936e+00
3.115262220502965196e+00
2.069574850467254201e+00
2.536609309987083449e+00
2.647367803435054068e+00
6.085395746166523123e-01
1.437784514460382024e+00
1.063754433071538941e+00
9.969214921460892720e-01
9.631777093414329860e-01
1.088672824441642817e+00
1.511142309612157453e+00
1.002296086997905178e+00
3.193066452063050065e+00
1.837383276333160564e+00
