1.590059436818777483e+00
1.457375807916497346e+00
1.388164092001018091e+00
1.610873921764995442e+00
4.687034054987438303e+00
1.004127736400634241e+00
6.424735587379077906e+00
9.858410807053819003e-01
2.490193659734713183e+00
8.895910938773776699e-01
1.217196429845603722e+00
9.109997360414235912e-01
1.911015966346020223e+00
1.173331706179323586e+00
1.533884574046065152e+00
1.525799326641348541e+00
1.493110236409145752e+00
1.503290253879135729e+00
1.375155720186910902e+00
1.359399548161630333e+00
1.606072934477876579e+00
2.500137633172611729e+00
1.742589185682802633e+00
1.369041695000104752e+00
7.015143518284418178e+00
1.564390663327946740e+00
9.056355451708621995e-01
1.272836146140212232e+00
3.871964304925731071e+00
1.187818944230276896e+00
4.133732744019159355e+00
1.506006960134181671e+00
1.342027996116063271e+00
1.733421909494611723e+00
2.034273119780300121e+00
1.530871020550891748e+00
1.472876913278606370e+00
1.660840952167787821e+00
1.446450898302061638e+00
1.778988453457583940e+00
1.280122855718151431e+00
5.429564122531865600e+00
1.969592511547084035e+00
6.814967984284588276e+00
9.786716718367002299e-01
2.813223228847393287e+00
1.201553644826254263e+00
1.681657583416313884e+00
1.754745567247621985e+00
1.236109267313399318e+00
