1.836294429622817415e+00
7.517387141491468361e-01
1.047422678340093949e+00
9.587122581988122283e-01
8.516484559758515926e-01
1.069518066479146823e+00
9.404646621083896374e-01
1.140490650194992295e+00
1.241641743983555202e+00
1.086014782359671749e+00
9.712727727274370615e-01
5.467697510752987711e+00
1.073609858411286311e+00
1.436556275384116788e+00
1.131541863505962198e+00
1.413835679793827849e+00
1.684588305596221414e+00
9.003700904892530943e-01
9.952762663099811169e-01
1.370137502652262640e+00
1.542160429191546722e+00
1.041050202705675165e+00
1.157519974333051760e+00
1.338227523358682891e+00
6.575987986776452132e+00
5.444595846737691147e+00
9.555475130859489852e-01
9.603015165698656208e-01
1.071611475567546323e+00
9.943131075482137815e-01
9.827005984343220035e-01
2.831978540416874690e+00
8.776966146398096358e-01
1.190001249574367037e+00
3.777495415423767877e+00
1.309911108562489712e+00
1.049390083993054334e+00
9.936341669949603217e-01
1.294308950161314753e+00
1.027289455000998331e+00
1.292484511601566854e+00
5.437925101831555530e+00
1.214290196660149146e+00
1.225746112653655961e+00
9.202499181302968845e-01
1.171990145810657857e+00
1.110978008160871999e+00
1.151650232696942888e+00
1.345159530242214796e+00
1.221086742219299248e+00
