-9.036842379269154069e-03 6.468068527437688120e-01 -1.997557419935776513e-01 9.606890285793631690e-02 9.358497537266062538e-02 -7.912440264977252391e-02 -1.265907786493133957e-01 1.428206480504070619e-01 -7.041151925121173771e-02 -2.524868869570476848e-01 -1.252689716404297438e-01
1.362510877532144005e-01 4.493612739349484020e-01 -1.343693335460010851e-01 -5.815034882628229013e-02 -7.354036168902855497e-02 1.086994345654540145e-01 -6.281592695014560912e-02 -4.061608953397679439e-02 -1.130791844005453600e-01 2.190270354256665039e-02 -1.170370193460540664e-01
-2.466705262226102313e+00 5.029291467241808755e-01 -2.125756718067430273e-01 4.508891971713770846e-02 8.622985093247319266e-02 2.533294737773895022e+00 -8.810380384044035063e-02 6.597486555980908163e-02 -2.488238715044448490e-01 8.212629576610532001e-02 -1.828289715917205127e-01
3.714023189415852078e-02 6.088283365506959033e-01 -1.092484521341250264e-01 -2.602330410562048169e-02 4.815691622573230884e-02 -2.392787025305874449e-01 -7.970886328512616359e-02 1.075676727640896696e-01 2.964810009910002347e-02 -5.737070538656133950e-02 -2.031049945876081952e-01
-2.849272730054592650e-03 6.008425782101229906e-01 -4.962032885627527812e-02 -4.150251196588751468e-02 6.730965792370218262e-04 -1.363370186350796459e-02 -5.986528793589118019e-02 -2.768086802898407986e-02 -4.378099933069790756e-02 -7.419470435320574264e-02 -1.717817642207056517e-01
6.514708791976653313e-02 5.542343791163336642e-01 -2.214637369272221823e-01 -5.021956687024813765e-02 -5.739788119884295381e-02 -1.344646916760451894e-01 1.030269255303147835e-01 9.553173732052665235e-02 -5.232795271926224401e-02 -1.862882241774276026e-01 8.281591862559257999e-04
1.888478742941733235e-01 6.537680086661619150e-01 -3.241953278066547761e-01 6.411887764114503063e-02 -1.628188405514641168e-02 -8.036995754167530759e-02 -1.513447429740856220e-01 2.171147815376206144e-02 1.182477431916826582e-01 -5.901182329615077549e-02 -2.988840107690615144e-01
-6.883212153633473662e-03 4.636152684443589633e-01 -1.436145039140130086e-01 6.360014850684070353e-02 6.085824961969089550e-03 1.078467464747762117e-01 -1.829850801286000139e-01 1.639570081095777232e-01 9.104397010648124233e-02 -1.443618105887230496e-01 -3.016981243148845748e-01
6.204024528219341528e-02 5.155393932053035089e-01 -1.957009557502904784e-02 -2.634479629477228663e-02 8.902947090530996532e-02 5.624108198931724450e-02 -2.144423060130048742e-01 -3.953846700045118845e-02 -7.154472680612933289e-02 -4.380844470651822781e-02 -1.909951194820690701e-01
1.096631512977407907e-01 5.531909162884481868e-01 -1.624621101992432259e-01 -1.043004750091508920e-01 -1.071333937525571905e-01 -1.491848195891759543e-01 -6.244892738927759757e-02 9.027406547706495754e-02 -1.017625702811097640e-02 -3.781509324035306485e-02 -3.000821351234476270e-03
1.737797868283706693e-02 6.193042875623077093e-01 8.749571402898265182e-02 -8.588837090608181235e-02 -8.652922191414617187e-03 5.247340503475762807e-02 -2.278547112039608635e-01 8.306719697837793362e-03 -1.000858187635940005e-01 1.148782651027546869e-01 -3.607483115402758678e-01
-6.731447208513409441e-02 5.411146113069652541e-01 -6.758281577376575033e-02 -9.843568874386922074e-01 -1.112589332739279679e-01 1.015643112561308126e+00 -8.862805349880208128e-02 2.718826419608304235e-02 7.824822747515206012e-02 5.855678549010027295e-02 -2.850036034551362008e-01
-3.138751818366896512e-02 5.855603825146347141e-01 -1.259697720030542312e-01 1.033253694961683011e-01 -5.904453617548270639e-02 -6.343551579903493332e-02 -1.217251569208157996e-01 -2.450464454879371090e-02 -9.358803291850822936e-02 1.111234919535318832e-01 -1.637478319108274794e-01
8.983890160864536900e-02 4.376374555047112813e-01 -6.937517547276784036e-04 5.017625034497274344e-02 5.223895671446282529e-01 -4.271236694814672941e-02 -5.871704300189732884e-01 -2.232422289934388529e-02 -3.109914150511127254e-02 -5.508902671754674352e-02 -2.443469992549563152e-01
-6.345270776831417325e-02 5.680167708664008996e-01 -6.760159654177838595e-02 1.359765430846123987e-02 5.257167740506266118e-02 -1.235651282546776086e-01 -2.348781180866162943e-01 1.474395215317310659e-01 1.711908449232611359e-02 4.121216696771158594e-02 -2.338530894161565676e-01
1.049628109460681441e-01 4.055395016860564583e-01 -3.786572027017389829e-03 -1.355053581145332538e-03 -2.556615285216216893e-02 -7.556871793178561447e-02 -8.801230144843137648e-02 -6.220086800238166375e-02 4.961187934743681999e-02 -5.327535043137616305e-02 -1.337429402011112989e-01
1.049777489810972131e-01 5.806782988919720889e-01 -1.316921199293333011e-01 2.724879121526155648e-02 4.560457119395140875e-03 -1.235214376565803573e-01 -9.604942369091595822e-02 4.741499261749051314e-02 1.538896194738551548e-01 -2.536493749970932243e-01 -1.972513165209985320e-01
8.760665737697913291e-02 4.410443637400233707e-01 1.218320206203720169e-01 1.190767725440119440e-01 -3.047326362611519138e-02 -1.073521151447295319e-01 -7.539706362481315982e-02 1.728897246269983923e-01 -3.886998758389877129e-02 -1.695658804260671559e-01 -4.041849929986107148e-01
1.634153962158497453e-01 6.705646947659371637e-01 -3.623185865499644609e-01 -1.675876761639420731e-01 -1.082308840040655668e-01 -2.248662939358268484e-02 3.726147727422252781e-02 2.896130970071850164e-01 -1.535306466218100963e-01 9.052475722565811456e-02 -3.206187642513371183e-01
9.062763636322614114e-02 4.828424798103078674e-01 -1.632515956723701867e-01 3.816776319141660517e-02 -2.558334934208333911e-02 8.328628599168336720e-04 -8.788139769352387720e-02 1.532807855707662703e-01 -9.477192392923695918e-02 -6.679211043373071977e-02 -2.108649152205376576e-01
6.228798228217308219e-02 5.175754096480086330e-01 -3.546078443438806238e-02 -2.236559896617794085e-01 -1.104939707649156416e-01 1.721773589992890985e-01 -2.204623364540608255e-01 4.037408831741387538e-01 -1.750213780351941306e-01 -1.557866958663687018e-01 -1.182942433827535306e-01
1.878513749890297624e-01 4.410698514535607573e-01 -3.486201939246538067e-02 1.062009334654776260e-01 -6.322835446604209431e-02 -1.467682950500716899e-01 8.542190143416986126e-02 3.542732305130110587e-02 -8.461706884847716714e-02 -1.414020733592734613e-01 -2.684873377730591093e-01
9.562616898572830204e-02 3.979568906971866493e-01 -3.430557054781446791e-02 -3.847736975089965233e-02 -9.621849597734585813e-03 5.360582517752910878e-03 -3.213934537795855584e-01 2.079491465466835193e-02 3.517633617293892262e-02 -3.055605227829420387e-02 -3.954361569796709802e-03
2.881885774695594482e-01 4.883836145363059100e-01 -6.756502523157820184e-02 5.483759980274950999e-03 -3.772495606668231638e-02 -1.827719543868155591e-02 -1.115807884448396792e-01 1.022832755310216779e-01 -2.415459286786527104e-01 -1.015529467614594006e-01 -1.894861513911192119e-01
7.352301666128813196e-02 6.315119012583721991e-01 1.845441691098131942e-02 -2.601898647114594398e-01 2.300024632118817178e-02 -2.343601845512762460e-01 -2.516008315051228295e-02 1.575750573458983839e-01 -5.590809082883867187e-02 -1.978995575587539635e-01 -1.394062219273858351e-02
1.023821287984446465e-01 5.855486785088451773e-01 -1.270084034272026263e-01 -8.963719310192956591e-02 -1.751050555763564859e-02 -8.932538568264733470e-02 -1.014090906437502132e-01 1.788314007263721306e-01 -4.514014310652270101e-02 -1.936838210894705203e-01 -8.644142992035322437e-02
1.075845916080024958e-02 5.067510914819710610e-01 -7.188279583052589738e-02 2.560646064323963966e-02 -7.253316807266874978e-03 -6.382698558661778487e-02 -4.675548744613168550e-02 4.342107221930981142e-02 -3.724189497159879902e-02 -4.022654723824341250e-02 -2.027438201207869550e-01
4.262337796909539817e-02 3.784289039755924233e-01 -1.262563465658293194e-01 6.228241510239125069e-03 1.065422842485835297e-01 1.503021290816616493e-02 -2.210407928708744696e-01 1.736207501165153433e-01 -9.550573335856866325e-03 1.690597391086957196e-02 -2.659257963623515297e-01
-2.684114446898502523e-02 5.379631379938164537e-01 -3.459692364073077564e-01 -7.830360853432409562e-02 -7.493720900232753168e-02 -9.562288399537164155e-03 -4.950425367125355081e-02 1.458442571481944616e-01 -6.868283095924966608e-02 1.852703264942965888e-01 -9.867091468917145447e-02
9.492320812839280531e-02 4.897096418007800267e-01 -2.097423095893211353e-01 1.041891889134612635e-02 -2.812429535793321486e-02 8.764186953943957012e-03 9.301590217633262658e-02 3.919521028805035209e-03 -5.742004853947777626e-02 -5.006483117182937426e-02 -2.387936588168881047e-01
-1.829869781561629660e-01 6.044777752072238997e-01 -1.126446272747663735e-02 1.433457825420981768e-01 -1.818740326666543755e-03 -1.298877316526034220e-01 -3.878942405142118965e-01 1.401026427713047695e-01 -8.916123059769667791e-02 2.250537785897485377e-01 -1.933603596314057704e-01
1.788360381537384136e-01 2.385060870977957492e-01 4.877669826462149860e-01 5.262362284114590477e-02 3.880520208019721390e-02 1.475725481546797356e-02 -5.817478565459225370e-01 -2.733351649361266400e-01 4.514783960345717523e-02 4.150224885732693020e-02 -1.262560191091458561e-01
-3.038759408332398326e+00 4.652532056086184364e-01 -1.395521750981381370e-01 -3.840270291298990973e-02 6.794721781992953125e-02 -1.304317437973685247e-03 2.961240591667587463e+00 1.368045225335816628e-01 -3.163085174247814296e-02 -1.619998843255868876e-02 -2.487898581690294042e-01
-1.492535501029235157e-01 2.739253770677664845e-01 -9.264610170939420464e-02 -3.191184926296258828e-02 9.340643879946916583e-02 6.872836636169663005e-02 -2.469054471730932621e-01 -1.296902973290109673e-01 3.187325761345222719e-01 5.816317504190439414e-02 -4.594245232382508648e-02
6.740084153090489250e-02 4.767646573711759039e-01 -1.493906210420094527e-01 -1.947600429968564306e+00 7.787834802027941705e-02 -4.301481960979218477e-02 -1.211572407614449759e-01 2.052399570031435250e+00 9.729532719135841612e-02 -1.038192627311536331e-01 -2.901501345280402822e-01
-2.719840439516166275e-01 9.140591001509235092e-01 -1.317606371270191867e-01 8.837614591340890724e-02 -4.655152720354884671e-02 -1.974523256907388391e-01 -3.463198678582575241e-01 4.676370193469299719e-01 -7.088519422881875420e-02 -1.231482918740357535e-01 -1.653641419730771944e-01
-2.334145126798687145e-02 6.059926592149270652e-01 -1.107913262809054888e-01 -8.876342208758622454e-02 4.468706146113448491e-02 -8.380991149764085990e-02 -1.535427230331313890e-02 2.461127896391853212e-02 -3.164688295234238669e-02 -1.142902307486408781e-01 -9.068726699741301578e-02
1.594990217188479997e-01 5.538434810599460745e-01 -2.103938674417423632e-02 -4.074147709581418808e-02 -2.543591517698990875e-02 -2.598417183059621993e-01 -5.419679581077449515e-02 9.731762471156367444e-02 6.714214039993607330e-02 -1.434380048414591324e-01 -2.165027344109676788e-01
1.317161508298215211e-01 5.506486987632844832e-01 -2.394647192541994249e-02 -1.022752824291516260e-01 -3.764198191454413284e-02 -7.703776162580543152e-02 -2.682111994104551256e-01 2.072998208971372491e-01 -1.380367638582317980e-01 -2.043866723427695820e-01 7.847769852028356474e-02
1.349381422606110159e-01 4.742814647482936907e-01 -5.677801850871841416e-02 -1.974761072413113230e-02 -3.497734203351770405e-02 -1.587526888972835282e-01 1.369434693668353520e-01 1.707194430476824121e-01 -5.117351315203249457e-02 -1.303331270701073574e-01 -3.485139835334811753e-01
1.505454810974625190e-01 5.067083268400086604e-01 -2.730861615294109465e-02 5.865514599217452191e-02 4.954838634761063454e-02 -7.555078015233812616e-02 -2.691558148628477379e-02 5.342821346104895119e-02 -1.064059027735389518e-01 -7.541151268231133242e-02 -3.906869249867407912e-01
2.905828887531356625e-02 5.040922784835678572e-01 -8.481157149691082031e-02 -4.934862019001426403e-02 2.642037850743515423e-03 -1.808192217428017667e-01 -5.812695640853648982e-02 6.141486103816129472e-02 1.115120467715588204e-01 9.250218478728654270e-02 -3.115090924642180403e-01
5.712143726891879408e-02 6.564336709885756349e-01 -1.949591387920789065e-02 2.386717235823163953e-03 -4.333566147783136924e-02 -4.824172947779472448e-02 -6.582230794621343750e-02 9.162453623454590301e-02 -5.687473462371578359e-02 -1.410427167057961284e-01 -3.161470621131547420e-01
1.968029775956507688e-01 2.962080603932051304e-01 -7.335305969852579100e-02 1.305280515244568174e-01 -2.796377524536821160e-02 -1.285982227992551463e-01 -7.993166423164686785e-02 1.397524918223647383e-01 1.823865462809004800e-01 -2.250408422026486943e-01 -2.941843279349825035e-01
4.272900187136267208e-02 4.758441736794017940e-01 -4.648084488717837276e-02 1.308075364110408180e-02 -1.480540606880202947e-01 -9.002454460810066506e-02 -1.041390632223634927e-01 1.836650906969249930e-01 1.638723631849069856e-02 -3.427796901487707715e-03 -2.229737103959821831e-01
2.785299141827636202e-02 5.566704487553520986e-01 -8.495528520312256582e-02 1.326255297602796715e-02 2.603637929511710969e-02 -1.354866656330634411e-01 -1.646299703486633903e-02 8.918770800171142710e-02 -5.648438706161275358e-02 -7.729963728996697148e-02 -2.257148727197013649e-01
2.665292183607064977e-02 5.164785179906100643e-01 -1.211240133607553865e-01 1.008049895030504878e-01 9.281747586917338255e-02 -2.025802006330406080e-01 1.087890464682919195e-01 1.092644393605453207e-01 -1.399039150429197687e-01 -4.944158560553561788e-02 -3.251514408813406809e-01
-3.971616061321484037e-02 4.439126728903990404e-01 -1.234802948758019631e-01 -2.282996118429389196e-02 -1.167008387321505011e-02 5.484715137095207832e-03 -2.606947347857975217e-01 1.201048918751755068e-01 6.009344861241593810e-02 3.433651637674405011e-02 -8.893477405535726854e-02
2.417926395511044435e-01 5.723331497884766028e-01 -2.569218622677575947e-01 -1.659912209139845496e-01 1.019279231617281900e-01 -1.246348141931502285e-01 -2.240204298940628724e-01 6.592482318091084925e-02 2.634389348386972918e-01 -6.822052057681854409e-02 -2.890223871709939329e-01
4.730950381583794162e-02 5.290748793235200420e-01 -1.002355141013878265e-01 -1.054718653813172535e-01 6.370409901980082258e-03 4.273204769380851281e-02 -1.034044424648996319e-01 2.463605200264873674e-01 -1.582343720345897875e-01 -8.023135206943031450e-02 -2.076635792058579288e-01
