-2.125146608557768324e-01 1.179268736040823759e-02 2.109072079962896196e-01 1.656604754193270468e-01 -1.556454375698995973e-01 2.357461855235792603e-01 -2.786602037510971935e-02 -7.978911938702511197e-02 7.662317212834707236e-02 6.315676365500750428e-03 6.543285878727458371e-01 -7.420178951285837099e-02 -1.013448684397941779e-01 2.660982901364513098e-01
6.111578759498977748e-02 -1.308587172126134957e-01 -9.810397768512395256e-02 1.163599564883228826e-01 5.847240052533754506e-02 -4.887916611338446321e-02 1.714163387086134471e-01 2.218779722262760323e-01 -4.857693845812624533e-02 -9.950798854051530473e-02 7.307785972204696723e-01 -1.229179997993398027e-02 -9.040260135050494361e-02 1.447105232383781859e-01
-1.240034514330602688e-01 4.541745617860713791e-03 1.676019108038410699e-01 1.380820868574555993e-01 -2.222376804804013783e-01 3.984328528927966184e-02 -3.388920240009583949e-03 6.052147706465579174e-02 1.593226064581740042e-01 1.763534578949356724e-01 6.538841463836830847e-01 4.561365606749760021e-02 -9.574384596208783405e-02 -2.428008765963896726e-02
-2.649442224129306966e-01 1.742310475667109282e-01 -2.063488108751526939e-01 -1.347684501920644040e-01 2.331050803853572939e-01 1.594588249930565249e-01 -7.047561825622367104e-02 3.029623664701986963e-01 1.373456190562416801e-01 1.833243535255638934e-01 7.131642080797726546e-01 -1.014888340991912941e-01 -8.092236762384785731e-02 -6.853280995530589004e-02
7.993181593993775591e-02 -2.617851718118706095e-01 9.190218824012939824e-02 7.010894214662989621e-02 4.322623499005159853e-02 1.676257705003870446e-01 -1.127761759153716667e-02 1.869847117704837858e-01 1.497804237127075833e-01 -1.005357013095227042e-01 3.631842867399040498e-01 -1.114696216090621944e-01 1.028508267756284567e-01 2.055832981683181349e-01
-1.539612795681415958e-01 -7.824001857158416340e-02 2.448654682524484261e-02 -1.528320928900133990e-01 1.744847956313853865e-01 3.414635721745090113e-01 1.785043615922023708e-01 -3.752485374252753636e-02 -5.040489816934377865e-02 8.916679340963376554e-02 6.347329519374265150e-01 5.240369192819549493e-02 -3.114892227623149157e-02 -1.502026161857034081e-02
-3.781219873116840879e-02 -1.375201748052430062e-01 2.483449006958152877e-02 -3.520704816495839190e-02 9.602696294826575107e-02 1.018942533785798799e-01 1.474816190103166724e-01 4.198945734906942007e-02 4.526693434611528399e-02 1.787579092231061928e-01 7.569071231355586349e-01 -8.003270647166992047e-02 1.201422415133258231e-02 -1.384904587767007700e-01
-4.017580926904186500e-02 1.045371723786830964e-02 1.400861358502021592e-01 -3.403732861470330773e-02 -7.332596953557735109e-02 2.290473754173315973e-02 -3.787931620782195030e-02 9.305547389113584533e-02 -2.148693271895729673e-02 1.721939638215559398e-01 8.158702921634661820e-01 4.470254231880993467e-03 6.332922724869127773e-02 -1.393480589782470358e-01
5.191749307324373258e-02 -1.053388907576550126e-01 -1.022706892860724970e-01 -1.009906374724706679e-01 -5.215573253470683762e-02 2.484107831776729003e-01 -1.398060913509233810e-02 3.202084130157163422e-01 2.319935031660969316e-01 -8.570306217966426610e-02 5.012269706263959845e-01 3.615548888125775795e-01 -2.022209018510197909e-01 -7.654114199283687525e-02
-6.750219112503980101e-02 -4.357395489262438915e-02 2.200755555747964110e-01 1.050994239159285110e-01 -5.462848376671339268e-02 -9.733091895437392949e-02 -1.191469194982962138e-01 1.707552154488148621e-01 6.068802391775504623e-02 -1.166973982230378043e-01 8.438705670015559379e-01 1.718747642581816837e-01 -3.909907087833461997e-02 -5.827422611642721351e-02
3.491103904100983923e-02 3.299656377234926052e-02 1.236631339391221218e-02 -4.110358056239026003e-02 -5.115545709209488867e-03 1.739389525305620743e-02 1.229791033902158798e-01 1.947207353742612390e-01 -4.828357989724633981e-02 -5.515882814452664762e-02 6.151223926251099261e-01 -7.318154648918857863e-02 1.214658628218789754e-01 4.699756179295286329e-02
-2.474572957311330645e-01 -1.245869030403710109e-01 -7.114731608163713528e-01 4.539362328067458874e-01 3.060327907191887631e-01 -2.989934162850930166e-01 4.815108694407908008e-01 1.291770613604068807e-01 4.987066089395617019e-02 2.375210461765187575e-01 4.350487134437062697e-01 2.986455662177941450e-01 -8.296945669574760096e-01 7.965727884335216391e-01
-3.148840772909234503e-02 1.259511798808311267e-01 -1.432743228677254010e-01 -1.714380968847428466e-01 8.216143297451121430e-02 5.682854604883007602e-03 1.643982175110934307e-01 2.000029603785216659e-01 3.225004042264561360e-02 -3.169952854580564139e-02 7.715691628791637724e-01 3.517602354896235545e-02 1.486047011210959168e-01 -2.117858306321568074e-01
-7.258865454743883283e-02 -4.526373184467580302e-03 -1.172190133629825853e-01 1.434973735900626490e-01 1.131532661350622693e-01 2.481813630720915709e-01 -2.180348873196161774e-01 1.217616745313227222e-01 -3.166275005217787930e-01 1.477701812784070201e-01 7.514952004510031536e-01 2.044446490216992873e-01 -1.334740715188544313e-01 1.082771790376747811e-01
-5.225124648216929180e-02 -1.018946478867961691e-01 1.963080111727999733e-01 -4.907899964397009762e-02 1.181108928553690207e-01 1.393157318290709767e-01 -1.762487679253156581e-01 2.834011873598470399e-01 -6.148485839436373945e-02 -1.273235140458084391e-01 6.012940836951854440e-01 1.098365764060229288e-01 -1.132616698295472873e-01 2.093876075518603941e-01
-1.305738896846116853e-02 1.717025353391299081e-01 -4.735550937099341356e-02 -1.050400014465945053e-02 1.324959127051696939e-01 -2.332048695163876917e-01 -2.779295263724261555e-02 1.099518810808305380e-01 2.909706577275544825e-04 4.351871167729834400e-02 6.681345579025480541e-01 -8.275425411477348170e-02 3.188383252730316864e-01 -5.415353322103264033e-02
-2.319969684643221064e-01 7.292735886768472731e-02 3.633194494026421029e-01 8.178551550102611256e-02 -2.483130708707264600e-01 -7.937906474312274308e-02 2.213032096790851916e-02 1.202706939764627420e-01 2.094416488576340829e-01 -1.010020896704452165e-01 3.741185838472042557e-01 2.441181669235695795e-01 2.911954979012311706e-01 -1.425056558345615121e-01
-7.520354706773653419e-02 -6.431270954862214340e-02 -1.098276872028033924e-02 1.263436843978198165e-02 8.250937061758563396e-02 1.635559056628822783e-01 2.437458756099291843e-02 2.194395968661541352e-01 1.298533163560468967e-02 5.073706783252764606e-03 6.812596834961974768e-01 2.945714800511406439e-02 -9.709898038425145150e-02 -7.581306684490186215e-03
8.472630709271400384e-02 -5.035089347998964598e-02 -1.852015385892331056e-01 -1.895475873874331585e-01 2.113127472627122638e-01 7.243113196247077945e-02 1.254493923300879429e-02 2.186890865063040312e-01 -7.010704692175712127e-02 1.558503691447503392e-01 5.910582922715683640e-01 1.621806920275901398e-01 2.355849621462785190e-02 -6.103460867514821919e-02
-6.238358444317129020e-02 3.416923570192113846e-02 8.658456791186650015e-02 -5.412635053403037910e-02 3.358870025917386204e-02 1.290675708427256249e-02 -4.736679098814451129e-03 1.996219989845552378e-01 -2.330919401678318778e-02 2.439086100150462955e-02 6.790214669513042756e-01 1.538662586486872971e-02 1.552748681671816122e-01 -1.202788871716639896e-01
2.144074627396755084e-01 -4.091808118926284349e-02 7.272148277574152012e-03 -1.559976494942672820e-01 -1.650257502432933565e-02 9.971342115472942025e-02 2.691885916604524684e-02 -4.093157972577673998e-02 1.063315178092835989e-01 -2.483362212792625603e-02 7.229556508618538713e-01 -2.034677967824779360e-02 4.343118545443484801e-02 5.461042843839879202e-02
1.348972671553915620e-02 -7.895587970611975259e-03 -2.093180646899243241e-02 1.832690214350610192e-01 2.461589574434432104e-01 -2.189249532923749075e-01 -2.650674122397375654e-01 -2.409847469171854870e-02 2.010316994893928677e-01 -3.276530881562900524e-03 4.445630225520064149e-01 2.351991819579148102e-02 4.502664873246949306e-01 -4.599368094874554946e-02
-1.795344558812409230e-01 2.345129706300515815e-01 8.162390038311252705e-02 -1.543227407398341591e-02 -1.126245158364588966e-01 -2.007463117329694180e-01 2.436464800029698730e-01 2.011935320498448865e-01 1.322943813442784000e-01 -1.126111081836276596e-02 4.525333352163701250e-01 -6.136540146861955980e-02 1.141132322557327633e-01 9.715662459146001684e-02
-1.078156366061249344e-01 1.491807507759260742e-01 -7.961775496012193920e-02 -2.292154161510850385e-01 3.907597150711054207e-02 2.194231024368747118e-01 4.540298106636322939e-02 2.228910680465142347e-01 5.553722647368054821e-02 -1.501482896646576248e-02 7.684036815335799631e-01 3.857512626243214671e-02 9.154437322543421129e-02 -2.222602579819328295e-01
3.566629276120087538e-02 4.237570397368727038e-02 2.111406508367226487e-02 7.563842070323584937e-03 -6.179725053403163637e-02 -3.498490703434730675e-01 -1.432825685066727306e-01 4.005515331543468838e-01 2.149607393027277435e-01 -7.295935042675545656e-02 8.275524301524267434e-01 5.126838648652119745e-02 -6.208066940904033437e-02 6.502630289725179480e-02
1.417089951046165419e-01 -6.125548385211904145e-02 3.523727071759945317e-02 1.565379530198735547e-01 -6.297326053536149437e-02 -2.993470959065722137e-02 -8.616591303759274512e-03 6.025188782244492169e-02 -1.504447032600859380e-01 -5.810760619117361775e-02 7.151549113271711278e-01 4.533808613993543096e-02 7.606211961815526057e-02 1.171515176455454610e-01
8.574233266074016147e-02 -8.472983657034921512e-02 -6.466229114953718493e-02 3.926705776299303785e-02 7.048664501952328632e-02 3.335558467893599485e-03 6.969411889331234011e-02 2.627028567073144694e-01 -8.199108287730847919e-03 -7.825836122435930742e-02 7.166273963357679966e-01 -7.489227599130565682e-02 5.493408439994281606e-02 -1.593779036202014679e-02
-1.396944380208777481e-01 -1.475212889172134723e-01 4.000520095588395719e-01 -4.601231745592183203e-02 -2.240990037474254737e-01 -2.593255292732271622e-01 3.957941922433554360e-01 1.710654561926035488e-01 8.046386019523649180e-02 9.374328246778193541e-02 6.155763566192551384e-01 -1.924992379774610463e-01 2.616535646245049529e-01 -3.308651984726497519e-02
-2.606667915025022153e-01 2.224414203677133328e-01 1.563920825050173491e-01 -5.469919418668245381e-02 1.601221029206881252e-02 -1.195021451594630579e-01 1.408303727914259895e-01 1.134405835334165447e-01 -5.387321815077435183e-02 -9.258048908146251921e-02 3.993669647430874159e-01 3.723299419048816117e-01 -1.137611750483701334e-01 2.503798236538288258e-01
-2.295428984459085275e-01 -8.738840868500821757e-02 1.955607746827721649e-01 -7.567088197970402164e-02 1.462961067960916184e-02 3.052463309133190417e-01 6.005148244340119401e-02 1.623369931286725021e-01 1.252848218530365765e-01 -2.923865085923558760e-01 7.970409978466445056e-01 -1.310547105470299123e-01 3.569305961015247775e-01 -2.249278127367882463e-01
-1.736866479633750182e-01 9.228361241200583320e-02 1.167281627872706340e-01 6.601014669806540280e-02 1.999415971668300207e-02 -1.462964690612691687e-01 1.728318437484979986e-01 8.233745189543846543e-02 5.820556125860467528e-02 -7.621876176192742339e-03 6.714103031421803092e-01 -9.623901749286470353e-02 4.476471411482977475e-02 7.538844158231058912e-02
-5.206153295868717890e-02 3.018127047379799005e-02 8.811642974300096243e-02 3.641142341306941033e-02 -5.032499452355614078e-02 -4.212837505565576735e-02 8.509092871695300708e-02 1.956448179419595090e-01 2.018271662492013285e-02 2.827870295199462480e-02 6.051022435848478764e-01 -1.544922720574688768e-02 3.070781910232389667e-02 1.635816385296355591e-02
-3.944585286790586731e-01 -6.456665226319129036e-02 -3.370857486234137834e-01 9.475188714668703049e-02 -2.936405525254035531e-01 7.690459388443288136e-01 2.270960057279323985e-01 1.334958750889095602e-01 -2.283767053380559853e-01 1.480259218509469565e-01 9.276465439315121353e-01 6.038123903508769708e-01 -4.297115547090303300e-01 -1.799244341408550996e-01
-3.083050108995017968e-01 1.424548727925812885e-01 1.939687166977218519e-02 2.570207865567013250e-02 2.868562913783395119e-01 1.352884310427369258e-02 9.692249594341513508e-02 2.557574311237547637e-01 -5.913129630200956305e-02 -2.687342461139726191e-01 5.889989382039804156e-01 -8.370110769191023425e-02 2.013319606406770435e-01 6.503226415711517439e-02
1.860974953234442383e-02 -3.652702723978660387e-02 1.264078396772131685e-01 -7.200085716933717073e-02 -7.556742704542807748e-03 9.064280527554280376e-02 6.652968180312117223e-03 2.658634187801590665e-01 -2.203187128443111764e-01 -1.017567376136872953e-01 6.747404684151128151e-01 1.712453640974876401e-01 2.712393952953702503e-02 3.298391074614109852e-02
-5.409834275933518566e-02 -2.557221648001617442e-02 1.862240110082976491e-02 1.331361253662494415e-01 1.379047141746228555e-01 -2.854775429433079048e-01 -2.951583399606733105e-01 3.974077061726757898e-01 1.765103272710461801e-01 -6.105806237017834953e-02 8.094460583466921433e-01 1.232691559331157288e-01 1.230215977691194035e-01 -2.218431949586551766e-01
-6.990632471090438282e-02 6.533117705638480377e-02 -9.769470913471403617e-02 1.201310439170617805e-01 4.096915138989176697e-02 -3.001568699067262008e-02 7.169468302668731419e-02 2.781758514493778423e-01 -1.486953725163578655e-01 7.151997172650603751e-02 6.807752763620881220e-01 7.265569837061974789e-02 -8.982880942212299880e-03 -6.984749234157082431e-02
-4.698049921225827541e-02 1.871443487411750262e-04 -4.890027197780723311e-02 -1.799116178677013789e-01 2.282269605270911272e-01 -8.441267739391032643e-02 1.227308739715301522e-01 2.444842894725791638e-01 2.216092694919397088e-02 2.105662931757165679e-01 6.506839702300060146e-01 -1.046411883144911653e-01 -4.732718626269760698e-02 9.243369016192975324e-03
9.437442578395505155e-02 -2.521083540754031072e-01 -2.162975298942174107e-01 -1.659424442740400352e-01 4.090710965256153520e-01 7.952284052483821197e-02 1.163038301029725372e-02 1.537721325272425887e-01 2.965715360112152615e-04 1.014010303204375268e-01 9.777073532563643754e-01 -5.887030335038914153e-01 2.346527383239754572e-01 1.367331766010000393e-01
1.747054268110122266e-03 6.446801231953899758e-02 -3.108610602605857420e-02 -7.430963468575985109e-02 1.227597889876243381e-01 -2.129737010174882761e-02 -8.803036033372890756e-02 2.558965763866376530e-01 3.495952453722489528e-02 -2.347332263705292910e-02 5.630460700258099749e-01 3.052899589895483740e-02 1.460741508889882301e-01 -5.172992866354753083e-03
4.532534922730063753e-02 -1.149465185742089557e-01 1.603660426895696656e-01 -8.164500491945531069e-02 1.492765166381403857e-02 -3.721660636367418729e-03 -1.816777777774927771e-02 1.534947669683525973e-01 1.247101080355265679e-01 -1.028134261863823257e-01 7.026447075691710786e-01 -1.682632452168126014e-01 2.306196405789374126e-01 3.357975324048919491e-02
3.064495403638334281e-01 -1.790887735646388701e-01 -6.420088752042949487e-01 -1.782525511864905543e-01 2.638236302097021757e-02 6.522681506076094538e-01 -8.489791638614906100e-02 4.832913193398524765e-01 -3.525420707696280687e-02 -2.363778170782749044e-01 5.200823112609327392e-01 1.649881850172649489e-01 8.460568938268001049e-02 9.392296816585316011e-02
-1.733788788100385225e-01 2.604912993597624515e-01 -5.261591784235795932e-02 2.841752345714095365e-02 -1.304591514071254121e-01 -2.503723142090827358e-01 8.679353698200499567e-02 4.629237117617022723e-01 -1.884854001906484666e-01 2.603559014071581967e-01 6.114271277418951156e-01 -1.867296228909269828e-01 2.636895085759894397e-01 -1.594693727328812261e-02
-1.501644453512395762e-02 -9.393963953653139409e-02 2.169221358814553691e-01 6.484109865454233679e-02 -8.841520719695153407e-02 1.834965715222596216e-01 -4.749100164743468022e-02 1.622213628356704296e-02 -4.964637145898165294e-02 -4.525850130919137349e-02 6.947658728738932421e-01 5.015858166260829532e-02 1.327296302546449036e-02 7.619819244260928048e-02
5.448299449103379682e-03 -7.501960721174436020e-02 1.263938941280472461e-01 -1.604641100264826981e-01 7.312678840727468432e-02 5.983000582306147175e-02 9.175029584023478013e-02 2.113074523509176073e-01 1.019563225087089381e-01 -9.938444140206394162e-02 5.634623637369294835e-01 1.484330989704492690e-02 -2.040829642968377405e-02 8.326810959083744135e-02
-1.681838435809027490e-02 -7.527046393056026005e-03 -7.313573377745664905e-02 -5.563763648092388131e-02 1.036223353593744567e-01 1.122614122210798954e-01 -4.173517849886012113e-03 2.716854544524572868e-01 4.207389063581590954e-02 -8.885223038349231162e-02 6.490292848943596260e-01 -2.418381405810422421e-02 1.495195586584186775e-01 -8.175318625831139163e-02
2.065114490403691105e-01 -1.689515506737409856e-01 -2.801576235714182683e-01 9.779075362923220216e-02 -2.614456324909206764e-01 -2.378483698336718022e-01 3.759270936460261114e-01 5.322456839424405395e-01 -1.408826597070159947e-01 3.020036429474478590e-01 3.690273656246400025e-01 -1.493205099027657412e-01 2.885334460769761189e-01 4.267729793458676507e-02
-2.041818997244636974e-02 -8.521438818830152917e-02 -5.072244263196548641e-02 2.742060701783424759e-02 1.858480562637859212e-01 5.419973826082608026e-02 -5.294788047851125418e-02 1.565434718243170764e-01 4.848759702971300323e-04 7.111461368189674059e-02 7.363403770409430171e-01 -3.991005140347501923e-02 -2.578988784764837949e-02 1.916148712463303094e-02
-8.601778528709116967e-02 1.293909107490120308e-03 -2.974637166974163256e-03 1.178908971203336681e-01 -8.142609246934036371e-02 4.839592324069615092e-02 1.723559752317636029e-01 1.632000016553326327e-01 -1.282490493942914922e-01 -5.914096654878389647e-02 6.612598666369829958e-01 1.248951328382038178e-01 -2.490159151214639197e-02 6.952880321000980135e-02
1.895490161907437410e-01 -2.750161691990158364e-01 -3.628480276611331101e-01 -3.179149679656427530e-02 -3.457099620066158563e-01 5.925301201460554390e-01 1.491626988153697264e-01 4.421026226188085606e-01 -3.749658490641755160e-01 2.304138787701081291e-03 1.173312593271851112e+00 -3.150526080034903309e-01 -2.080092957391348196e-01 3.405426053017853172e-01
