6.000222198749896596e-02 -1.145982734251001223e-01 -1.099428633887939849e-01 2.035602717996273792e-02 5.589207833508544332e-02 -8.349274360857610044e-02 2.228101089649036637e-01 3.262306752748242999e-01 -8.508295527081679438e-03 2.139283629065988346e-01 -1.739158802802834025e-01 1.252858626753375337e-01 -2.064432206532821334e-01 6.377018763886167785e-02
1.461306411456960441e-01 1.436593859238616544e-01 -2.199676387425752999e-01 -8.764424152465570550e-02 -5.948399413880030295e-02 1.106022258263954783e-01 4.070474626242015503e-02 2.090744565668038735e-01 3.628189198487349887e-02 2.194943525293925612e-02 -9.653589976769444414e-02 1.352315468732558090e-01 -8.071435176487190555e-02 9.208604418230745270e-02
-2.192427669656903944e-01 6.963233805469107307e-02 1.924141910341603257e-01 -2.699559380848767787e-02 1.083051935495928791e-02 1.598700065638754553e-01 -7.747158361146838645e-02 4.034654409826681221e-01 -1.554615251346515292e-01 -1.180651304550597511e-02 -2.579666724744297257e-01 6.813364023998839947e-02 5.837132518118710173e-02 1.776014417086594355e-01
2.553347803495699397e-02 -1.957350975094785395e-01 -1.121043022366361303e-01 2.217675027970504864e-01 -7.300529021713945965e-02 1.317727546863951271e-01 1.265382770424982803e-02 4.413009284847563274e-01 -4.167757445720340209e-02 1.234142048248681733e-01 -1.408733150490917505e-02 -3.912064991447889578e-02 -8.195170971237171476e-02 -7.386492900104143708e-03
1.507315622094205776e-01 -1.107594768803676771e-01 1.335941150158518054e-01 -1.026856054815412922e-01 -4.423358538550018620e-02 1.134786349162141515e-02 -2.723831357909138259e-02 1.424695536735846590e-01 5.981661127989332943e-02 -9.199073207384032835e-02 2.581299439566593357e-01 8.007722862503151295e-02 1.343997575771673988e-02 -8.132489252948293945e-02
2.267350434396825376e-01 2.111128942403750486e-01 -2.755389205683909104e-01 -3.624783462724351368e-01 -3.781944126273936724e-02 1.612164918662958579e-01 1.178541244848404501e-01 1.150877122039606071e-01 7.425396159243002892e-02 2.546311867548585184e-01 -2.144111880238230017e-01 -1.464673642174407209e-01 1.517880762990281296e-03 2.656802130793515238e-01
-8.161738300322676776e-02 6.248762023452918840e-02 1.707016202006711447e-01 -5.611036762929697518e-03 -9.064944964655373416e-02 -7.567277443247916180e-02 1.544544485133731715e-01 -2.099605215039977366e-02 7.377533212523826323e-02 -7.574027541176318878e-02 1.400133496439184833e-01 1.276169531919923161e-01 -7.560610683768639873e-02 8.821800241527170960e-02
8.091380277305063040e-02 -7.142932981110917956e-02 -3.262705927421333946e-02 1.300301625813037563e-02 5.971236802650897041e-02 2.123075473669946631e-02 5.143606590663330619e-02 3.489780752578825473e-01 -6.598291837308697949e-02 -8.488435323071905070e-03 -7.060901844456286824e-02 2.554881455417675612e-02 6.866478822632790524e-02 -2.897667643341009930e-02
1.276371980141518259e-01 1.239123839154394474e-01 -2.569494704857593903e-01 -9.453598228904212114e-03 -8.862076295729795494e-02 5.896839886691476046e-02 1.124642735953953060e-01 2.657909874819252005e-01 9.633351069791573629e-03 -7.391045010324501230e-02 3.761338644521451668e-02 4.565981524012525938e-02 6.444910591619143481e-02 -2.582037068998728133e-02
-4.764819337065420712e-02 2.529052952964152556e-01 -1.890321826041830300e-01 -1.330420971274233199e-01 4.767930406761405893e-02 1.527669265546592048e-01 -1.016730143423440480e-01 4.847217656034247257e-01 -1.118144489962095839e-01 -1.091860288426035885e-01 -1.589232755425060706e-01 -3.206532187564992142e-02 6.785402190874539885e-02 2.688314973506706895e-01
1.806747914310443126e-01 -1.257155537655645638e-01 4.499303569234602840e-02 -1.260091441457855677e-01 -1.271447025628391625e-01 2.900245501393364234e-02 -7.717281049377246183e-02 5.431036602871831542e-01 8.477530368719052301e-03 5.730321259311282889e-02 -1.528926892243470115e-01 6.441737280507929542e-02 -1.737621597669462281e-01 2.460992498477922730e-01
-2.019652475420025406e-01 -1.117851833540496470e-01 2.440259345890680720e-01 -1.627082523582003282e-01 7.873824654189723327e-02 9.393535353918661124e-02 -1.056466941879755234e-01 5.071829359824001626e-01 8.768404630005074626e-03 1.947931319319970433e-01 -7.299165159131376646e-02 4.531007276623591484e-02 -1.373968594507007090e-01 1.111405658340796840e-02
1.997497609189202022e-02 -3.512107361946673612e-01 6.706892481743259582e-02 3.258732211497626929e-01 -1.585237181195801870e-02 5.937256275604145539e-02 -1.995138633662480732e-01 5.793343528816415899e-01 6.809528822719837504e-02 -7.356983614478274092e-02 -5.156239313549056957e-01 5.429974354516658996e-02 4.662250842755529673e-02 3.265034090558267543e-01
-4.059026945675324460e-02 -1.142673037509474021e-01 1.036743535755762502e-01 9.637617238528282948e-02 4.686355429146445151e-02 8.486152826959185436e-03 7.186875631988369484e-02 1.982483293029508042e-01 4.898522048675836571e-03 -9.382840018141466731e-02 1.116762488024744815e-01 -4.093384046831513579e-02 8.054489525894664714e-02 -4.164292287482819488e-02
2.097722923673305817e-01 7.890307225024957571e-02 -4.986395703130983015e-02 -1.661474064337401246e-01 -1.745133465551237106e-01 -3.534103359448304005e-02 -2.175297008875318738e-01 6.120654049727406454e-01 -6.810511723540166318e-02 5.188209307400502152e-02 -1.599817375183815171e-01 1.099196389846902183e-01 7.007921527523890137e-02 1.302348304116724698e-01
1.500560545334816975e-01 -2.534589611646592133e-01 -7.069604003773891088e-02 -7.476749840726945595e-02 1.431250164749899717e-02 3.575122825147025729e-01 -2.725074906626685500e-01 3.001363402892198162e-01 1.579817680307812611e-01 7.085231545472639447e-02 -7.093491050718597757e-02 3.803488885810367426e-02 4.289563536585019876e-02 1.957362165113038510e-03
-3.457267760975957227e-02 1.437923534126800407e-02 7.359764007739683436e-03 -1.293011701702820315e-01 -2.041963073700122366e-01 2.493051223174528874e-01 -2.903194253365298794e-02 4.083715309253074799e-01 1.357885957766600260e-01 1.654941513606222325e-01 -1.348375900328812604e-01 8.037428146538620755e-02 -2.340159620685445252e-01 9.625721667065179066e-02
7.100821086891813405e-02 -3.621680369252823495e-02 3.232738660705129080e-02 -8.328495342315130057e-02 8.694890005136712841e-02 1.048517432230936242e-01 -1.487738941932873482e-01 3.430077221221828898e-01 -8.008600778992663871e-02 -2.264913244645799795e-02 7.940310310256296078e-02 3.693492610127890874e-02 4.155310317888176452e-03 3.747737230963946002e-03
6.865515161477306338e-02 -9.684060149447942800e-02 -8.897195022866469238e-02 3.957721987351115779e-03 -7.985813410413064584e-02 1.267672091796830970e-02 1.074055355334038592e-01 4.330587326251835734e-01 1.025751481699588019e-01 5.823886319315826204e-02 4.242093669685172153e-02 -9.497639444329497582e-02 -3.556361695579452614e-02 -4.140386543232886518e-02
7.028496329406347387e-02 -1.873551572378241367e-02 3.576986328441479623e-02 -1.646384699211662916e-01 1.798248265077665668e-03 1.774361566998486350e-01 -1.446998870611302182e-02 2.413289687468953559e-01 -1.250798932930416614e-02 1.160385467381394864e-01 2.622093900899349558e-02 -1.239711011397388873e-01 6.111183957598596145e-02 -4.292212713358520802e-03
6.748220845718151673e-02 -2.798567845758144490e-02 -3.540852680243370548e-02 -2.033567027016847106e-02 -6.301961376907212059e-03 6.355249583172772887e-02 1.109074172609117448e-01 2.435176810987683405e-01 -1.518451915351176455e-02 -1.379748533947196439e-02 1.029028692117151499e-02 2.816754387935656301e-02 1.177148943880762522e-02 -2.530103340789494060e-02
1.571417947100905987e-01 -1.624683424341021865e-01 5.860790280961022947e-03 5.238302050357968032e-02 2.190950113678868938e-03 6.746935943974008421e-02 -5.441968968545574797e-02 3.289896844162610856e-01 -1.190346684254681986e-01 -4.582073499740035860e-02 8.413932374633766031e-02 -2.300761168211949703e-02 1.157885064571114869e-01 -1.783813436325884516e-02
8.235976783072476715e-02 -7.320118719743205771e-02 -9.796003497314656472e-02 1.714234208984062036e-01 -3.401889685551107850e-02 5.236647878168307346e-02 8.054614206516610975e-02 3.243429290633702555e-01 -1.250675476940917297e-01 -1.649036444978450311e-01 -5.421647087337237714e-02 2.325086038904667501e-02 8.326010507304787422e-02 1.231923260699094164e-01
-1.059172662458727210e-01 1.703330253894843604e-01 -2.805697491994793569e-02 1.609727930561173914e-01 8.776857730370904442e-02 -1.086470893405716842e-01 -1.548014183732748794e-01 -3.030596791393919825e-02 1.274333810476892537e-01 1.350254679266659208e-01 -3.517116551379705358e-01 2.786297166030560213e-01 8.428317887612031545e-02 1.263684798086902872e-01
7.661033582602372327e-02 -5.794345632631822673e-02 -8.434293488965280416e-02 -5.129758967904821110e-02 1.529244048199019171e-02 1.536542300777180015e-01 -1.469680346761200185e-01 3.614033938065660534e-01 1.028177192866293749e-01 1.803859588218832133e-01 -1.332944571142651372e-02 -1.509932085439978922e-01 2.649678394625118449e-02 -2.041194434054256768e-02
-1.932486653176251207e-02 8.594625449941836748e-02 -5.801222978647799927e-02 5.180747079500767904e-02 -4.046089880054956622e-02 1.015530406469670049e-01 -8.928135284718852899e-03 3.186046657630500767e-01 -1.441691620185160394e-01 -6.777780200421952561e-02 8.141507259897667881e-02 1.103188221373926081e-01 6.696632207194031135e-03 -2.629461614180629223e-02
1.582261138694848468e-01 -1.166927703357693719e-01 -9.857077784212647797e-02 2.598271713361270385e-01 -1.868229839990503127e-01 2.883440525965771939e-02 -2.567251256943500759e-02 3.623632303864856574e-01 -2.535082869423658236e-01 4.123491016886102201e-02 -1.767158294730185319e-01 2.536664969753811838e-01 2.058456428227092294e-01 -6.064056157698556604e-02
-2.656708682604758676e-01 3.855053159074722791e-01 -1.793326811104854202e-01 -2.918728587024974064e-01 -2.723185761545408590e-01 6.458853933674738590e-01 5.825271038043300202e-03 1.563436943226238218e-01 -3.287353649769687580e-01 3.351014656448418338e-01 -1.636563287157957389e-02 3.901060277642666163e-01 -3.578808274092199482e-01 1.847838895210017762e-01
1.410207994960241129e-01 -2.151866995569443747e-02 8.565912403792530494e-02 -3.414614959572569997e-01 -3.938133103228989504e-03 3.348862415939819481e-01 6.870597063159919471e-02 -8.945345227999867976e-02 -1.823140258418505522e-02 -1.868044537497581259e-01 3.386112332452951429e-02 -2.398860488152521342e-01 1.341192669862571220e-02 6.151227187426442367e-01
2.775989494283798154e-02 -5.838244065847805753e-02 -1.081580073498969452e-01 2.098346894134408280e-01 -1.460932397714125308e-01 -1.912847317041417861e-01 -5.226141095749261417e-02 5.108854018944513076e-01 1.124566099128461311e-01 3.385941627163124162e-02 2.393952514494874506e-01 5.539797710589759727e-02 -9.753730666389870407e-02 -1.444978558053164053e-01
5.794875858241042149e-02 3.176521359694765151e-03 -1.485677419015825895e-01 3.662240334233889897e-03 -1.143475444799137569e-01 2.070163637947635416e-01 3.588071300129121177e-03 2.983575569284818152e-01 6.258789731769379139e-02 -9.063226794775017248e-03 1.354141296838256292e-01 6.476252956756720081e-02 -9.609660397526222086e-02 -7.706470363731099393e-02
2.094178621346864250e-02 -3.458733020285665871e-01 1.493668943671853655e-01 8.674898835403796471e-02 -1.242957598054168084e-02 8.363565044520029912e-02 8.671691231324774041e-02 1.888363386396065546e-01 1.017656248411527437e-01 1.392633201527865572e-01 -1.476899208116494722e-01 1.113997938579883301e-01 1.678016284621733079e-01 -2.391098907461342848e-01
-8.653640765359681131e-02 1.036014598331138070e-01 1.322107243630195050e-01 3.880070700231142561e-02 -1.830258760157896236e-01 1.307196264940453656e-01 3.000216070000341975e-02 3.603699461219589395e-02 -1.611641427001533622e-01 5.402173096576753236e-02 1.573419573873715560e-01 -1.160335184982917295e-01 1.370902539096448547e-01 1.183085776803138034e-01
-1.463465515015912599e-01 5.582035116612358294e-01 -8.040387864079638902e-01 -1.236346738096997244e-01 -2.687920688607005060e-01 -2.717478873007915241e-01 2.987021371535091285e-01 3.379980639347811011e-01 -5.648611925243616216e-01 4.917304374430487846e-01 5.688708369933525022e-01 4.867281670061819332e-01 -6.515181585986056234e-01 4.800804128915603375e-01
1.281565442889457396e-01 8.202279683216591455e-02 7.361439691253297557e-01 -5.739783229921413543e-01 -4.675453155607213196e-01 2.090261536374091178e-02 -1.970028027724941150e-02 -6.701997349263935644e-02 -6.654078286084439409e-01 1.255087283320509006e-01 -2.957642318343601806e-01 3.861248627026198643e-01 4.796242406969607464e-01 5.223064435036972597e-01
6.303625095063274120e-02 -7.827543628867907055e-02 1.971531930922187648e-01 -2.368381071421837569e-01 -7.735230186924810236e-02 -1.340758011196018992e-03 1.188954412478317596e-01 2.836780090750948835e-01 8.023283728498517564e-02 -2.712632321576046932e-02 7.234738617807230654e-02 1.407226372699257877e-01 -9.393168484348080050e-02 -4.982689564825763112e-02
-7.216457401201045729e-02 7.411229589281832786e-02 -3.261670682088105289e-02 -2.462150004744367848e-02 -1.132282519299863677e-01 2.212096322371669976e-01 -2.102313148087281147e-01 4.854873483709210014e-01 1.232767421665357244e-01 -4.882770107625925005e-02 1.679598213161175718e-02 -1.828433696463898916e-01 8.184243659616219357e-02 7.318322902643847883e-02
-1.012562804209140299e-01 6.325691496634801292e-02 -2.634686534971649174e-01 3.444606254269472756e-01 1.237116425422961213e-01 -2.926320579445619852e-01 6.061505332372643662e-02 1.190633785754116047e-01 2.594796882917971281e-01 -1.604234068278492520e-01 2.020461238844332708e-01 1.031993246612561421e-01 -2.837980643673149173e-01 2.171199594655447984e-01
1.290203762331469384e-01 2.023956400791082633e-02 -1.100098103829670326e-01 -2.971275835762537953e-02 4.279730697091299607e-02 1.261711124346557300e-01 3.058156493114169705e-02 1.390706774858964656e-01 5.820686697227347994e-02 -7.260899206176874010e-02 -1.359182167963545740e-01 5.856220418223764823e-02 2.889325835588987812e-02 1.060810941046056444e-01
-9.427470946214169811e-02 3.491332412246637290e-02 -1.745364543805308366e-02 1.699009626018461727e-01 -1.530946910784154458e-01 3.125282810975493208e-01 -2.418450414505281948e-02 1.540684606304617843e-01 1.705734505412788427e-02 -2.395561702604014076e-01 4.541436403807699862e-02 7.599625384430645780e-02 1.409341981003396083e-01 -3.087522102515457417e-02
-2.232417670090432529e-02 2.913948739271894975e-02 -7.487501039781965795e-02 7.428094125120116194e-04 -1.215190002936912816e-01 3.745929924569841446e-02 3.402074499944730823e-02 3.928622632481565957e-01 3.154333483328507215e-02 9.342313582940073302e-02 1.543701210340361063e-01 -1.365464214275415589e-01 1.113686144809014067e-01 -1.382909535762441855e-01
-5.525680524512778524e-02 -1.274107116391937078e-02 2.510500642092559909e-02 -5.886006414020078514e-02 1.138632145345892521e-01 9.567980934520781133e-02 4.271858775054970803e-02 3.631260969275255102e-01 -2.320851004923584621e-02 -9.709672528440163597e-02 3.158190150389859896e-02 -5.556661023422314327e-02 -2.421501879246737432e-02 4.624443650683517787e-02
2.705495343635651306e-02 5.441382439321351683e-03 -7.228862226531651558e-02 -1.583976491157318423e-02 1.016882451187779285e-01 1.137428600242956223e-01 -2.231884975316178465e-03 1.860065962888533264e-01 5.264410112861919733e-02 -1.879428150121804572e-03 3.617224208244990136e-02 -9.150338834695573298e-02 -7.586394315266198340e-02 1.282308993632271521e-01
1.590603478649202374e-01 -5.591803203131645583e-02 7.252166026162965018e-02 -1.322299149061645362e-02 -7.898415994989646527e-02 -8.328453311435141115e-02 -6.659833222149597054e-02 4.223370938657955431e-01 -1.827926107168771630e-01 -7.972847440070907066e-02 2.159803365447696133e-01 5.377504936499401256e-02 -5.052739708153358711e-02 7.875629118464316791e-02
-1.375075703665264715e-01 7.571764023775716390e-02 -1.401089404839332871e-02 -8.888879962131958357e-02 5.070686943746624542e-02 3.536635082905909000e-01 -2.206227089712310338e-03 2.808884188834023243e-01 -7.426254588985632676e-02 -3.897839193752935527e-01 -1.643415547469528337e-01 6.512045396131922737e-02 2.206176434204845938e-01 2.156612249869895026e-01
4.670462636682368857e-02 3.780778095729710880e-02 -8.968155031189624371e-02 -6.735665913073195232e-02 -5.130456433592408411e-02 2.155894144621450237e-01 3.967810133895555147e-02 2.865052113649196874e-01 -1.716663236134456927e-01 8.089753457501561162e-02 1.657411287254395849e-01 -2.723923109524685471e-02 -7.566343091844282553e-02 1.362209695047121930e-03
1.436223877332936105e-01 3.259391976973846639e-02 -1.329608162173829822e-01 -4.909935922133419617e-02 8.280828559514155640e-02 2.242034150037702442e-02 -2.089360569185776673e-01 3.758420548882585033e-01 -8.613655633143087187e-02 -2.031349761878718449e-02 1.208503596030730542e-01 2.066039509787300499e-01 -7.050583577725735851e-02 -2.541492990388631926e-02
1.086684749101270164e-01 2.161506763050562857e-02 6.958271553045486391e-03 2.801572361506515438e-02 -6.178550495091063993e-02 -1.717174969996178302e-01 4.216610473141201021e-02 3.416046351684070004e-01 -8.750354188095171848e-02 -1.439768628039165554e-01 1.123543362974463722e-01 1.841570868286442342e-01 8.435790240445135979e-02 -7.353994842375193020e-02
-6.831757979583842622e-02 9.779275716741597790e-02 -2.342035419650100314e-01 1.426157119269156337e-01 -8.182480749638421091e-02 5.752684577490493195e-02 2.017250726833529351e-01 4.831449340797525083e-01 -5.570221605655906183e-02 -9.935183610341678795e-02 -2.128248972018984553e-01 -1.649037622154964078e-02 1.131135576438392631e-01 6.417062364443096301e-02
-6.439491098657526558e-02 2.008110181707110919e-02 -1.494492973482370313e-01 -2.320293713751163944e-01 1.127812485232911888e-01 -2.847623266291232635e-03 -2.766648367098945571e-01 8.605194133839815240e-01 1.152588405405733929e-01 7.915876161449270088e-02 -1.354183265083835908e-01 4.904077322530206451e-02 2.611091246511080266e-01 -2.457706494813662879e-01
