2.789724689876656072e+01
2.317069510249122644e+01
2.963399024196946741e+01
2.963324100509838388e+01
2.736544015151843823e+01
2.963327153726567076e+01
2.548723792463725246e+01
2.963390550604047746e+01
2.963343925717818195e+01
2.722880255140238148e+01
2.963301673977407091e+01
2.963350485936298995e+01
2.963329354055610665e+01
2.963378930498846131e+01
2.047746641869156292e+01
2.963444487334798794e+01
2.963365219164795761e+01
2.963364842498786800e+01
2.456428786846828061e+01
2.963267995737687954e+01
2.405068675994926863e+01
2.963364607249388172e+01
2.792708503490919014e+01
2.492629530543174710e+01
2.963351554677658584e+01
2.963386593242096012e+01
2.963322168129329981e+01
2.963305963820155142e+01
2.963321127954872836e+01
2.963381428864358824e+01
2.963302263642010459e+01
2.963285784536795475e+01
2.963365234683810101e+01
2.198180644565996644e+01
2.305122105038041269e+01
2.400965372736374093e+01
2.468471342557844039e+01
2.963403810208292910e+01
2.963432819836733856e+01
2.590213303220112451e+01
2.260408119249942516e+01
2.122165420364437693e+01
2.963322699396238846e+01
2.963296889132720224e+01
1.966021680799855886e+01
2.963403085880301191e+01
2.963320790922967163e+01
2.410587621323730190e+01
2.963371237728744489e+01
2.963335143219019230e+01
