2.982648121094828042e+01
2.982601866983686989e+01
2.600365292310048204e+01
2.239326200734267402e+01
2.019649723161943911e+01
2.982658052116324399e+01
2.982608774572561217e+01
2.852271352525398385e+01
2.064887950911365166e+01
2.860000592235702399e+01
2.938259467231538835e+01
2.490601526172778790e+01
2.982591325368864332e+01
2.982666159209521695e+01
2.982652883308864489e+01
2.181860962100154921e+01
2.982661798309201018e+01
2.569849343865240598e+01
2.982629540664804324e+01
2.982640223377062583e+01
2.982615561150350914e+01
2.215240129991286011e+01
2.270318690747009072e+01
2.982585801200507092e+01
2.242727157202245181e+01
2.982623385547523398e+01
2.468497221842571321e+01
2.425977360185355636e+01
2.982689793621933205e+01
2.982633641425224624e+01
2.982665422295410096e+01
2.982617079326983855e+01
2.826000357676012342e+01
2.982651358614358728e+01
2.559395482727077464e+01
1.562605528611483763e+01
2.982617102889042826e+01
2.532434947027537575e+01
2.982620750828235856e+01
2.539513890664510143e+01
2.097490878565990258e+01
2.530642816466759015e+01
2.982622702772152223e+01
2.982644535890414872e+01
2.982582706973140674e+01
2.603449026023955071e+01
2.511687603199285235e+01
2.648658572915282150e+01
2.982566276749063761e+01
2.982628702580696967e+01
