-9.324822258016009224e-02 1.076469140078786801e-01 -1.458071549709618053e-01 -2.750912880053295317e-04 1.380725755110615710e-02 2.398384703704460608e-02 1.294725761508373763e-01 4.106581923447283344e-02 -4.930194555149591124e-02 -5.124331899024958670e-02 1.012766387354699787e-01
-1.251917186713692731e-01 1.112067648401624670e-01 -1.629463001818681200e-01 7.416259758803865794e-03 2.958018661011060924e-02 3.936035145821067255e-02 9.099791795452678855e-02 7.459469599134102569e-02 -4.018104931694325976e-02 -4.551140398789977476e-02 9.805161488086350241e-02
-5.298330025668155502e-02 8.473652265964520813e-02 -1.515738141212044643e-01 5.720996672842150813e-03 -2.505510811746556460e-02 3.948576131417637358e-02 1.411830175785832864e-01 -6.914970428924928011e-03 -3.663056614048147003e-02 -3.703382781965730564e-02 1.164426079951054183e-01
-5.282145568856596446e-02 1.526700040271437298e-01 -1.223901424515754649e-01 -2.557705553618411926e-02 -4.354373460386806033e-02 -2.994984584985065090e-02 7.074238796456693013e-02 -1.463819609868029052e-02 -8.606610335062188366e-02 1.634840857757862559e-02 2.126030523459947197e-01
-1.002490176240286579e-01 1.164955736947972526e-01 -1.377135023806339564e-01 8.530314119628731179e-03 -1.681545446449456832e-04 2.810763430104640595e-02 1.127837805650220154e-01 4.673777217695611330e-02 -7.053140110918448835e-02 -3.581597176020429735e-02 1.092002918971839293e-01
-1.263716195738369963e-01 1.159449325003006903e-01 -1.571510411196493096e-01 3.155147826291476070e-04 1.223264838097223341e-02 5.172102863870924050e-02 1.319603950222566491e-01 1.782475622942166632e-02 -3.686987072034599022e-02 -4.156292558470957299e-02 1.093335007801888720e-01
-4.744940384424582019e-02 5.539511040748851256e-02 -1.877025310520577250e-01 5.937122826685065774e-02 1.351072016373384803e-02 1.025155712266315189e-02 1.006567838325968522e-01 9.013571096333994337e-02 -9.385124917930908264e-03 -9.781576904820718510e-02 9.040903744170639134e-02
-2.105381574986292248e-01 1.544014730058898555e-01 3.822606343930473605e-03 2.422002702831747151e-02 -1.584655859262950883e-01 3.528913558913589210e-02 7.756442249706077541e-02 1.202686581977089886e-01 7.730369394673697325e-04 -1.250122239346412312e-01 1.550539270939926551e-01
-1.267671832074439564e-01 1.020729921511747268e-01 -1.513724169438471490e-01 8.060596958341770257e-03 1.124065377315086947e-02 5.117757847813519251e-02 1.138448301915855193e-01 8.078173498520015150e-02 -4.253117803345522058e-02 -3.674072178082690016e-02 6.761043276392048051e-02
-1.049365490120052202e-01 1.185723551135811904e-01 -1.501043216836204508e-01 1.442473085244607052e-03 1.311708277076024595e-02 2.565405951491019770e-02 1.304225102795087687e-01 4.104666529099159494e-02 -5.782278875151393438e-02 -3.744291187622543482e-02 9.742874460430563099e-02
-8.735784008631629349e-02 8.462602966701605889e-02 -1.405562763514617841e-01 9.832833606930449499e-03 2.178668039376093976e-02 -9.977400145643631688e-03 7.740975875226994984e-02 6.640583882563730334e-02 -3.579281455961614428e-02 -4.612072704957782820e-02 1.371212362829392906e-01
-9.821309403533035054e-02 1.141749177208139648e-01 -1.464489055652853922e-01 -1.759134362197634777e-02 -7.340862759439570340e-04 4.971744129019967096e-02 1.377439438127411320e-01 2.119070587434909378e-02 -4.410790665098276997e-02 -4.567802627584879871e-02 1.073236730632017855e-01
-1.003955484911006613e-01 1.345512752001130352e-01 -1.489245973342611107e-01 -2.412814125255562103e-03 -8.166121398314884691e-03 1.702761461725972938e-02 1.302781019950404184e-01 5.516817704441754483e-02 -5.560401299624818244e-02 -4.844118587855912594e-02 1.042964307028461934e-01
-1.078064296292792767e-01 1.332510561854639841e-01 -1.758474321284178854e-01 2.762602389541659112e-02 -1.217873830133567661e-02 4.687819567325463704e-02 8.847165696616113295e-02 1.433720830927807770e-02 -4.083036265592339398e-02 -2.345129121940886519e-02 1.269274322407280275e-01
-1.341626787136620813e-01 3.830506898736681098e-02 -1.006450838264283248e-01 3.039065863326580186e-02 -2.342625333108040372e-02 9.508485148764488082e-02 2.284589435858593309e-01 2.876616210770323312e-02 -1.566783903313674620e-01 1.232368245645082232e-02 5.896035828018526131e-02
-9.812462197190063851e-02 8.995930669065807517e-02 -1.616418095398573784e-01 1.892422168225329354e-02 -1.768260639869070200e-02 5.738045562180821985e-02 1.100117977627896315e-01 2.714068786761328692e-02 -2.618053182225077782e-02 -2.140297404912010204e-02 9.899339349263436283e-02
-9.749740523443571616e-02 1.163193216249457096e-01 -1.483202213914111001e-01 6.673875442527326535e-03 9.468114591744391031e-03 3.223195135447160659e-02 1.343639225506821633e-01 4.121576587749961607e-02 -4.908809267711651547e-02 -4.946332118602789207e-02 8.147340838305687505e-02
-7.436032037055873012e-02 1.154038451336304172e-01 -1.811739155285888581e-01 -8.574943639639548421e-02 5.977972118585497818e-02 9.820880508218736427e-02 1.185602227805661150e-02 6.562899101370706090e-02 -5.749196949160096520e-02 -6.355812144335759584e-02 1.888336978730020821e-01
-9.909266891909453145e-02 1.104832973928993600e-01 -1.387552801519977563e-01 -2.520692587110826693e-03 5.433610132684287344e-03 2.249514675736441829e-02 1.184489419617554967e-01 3.066787934194803791e-02 -5.945933766237809781e-02 -2.004909743315369530e-02 1.097255205030216452e-01
-1.217398504533758752e-01 1.313122943822938871e-01 -1.475980605608626095e-01 1.549334664661213348e-02 -1.166055003705733679e-02 4.778210948103388256e-02 1.157769986353652802e-01 3.751742215687736692e-02 -3.708192134702303910e-02 -3.886674338181934224e-02 8.644227381389428533e-02
-1.715416118899510678e-01 2.247417651403081917e-01 -1.716646296614793565e-01 -1.143037379766136119e-01 -1.263809306560783330e-01 1.792798287669248036e-01 1.553878821781783937e-01 1.021812707523443164e-01 4.798031850803842480e-02 -1.012442688951867703e-01 5.294143306945051086e-02
-1.008092743201286223e-01 1.257562808553543410e-01 -1.495180182266624414e-01 -4.105186655538115362e-03 9.803079150049397519e-03 3.093738493548797014e-02 1.306627300096989130e-01 3.468831783601257490e-02 -5.637797003031978088e-02 -4.229357043491238644e-02 9.863354621689572610e-02
-1.101268746739524212e-01 1.150483996955902477e-01 -1.562446122921681557e-01 -6.296726441471589553e-02 1.914410115106434870e-02 7.991531776775158413e-02 1.515680591128879540e-01 5.112196438568805679e-02 -3.837504132728707107e-02 -6.453135195035497595e-02 9.282462188143306148e-02
-2.268910776836701448e-01 1.217898663314379709e-01 1.466455068225781116e-02 6.198842618705582147e-02 -4.557408416697120157e-02 5.130472535427606229e-02 6.408874430544345135e-02 -1.512168568932225655e-02 -1.167008120178802261e-01 4.037145682324213419e-02 1.274572092100669241e-01
-1.393131103038281471e-01 1.152237698452683173e-01 -1.461445062235560699e-01 1.497548914622734558e-04 5.115258104814554563e-02 9.018908650120546766e-03 1.466327509611412283e-01 7.665370187753109410e-02 -3.520299099028585676e-02 -5.384908693005464875e-02 5.305554650999459027e-02
-9.605904884863759874e-02 1.224490142182198676e-01 -1.626681752211789622e-01 5.679285582413144684e-03 -1.240571005656919065e-02 1.386799055773477174e-02 1.325254787637641929e-01 5.449380415818110696e-02 -4.265083717001805219e-02 -2.746202309373941761e-02 8.960754044576589583e-02
-1.006409703530989075e-01 1.238159963559196663e-01 -1.266652748024973407e-01 -3.296902751793132948e-03 6.466228507201087633e-03 8.712032967559735219e-03 1.340821436374449172e-01 2.562079196667833153e-02 -5.619749905813799240e-02 -3.500327791543356160e-02 1.004840507820936313e-01
-1.759221362656860355e-01 3.045523680498946617e-01 -2.686761858699358574e-01 -1.490167115807164711e-01 9.095574055677463354e-02 1.241728235234197120e-01 8.524061690414876102e-02 -1.700335770451088524e-01 7.853504286582382865e-02 1.385156209175950337e-01 1.905371727972870674e-02
-1.476032371662600040e-01 1.248558722467351806e-01 -1.381384465761760216e-01 1.653052119362439717e-02 -3.904693992552191358e-03 5.296325611530319083e-02 9.711350807721261247e-02 1.174569901556267310e-01 -9.015145605729021905e-02 -3.219660573713960250e-02 8.045161107685230850e-02
-9.694638702581034884e-02 9.278432671719007152e-02 -1.209350757924430864e-01 2.179306724194077748e-03 4.899913259049364957e-03 4.405364016182814618e-02 1.158020509618186700e-01 5.162193066930848007e-02 -6.068079027238485607e-02 -4.679238222383357015e-02 9.139078615702037056e-02
-1.090909604157285773e-01 1.158619046586993745e-01 -1.467856099650700630e-01 9.975746869795614619e-03 -6.014269562098819785e-03 3.215164524862151874e-02 1.167256203395276581e-01 4.578951546246071147e-02 -4.925587010850861897e-02 -3.724168760676473122e-02 1.052612844150033755e-01
-7.466940930929361064e-02 1.167926470472707146e-01 -1.883914340222001826e-01 3.169947594485462983e-02 -4.267649430941751476e-02 -3.925539903435492674e-04 1.626666161870909122e-01 2.296581676905205122e-02 -4.260818584522099717e-02 2.130522073547711642e-02 7.068562012866874689e-02
-1.007509761638546719e-01 1.147264328232020097e-01 -1.503870159888247293e-01 8.577969703378728050e-03 -4.154521857747527948e-03 2.054297210204833121e-02 1.351972840223885086e-01 5.102103073902591879e-02 -2.844920397963320025e-02 -4.666790383643081019e-02 7.772125177238535521e-02
-1.254234722519777800e-01 1.220910201944863105e-01 -1.176531034078188015e-01 8.087558076986923680e-03 3.658523046937303680e-02 1.836777857342271336e-02 9.605692329769445481e-02 2.698068377131638412e-02 -9.775302540526159545e-02 2.019954034170553560e-03 1.080177719835438144e-01
-8.536612927885256497e-02 2.072294054278444320e-01 -1.866818128292427603e-01 -4.278386971092465463e-02 8.237086873718520164e-02 -5.049440706899551573e-02 9.830457934180215906e-02 8.624035766032555478e-03 -1.589365972413285255e-01 1.522389366207480346e-02 1.898873525303415855e-01
-1.786552386692641659e-01 9.944151542518205045e-02 -2.279130731977636881e-01 4.553220039741615564e-03 -3.905676561021946547e-02 1.078197818679365594e-01 2.992536556073790432e-01 1.546939586807151157e-01 -1.190699174960988954e-01 -7.473138519739175312e-02 5.104156788572141584e-02
-1.283405047064925530e-01 1.066665739477695302e-01 -1.269011824401691246e-01 1.311112420071003024e-02 -5.486954350198400276e-03 2.833816392853183430e-04 1.274927979412374957e-01 8.652452193386905854e-02 -7.874710423842137819e-02 7.540458886294912344e-03 7.523420652205364823e-02
-8.547199969448078527e-02 1.003488628640959585e-01 -1.377504413984531051e-01 -6.764217335602849650e-04 1.012561359348340684e-02 3.197311743270776774e-02 1.125429045934681072e-01 2.805744433872383453e-02 -5.405412149964142210e-02 -2.785060374573073913e-02 1.001329645853251127e-01
-9.549085501741892690e-02 1.260365814052745448e-01 -1.518571020794434734e-01 -6.667951045979813793e-03 7.475975851661803735e-03 5.080378062461298611e-02 1.212567489244887470e-01 4.622189696282394400e-02 -5.270524282957522039e-02 -6.217986351794814459e-02 9.448335005743947745e-02
-1.287913369076522929e-01 1.465938854087698584e-01 -1.201960867602429733e-01 -3.516164531965331602e-02 2.912049998644341414e-02 1.367686437188730258e-02 1.190184305219354616e-01 1.739050944367182341e-02 -3.118024870895481915e-02 -4.546015752961010681e-02 1.123666048293437136e-01
-9.806742353339102658e-02 1.063499309719766056e-01 -1.391922791636696632e-01 -4.590414930593345565e-04 3.841098980781407733e-03 1.685818612115525666e-02 1.271853070248754880e-01 5.083439039918673935e-02 -6.775498268366828003e-02 -2.512833278621106475e-02 1.029104654979600131e-01
-1.532099974968911815e-01 6.082326416547571141e-02 -2.966744403062237731e-02 -1.802606261576562147e-02 2.990843197008797097e-02 1.368087189644797419e-01 7.752641191598090564e-02 -1.221828440331006044e-01 1.699194780008305913e-02 -6.705179302617970960e-02 1.454566857223895393e-01
-1.083982059147829691e-01 1.187932104759348018e-01 -1.356748775073001179e-01 7.417553433895502334e-03 -1.075327309607666988e-02 5.648622764441033756e-03 1.321353155865403195e-01 4.149713722390402371e-02 -5.092073763240351908e-02 -2.850695564491344258e-02 1.061395296466978444e-01
8.095028689525111260e-03 1.241356484002567075e-02 -1.269780518477114095e-01 -1.410812898856564357e-01 4.972801913823918923e-02 6.748835782553765095e-02 1.518164672189421804e-01 1.920874293645126463e-02 -1.106689794624827472e-01 5.109750351886228892e-02 9.625795636420458878e-02
-9.393052809338320319e-02 1.143503587860746074e-01 -1.415226087128049759e-01 -4.153734940475325293e-03 -1.228020343886445688e-02 4.633327628474866178e-02 1.428473233903389261e-01 3.738968496357940319e-02 -6.083009800641706738e-02 -4.533109275230631091e-02 9.450494185544613956e-02
-1.136387023189660422e-01 9.224139844296622148e-02 -1.046735298024909916e-01 1.061334283855451671e-01 -5.388592103411419393e-02 4.956569125843803686e-02 2.234828978490429469e-02 -5.810896785400364306e-02 3.113504881218260439e-02 -4.195237098293889966e-02 1.482129546444144186e-01
-9.742876074360999616e-02 1.150736406290358699e-01 -1.385457698974199570e-01 1.569556512701088952e-02 -1.754088333923153886e-06 1.614298260793829709e-02 1.226460276294059071e-01 3.741627846175193950e-02 -3.997647956121833102e-02 -5.040971691987009007e-02 9.676530609124583959e-02
-3.839640312351104250e-03 2.064698613318436196e-02 -1.955192190438777011e-01 3.208323376420552098e-02 -3.999719150373495097e-02 -1.234387835014819947e-02 1.133633878462439876e-01 1.289995421195497260e-01 -4.782564381584718943e-02 4.150907319312494015e-02 4.030066930558601906e-02
-1.259276038443975232e-01 1.044489218099085015e-01 -1.652888915076239085e-01 5.214767650992980369e-02 3.290422712854645937e-02 5.880853544036045849e-02 1.018308159881724240e-01 6.037133161556001298e-02 -7.196628386306998248e-02 -6.345782981807823742e-02 9.350641987663013688e-02
-1.145404762445009494e-01 1.034247351907121859e-01 -1.421133589553391363e-01 1.521878748004742814e-02 2.588930078705978070e-03 4.951731237984077078e-02 1.059673454707796836e-01 6.349289404954946980e-02 -5.814094603916826476e-02 -4.290012245570045540e-02 9.486221838101178971e-02
