-3.948360318873895825e-01 -4.339327426126746157e-02 -6.124641074133408553e-02 -3.344837053640835611e-01 -7.246862918398087883e-02 -6.468516119489002569e-02 4.226559432200621691e-01 -6.742212620441334625e-02 9.325778737955806585e-01 -5.562286788604723364e-01 3.187175938706656164e-01
-1.270474250839222496e-01 1.246090966503362735e-01 -1.114599344002680237e-01 -2.585904032160192267e-01 1.329111980920008595e-02 1.326215418212334761e-02 -4.770155287769103913e-01 5.229844712230867776e-01 1.429005430685985345e-01 -2.634936999576037442e-01 4.997469996898545319e-01
-4.703981866671643752e-01 -1.085848122224511159e-01 -3.110347328204889905e-01 -2.139523355667559690e-01 -3.199953873417116235e-02 -1.146413740844064166e-02 -8.841340358739144256e-02 9.115865964126061982e-01 1.484012448136635465e+00 -1.041262082518351173e+00 -3.930242183555027885e-02
-1.589727735108396323e-01 7.665263490833718052e-02 4.388730751338230235e-02 -2.566536912129167014e-01 -4.077469479912963768e-03 -3.427414212585499359e-02 -1.110635917942093265e+00 -8.585997736036962147e-01 1.021039257695816493e+00 1.009724527719552123e+00 3.510974332267007836e-01
-1.050342931492142390e-01 1.040838257162493563e-01 -1.349422485300868224e-01 -4.134341022522684539e-01 -2.164695578612265553e-02 3.166996888298809210e-02 3.065704002639127457e-01 -2.386141706123797168e-01 7.613858293876181182e-01 -3.388976397504374072e-01 1.280467790182160948e-01
-2.163020173847647332e-01 2.702410767361374672e-02 -9.340663930721518349e-02 -2.594495601153624098e-01 -2.528289023012978212e-03 8.155867247319417354e-03 -4.412104082470370003e-01 5.587895917529654977e-01 1.416287691435572094e-01 -1.344391688276195818e-01 4.909251402760320682e-01
-3.207416728654432364e-02 8.790705302890951256e-02 9.377043808503901512e-02 -3.953221383320106308e-01 1.974241671887101354e-03 8.538756900227356672e-02 -1.073509771842119154e+00 -7.350977184212623139e-02 9.264902281578710763e-01 -4.338389461270309583e-02 5.014576071579991412e-01
-7.378623024043477752e-02 1.009691011143984823e-01 -1.038809194733052860e-01 -4.257838338194468442e-01 -9.745437322583247464e-04 4.186267939387851994e-02 -9.861423236543451765e-01 -9.349173894207593039e-01 1.073986732243836117e+00 1.004953516940390923e+00 3.829006038365224129e-01
-2.509263584673991354e-01 -2.526674228109578382e-02 -1.732666471647426737e-02 -3.768997403402993829e-01 1.780181471392666692e-02 7.293326082419192280e-02 -1.389081132316295486e+00 -3.890811323162932656e-01 6.109188676837074006e-01 1.610918867683704958e+00 2.151963527208031746e-01
-4.851685201160697014e-01 -2.109763139505859975e-01 -8.863510712105411582e-02 -2.800262970024099962e-01 2.194022806196983463e-02 -3.427959133749857931e-03 -7.198962595970851419e-01 1.159229297709153617e+00 1.280103740402910528e+00 -7.896633268260428995e-01 1.957079107614393410e-01
-2.176864930801051534e-01 9.145952988646587067e-02 -1.158489541967668568e-01 -3.566905066609104002e-01 -2.816063019305881272e-03 7.691822714153338097e-03 -8.665051962535946783e-01 1.334948037464018245e-01 1.133494803746406987e+00 -1.060471143309069941e-01 3.786407606366400391e-01
-3.871123323852063702e-01 -1.156935254447265075e-02 -1.259432235768506991e-01 -1.982982460663512969e-01 4.924338454861262697e-03 -6.089051106437057964e-02 -8.836370422876477226e-01 9.632479734357557444e-01 1.116362957712351056e+00 -5.770474733300228198e-01 2.391503048404317044e-01
-1.153231420593874984e-01 5.897669925124293666e-02 9.922020401550182139e-03 -2.501988774301997509e-01 -1.333454372285895577e-02 -1.589467025907313757e-02 -2.135774357831936587e-01 2.300047958637586598e-01 -5.557395972491772085e-01 4.442604027508196829e-01 5.000917414249943516e-01
-4.880591340513165122e-01 -9.687814834936525621e-02 -1.955903262746435112e-01 -5.333964475400910787e-01 -4.178867217555311264e-02 4.957110205524949131e-02 -4.428587523449792340e-01 6.968327916837709912e-01 1.557141247655021044e+00 -5.258810879845422503e-01 1.000948205149258252e-01
-8.750934817556896284e-02 5.155075463888303400e-02 -9.326632951888881584e-02 -4.360876561929871165e-01 -2.142845076517320251e-03 4.023086963291958029e-02 -4.883743050587517620e-02 1.224101481142857509e-02 -3.154540015124119301e-01 6.845459984875841286e-01 2.739163665999109765e-01
1.643831399782785113e-03 1.428015347692296044e-01 -8.840336968029338660e-02 -4.181829246877853956e-01 -2.420667252205100598e-03 4.521561917764885252e-02 -9.876850677674060552e-01 -9.762527098084000654e-01 1.102542691932203001e+00 9.335200691173164422e-01 3.264083859883850636e-01
-5.477814342444433174e-03 9.779083864984922103e-02 2.851309478923170701e-02 -3.938063832987361290e-01 6.610372687691244004e-03 6.995404721054022945e-02 -1.037872772133803467e+00 -3.787277213380461222e-02 9.621272278661920918e-01 -4.103817545182189552e-02 4.302597293455826533e-01
-7.417330165353969162e-02 1.182793171532889043e-01 -9.355801449110121015e-02 -2.380564707428701465e-01 1.310029041523537788e-02 3.493332802360358397e-02 -4.700039100649207047e-01 5.299960899350781851e-01 -3.781940621442512161e-03 -1.139374593632033750e-01 3.763894645983480447e-01
-1.122665729117202776e-01 7.653548822601929924e-02 4.964901882888370088e-02 -2.859371752874442230e-01 -1.522315152992013629e-02 -2.104535474269728090e-02 -1.179024323401429486e+00 -9.019332758899201163e-01 1.120143068187772872e+00 7.988995724353787908e-01 5.493900992735538669e-01
-5.516963876190753707e-02 8.909117378509304186e-02 -1.030188615521361595e-01 -4.332195004971398644e-01 1.666169500435557907e-03 3.711360010933330289e-02 -9.742641625320108689e-01 -9.123387159525899737e-01 1.077465119765063095e+00 1.035932829610667794e+00 3.159293797136668025e-01
-2.453869227145709930e-01 1.771609456152111600e-02 -9.306549984484631388e-02 -2.592071615156898434e-01 -1.097646091095666118e-02 4.721204220951379787e-02 -4.454347345590756180e-01 5.545652654409298776e-01 1.423111371409734871e-01 -7.137966253255147164e-02 4.428332959132291746e-01
-6.228758460243968287e-01 -3.188157013474214874e-01 -1.158892368944196977e-01 -2.053923702101918547e-01 3.321251652306742800e-03 2.037904112945081864e-02 1.488282363367549599e-01 1.148828236336753461e+00 9.017335346756742975e-01 -9.274277451676226081e-01 4.649799270158909426e-02
3.614312578437345325e-02 5.235898882670038390e-02 4.717430320290139784e-02 -4.243600421882955387e-01 3.480695909474181005e-02 2.385886748477308861e-02 -1.573257943353229660e+00 -5.732579433532262181e-01 4.267420566467720611e-01 1.426742056646775891e+00 6.022369643961894559e-01
-2.557719035603112090e-01 6.079454753048562504e-02 -7.899891252137974940e-02 -3.455506533438962302e-01 -3.937233068532267587e-03 5.620818360991199254e-03 -8.824474517360785253e-01 1.175525482639174085e-01 1.117552548263921253e+00 -1.124783649770230570e-01 4.568514499763815517e-01
-3.476363776353675883e-01 -2.265995712058533895e-01 -8.863054940302117490e-02 -5.171922692790419385e-01 -4.296396675340264509e-02 3.655429857604267085e-02 -5.120368401219146381e-01 1.072969333871299558e+00 1.487963159878091801e+00 -7.349087986769018421e-01 -4.833102606145401464e-02
-3.662097271092263906e-01 -2.273603751075371771e-01 -1.269519242213111854e-01 -5.351878273958267096e-01 -1.929340772178328445e-02 3.826490770323386775e-02 -4.836112830074847380e-01 1.094461910348975442e+00 1.516388716992516539e+00 -7.431402753680701467e-01 -6.817332192501104893e-02
-4.188903128574521517e-01 -2.703260318907406701e-01 -1.580156844501108548e-01 -2.385927130412388020e-01 -3.205357139976672265e-02 -3.527413645288995925e-02 -2.252457386532741995e-02 9.774754261346769724e-01 1.439538068536925230e+00 -1.107429875858561008e+00 -5.471920166703723998e-02
-1.378481123163276811e-01 2.556581135766395826e-02 2.294895571242685020e-02 -4.680002063494811959e-01 -1.491058122120672048e-03 7.535022406421543195e-02 -5.696700413912397787e-01 4.303299586087597217e-01 8.141719422369093906e-02 6.772715098675174961e-02 5.528575164141376064e-01
-3.233098659129333696e-01 -1.531047711992109817e-01 7.721554681521522467e-02 -3.262378687522471954e-01 -1.646767622364665382e-03 -2.908365253841011661e-02 5.670458197431353931e-01 -1.411388514476337452e-01 8.588611485523683919e-01 -6.553138842582691970e-01 2.059005398088275263e-01
-1.491999213597557938e-01 4.845690371693632537e-02 1.001022339350869997e-02 -2.248962857343406174e-01 -5.670004833356746647e-03 -3.375080769497171285e-02 -1.113086503408390104e+00 -8.627656387524103021e-01 1.010082303974705997e+00 1.014065931311182389e+00 3.859411925753687411e-01
-2.620524421404787363e-01 6.452546643558133843e-02 -7.916347597718581541e-02 -3.509722019654800129e-01 -1.582774902933997002e-03 1.355358678232822592e-02 -8.973462767111660687e-01 1.026537232888197898e-01 1.102653723288830490e+00 -1.171689652263054188e-01 5.040870303164675104e-01
-4.831794734470834518e-01 -2.680047508963346869e-01 -2.718896642142634712e-02 -1.582867019575513179e-01 -3.298853792484253422e-02 1.222457893335895593e-02 -7.756234910354650181e-01 1.155814698702538168e+00 1.224376508964526877e+00 -7.646625525370526200e-01 1.967060808078081313e-01
-1.753219944287015331e+00 -1.523056212936025444e+00 -8.981456634244697201e-02 -4.792280128127263117e-01 -1.270363336322967961e-02 1.920328769655118076e-02 1.069193586296228959e+00 -5.147909608798830750e-01 8.225366465543000327e-01 3.731865859901166260e+00 -1.190798656638443642e+00
-6.223247803565922220e-01 -4.377770505786600097e-01 2.647992610633153124e-02 -4.643387224419665560e-01 -1.530162485965159622e-02 9.348202659183428576e-02 -9.133557773550586567e-02 9.086644222644948421e-01 1.488876838511076439e+00 -8.486997028012293054e-01 4.146163848834377719e-02
6.387940475952655697e-03 1.405121333727662181e-01 -9.519150278593449532e-02 -3.531750440494420551e-01 -4.866292714709470786e-03 8.163081193185428575e-05 -3.262441652028191114e-02 -1.023582635123539308e+00 -2.358263512354325658e-02 9.764173648764556956e-01 4.888108499688211817e-01
-9.795428367310361761e-02 1.306987733732346002e-01 -1.124098714068082622e-01 -1.925571264440325836e-01 -8.285529760594068441e-03 4.811967598208998290e-03 -8.600885686697691546e-02 1.597211956078318784e-01 -5.685872333239373466e-01 4.314127666760667612e-01 4.183455914085874028e-01
-6.029435576720267864e-01 -1.009590115254286879e-01 -2.861449701154392677e-01 -2.470236783406545289e-01 -7.505880535938030951e-02 9.722696094067839745e-03 1.813488164082285026e-01 1.181348816408223756e+00 8.542933888824868482e-01 -8.500778708241873982e-01 1.468156923258496019e-02
-4.481747917666870779e-03 1.020597291472402912e-01 -2.470679711217983396e-02 -4.015634678077911746e-01 1.984542324699088006e-02 3.313974483175196467e-02 -1.560151030508301284e+00 -5.601510305082988417e-01 4.398489694917023796e-01 1.439848969491709818e+00 5.954986308333203304e-01
-5.115885283650525306e-01 -3.349891603568476706e-01 -6.521116996115077988e-03 -5.232571614489799350e-01 -4.194344864653556243e-04 5.890183724100454821e-02 1.504662620231406456e-01 1.150466262023140063e+00 1.043775714825794898e+00 -9.260929737760685843e-01 -2.155430749507415006e-02
-2.586658940314112698e-02 7.427803063910504155e-02 7.464514043238031082e-02 -3.906037776997313138e-01 1.373552739950109798e-02 7.667388145786734055e-02 -1.076148268719602230e+00 -7.614826871960028720e-02 9.238517312803905535e-01 -4.519662984346314166e-02 5.299666163647697159e-01
-4.182645840255183600e-03 1.194315850364545406e-01 5.862640343505516258e-03 -3.998581926622693516e-01 -1.277074110338198218e-03 7.461634055537276489e-02 -1.041057857438259848e+00 -4.105785743825722534e-02 9.589421425617477013e-01 -4.723087454282601239e-02 4.549991867236011234e-01
-4.754096405761917055e+00 4.645215431075204460e-02 6.632957276378889655e-02 -3.167245889611539633e-01 -1.074021347604274881e-03 -2.589448011341752287e-02 -2.723208690180574654e-01 -4.637210977193839678e-01 5.362789022806120354e-01 1.805463251679224890e-02 5.245903594238065182e+00
-2.081304600255432236e-01 -2.397482235468689077e-03 -8.248859609131989346e-02 -4.609517176277727057e-01 -4.780069653261363911e-03 3.696122460216440253e-02 -8.821674506083996281e-01 -8.988949952669421650e-01 1.195959670567556810e+00 1.022977214276734825e+00 3.631000552507271939e-01
-7.810517276152359467e-02 9.518487751074866665e-02 -5.372041737504978237e-02 -4.656102763741765127e-01 -2.478403576086557134e-02 6.454470642881932063e-02 -1.010871248781475051e+00 -9.207184278860094384e-01 1.230307656842464015e+00 8.381026081935673000e-01 4.048571231519783598e-01
-5.485193119991713800e-02 7.300072612602996613e-02 6.152361020035942291e-02 -4.296404612534854839e-01 -3.368506876449907719e-03 8.463116646186720493e-02 -5.482694839691435451e-01 4.517305160308507372e-01 7.301866807518279934e-02 -9.308910619721200153e-02 4.645021957903947007e-01
-1.300213872787642742e-02 1.271693394608426897e-01 -3.057365080288612647e-02 -3.778022260443746339e-01 -5.928060607408678663e-03 7.936102065989317222e-02 -1.574034522021312110e+00 -5.740345220213053379e-01 4.259654779786980483e-01 1.425965477978696105e+00 5.961011973355107019e-01
-5.615176084943836882e-02 1.522184032499348250e-01 -4.689044039255402946e-02 -3.567683689672835334e-01 -5.309060625997339897e-03 -1.109142002431055471e-02 -2.566953931188826338e-02 -1.016132946056604203e+00 -1.613294605660916398e-02 9.838670539433935769e-01 4.772484182798325536e-01
-1.497738247620381824e-01 3.334496931812702680e-02 -2.593237730104550401e-02 -3.999940497006179707e-01 -8.090791048834495430e-03 7.371694084958246851e-02 -5.225124219710747253e-01 4.774875780289199456e-01 6.232694258002889620e-02 8.055498542100236747e-02 4.580594417744275337e-01
-1.001492050497698183e-01 5.820841520798440694e-02 5.966796573755032973e-02 -3.184081858600348314e-01 1.058041953780953191e-02 1.597173884624438628e-02 -2.581263463771921729e-01 1.582657832238737461e-01 -4.768834001912298781e-01 5.231165998087757840e-01 4.069436083044645214e-01
3.806458285367780858e-02 1.103761386832522451e-01 3.071235048095426190e-02 -3.917735283883830855e-01 -6.016703168325678898e-05 1.305151319651267489e-02 -1.585757158765621844e+00 -5.857571587656132950e-01 4.142428412343867605e-01 1.414242841234383041e+00 6.218451384566097140e-01
