1.214144633188044969e-01
3.355016739478229315e-01
1.217933823862468457e-01
1.617426316566743238e-01
1.171053015599696490e-01
1.674467825400887677e-01
2.007991572364885846e-01
1.952345692308789515e-01
2.430104977886231032e-01
1.293989516303521159e-01
1.895224207955839013e-01
2.437364278800797646e-01
1.935022716851318991e-01
3.131267571510692460e-01
1.446282877510444431e-01
2.559205155509644558e-01
1.518547910882374341e-01
1.261926139126398894e-01
2.157399684750437863e-01
2.890082271188148533e-01
1.608473465429208771e-01
2.710042851890795967e-01
2.101448670595959523e-01
3.638942848118531526e-01
2.762036742718357307e-01
1.763948837965297611e-01
1.613787285885198985e-01
2.652038467337534122e-01
1.852708080670163737e-01
3.314894990244680040e-01
2.109667773571748395e-01
3.503082980252599787e-01
3.174332821042424313e-01
2.815280401074549133e-01
5.228590258445600103e-01
2.130360008173586561e-01
1.332060816155635485e-01
2.877653697625434659e-01
1.432902359513529567e-01
2.260985998928462526e-01
1.423844535971492131e-01
3.918947215431571318e-01
1.201739126600031154e-01
3.112266652121008503e-01
2.057015336131027827e-01
1.581266048187190687e-01
2.843873904914542283e-01
3.868473188671414098e-01
3.381475536078593080e-01
3.357513104898380285e-01
