-5.603606656064641367e-02 2.340641252216102419e-02 2.144483626277192412e-02 -1.599100727857585558e-01 8.756752761868540069e-02 -8.606462115136444269e-02 -2.773244374244082877e+00 -1.768947616993403082e+00 -7.689476169933924243e-01 2.267556257559239508e-01 2.598582931495248882e+00 8.592263377177800088e-01 1.859226337717805766e+00 -8.279112192130368142e-02
-2.376347390716159608e-02 -7.741890847023600100e-03 1.427247799102376695e-03 1.808020609574095133e-02 -8.993742623543292403e-03 5.396684974130380209e-03 -2.499625303455272896e+00 -1.499625303455281111e+00 -4.996253034552785022e-01 5.003746965447162243e-01 1.500374696544713116e+00 2.500374696544719555e+00 -6.338993725051039405e-03 -4.569859408567501780e-05
-9.529686505610038827e-01 -3.683329863912680052e-02 -2.026560872062855082e-02 -1.956622631248174787e-02 -7.053259901741214255e-02 -5.755513619694629240e-02 -2.266319798098457738e+00 -1.700725513818702961e+00 -7.007255138186914145e-01 2.992744861813113610e-01 2.287613165347995636e+00 1.745340997646721348e+00 2.745340997646719572e+00 -1.271808783198872028e+00
-5.829841212042496945e-01 -1.634931354367729350e-01 -1.443953000648448004e-01 -7.682907180811915371e-02 1.968343311896721126e-02 2.037881512077520940e-01 -2.287685198203149195e+00 -9.895198171129927500e-01 -2.876851982031470301e-01 7.123148017968590207e-01 2.010480182887005807e+00 2.712314801796849917e+00 -8.359050060904781310e-01 -3.098160042432542283e-01
-2.529531782402251808e-02 -4.124936582832998064e-03 -5.987207766780435619e-04 -1.042486542305868374e-02 3.253783336198776827e-03 -1.700558693437852209e-02 -9.874030758999307045e-01 1.259692410006646966e-02 1.012596924100068296e+00 -1.099934589736098825e-03 -1.001243310443731049e+00 -1.243310443727320587e-03 9.987566895562718372e-01 1.503256265915689331e-03
-5.447476107250507349e-01 -5.332275424724368662e-01 1.115833388701145158e-02 -4.333472213778759297e-02 -4.421339145929130410e-02 3.461149463995135539e-02 -1.875718407773816487e+00 -8.757184077738026096e-01 1.242815922262003464e-01 1.124281592226195503e+00 1.085865949995983737e+00 3.124281592226191062e+00 -1.069230383552025154e+00 -5.380215708668971697e-01
-3.051558434906906925e-01 3.528952683093647402e-02 -3.701002325236515955e-02 -8.785689384561592985e-02 -1.409574010634086771e-01 -4.350643249351723862e-02 -2.312535507652431654e+00 -1.312535507652428546e+00 -2.179294193350823639e-01 7.820705806649218550e-01 1.687464492347568346e+00 2.687464492347567901e+00 -5.052121497437462860e-01 -2.493213952212847140e-01
-6.996456484891933059e-01 -1.501541293767992835e-01 -7.913846894258325104e-02 -8.911636717971277433e-02 2.589505445832570585e-01 -1.251723627510377690e-01 -1.801037320138865860e+00 -8.010373201388661935e-01 -7.938981847146230342e-01 1.198962679861126812e+00 2.198962679861123704e+00 2.206101815285374190e+00 -6.755074415583373071e-01 -6.680019578604377006e-01
-2.292881917281316406e-01 -1.218458959054730811e-01 -9.456477518160752438e-02 1.106732597470105328e-01 1.169243102632707976e-01 -6.877361866392767142e-02 -8.552517744547771805e-01 1.447482255452277045e-01 1.144748225545234144e+00 -8.907330408374105613e-01 1.092669591625810011e-01 1.109266959162586108e+00 -3.505702057845831443e-01 -1.443319184295738800e-01
-5.578197676107781167e-01 -1.915994545031171059e-01 -2.312534549858444310e-01 2.240937333046683771e-02 -3.463744323169100359e-02 -8.398382244820183640e-02 -2.356962576374059370e+00 -5.845527716237726157e-01 -3.569625763740503221e-01 1.415447228376244482e+00 1.643037423625941296e+00 2.643037423625945959e+00 -8.656530673150727440e-01 -4.802379960515852919e-01
-3.549974111738407601e-02 1.210517856059595450e-02 -7.541886497573278836e-03 -1.518125311515976152e-03 4.021636776340469649e-03 -2.661089068216444808e-03 -2.496894284803044872e+00 -1.496894284803049313e+00 -4.968942848030650228e-01 5.031057151969361430e-01 1.503105715196935366e+00 2.503105715196953795e+00 -2.332881637077329016e-03 -4.938864446410581518e-03
-6.942949137342929039e-03 1.085751553565510522e-04 7.418070744904345371e-03 -5.648128077038724014e-03 -3.334527697787756286e-03 5.168548178292216300e-04 -6.304430137652990759e-04 -7.632323125088564392e-03 -2.001399445775009500e+00 -1.001399445775007058e+00 -1.399445775003025326e-03 9.986005542249964950e-01 1.998600554224996717e+00 3.410617648384051646e-03
-3.648849270184123528e-01 1.191095877469161152e-01 1.171117333349957490e-01 3.268298922591414413e-02 5.035821393726769291e-02 -1.059908046491845335e-01 -2.915615094269730090e+00 -1.000952944557288449e+00 -9.529445572782346829e-04 9.990470554427236527e-01 1.084384905730272353e+00 2.084384905730266357e+00 2.493273044184777798e-01 -3.677414620745151907e-01
-4.380195468391862579e-01 -4.105183094650112219e-01 -2.375613027626821347e-02 -1.741470309171500030e-01 3.315915809576319706e-02 3.263066102310743094e-02 -2.207185565919108861e+00 -1.207185565919098424e+00 -2.071855659191028654e-01 1.267036897055220601e+00 1.792814434080886699e+00 2.792814434080888919e+00 -8.682968796752301710e-01 -4.018924709652854643e-01
-1.036924709326167426e-02 -3.033281595101697259e-02 4.034857289285852244e-02 -1.079563162905069346e-02 -1.823189923515544653e-03 -5.968952886245139366e-03 -1.468069739866555201e+00 -4.680697398665477071e-01 -1.940382903045001717e+00 1.937933542317215041e+00 -3.463858843495177808e-01 6.536141156504849947e-01 1.653614115650493543e+00 -2.304372345991462234e-02
-1.080251814359963314e+00 -1.614808695506044223e-01 -1.508568550273313713e-01 -3.972977840587292586e-02 -1.647729467421844562e-01 3.303948165219437738e-02 -2.571016190827711601e+00 -1.695704285296392166e+00 -5.710161908277000542e-01 4.289838091722948943e-01 1.428983809172292618e+00 1.779759612254646850e+00 3.953519594466926801e+00 -1.209188857240169002e+00
-2.112061588741352747e+00 -1.149446238641672391e+00 -4.055982459228094084e-01 -4.863038503501055376e-01 -7.616993050497966600e-02 -7.654907802836358188e-02 -2.845630583670313740e+00 -1.260418377174304105e-01 8.739581622825682850e-01 1.543694163296913668e-01 1.154369416329696030e+00 1.648345054996729564e+00 5.379982469576571447e+00 -1.952954647497803675e+00
-3.413054219996517619e-02 -1.333137175376586381e-02 -4.844193659669462394e-03 2.294944690375071497e-03 -1.335380460321374495e-02 -6.258727122125813322e-03 -1.991892397973291207e+00 -9.918923979732904295e-01 8.107602026702968173e-03 1.008107602026702132e+00 2.008107602026704352e+00 -1.034344853914876501e-04 3.434586558817583762e-02 -2.488822814752175705e-02
-6.707407514687274697e-01 -3.953218776377457888e-01 -3.846308346931116007e-01 -4.985560225376842181e-04 1.640200168826072558e-02 -1.155684875074705631e-02 -1.114378424931827816e+00 -1.143784249318119117e-01 8.856215750681859511e-01 1.885621575068186839e+00 4.275746817050421478e-01 1.427574681705035653e+00 -1.324226164731024280e+00 -6.467941136267520985e-01
-2.889930596643609295e+00 -2.875866160147891204e+00 2.407987527219203339e-02 -7.362876454860237119e-03 -3.751646127681597040e-03 -1.327096148924748233e-02 -1.934148569189085176e+00 -9.341485691890847320e-01 6.585143081091592021e-02 2.878600340306726846e+00 1.848611592296521611e+00 2.848611592296515838e+00 3.848611592296522055e+00 -2.875618525597508857e+00
-2.274359398724493442e+00 -1.750722269258170982e+00 -2.724794770004272948e-01 -1.720175806873977253e-01 -3.035730841970373795e-01 -3.703338170112189381e-02 -2.079010466719544592e+00 -8.930740291918506379e-01 -7.901046671953812495e-02 9.209895332804654000e-01 2.106925970808147142e+00 1.380899578261280514e+00 5.647015828408878946e+00 -2.214282238118764568e+00
-3.572776003654900001e-01 -1.142901632389690669e-01 -1.455642412935819197e-01 -4.973327031116034358e-02 -8.627513929698377160e-03 4.494709220639880876e-05 -2.814163103770625174e+00 -6.484234706570118911e-01 3.515765293429928828e-01 1.351576529342989996e+00 1.185836896229365278e+00 2.185836896229370829e+00 -6.007671041595503691e-01 -3.557568120704128756e-01
-2.172607969081115364e-02 -2.457621860469128006e-02 2.357421422024283744e-02 2.191147603074452416e-02 -4.136559973166956811e-02 2.714063078883266478e-02 -1.796086968058127065e+00 -7.960869680581131869e-01 -1.801019401531321895e+00 -8.010194015313365501e-01 2.595456405574744885e+00 8.074383782730208958e-01 1.807438378273028778e+00 -2.081032751411785592e-02
-2.402258234762377417e-02 5.127618286583879477e-03 3.560355892243762671e-03 -1.559994108920707834e-03 6.822076149956187927e-03 -1.020878975808584693e-02 -1.002513257472685160e+00 -2.513257472680526308e-03 9.974867425273239441e-01 1.310642489835133623e-02 -9.982505730358488538e-01 1.749426964165561732e-03 1.001749426964162915e+00 -1.026509904651738345e-02
-2.296380804486969573e+00 -1.613790272430174477e-01 -2.217920571776523797e-01 -1.506343729217584082e-01 -2.597030640647101651e-01 1.826379828285906726e-01 -2.801700210576542283e+00 -5.361637154815447337e-01 4.638362845184464400e-01 1.982997894234628800e-01 2.507731220116676596e+00 2.154404856976627869e+00 3.154404856976620763e+00 -2.253293220447805556e+00
-2.345226682620125264e-02 -4.548566416015070897e-03 2.091443591005314601e-02 -5.399150372039147883e-03 -1.050666365602748002e-02 6.246220432823135216e-03 -2.499109175922081594e+00 -1.499109175922079373e+00 -4.991091759220823154e-01 5.008908240779136323e-01 1.500890824077914409e+00 2.500890824077911301e+00 2.814747176326486654e-03 -1.114518227599019945e-02
-1.295590062136329212e+00 3.912430354662186499e-02 4.758229076259092027e-02 -2.372235910636913414e-02 -5.781589516312239663e-02 -4.596804220802563901e-02 1.484821919925141120e-01 1.148482191992525214e+00 -1.737396236166124153e+00 -7.373962361661329235e-01 2.626037638338651892e-01 1.262603763833864523e+00 2.262603763833863191e+00 -1.293324920409316459e+00
-2.767418095159785096e+00 -1.067210612895435062e+00 -1.069936116856922137e+00 6.536835653945491376e-02 1.639053521418271098e-02 3.082543270040792593e-02 -5.257073009784938300e-01 -2.170519687631534023e+00 1.474292699021499065e+00 2.144674988986829067e+00 1.159098240925325873e+00 2.159098240925331869e+00 3.159098240925337642e+00 -2.627786403275773175e+00
-3.330624836683404588e-02 1.275004332906251592e-02 -9.878242987053298396e-02 -7.977502716325052257e-03 -1.095857824023981630e-01 1.077000873439323131e-01 -1.801133847981272629e+00 -8.011338479812650792e-01 -1.858372141719464521e+00 -8.583721417194611902e-01 1.416278582805340358e-01 2.631935907390944518e+00 2.708558335222559510e+00 -5.363977036905402673e-02
-1.511566649443645549e-01 -9.617083482572032216e-02 -6.211199334349862961e-02 -2.371919821399600531e-02 1.268919186722190784e-01 1.000165830468355554e-01 -1.898833631316273696e+00 -1.701775447207390712e+00 -7.017754472073829408e-01 2.982245527926176698e-01 2.101166368683729857e+00 2.298224552792612840e+00 -2.280162176290470855e-01 -8.069602285991597790e-02
-7.793915879897437726e+00 1.342275913828623601e-02 1.617699710524360401e-02 -5.616180174575231138e-02 5.088652846769300964e-02 -4.429730361317756743e-02 -2.876408708965355387e+00 -1.302097151333883485e+00 -3.020971513338689962e-01 1.235912910346476518e-01 1.123591291034641060e+00 1.615409408344276043e+00 4.206084120102559609e+00 5.206084120102555168e+00
1.376619182754598714e-03 6.430567542419898808e-03 -9.019457352037123232e-03 -5.856176580454341973e-03 -4.063264984336269203e-03 1.880729466762128335e-03 -1.000143284382400299e+00 -1.432843823946233774e-04 9.998567156175918180e-01 -4.244778101436582490e-04 -1.005566150154037164e+00 -5.566150154032112329e-03 9.944338498459598386e-01 7.072282584772854319e-03
-2.024126596609789747e-02 -5.870805043258726236e-03 1.195615083222998504e-02 1.592353798098862516e-03 -4.149331231910306089e-03 -6.927040551774473962e-04 -2.004033513782717435e+00 -1.004033513782700116e+00 -4.033513782700243883e-03 9.959664862172984412e-01 1.995966486217289892e+00 8.470190641756830674e-03 1.622456272048436454e-02 -6.853064342170610279e-03
-6.030288652702514574e-01 -5.559093903461004293e-01 -1.462916212533786342e-01 4.090187146590701373e-02 -1.622685771553600831e-01 -1.595804126457800454e-01 -1.377571878403640149e+00 -3.775718784036397047e-01 6.224281215963655134e-01 1.503132142878743638e-02 2.622428121596352746e+00 2.015031321428790712e+00 -1.208885824633207040e+00 -7.444437909644203710e-01
-2.441173345305814452e-02 -8.744308722110814835e-03 8.317944820628177249e-03 -6.987617363880402159e-03 1.230100305608185576e-02 -1.208013259414286202e-02 -2.227118288248318034e+00 -1.227118288248316480e+00 -2.271182882483130105e-01 -1.922216385833374730e+00 1.772881711751688405e+00 1.918234247780320256e+00 1.932428908465427364e+00 -8.100254722206247371e-03
-4.767240148635459168e-02 2.486403477556947336e-02 -5.279954781572847311e-02 2.312672253994422708e-02 -4.517354681183499698e-02 4.081906629918106988e-02 -2.613127636688713284e+00 -2.142044143015807478e+00 -1.142044143015806590e+00 -1.420441430158198015e-01 8.579558569841866378e-01 2.613850416747042438e+00 2.630978772970064217e+00 -2.642079002549778399e-02
-4.193013156523731078e-01 1.498586786293358286e-01 1.223595835780307145e-01 -9.078507595865661917e-02 -9.748012132631264648e-02 -9.439920498703485707e-02 -2.397726204854263798e+00 -1.283882497805067358e+00 -3.977262048542590800e-01 6.022737951457431960e-01 1.716117502194918876e+00 2.602273795145736646e+00 -1.185542464727771042e-02 -4.194587861680948992e-01
-2.084889596106580090e+00 -2.069663455071023339e+00 5.501687834726383397e-02 -8.109312866549567289e-02 1.348736895701928284e-02 2.030942509026052722e-02 -2.369315847186745039e+00 -1.369315847186735935e+00 5.283268673430255857e-01 6.306841528132598462e-01 1.630684152813256738e+00 1.541937773658411892e+00 5.617072664900964796e+00 -2.082972891266457793e+00
-3.255743319553766058e-01 -1.123214565045095731e-01 -1.305336878704013992e-01 1.808584587727760096e-02 -1.201439927737597141e-01 3.339344652907380584e-02 -1.375417513207287667e+00 -2.104728354002057156e+00 6.245824867927247670e-01 1.624582486792722769e+00 8.952716459979400687e-01 1.895271645997939514e+00 -6.265088804105253262e-01 -3.156908228233351599e-01
-2.097382119949083634e+00 -1.977881996157575317e+00 -8.455744863365355357e-02 -6.785986139754388025e-02 -1.891398760687218183e-01 -1.739661622278708963e-01 -9.266392487877630479e-01 7.336075121224037987e-02 -1.537196199740287872e+00 2.073360751212248942e+00 4.628038002597097966e-01 1.191731107138346291e+00 5.344433856411035855e+00 -2.110798834830654336e+00
-1.796339059307315633e+00 -9.040784486109390561e-02 -7.183671593540012779e-02 -9.184265002076394402e-02 -6.715639099979857363e-02 -3.064713665580288959e-02 -1.853018915518520382e+00 1.848505081037270958e+00 -1.218160390198197218e+00 -2.181603901982012150e-01 7.818396098018018936e-01 1.781839609801791235e+00 2.781839609801802116e+00 -1.776185898307146793e+00
-1.540509897632952874e-01 -1.869711764560404166e-02 -1.520360480453174234e-02 -3.621227303970994682e-02 -1.712235767059321068e-02 -5.869131684342610011e-04 -2.174196696033260601e+00 -1.174196696033268594e+00 -8.444412335793370916e-01 8.258033039667344033e-01 1.155558766420664574e+00 2.825803303966736291e+00 -2.698508204744601846e-01 -1.223381537012147025e-01
-2.241254674947711426e-02 -1.813337720630498612e-02 4.986130025056337289e-02 1.401894416166840629e-02 -7.426145506892405102e-03 -1.291236386178792189e-02 -2.073022913935338440e+00 -2.112815236071112324e+00 -7.302291393531638863e-02 2.119451566585106583e+00 -3.052897760393419313e-01 6.947102239606562923e-01 1.694710223960653073e+00 3.255153282734918330e-02
-2.074237065575148531e+00 -1.050813832205929943e+00 -9.701958730386219809e-01 1.219134412175445700e-02 7.128301027695632675e-02 1.334438917863767227e-01 -1.887340236615912881e+00 -1.351941058893477488e+00 1.126597633841044249e-01 6.480589411065249550e-01 1.648058941106534947e+00 1.584816580089435156e+00 5.175901466533174400e+00 -2.071617353635345271e+00
-2.218444573442987178e+00 -1.670645874917037643e+00 -1.319544390588976712e-01 -2.849337200782116053e-01 -7.012702717557374454e-02 -2.430898271207666828e-01 -2.018035793125017907e+00 -1.037596688756772245e+00 -3.759668875677410482e-02 9.819642068749752095e-01 1.962403311243220205e+00 1.357829176363015478e+00 5.586537501979513820e+00 -2.196041045588259966e+00
-2.008286613639191920e+00 -1.617507365258783025e+00 -5.238278023043867471e-01 -5.792930415407110400e-01 -5.412483767047786276e-02 7.363165321483999826e-02 -2.660363289515264906e+00 -1.926029813350872422e-01 8.073970186649160885e-01 3.396367104847313190e-01 1.339636710484730875e+00 1.514477680246975044e+00 5.632555343882934551e+00 -2.091060667274800000e+00
-1.324592863610034144e+00 -2.892366260727572969e-01 -2.637575360162767724e-01 -2.140259081989234480e-01 3.002415625896158458e-02 2.201139753753340519e-02 -2.010841922036755935e+00 -2.180976265003752079e+00 -1.084192203676823466e-02 9.891580779632407339e-01 8.190237349962277147e-01 1.574901133805410858e+00 4.233280979790357001e+00 -1.393857918936037610e+00
-4.730889768854292798e-01 -2.065124883356362073e-01 -1.599123936859276895e-01 -6.130369740166437958e-02 -2.574972005850867732e-02 -6.812537303936472277e-02 -2.186211709358774957e+00 -1.186211709358782063e+00 -1.862117093587790928e-01 1.120133008456253743e+00 1.813788290641226153e+00 2.813788290641221490e+00 -8.595066765750118964e-01 -3.546066172403967709e-01
-1.003796216730832747e+00 -3.556257690556334505e-02 -2.061202082203892824e-02 -2.267459444590768508e-02 -7.621008692740817436e-02 -6.159544699531062373e-02 -1.871269347279140405e+00 -8.712693472791287475e-01 -1.767367621940992173e+00 1.128730652720871808e+00 1.811714530339322060e+00 1.549649120658157742e+00 2.549649120658158186e+00 -1.329117646609760950e+00
-5.608721828299598755e-01 -1.684101071686745221e-01 -2.074041847778274050e-01 -2.101786155312146409e-01 1.057733290724198749e-01 6.630779647448123426e-02 -6.290230243946195454e-01 -1.865668411699027196e+00 1.370976975605389558e+00 1.343315883009891798e-01 1.134331588300981464e+00 2.134331588300978577e+00 -8.409810908656600859e-01 -4.832467303478312770e-01
