-6.404861773172704220e-02 -2.628679480168701760e-03 -6.002901792910979306e-02 -6.481882528980276691e-04 -1.659097950422772604e-03 6.934005687617441314e-04 8.871583487085074604e-02 5.974766223509783659e-04 -2.000361137349385476e+00 -1.000361137349385032e+00 -3.611373493840421868e-04 9.996388626506184094e-01 1.999638862650611859e+00 -1.595611844374404849e-03
-7.546932393392255523e-03 -5.046133779439737968e-03 -3.224839210536997736e-03 3.616120655061047517e-04 -3.585370634636158779e-03 6.075180416890093096e-03 -2.067015046989756577e+00 -1.067015046989747695e+00 -2.173978824782119457e+00 9.329849530102527488e-01 2.173317340298808631e+00 5.856880813277854925e-01 1.585688081327799148e+00 8.887584589244781896e-04
-6.488621054796750443e-02 -2.177483236820940832e-02 -2.577594852281214419e-02 -7.936621492119669274e-02 6.815460207755283384e-02 7.472083446888300173e-02 -2.319211606741137022e+00 -1.630223472003841989e+00 -3.192116067411145397e-01 3.697765279961599538e-01 1.369776527996161342e+00 2.680788393258877189e+00 -9.841692046353370249e-02 -4.675826136148299866e-02
-3.888844543439996804e-03 -5.920283690732768000e-03 -5.294754847666331699e-03 2.725245807964314648e-03 -9.803137101012746740e-03 2.613394315866620840e-02 -2.310111363390500383e+00 -2.530385583457375187e+00 -3.101113633904868383e-01 -5.303855834573932837e-01 4.696144165426073824e-01 2.585594032901309625e+00 2.573908512226404710e+00 5.516575367994651369e-03
-1.242357394487443312e-01 7.957565474381778081e-02 -2.115400855268131375e-01 4.133851468803616258e-02 7.223146316089251728e-03 -6.847218443418573441e-02 -1.651490313672718147e+00 -1.647199593514434124e+00 1.738184530350936674e+00 -1.036874826582467657e+00 -3.687482658246010736e-02 9.631251734175358958e-01 1.963125173417540115e+00 -5.829281104579542294e-02
-7.159790474248104442e-01 -1.708512738617050386e-02 -1.091244503052972437e-01 -1.503463558484268159e-01 -2.596756892354043500e-02 -3.607885386878095790e-02 -1.517528828378988059e+00 -5.175288283789878374e-01 4.824711716210207113e-01 -2.585909716724076879e-01 2.482471171621009276e+00 1.741409028327588038e+00 -7.505982106622745009e-01 -6.499313165935955983e-01
-4.993108602745031654e-01 -2.746426918763909542e-01 -2.762084613788687859e-01 -1.813924575934065808e-04 -9.893867113213537789e-02 5.156592805470083633e-03 -2.279778494732338956e+00 -1.279778494732325189e+00 8.600860994368395573e-01 7.202215052676735896e-01 1.720221505267668149e+00 2.720221505267665041e+00 -8.628121905077417164e-01 -4.966641388270803814e-01
-7.070139474792015433e-01 -3.731973580675417290e-01 -2.426486671615055157e-01 -6.331560993378262947e-02 5.530328205278159381e-02 -9.472383692568028812e-02 -6.114421337523745503e-01 3.885578662476457668e-01 1.388557866247635442e+00 -3.083296423592339353e-01 6.916703576407541298e-01 1.691670357640758127e+00 -1.205140428375624184e+00 -6.523562936482923957e-01
-2.455766038578723442e+00 -2.015704419745542264e+00 -3.862450716078595359e-01 4.174203806846824710e-02 -2.435201766083975872e-01 -2.491885866022416907e-01 -1.560964503274198778e+00 -5.609645032742012205e-01 -3.693604977565996261e-01 1.439035496725797225e+00 1.630639502243393268e+00 1.221557969165283808e+00 5.848117699303122308e+00 -2.381787095931959808e+00
-2.052825028612566882e+00 -6.149506932117458635e-02 -1.254019200065853989e-01 -6.937557811703747024e-02 -7.224149528577145096e-02 -6.886965778170286989e-02 -2.037158528929021717e+00 -1.037158528929016166e+00 -3.715852892902120341e-02 9.628414710709773949e-01 7.904974356224128140e-01 1.286626104242910573e+00 4.466713086226132390e+00 -1.987401949124196765e+00
-2.046112274394062069e+00 -5.121909029940251434e-01 -6.285793154716399211e-01 -2.100689659743459614e-01 -1.415462771102737535e-02 -3.423809629834452528e-02 -2.593149158168161605e+00 -7.410572066601514019e-01 -5.931491581681608283e-01 1.258942793339839383e+00 1.406850841831838395e+00 1.853087230402091778e+00 4.812706540695113944e+00 -2.001295888302625503e+00
-3.345922082899208672e-01 -7.375387177726000498e-02 -1.131729796785656827e-01 -4.649837112249421978e-03 -3.677875463472352058e-02 -3.340690941368881783e-02 -2.060286678103648406e+00 -1.371321496069925594e+00 -3.713214960699255385e-01 6.286785039300664124e-01 1.628678503930073962e+00 2.939713321896356479e+00 -5.138457376601208715e-01 -3.263485488201298690e-01
-2.836774215955765399e+00 -2.764941701115084971e+00 -5.845321111972753836e-02 8.823277920385075301e-02 -5.057186668945603397e-02 -5.844815681971335386e-02 1.923426166060924758e-01 -1.814150955732568571e+00 -8.141509557325665725e-01 2.652626957359718762e+00 1.725564355984471998e+00 2.725564355984473330e+00 3.725564355984476883e+00 -2.754812545831865744e+00
-2.074834137113539256e-01 -1.461432461713007835e-01 -1.208398504615485758e-01 2.263384515604797420e-01 -5.862338185639526245e-03 1.462292232501572475e-01 -2.419982143913142814e+00 -1.465917236281176317e+00 -4.659172362811667689e-01 5.340827637188292343e-01 1.534082763718829012e+00 2.580017856086848749e+00 -2.065589301555973423e-01 -2.445485104787903374e-02
-2.955723050553848985e-01 -1.364773735487131712e-01 -1.360159805640017983e-01 6.779067111270488388e-02 6.950390963834339464e-02 -6.744163833013330778e-02 -1.781565397317083743e+00 -7.815653973170987312e-01 -8.171413770946726052e-01 1.828586229053233425e-01 1.182858622905329282e+00 3.218434602682907819e+00 -5.120537469302011147e-01 -2.360214009609808705e-01
-1.087514157319009467e-01 -1.935541853827237035e-02 -1.033638509677495959e-01 -4.676265201807744409e-02 1.024792947961597200e-01 8.507587112468377455e-02 -2.049063489713080166e+00 -1.049063489713071284e+00 -2.171925728303575998e+00 9.509365102869249409e-01 2.176326809727244793e+00 6.026851205165979497e-01 1.602685120516601724e+00 -1.431086985614624107e-02
-5.489876242652380611e-01 -1.958004842750118990e-01 -1.370239025813345668e-01 3.901912274232935407e-02 -2.065854436429252483e-01 1.245040636618261476e-01 -1.706157841215693249e+00 -7.061578412156925832e-01 -1.062148727917570312e+00 1.293842158784303864e+00 2.293842158784311192e+00 1.937851272082421694e+00 -8.073322479312834421e-01 -3.612728508841038799e-01
-1.286883422780437103e-01 -1.374329602009466411e-02 -6.863390612233524757e-02 -1.338198160347481291e-02 -3.456412328079361274e-03 -8.261213246823356782e-03 -1.887840656056172683e+00 -1.711216509280661491e+00 -7.112165092806560507e-01 2.887834907193403966e-01 2.112159343943820211e+00 2.288783490719341618e+00 -1.217948568351090444e-01 -6.390083020471359898e-02
-7.744327515438836906e-02 -4.757477990531934486e-02 -1.092989083378518959e-02 1.572593629964928394e-02 -6.871646662187683510e-03 4.238419505835221146e-03 -2.446288046282338424e+00 -1.446288046282331985e+00 -1.710567576769719267e+00 -7.105675767697291478e-01 1.553711953717662464e+00 2.417858519588014232e+00 2.425286864538255038e+00 -2.699042863278922760e-03
-4.151220393398483699e-01 -4.609545763895496473e-02 -9.151183768744758362e-02 -3.952474538604289211e-02 -2.129271163155180002e-01 -2.478548588714664380e-02 -1.396799089122448878e+00 -3.967990891224491556e-01 -9.910127472780403401e-01 8.987252721962348673e-03 2.603200910877543350e+00 2.008987252721943229e+00 -7.242178109757847482e-01 -3.247881854414284009e-01
-1.865573396960614749e+00 -1.257592553678177870e-02 -3.027923186795749427e-02 -1.290040305499602635e-01 -6.236046930999264437e-02 -1.197630296882680051e-01 -2.307828248814570049e+00 -1.307828248814570271e+00 -3.078282488145669404e-01 2.866149710379654048e-01 1.692171751185425732e+00 1.655016911531199897e+00 4.323769130338229516e+00 -1.856940121609200078e+00
-1.664570691924452506e+00 -8.161882772843722655e-01 -8.160854260397806259e-01 8.466464099199884352e-02 6.548335870131233305e-02 -6.918518890524302106e-03 -2.083255925199935188e+00 -1.588682777261479551e+00 -8.325592519992425222e-02 4.113172227385338831e-01 1.916744074800061037e+00 1.467751404694560113e+00 4.860310285741789471e+00 -1.789721633741449436e+00
-7.308163674889651962e-02 -3.441937526015786952e-02 -5.953815167774072908e-02 -3.557027926399294188e-02 8.433277471227446087e-02 -2.769726406718494433e-02 -1.616823846526474151e+00 -1.725946406318922932e+00 1.724462883462106078e+00 -1.067233120665590507e+00 -6.723312066558996547e-02 9.327668793344097153e-01 1.932766879334420818e+00 -9.194403522321828448e-03
-1.818517024127564718e-01 3.041674538436907327e-03 -9.240119754853695633e-02 8.948884063723239191e-03 -3.012479144938456921e-02 -2.011802837003157096e-02 -1.323132802828194787e+00 -1.958403699918410013e+00 -9.584036999184066818e-01 1.676867197171803436e+00 1.041596300081591098e+00 2.041596300081589543e+00 -1.366011551292658499e-01 -1.134214662358184189e-01
-5.078322132693173507e-02 -6.100523685589483158e-02 3.522140887367058992e-02 4.243368416813032146e-02 -1.790273341549061814e-02 2.775543392524478653e-02 -2.059644360633472004e+00 -2.121844403544853819e+00 -5.964436063345935485e-02 2.109410078357243812e+00 -2.908978804043201860e-01 7.091021195956770384e-01 1.709102119595677483e+00 -1.371083557488336768e-02
-3.176982871631917060e-01 -3.525755432967742076e-02 -2.746726705781676880e-02 7.715900058569424846e-04 -2.399915489372311250e-01 1.485762742983549323e-01 -2.889848470299687833e+00 -2.078790720694707050e-01 7.921209279305252426e-01 1.101515297003187455e-01 1.110151529700313500e+00 2.110151529700320161e+00 -4.570157562954092478e-01 -1.391736130568654861e-01
-2.990621648651048958e-01 -1.630665889806800217e-01 -1.324388104025960300e-01 -4.845542256068963854e-02 -1.730378194177806250e-02 -1.764670946100194149e-03 5.360948662920045349e-01 -1.853522719111574180e+00 -8.535227191115704048e-01 1.464772808884396704e-01 1.146477280888429373e+00 2.146477280888426264e+00 -4.173458281632503875e-01 -2.314521907476172480e-01
1.833066083465302032e-01 1.305067701830359139e-02 -5.043420985534573242e-02 2.587935681093713955e-03 1.402911340603961096e-02 1.457429079548833509e-02 -1.707403471948391704e+00 -2.130578044665256243e+00 -1.130578044665258908e+00 1.292596528051615179e+00 8.694219553347355411e-01 1.869421955334733543e+00 4.848421493141032435e-01 2.327543699779482389e-01
-6.535555984714030986e-02 -2.684558264060564817e-02 -1.662571135290404414e-02 -9.768632734664991352e-03 2.222898634634123960e-04 -1.217061255337694922e-02 -2.445049747902619863e+00 -2.709896461226970921e+00 -4.450497479026180314e-01 5.549502520973886854e-01 2.901035387730250270e-01 2.423143740206825658e+00 2.421910792449798677e+00 -1.976745103262157743e-03
-6.054233130577419963e-01 -1.947302470112081685e-01 -2.466278523800602696e-01 -7.361297437076277927e-02 -2.081849223153323103e-02 -4.116968971165230196e-03 -1.025320048696156450e+00 -2.532004869615234882e-02 -1.079239735601188244e+00 1.974679951303833336e+00 9.207602643988084257e-01 1.920760264398795103e+00 -9.852020758573463155e-01 -5.981969111017826357e-01
-2.050004862323412613e+00 -1.405791413617712982e-01 -1.602159550474342165e-01 -2.217320211466532187e-01 -4.256146637705680857e-02 -1.222163040603509443e-01 -4.120340574497246000e-01 5.879659425502751224e-01 -2.028459743646349178e+00 2.042403025787738802e+00 5.171035824258428670e-01 1.517103582425831432e+00 2.517103582425836539e+00 -2.046284352076433777e+00
-1.294819202367937683e+00 -4.899477903604638335e-02 -1.016705497603079544e-01 -3.323234980887437851e-02 -9.597157393002736514e-03 -1.204227782908538769e-02 -1.403859526566705096e+00 -4.038595265667025425e-01 5.961404734333000111e-01 1.596140473433305118e+00 1.493234003306724567e-02 8.437915158626878576e-01 1.843791515862680308e+00 -1.629129137170040265e+00
-1.846513321883558323e-02 -4.306780571269126778e-02 2.601601519771783166e-02 -1.160762319794415853e-03 1.297618416181758709e-02 -4.159051866886431109e-02 -2.467572178954000162e+00 -1.467572178954014595e+00 -1.697667494970250379e+00 -6.976674949702478257e-01 1.532427821045983851e+00 2.397347056764602691e+00 2.437413204715266790e+00 -1.382490199035146805e-02
-8.093463460151786859e-02 -2.064657937719746594e-02 -5.485287450268208631e-02 1.296504318728194938e-02 -3.595904250135914526e-02 -4.240537276221813950e-02 1.590868315145010647e-01 -1.980905641615139823e+00 -9.809056416151398228e-01 1.909435838486383749e-02 1.019094358384857957e+00 2.019094358384861732e+00 -4.682315972673163629e-02 -2.831019102804252507e-02
-1.109906466659282970e-01 5.662289917441551586e-03 -6.517869452473225300e-02 4.289229205079111984e-02 5.808073412494499377e-02 -1.717527786241826171e-01 -2.532732000951251727e+00 -2.143284741940191029e+00 -1.143284741940197913e+00 -1.432847419402024092e-01 8.567152580597987566e-01 2.623091718830480978e+00 2.700891902671830991e+00 -1.923403694226358263e-02
-2.118099142714368277e+00 -5.864163852428093682e-01 -6.306371034435073186e-01 -3.334991504183726363e-01 -1.821670861050585233e-01 -1.768611592795323040e-02 -2.319666246441278279e+00 -1.036746780648669430e+00 -3.674678064866895855e-02 6.803337535587199447e-01 1.963253219351314138e+00 1.741326061671749414e+00 4.902261469192139565e+00 -2.067917900056899683e+00
-3.868577893638620591e-01 -1.115856052779370527e-01 -2.784881299333132054e-02 -1.249928816766684159e-01 -7.386586604464678851e-02 -6.253042659611285359e-02 -6.450159129641325206e-01 -2.034832302123134262e+00 1.354984087035876694e+00 -3.483230212313256913e-02 9.651676978768598536e-01 1.965167697876862407e+00 -5.572411850973094660e-01 -2.681245864029928594e-01
-2.322719653621675207e+00 -2.128031982741053874e+00 -1.678780988999827029e-01 -2.430461755453462436e-01 -4.754545024128686154e-02 -2.129405034419856457e-01 -1.091069334891966003e+00 -9.106933489197505116e-02 -5.798747523600494835e-01 4.201252476399423008e-01 1.420125247639950405e+00 1.400255300135335501e+00 5.928800191663308183e+00 -2.327538888316876609e+00
-3.567439020807283145e-01 -1.688258845620966286e-01 -1.895526457660686170e-01 -8.160144393119922457e-02 4.740649885674583577e-03 -1.749587312864356748e-03 -2.436060480411391449e+00 -1.436060480411392115e+00 7.885179884301165565e-01 5.639395195886101053e-01 1.563939519588608329e+00 2.563939519588596117e+00 -5.846428862095307544e-01 -2.722480742699953105e-01
-2.715632134426516076e-01 -1.899173414425882334e-01 -4.249803685816202353e-02 -6.960635360783011538e-02 -1.902440506155865518e-02 -2.587818053835139187e-02 4.685871076951012570e-01 -1.832473497490757497e+00 -8.324734974907497254e-01 1.675265025092452786e-01 1.167526502509250497e+00 2.167526502509242725e+00 -4.744537701049412748e-01 -2.556865070589106614e-01
-5.354369639424003124e-02 2.452685327467397924e-02 -2.238035314319593294e-02 6.295970612080203921e-02 -8.850623472792226720e-02 -5.894970966748500074e-02 -2.055781487156555176e+00 -1.055781487156550735e+00 -2.129475190189680678e+00 9.442185128434541497e-01 2.194400998171055939e+00 6.203433079708420284e-01 1.620343307970852020e+00 -4.478271578971226852e-02
-6.920044665712592191e-02 5.769971403564536083e-02 -1.329903008247825535e-01 -3.463037602469769966e-02 3.404758378641250388e-02 1.232789311906027155e-02 -2.255322280668188739e+00 -2.533529388260885806e+00 -2.553222806681709200e-01 -5.335293882608856952e-01 4.664706117391040907e-01 2.604021641132744591e+00 2.607126353232475324e+00 -9.577523554367473047e-03
-1.219970057144435516e-01 -3.720858044861455327e-04 -6.403650449536898992e-02 -2.160068973990176763e-02 -6.256621470884182745e-03 -7.810597094960776074e-03 -2.596191661735666401e+00 -1.294346300096402613e+00 -2.943463000964077203e-01 4.038083382643497532e-01 1.705653699903593390e+00 2.403808338264329603e+00 -1.024519887525224410e-01 -4.626880930488934396e-02
-3.475215676918221863e-01 -2.787694648071772918e-01 -1.263857966389286269e-01 -1.364506267664233330e-01 4.993697888085316117e-02 -9.333686711296729221e-02 -2.779909736605016946e+00 -1.368687827251099942e-02 9.863131217274876406e-01 2.200902633949922138e-01 1.220090263394998598e+00 2.220090263395000818e+00 -6.272376810202704434e-01 -3.356304597518771082e-01
-6.891607592267343652e-01 -3.282562876951369280e-01 -2.546063458487929365e-01 -5.766445345408391376e-02 -8.360635388944846758e-02 5.016955144638754471e-02 -1.758873812437015349e+00 -7.588738124370135729e-01 2.411261875629742979e-01 1.241126187562974659e+00 2.241126187562974437e+00 1.940954527707967614e+00 -1.203457988846831972e+00 -6.224110158818825234e-01
-6.219878208538734410e-02 -2.080977568807624439e-02 -3.432267956226906641e-02 6.693461202027038703e-03 -8.948007437278197168e-03 2.430410405199024543e-03 -2.261042034551371316e+00 -2.536116167583564618e+00 -2.610420345513762563e-01 -5.361161675835691698e-01 4.638838324164170079e-01 2.606118283841478256e+00 2.596723316587730590e+00 2.338156716378953642e-03
-1.105955716820521822e-02 -8.195179817923980634e-03 1.646395429788845288e-02 -1.684043880583410008e-02 8.939632173941084933e-03 -9.956929886826332635e-03 -1.711709870466497252e+00 -1.681354807211403957e+00 1.684229599476729788e+00 -1.077293823567134323e+00 -7.729382356713976332e-02 9.227061764328656768e-01 1.922706176432866787e+00 -3.749296196988468992e-03
-4.070591045275365749e-01 -2.462207195347555500e-01 -2.527905270778702529e-01 2.060926940352889036e-02 3.385211609695166698e-03 -4.052866484187081508e-03 -2.272076052723369877e+00 -1.272076052723361217e+00 6.756674932542292011e-02 1.067566749325422393e+00 1.727923947276634342e+00 2.727923947276633232e+00 -8.031113551733606304e-01 -3.999973838465556986e-01
-4.157276021377089015e-03 3.407098877727854705e-03 -8.454370245396294545e-03 1.170415508534904114e-02 -9.430166958886937109e-03 6.662309667399734375e-03 -1.775087573726375378e+00 -7.750875737263792642e-01 2.249124262736268975e-01 -1.649759933663318190e+00 -6.497599336633151923e-01 2.293683213884556427e+00 2.281469628347327028e+00 7.489807995399423712e-03
-2.109911588742448274e-01 -1.269719938059870323e-01 -8.659834274239192053e-02 -3.623382291560722779e-02 1.629622011971204598e-02 -2.065896188440238118e-02 -2.362082324163152225e-01 7.637917675836843889e-01 -1.418909194821944775e+00 -4.189091948219554329e-01 5.810908051780551142e-01 1.581090805178045011e+00 -2.856421018522624644e-01 -1.435547817980468432e-01
