2.980694409538664758e+01
2.595763844100884654e+01
1.363539963743470373e+01
2.980760044885302307e+01
2.980637236099367371e+01
2.980763200887778197e+01
2.299115490650533999e+01
2.458895454102846045e+01
2.247227381142004177e+01
2.980646778027659138e+01
2.980832859938711721e+01
2.024238674976153973e+01
2.980687646187669770e+01
2.980646926550742393e+01
2.980732842305515362e+01
2.980893172403974489e+01
1.322467504020101181e+01
1.668932266764403494e+01
2.980789206735996189e+01
1.624828179050986776e+01
1.827137948744481477e+01
2.125213018664077325e+01
1.610665109176710530e+01
2.980863871128792297e+01
1.927153827817995690e+01
2.980794768717766985e+01
2.432794603131615574e+01
2.980732659790907846e+01
2.980757532840601698e+01
2.980879131475584032e+01
2.980752092824811683e+01
2.980836417713285869e+01
1.985495263272353128e+01
2.980754355368311082e+01
2.980630417494278106e+01
2.261554301686220114e+01
2.980731882872048288e+01
1.906415575667779549e+01
2.539352631153269257e+01
2.857228483602853331e+01
2.980757749024127889e+01
2.251916860187451874e+01
2.980503418152949990e+01
2.980678836513401819e+01
2.980787082278156319e+01
1.305147842265695068e+01
2.980600942384692331e+01
2.616338110455396304e+01
2.980857974233535046e+01
2.980825640173573277e+01
