-9.623367845503146611e+00 -8.683464429028818543e+00 -7.771004403466491794e+00 -6.958843083104883753e+00 -5.797237551872069794e+00 -4.811419945542339427e+00 -3.657045804067624140e+00 -1.828806008514475723e+00 -4.818727144540153162e+00 1.711939914855397094e-01 1.171193991485540042e+00 2.171193991485537378e+00 3.171193991485535157e+00 1.812728554598224129e-01 5.171193991485544039e+00 2.181272855459829962e+00 3.181272855459829962e+00 4.181272855459828186e+00 5.181272855459838844e+00 1.017119399148553782e+01 7.190994419231367729e+00 1.012448788953981804e+01
-8.435838083186638414e+00 -8.344693771845379970e+00 -7.470442992074494803e+00 -6.437786726609552979e+00 -5.925472320559216577e+00 -4.356533405793550529e+00 -4.631275745756416207e+00 -2.008949308885920271e+00 -3.814280262745537442e+00 -8.949308885913609402e-03 9.910506911140805064e-01 -8.142802627455539843e-01 1.857197372544489578e-01 1.185719737254447015e+00 2.185719737254449235e+00 3.185719737254444350e+00 4.185719737254447459e+00 7.991050691114067739e+00 6.185719737254461670e+00 9.270633851231401934e+00 8.906136217555886248e+00 8.274406633889604734e+00
-1.048664932393209881e+01 -9.486435488543710548e+00 -8.486450400880778844e+00 -7.486239966682417091e+00 -6.486245621673059958e+00 -5.485762995413749010e+00 -4.485300243578157264e+00 -3.483670872382143457e+00 -2.490195766768652064e+00 -1.483670872382129247e+00 -4.836708723821327993e-01 5.163291276178636480e-01 1.509804233231333725e+00 2.516329127617860095e+00 3.509804233231339055e+00 4.509804233231340831e+00 5.516329127617863648e+00 6.509804233231337278e+00 7.516329127617874306e+00 8.510019901462591463e+00 9.516113459386618345e+00 1.051271993971685070e+01
-1.048603507690135928e+01 -9.486325247213233780e+00 -8.486374584957960820e+00 -7.486690094694507636e+00 -6.486175550147878610e+00 -5.487308217212556016e+00 -4.487853517755864274e+00 -3.482972687110320820e+00 -2.489561794325698685e+00 -1.482972687110313714e+00 -4.829726871103137142e-01 5.170273128896845094e-01 1.517027312889680957e+00 2.510438205674279999e+00 3.510438205674281775e+00 4.510438205674285328e+00 5.510438205674283552e+00 6.510438205674279999e+00 7.517027312889698720e+00 8.515920938923940753e+00 9.511544575914740562e+00 1.051359798200427598e+01
-1.346546110413185282e+00 -8.724096761648217346e-03 -1.353043989347851514e-02 -2.139228273500605459e-02 -9.251119444971631078e-03 -6.778377682255615211e-03 -2.477600081113543184e-01 -6.803462081607662970e-01 3.196537918392333144e-01 1.319653791839258794e+00 -1.898396246348691557e-03 -4.251290990974609940e+00 -3.251290990974593065e+00 -2.251290990974615269e+00 -1.251290990974583961e+00 -2.512909909746111614e-01 7.487090090253776253e-01 1.748709009025425587e+00 2.748709009025387395e+00 3.748709009025405159e+00 4.748709009025422922e+00 -1.491076315139916231e+00
-1.048640339008792921e+01 -9.486405483701018326e+00 -8.486419662155897825e+00 -7.486883542754460663e+00 -6.486132658340723722e+00 -5.484902902760309118e+00 -4.484154335477141373e+00 -3.481549880721372503e+00 -2.489999375560067563e+00 -1.489999375560069339e+00 -4.815498807213600685e-01 5.184501192786363788e-01 1.510000624439918226e+00 2.510000624439920003e+00 3.510000624439923556e+00 4.518450119278636379e+00 5.510000624439921779e+00 6.518450119278638155e+00 7.510000624439930661e+00 8.510000624439920003e+00 9.514586471698484260e+00 1.051355423100968522e+01
-1.048600270362069153e+01 -9.486275096847249344e+00 -8.486321025951340857e+00 -7.486774859441968744e+00 -6.486791705204678848e+00 -5.485693042589868895e+00 -4.487943240864712635e+00 -3.483211738480779474e+00 -2.489644759757958070e+00 -1.489644759757958070e+00 -4.896447597579651756e-01 5.167882615192240792e-01 1.516788261519229408e+00 2.510355240242034824e+00 3.516788261519225856e+00 4.516788261519224079e+00 5.510355240242031272e+00 6.516788261519220526e+00 7.515509417788543090e+00 8.511634083972724696e+00 9.511634083972717590e+00 1.051361263780429667e+01
-1.048642070879318311e+01 -9.486422284590929621e+00 -8.486435542899100071e+00 -7.486690885472041757e+00 -6.486200000244105368e+00 -5.485695920037953144e+00 -4.487940556454395491e+00 -3.489530830728755362e+00 -2.489530830728732269e+00 -1.482659290629369409e+00 -4.826592906293676322e-01 5.104691692712499673e-01 1.517340709370634144e+00 2.517340709370632368e+00 3.510469169271251744e+00 4.510469169271251744e+00 5.517340709370634144e+00 6.510469169271251744e+00 7.510469169271253520e+00 8.517340709370637697e+00 9.514029332351942259e+00 1.051354244436051033e+01
-1.048657237196509584e+01 -9.486583916639737879e+00 -8.486521000211894261e+00 -7.486246453767483544e+00 -6.486704116856502722e+00 -5.487227512692866682e+00 -4.485081983899510405e+00 -3.483655287122187971e+00 -2.483655287122161326e+00 -1.490294626151966284e+00 -4.836552871221808658e-01 5.097053738480301632e-01 1.516344712877815581e+00 2.509705373848026611e+00 3.516344712877819134e+00 4.516344712877822687e+00 5.509705373848024834e+00 6.516344712877817358e+00 7.509705373848035492e+00 8.516344712877822687e+00 9.511560933495115222e+00 1.051318616961890839e+01
-9.251357065002121516e+00 -8.252191374864223050e+00 -7.380791008893440974e+00 -6.357782183214510496e+00 -5.494117626280921485e+00 -5.323541357985191347e+00 -4.597544016746018869e+00 -4.658649237971308921e+00 -1.270999738677274005e+00 -2.709997386772876604e-01 7.290002613227112294e-01 -6.586492379713063672e-01 3.413507620286942990e-01 1.341350762028694410e+00 2.341350762028694632e+00 3.341350762028692412e+00 4.341350762028699073e+00 5.341350762028699961e+00 8.729000261322713783e+00 7.341350762028694632e+00 8.266972577809790224e+00 1.170128847097108604e+01
-1.048621267757637554e+01 -9.486220493235371976e+00 -8.486345506527216642e+00 -7.486122771420284039e+00 -6.486800103702325515e+00 -5.487348850139170509e+00 -4.485134466805249076e+00 -3.489582638510277945e+00 -2.482995077290304664e+00 -1.489582638510260182e+00 -4.829950772903313094e-01 5.170049227096704669e-01 1.517004922709665138e+00 2.510417361489739818e+00 3.517004922709666914e+00 4.517004922709668691e+00 5.510417361489741594e+00 6.510417361489745147e+00 7.510417361489746924e+00 8.510417361489741594e+00 9.514709898016663558e+00 1.051361822404643043e+01
-1.067255199459758508e+01 -8.832491735523685605e+00 -7.914216629160886640e+00 -6.633300819680153282e+00 -5.733601210476649612e+00 -4.276469317441255136e+00 -2.976840086471418623e+00 -5.867161968799363692e-01 -4.129678751227379152e+00 1.413283803120066739e+00 -2.129678751227393363e+00 -1.129678751227399136e+00 4.413283803120068072e+00 8.703212487726039726e-01 1.870321248772605971e+00 2.870321248772604861e+00 3.870321248772604417e+00 4.870321248772604861e+00 5.870321248772613743e+00 9.690846060866627809e+00 9.592758898987458593e+00 9.982218504527445191e+00
-1.048561616055662427e+01 -9.486415533348893092e+00 -8.486443022266030312e+00 -7.486732540652162982e+00 -6.486128976568567239e+00 -5.485660167410955523e+00 -4.485061852261424065e+00 -3.492880305275317454e+00 -2.482874387875174449e+00 -1.492880305275306796e+00 -4.828743878751904361e-01 5.071196947246878750e-01 1.517125612124811340e+00 2.517125612124807787e+00 3.517125612124807787e+00 4.517125612124806011e+00 5.517125612124809564e+00 6.507119694724682546e+00 7.510046912357228877e+00 8.514198394492266786e+00 9.514198394492280997e+00 1.051435080729425309e+01
-1.048687672208660615e+01 -9.486514567990200320e+00 -8.486503075469622459e+00 -7.486737589944516102e+00 -6.486751958389168848e+00 -5.485084615309146372e+00 -4.484576034952310053e+00 -3.489659335125594453e+00 -2.489659335125567807e+00 -1.482260733504192629e+00 -4.822607335041944054e-01 5.103406648744144292e-01 1.510340664874414429e+00 2.510340664874416206e+00 3.517739266495803818e+00 4.517739266495805595e+00 5.510340664874421535e+00 6.510340664874416206e+00 7.517739266495818029e+00 8.514198050241576610e+00 9.513881881128643414e+00 1.051297796551475727e+01
-1.048599130880422337e+01 -9.486416528340079424e+00 -8.486428594555345484e+00 -7.486212214793686925e+00 -6.486686358566974064e+00 -5.487188833173020086e+00 -4.487670036371445903e+00 -3.483359018679372809e+00 -2.489162838425130531e+00 -1.483359018679356822e+00 -4.891628384251465178e-01 5.166409813206307433e-01 1.510837161574855259e+00 2.510837161574853482e+00 3.510837161574860588e+00 4.516640981320632520e+00 5.516640981320636072e+00 6.510837161574853482e+00 7.510837161574851706e+00 8.516640981320636072e+00 9.516471443359142413e+00 1.051351073164154926e+01
1.290723044513470086e+00 -3.115532406806879706e+00 -2.720489089064777044e+00 -2.611754088880351432e+00 -3.384290939703327172e+00 -1.368658226395332189e+00 -3.114150069997274617e+00 -4.386877980226883800e+00 -3.386877980226860707e+00 -2.386877980226860263e+00 -3.824749780079732542e+00 -3.868779802268726975e-01 6.131220197731301891e-01 1.613122019773121085e+00 2.613122019773137517e+00 3.613122019773128635e+00 2.175250219920259021e+00 5.613122019773127747e+00 4.175250219920276784e+00 7.613122019773126858e+00 -3.863487050086750862e+00 5.529762288272689119e+00
-1.048636998727244674e+01 -9.486420863562011974e+00 -8.486420636319310873e+00 -7.486675647341412443e+00 -6.486691137098453908e+00 -5.485813719474462502e+00 -4.485253502868799202e+00 -3.489609987728989893e+00 -2.483906318687571613e+00 -1.489609987728984564e+00 -4.839063186875893763e-01 5.160936813124106237e-01 1.516093681312410624e+00 2.510390012271013660e+00 3.510390012271020765e+00 4.516093681312410624e+00 5.510390012271015436e+00 6.516093681312412400e+00 7.516093681312414176e+00 8.510390012271011884e+00 9.514417300678102762e+00 1.051332666978916563e+01
-1.048568317598917332e+01 -9.485697302289977983e+00 -8.485720831223501293e+00 -7.485136385329766995e+00 -6.485160368748680071e+00 -5.488194297321818738e+00 -4.483507777818225293e+00 -3.491109582849526660e+00 -2.491109582849512449e+00 -1.491109582849521331e+00 -4.785024330697282835e-01 5.088904171504733398e-01 1.521497566930269940e+00 2.508890417150473340e+00 3.508890417150476893e+00 4.508890417150478669e+00 5.521497566930271717e+00 6.508890417150466234e+00 7.508890417150480445e+00 8.521497566930271717e+00 9.518176433376288159e+00 1.051401400261304886e+01
-6.561532379966884321e+00 -1.955442687629258991e+00 -2.018173067544032584e+00 -1.608627647733562149e+00 5.261090610892882324e-02 9.714362273276848647e-01 -1.957686181741260079e+00 -4.737382942035139877e+00 -3.737382942035115896e+00 -2.737382942035134548e+00 -1.737382942035134326e+00 -7.373829420351345476e-01 -1.636787457316192240e+00 1.262617057964863676e+00 3.632125426838164195e-01 3.262617057964866785e+00 2.363212542683815975e+00 5.262617057964860123e+00 6.262617057964869005e+00 2.803524130912093071e+00 1.082230626764645898e+01 -3.702512397771833719e+00
-1.011605596792191442e+01 -8.744636317886300247e+00 -7.826389904122606822e+00 -6.856048876257786695e+00 -5.963473437774618802e+00 -5.227262809573677060e+00 -3.397318592607600607e+00 -2.306192946845205149e+00 -1.306192946845185832e+00 -3.804337100010616979e+00 6.938070531548021780e-01 1.693807053154802622e+00 2.693807053154809950e+00 1.956628999893685883e-01 4.693807053154802844e+00 2.195662899989376360e+00 3.195662899989373251e+00 4.195662899989372363e+00 8.693807053154809950e+00 7.006869426285621927e+00 9.882600033065108036e+00 1.070584689410682167e+01
-1.048710055767808313e+01 -9.487137903713350084e+00 -8.486499176614650253e+00 -7.486864672296420053e+00 -6.485931610011212101e+00 -5.488946841352344563e+00 -4.489978910677798751e+00 -3.482795701616193895e+00 -2.493570165031323782e+00 -1.482795701616176132e+00 -4.827957016161814607e-01 5.172042983838167629e-01 1.517204298383818539e+00 2.517204298383813210e+00 3.506429834968670889e+00 4.517204298383816763e+00 5.517204298383820316e+00 6.517204298383816763e+00 7.517204298383829197e+00 8.506429834968663783e+00 9.508106334812262972e+00 1.051211516813120994e+01
-1.048618820292711007e+01 -9.486256908456034864e+00 -8.486419919708929172e+00 -7.486668258736097314e+00 -6.486685436049642206e+00 -5.487179592082457091e+00 -4.485015112737366749e+00 -3.483536075631347373e+00 -2.483536075631318951e+00 -1.490284412929964830e+00 -4.835360756313420438e-01 5.097155870700280644e-01 1.509715587070024512e+00 2.516463924368659733e+00 3.509715587070024512e+00 4.516463924368659733e+00 5.516463924368661509e+00 6.509715587070031617e+00 7.516463924368661509e+00 8.514052570035495648e+00 9.512126937677907179e+00 1.051350283639673222e+01
-8.399573107227920943e+00 -8.088827060174978101e+00 -7.218583083102766196e+00 -6.705038643610190086e+00 -5.845912963003235596e+00 -5.032994103557799193e+00 -3.635018110213396714e+00 -2.707246779494285160e+00 -1.707246779494266287e+00 -7.072467794942742803e-01 2.927532205057185033e-01 1.292753220505716616e+00 -5.727020866713065095e-01 4.272979133286959330e-01 1.427297913328699153e+00 2.427297913328695156e+00 6.292753220505718836e+00 4.427297913328695600e+00 8.292753220505732159e+00 9.292753220505717948e+00 7.720878317573071747e+00 9.025647741971527083e+00
-9.614730810204415334e+00 -8.689652622202819643e+00 -7.752748752769571539e+00 -6.804069192309725622e+00 -5.914715762367421803e+00 -5.199361373182090240e+00 -3.409553796532719616e+00 -2.359186408622115483e+00 -1.359186408622091502e+00 -3.591864086221021046e-01 -2.642398454850421352e+00 1.640813591377895175e+00 2.640813591377893843e+00 3.576015451495720976e-01 4.640813591377892955e+00 2.357601545149569766e+00 3.357601545149572875e+00 7.640813591377888514e+00 5.357601545149581312e+00 9.640813591377900948e+00 6.964364802209302319e+00 9.805045369931979948e+00
-1.048551369593904070e+01 -9.485880890353156403e+00 -8.486202084882693342e+00 -7.486877897246330349e+00 -6.486898244781928113e+00 -5.488326714797466366e+00 -4.484734499319039003e+00 -3.490907849235982852e+00 -2.490907849235952654e+00 -1.490907849235973970e+00 -4.790967045859915174e-01 5.209032954140102589e-01 1.520903295414010259e+00 2.509092150764029583e+00 3.520903295414012035e+00 4.509092150764026030e+00 5.509092150764027807e+00 6.509092150764026030e+00 7.520903295414019141e+00 8.509092150764029583e+00 9.512286684052499552e+00 1.051398797942832708e+01
-8.569028588784121325e+00 -3.604911992507081386e+00 -2.885382408375888996e+00 -1.559569726242876708e+00 -2.287242740444018096e+00 -3.147574924886852088e+00 -3.999038652848181830e+00 -5.852901276739824965e+00 -4.852901276739808978e+00 -1.639495652571687501e+00 -6.394956525716893880e-01 -1.852901276739828074e+00 -8.529012767398257422e-01 2.360504347428303173e+00 1.147098723260169706e+00 2.147098723260173703e+00 3.147098723260175035e+00 4.147098723260167041e+00 5.147098723260183029e+00 3.545792455337958060e+00 1.196181173004423393e+01 8.438837616423880306e+00
-1.048496687005867756e+01 -9.486741196025489486e+00 -8.486761923540715458e+00 -7.487058203328748718e+00 -6.487078781832330776e+00 -5.485593612898481908e+00 -4.489593606103523982e+00 -3.491717662323614135e+00 -2.476362447847014536e+00 -1.476362447847014536e+00 -4.917176623236088062e-01 5.082823376763894174e-01 1.508282337676391194e+00 2.508282337676385865e+00 3.523637552152971253e+00 4.508282337676389417e+00 5.508282337676385865e+00 6.508282337676391194e+00 7.523637552152987240e+00 8.511340026151039240e+00 9.520579863678314325e+00 1.051415971327910803e+01
6.252293750347916179e-02 -6.563058196522993937e-01 -2.241434584671887276e+00 -1.350705243394040300e+00 -1.470233879018048473e+00 2.115217812324866054e-01 -2.104325529637668168e+00 -5.177264767422705027e+00 -4.565375309889363464e+00 -3.177264767422701475e+00 -2.177264767422699254e+00 -1.177264767422710579e+00 -1.772647674227001424e-01 8.227352325772847585e-01 1.434624690110727130e+00 2.822735232577285647e+00 3.822735232577290088e+00 4.822735232577284314e+00 5.434624690110634759e+00 6.822735232577276321e+00 1.562854711793367768e+00 -3.246026450916731143e+00
-1.048591241511434902e+01 -9.486337064680718356e+00 -8.486372492191474493e+00 -7.486727836457186314e+00 -6.486759963360698933e+00 -5.487232777205393930e+00 -4.484448249367149586e+00 -3.483116528865986439e+00 -2.492599363354118580e+00 -1.483116528865968675e+00 -4.831165288659757806e-01 5.074006366458725381e-01 1.516883471134025996e+00 2.507400636645870762e+00 3.507400636645876091e+00 4.516883471134029548e+00 5.516883471134024219e+00 6.516883471134025996e+00 7.516883471134033101e+00 8.510927264663292746e+00 9.513356839391317266e+00 1.051393069801004998e+01
-1.048560959405516968e+01 -9.486179570921441595e+00 -8.486267882653249828e+00 -7.486142690547502809e+00 -6.486688706346521727e+00 -5.485597166486776644e+00 -4.488255980678580670e+00 -3.481566342779180090e+00 -2.489945042201043179e+00 -1.489945042201057390e+00 -4.815663427791800899e-01 5.100549577989390571e-01 1.518433657220825239e+00 2.510054957798939057e+00 3.510054957798939057e+00 4.518433657220825239e+00 5.518433657220823463e+00 6.510054957798935504e+00 7.510054957798947939e+00 8.510054957798946162e+00 9.517305788330057581e+00 1.051392217420719000e+01
-1.048597047748884137e+01 -9.486402857032667058e+00 -8.486414696005240899e+00 -7.486188887533819170e+00 -6.486682752993953471e+00 -5.487235302952191418e+00 -4.487738015976800554e+00 -3.483221623030582137e+00 -2.489321759817258339e+00 -1.483221623030564373e+00 -4.893217598172618921e-01 5.106782401827363316e-01 1.516778376969437403e+00 2.510678240182732779e+00 3.516778376969435627e+00 4.516778376969433850e+00 5.516778376969432074e+00 6.510678240182736332e+00 7.510678240182739884e+00 8.516541150483226019e+00 9.510915466668942386e+00 1.051353098926220042e+01
-9.762305422172163905e-01 -1.133621900924683068e+00 -1.394106407115592861e-01 8.637791581915116312e-01 -1.124750989200286266e+00 -2.771825376422583087e+00 2.429750122327839268e+00 -5.658633330260193439e+00 -4.658633330260125049e+00 -3.658633330260167682e+00 -2.658633330260179228e+00 -2.213836341526493889e+00 -6.586333302601938833e-01 3.413666697397726990e-01 1.341366669739777029e+00 2.341366669739793238e+00 2.786163658473535865e+00 4.341366669739798567e+00 5.341366669739802120e+00 6.341366669739807449e+00 -7.728994989636340796e-01 5.969433031792437117e-01
-4.674998911529377743e+00 -1.368492747646115504e+00 -1.075354794677977122e+00 -3.193053698840291332e-01 -3.588023700642504199e-01 -1.822085914885627211e+00 -2.250266938977349085e+00 -6.059195438908423270e+00 -1.564193367226045739e+00 -5.641933672260502908e-01 -3.059195438908418385e+00 -2.059195438908421938e+00 -1.059195438908416609e+00 -5.919543890842515754e-02 9.408045610915813928e-01 1.940804561091582503e+00 2.940804561091585168e+00 7.399198803841390060e+00 4.977414080010848174e+00 5.977414080010821529e+00 6.977414080010838404e+00 -4.561089431146146289e+00
-1.451561563584625247e+01 -7.737909959260154125e-01 -6.990500542215318802e-01 -1.626970753555261773e+00 -1.687465319898195926e+00 -1.834142049939635477e+00 3.010375498842137176e+00 -5.471743894452266943e+00 -4.247621475149842674e+00 -3.471743894452250956e+00 -2.247621475149880421e+00 -1.247621475149867543e+00 -2.476214751498615474e-01 7.523785248501391187e-01 1.752378524850138231e+00 2.528256105547741939e+00 3.752378524850137786e+00 6.736600994269105414e+00 3.544032487051436586e+00 4.544032487051442359e+00 5.544032487051433478e+00 6.205637183870702955e+00
-1.317498988920019443e+01 -4.780494579190404103e+00 -2.733250423208785307e+00 -1.434944322028766095e-01 -9.223933270261497341e-01 -4.299981214169362964e+00 -4.901715107217123446e+00 -2.593544243263674165e+00 -1.593544243263645743e+00 -5.935442432636577337e-01 4.064557567363379365e-01 1.406455756736336049e+00 -1.669610689631376932e+00 3.406455756736337825e+00 3.303893103686166288e-01 5.406455756736326279e+00 7.817173970994783616e+00 1.919674006009501666e+00 2.919674006009508993e+00 3.919674006009508993e+00 4.919674006009493006e+00 5.253574378634063180e+00
-1.048678746751766511e+01 -9.486506256528876690e+00 -8.486493009396580689e+00 -7.486728645183843511e+00 -6.486207469620485000e+00 -5.487298458137301438e+00 -4.487852371551779740e+00 -3.482727165587940377e+00 -2.489571891047724250e+00 -1.489571891047743790e+00 -4.827271655879297185e-01 5.104281089522544335e-01 1.517272834412066729e+00 2.517272834412068505e+00 3.517272834412068505e+00 4.517272834412070281e+00 5.510428108952256210e+00 6.510428108952254433e+00 7.510428108952257986e+00 8.513711706481187136e+00 9.513989233157843728e+00 1.051306139745494761e+01
-1.182840939762543364e+01 -6.731927996449655005e+00 -6.158683609446568674e+00 -4.825419269114072485e+00 -4.034865028939432996e+00 -4.384113091218321934e+00 -3.688349813216128315e+00 -1.943885842547987242e+00 -9.438858425479579317e-01 5.611415745203163219e-02 1.056114157452023639e+00 5.751695061379877849e-01 1.575169506137995779e+00 2.575169506137990005e+00 5.056114157452019420e+00 9.359982829503231017e+00 2.271301497251748902e+00 3.271301497251748458e+00 4.271301497251760004e+00 5.271301497251748458e+00 6.271301497251744905e+00 3.228292903917094669e+00
-9.187349406409179409e+00 -8.372012035002651231e+00 -7.787871083605860889e+00 -6.732979882824067452e+00 -5.821171903479032572e+00 -4.573033125892871809e+00 -3.637626148013184846e+00 -5.462261820727579043e+00 -4.870762818875883360e-01 5.129237181124015610e-01 -2.462261820727568384e+00 2.512923718112395122e+00 -4.622618207275750457e-01 4.512923718112392457e+00 5.512923718112401339e+00 2.537738179272428063e+00 3.537738179272437833e+00 4.537738179272429839e+00 5.537738179272445826e+00 6.537738179272439609e+00 9.696885148768812357e+00 9.847728731060140461e+00
-1.048569943823594031e+01 -9.486259774050918026e+00 -8.486274436793532772e+00 -7.486563832245098027e+00 -6.486737177453235859e+00 -5.487328962168897206e+00 -4.487891883335317189e+00 -3.481626988134603806e+00 -2.481626988134589595e+00 -1.489893243394101674e+00 -4.898932433941123321e-01 5.101067566058858915e-01 1.518373011865406852e+00 2.510106756605880562e+00 3.518373011865399747e+00 4.510106756605884115e+00 5.518373011865401523e+00 6.518373011865396194e+00 7.510106756605891221e+00 8.510106756605889444e+00 9.511073909022591977e+00 1.051379054717042472e+01
-1.048622491786431965e+01 -9.486333610659299254e+00 -8.486345684325158345e+00 -7.486199734901866520e+00 -6.486211924051694666e+00 -5.487223325466572987e+00 -4.487772097980432306e+00 -3.483431456779911173e+00 -2.483431456779891633e+00 -1.489254122769303024e+00 -4.892541227693048000e-01 5.107458772306934236e-01 1.516568543220094156e+00 2.510745877230693424e+00 3.516568543220090604e+00 4.516568543220095933e+00 5.516568543220092380e+00 6.510745877230695200e+00 7.516568543220103038e+00 8.510745877230700529e+00 9.511552108282382179e+00 1.051339844038539439e+01
-1.048611609129748956e+01 -9.486253453926602575e+00 -8.486265941099693677e+00 -7.486065416173527609e+00 -6.486230349676176843e+00 -5.487540891902010998e+00 -4.487998733804996476e+00 -3.489838591353477071e+00 -2.489838591353452202e+00 -1.489838591353464636e+00 -4.837592826648275945e-01 5.162407173351706291e-01 1.516240717335170629e+00 2.516240717335167076e+00 3.516240717335170629e+00 4.516240717335174182e+00 5.516240717335168853e+00 6.510161408646528258e+00 7.514996828003363660e+00 8.511405294253050258e+00 9.511405294253055587e+00 1.051342712478203367e+01
-9.586554278179901800e+00 -8.652763096785243135e+00 -7.791485916988412086e+00 -7.030809781521971225e+00 -6.152958671877783559e+00 -5.426668739897549720e+00 -2.849047666838052884e+00 -1.386007950826702917e+00 -3.860079508266847093e-01 6.139920491733182883e-01 1.613992049173305743e+00 2.613992049173308629e+00 -1.244887982295799445e+00 -2.448879822958092145e-01 7.551120177041925619e-01 6.613992049173308629e+00 2.755112017704196337e+00 8.613992049173308629e+00 4.755112017704195004e+00 5.755112017704192340e+00 6.938702636851337147e+00 1.002206338414281639e+01
-1.048697906935762347e+01 -9.486553812568836008e+00 -8.486569458788098430e+00 -7.486190805381019331e+00 -6.486207274889403962e+00 -5.487464504485783934e+00 -4.488100493496125054e+00 -3.482846046035954046e+00 -2.482846046035939835e+00 -1.489912713115872478e+00 -4.899127131158778070e-01 5.171539539640477301e-01 1.510087286884122193e+00 2.517153953964042401e+00 3.510087286884123969e+00 4.517153953964049506e+00 5.517153953964051283e+00 6.510087286884116864e+00 7.513544903898777605e+00 8.513696336949401200e+00 9.513696336949410082e+00 1.051286200230770618e+01
-9.765501222885879073e+00 -8.772841802934081556e+00 -7.852713147027917451e+00 -6.964435725890937512e+00 -6.056750244502207892e+00 -5.384806113298068020e+00 -3.515932058682492922e+00 -2.198299419811652999e+00 -4.498691685280841845e+00 -1.982994198116410089e-01 8.017005801883548832e-01 1.801700580188354328e+00 2.801700580188353662e+00 5.013083147191444988e-01 1.501308314719151937e+00 2.501308314719153270e+00 6.801700580188354550e+00 4.501308314719148385e+00 8.801700580188363432e+00 6.501308314719155490e+00 7.909196223199904452e+00 1.108312446173184007e+01
-1.048667848973791195e+01 -9.486576092683451478e+00 -8.486451351337809257e+00 -7.486736775629919904e+00 -6.486752332442179636e+00 -5.487392009489914457e+00 -4.485150606625465386e+00 -3.482872114770799499e+00 -2.489733630113976304e+00 -1.489733630113976304e+00 -4.828721147707959460e-01 5.171278852292022776e-01 1.517127885229205830e+00 2.517127885229196949e+00 3.510266369886014814e+00 4.510266369886009485e+00 5.510266369886016591e+00 6.510266369886009485e+00 7.517127885229205830e+00 8.512808995998714323e+00 9.514585255391216023e+00 1.051307219520888125e+01
-1.048703033714127741e+01 -9.486527482555649371e+00 -8.486542756245887276e+00 -7.486768367276960490e+00 -6.486208050088432486e+00 -5.487460883842254944e+00 -4.488060938702384206e+00 -3.482682312415398940e+00 -2.489985229955454571e+00 -1.482682312415397163e+00 -4.899852299554723345e-01 5.173176875846010603e-01 1.517317687584602837e+00 2.517317687584601060e+00 3.510014770044525889e+00 4.510014770044527666e+00 5.517317687584597508e+00 6.510014770044524113e+00 7.513788999481645803e+00 8.513543465598061744e+00 9.513543465598074178e+00 1.051283722878857674e+01
-9.261364364559847573e+00 -8.505754055001183644e+00 -7.650477691215487930e+00 -6.452112120025609521e+00 -6.032775651035697351e+00 -4.454630733554321154e+00 -4.419358183782616578e+00 -2.400923230063027880e+00 -1.400923230063010783e+00 -4.009232300630077850e-01 5.990767699369834443e-01 -1.503679633224581202e+00 -5.036796332245796481e-01 3.599076769936980114e+00 1.496320366775425459e+00 5.599076769936979225e+00 3.496320366775413468e+00 7.599076769936981002e+00 5.496320366775423238e+00 9.599076769936976561e+00 6.964492446805317982e+00 8.836858678340059114e+00
-8.421948501092380468e+00 -8.628092919092633650e+00 -7.711693164223825114e+00 -7.020090538249999845e+00 -6.106382771863617442e+00 -5.567159489293798558e+00 -3.113216775513826473e+00 -5.227803700368193418e+00 -2.084883354110366183e-01 7.915116645889628266e-01 -2.227803700368185424e+00 2.791511664588950836e+00 3.791511664588954389e+00 7.721962996318105787e-01 1.772196299631814354e+00 2.772196299631816352e+00 7.791511664588956165e+00 4.772196299631813687e+00 5.772196299631815464e+00 6.772196299631816352e+00 7.392648947783224678e+00 9.339900810891126781e+00
-9.542662010575323706e+00 -8.768085193481734763e+00 -7.857239057109637770e+00 -6.773070690248682801e+00 -5.792188527069321857e+00 -4.278043044751229651e+00 -4.587611961102298075e+00 -1.651083536761285497e+00 -6.510835367612697322e-01 3.489164632387298792e-01 1.348916463238713837e+00 2.348916463238719388e+00 -1.740115750277180684e+00 -7.401157502771911201e-01 2.598842497228073256e-01 1.259884249722819982e+00 7.348916463238722940e+00 5.567159462352975652e+00 7.041641641284444475e+00 8.041641641284439146e+00 9.041641641284437370e+00 1.007287463915189818e+01
-8.971256789431535594e+00 -8.788617228444849161e+00 -7.865966078120635530e+00 -6.757823764036805514e+00 -5.841633110230517012e+00 -5.770661197989973346e+00 -5.122217668124404710e+00 -1.387166183364552996e+00 -3.871661833645311246e-01 -3.373337039859328979e+00 1.612833816635461215e+00 -1.373337039859333197e+00 3.612833816635462103e+00 4.612833816635454554e+00 1.626662960140666581e+00 2.626662960140664804e+00 3.626662960140663028e+00 4.626662960140665248e+00 9.005688222940612775e+00 7.233808046457869345e+00 8.233808046457861352e+00 9.119818995844656939e+00
