-1.048080826076590455e+01 -9.480838152495275395e+00 -8.481599482622995012e+00 -7.481980848041455801e+00 -6.481345775452506786e+00 -5.480454626408491237e+00 -4.484653863039870458e+00 -3.486819955435665364e+00 -2.472221705046548479e+00 -1.486819955435656482e+00 -4.868199554356600345e-01 5.131800445643381892e-01 1.513180044564338189e+00 2.527778294953435534e+00 3.513180044564332860e+00 4.527778294953435534e+00 5.527778294953439087e+00 6.513180044564332860e+00 7.526388761672118122e+00 8.514569577845659154e+00 9.514569577845659154e+00 1.051856384900484187e+01
-1.048136705024682414e+01 -9.481420247392220446e+00 -8.481541203842926535e+00 -7.481312716887785541e+00 -6.481888911263510522e+00 -5.480644448236986932e+00 -4.480137343095101699e+00 -3.478393683718030260e+00 -2.484390723095701858e+00 -1.484390723095703635e+00 -4.783936837180231549e-01 5.156092769042892598e-01 1.515609276904292813e+00 2.521606316281975069e+00 3.515609276904285707e+00 4.515609276904283931e+00 5.515609276904282154e+00 6.521606316281980398e+00 7.521606316281978621e+00 8.521606316281975069e+00 9.516879116608322420e+00 1.051831421764057772e+01
-1.885945906579345799e+00 -1.373169900853012493e+00 -4.020090905460339314e+00 -3.840611127075447495e+00 -2.486095007625013231e+00 -3.805479810579557309e+00 -4.226287972828498773e+00 -4.420840408705286606e+00 -3.420840408705264402e+00 -2.420840408705253743e+00 -2.820867986025688445e+00 -4.208404087052716180e-01 5.791595912947281599e-01 1.579159591294729825e+00 1.179132013974313331e+00 2.179132013974316884e+00 3.179132013974317772e+00 5.579159591294732934e+00 6.579159591294722276e+00 7.579159591294716058e+00 -1.759638915485456145e+00 8.874139418242583233e+00
-1.048119585012842947e+01 -9.481642423028281641e+00 -8.481655044311819935e+00 -7.481152558529929664e+00 -6.481050902808229708e+00 -5.482579460198225618e+00 -4.479937052184881807e+00 -3.484770914370367123e+00 -2.477522117847732019e+00 -1.484770914370352912e+00 -4.775221178477426776e-01 5.152290856296382060e-01 1.522477882152260875e+00 2.515229085629641759e+00 3.522477882152253770e+00 4.515229085629639982e+00 5.515229085629641759e+00 6.522477882152251993e+00 7.515229085629643535e+00 8.516076537018477666e+00 9.521630430763430297e+00 1.051829756254499948e+01
-1.048160157471211562e+01 -9.481615682386506094e+00 -8.481606264852638688e+00 -7.481908423148784237e+00 -6.481929739259843615e+00 -5.481041875921849993e+00 -4.480317008935575274e+00 -3.478942712091575018e+00 -2.485779275440341607e+00 -1.485779275440346936e+00 -4.789427120915803471e-01 5.142207245596512877e-01 1.521057287908423206e+00 2.521057287908416100e+00 3.521057287908423206e+00 4.514220724559651288e+00 5.521057287908423206e+00 6.514220724559645959e+00 7.521057287908424982e+00 8.521057287908410771e+00 9.518139733678914638e+00 1.051810315877878388e+01
-1.015064572761603756e+01 -8.751104813248861802e+00 -7.825377025335455983e+00 -6.675907768032161016e+00 -5.784720292360761462e+00 -5.667275356933416219e+00 -3.199376643326303782e+00 -9.119832152443255735e-01 8.801678475569596483e-02 -3.349360940569337419e+00 -2.349360940569342748e+00 3.088016784755682309e+00 -3.493609405693404169e-01 5.088016784755678756e+00 1.650639059430658584e+00 2.650639059430657252e+00 3.650639059430663469e+00 4.650639059430653255e+00 9.194377996314527124e+00 7.544278325193858770e+00 8.544278325193868540e+00 9.270716674419107406e+00
-1.048147366551511794e+01 -9.481481738219198263e+00 -8.481512307951396323e+00 -7.481343537399730792e+00 -6.481360733339725400e+00 -5.480914704332292331e+00 -4.483076389709651721e+00 -3.484549529681157054e+00 -2.484549529681135738e+00 -1.477936763147056354e+00 -4.845495296811517250e-01 5.220632368529347644e-01 1.515450470318846499e+00 2.522063236852936541e+00 3.515450470318846499e+00 4.522063236852932988e+00 5.515450470318850051e+00 6.515450470318846499e+00 7.522063236852938317e+00 8.522063236852936541e+00 9.518061317672785293e+00 1.051835329475050251e+01
-1.048168363659216595e+01 -9.481674338267586322e+00 -8.481641361997866113e+00 -7.481813649223624907e+00 -6.481428357349177105e+00 -5.482365152375258788e+00 -4.480159046636380538e+00 -3.478846112774180099e+00 -2.478846112774165888e+00 -1.485940980301652559e+00 -4.788461127741765466e-01 5.140590196983385596e-01 1.514059019698342112e+00 2.521153887225821677e+00 3.521153887225821677e+00 4.514059019698343889e+00 5.514059019698340336e+00 6.521153887225821677e+00 7.521153887225828782e+00 8.521153887225818124e+00 9.519239028407765701e+00 1.051778456704184173e+01
-1.048162223872812859e+01 -9.481627606871445124e+00 -8.481641319665033762e+00 -7.481898536059006233e+00 -6.481913001361208515e+00 -5.482432344081715314e+00 -4.483195339414201896e+00 -3.479001638564204413e+00 -2.479001638564183096e+00 -1.479001638564195531e+00 -4.846931333568988975e-01 5.209983614358009163e-01 1.515306866643097550e+00 2.520998361435797364e+00 3.520998361435802693e+00 4.515306866643101102e+00 5.515306866643102879e+00 6.520998361435800916e+00 7.515306866643101102e+00 8.520998361435800916e+00 9.517339295622976536e+00 1.051825411516156983e+01
-8.884752909548137012e+00 -8.749572782953622507e+00 -7.822306377556548895e+00 -6.766431009432027466e+00 -5.847702080561792748e+00 -4.593398039381558107e+00 -3.550616941727887443e+00 -1.403538899718050015e+00 -4.699803635130780144e+00 5.964611002819596441e-01 1.596461100281950207e+00 -1.699803635130797463e+00 -6.998036351307894698e-01 4.596461100281953094e+00 1.300196364869202537e+00 6.596461100281954870e+00 3.300196364869209642e+00 4.300196364869200316e+00 9.027636307390123349e+00 6.869020833945048032e+00 7.869020833945047144e+00 9.071402724562066311e+00
-1.031675589503843149e+01 -8.662969744731498167e+00 -7.760037537892408466e+00 -7.010452644869879180e+00 -5.766356798270583006e+00 -4.649241120725577048e+00 -3.460493574624235347e+00 -4.569183961009644079e+00 -6.548953765082246026e-01 -2.569183961009626760e+00 -1.569183961009635198e+00 2.345104623491763185e+00 4.308160389903636922e-01 1.430816038990359251e+00 5.345104623491773843e+00 3.430816038990364358e+00 4.430816038990365691e+00 5.430816038990363914e+00 9.022308901712557727e+00 7.753611480873820128e+00 8.753611480873818351e+00 9.020717519599910972e+00
-1.048049171235066979e+01 -9.481162883002637543e+00 -8.481280989606259979e+00 -7.482077181000605037e+00 -6.482098795134891844e+00 -5.480532802302718665e+00 -4.483944624323711992e+00 -3.476236097175966933e+00 -2.476236097175940287e+00 -1.486368775029063727e+00 -4.863687750290672795e-01 5.136312249709362732e-01 1.523763902824045502e+00 2.523763902824040173e+00 3.513631224970932720e+00 4.523763902824041949e+00 5.521519504826187585e+00 6.515875615518210040e+00 7.515875615518208264e+00 8.515875615518217145e+00 9.515875615518210040e+00 1.051900685612451447e+01
-1.048230754871935488e+01 -9.481871540742833560e+00 -8.481891709464514761e+00 -7.481331276792033691e+00 -6.481354615735725133e+00 -5.480483978140092916e+00 -4.483052077787846201e+00 -3.486542119729252320e+00 -2.478166381913139205e+00 -1.478166381913144534e+00 -4.781663819131498627e-01 5.134578802707565615e-01 1.521833618086848361e+00 2.513457880270753009e+00 3.521833618086844808e+00 4.513457880270751232e+00 5.521833618086853690e+00 6.514728070152076000e+00 7.520563435656102413e+00 8.520563435656097084e+00 9.520563435656098861e+00 1.051682538996365857e+01
-9.073620630256453268e+00 -8.175436042552817639e+00 -7.774177553720105216e+00 -6.996577936443257428e+00 -5.738723266212393703e+00 -4.680619816412828982e+00 -3.474087093507480350e+00 -5.192417975517891193e+00 -5.838788295723175148e-01 4.161211704276847057e-01 1.416121170427670606e+00 -1.192417975517887196e+00 -1.924179755178803131e-01 8.075820244821136917e-01 1.807582024482108807e+00 6.416121170427668829e+00 3.807582024482107474e+00 8.416121170427665277e+00 5.807582024482123018e+00 6.807582024482106142e+00 7.582918442879703846e+00 1.019484609753608240e+01
-1.048216009885067734e+01 -9.481023766100397765e+00 -8.481051333248608159e+00 -7.482232920825500955e+00 -6.481255389749993157e+00 -5.483021907508385695e+00 -4.484052978456025684e+00 -3.487596221268180585e+00 -2.470468796789617727e+00 -1.487596221268157493e+00 -4.875962212681717034e-01 5.295312032103591804e-01 1.512403778731830073e+00 2.529531203210359180e+00 3.529531203210357404e+00 4.512403778731831849e+00 5.512403778731826520e+00 6.527579449117189014e+00 7.514355532824996686e+00 8.514355532825003792e+00 9.514355532825000239e+00 1.051738911122085085e+01
-9.727816765367848006e+00 -8.736266513043950965e+00 -7.811354369297166755e+00 -7.137763093944650805e+00 -6.238531036612406488e+00 -5.704507939964746477e+00 -5.460346677153858685e+00 -1.247813045019508404e+00 -2.478130450194837575e-01 7.521869549805105803e-01 1.752186954980504918e+00 2.752186954980502698e+00 -5.798586694455402091e-01 4.201413305544536847e-01 1.420141330554451464e+00 2.420141330554453241e+00 7.752186954980500033e+00 4.420141330554462122e+00 5.420141330554449688e+00 6.420141330554448800e+00 8.680195386121795309e+00 1.108806421480436022e+01
-1.048170038312665753e+01 -9.481696672737578879e+00 -8.481627579778420412e+00 -7.481372341513626623e+00 -6.481951855123021744e+00 -5.482447862625114965e+00 -4.480390727519967697e+00 -3.484584983438255179e+00 -2.484584983438232086e+00 -1.478410951793172501e+00 -4.784109517931831590e-01 5.215890482068150646e-01 1.515415016561755479e+00 2.521589048206813288e+00 3.515415016561760808e+00 4.515415016561757255e+00 5.515415016561760808e+00 6.521589048206820394e+00 7.521589048206813288e+00 8.517018586397185231e+00 9.519985485821976567e+00 1.051794321089983875e+01
-1.048156638037080057e+01 -9.481567266989845422e+00 -8.481580376286412815e+00 -7.481830190528537372e+00 -6.481356002051720466e+00 -5.480860300023469023e+00 -4.483054000545632078e+00 -3.477894320745379630e+00 -2.484605013985525801e+00 -1.484605013985536459e+00 -4.846050139855382355e-01 5.221056792546292513e-01 1.515394986014463541e+00 2.515394986014463541e+00 3.522105679254625699e+00 4.522105679254629251e+00 5.522105679254627475e+00 6.515394986014461765e+00 7.515394986014467094e+00 8.522105679254625699e+00 9.518813688646652338e+00 1.051838609982618955e+01
6.502128723116920028e-01 -4.302832569269968488e+00 -3.832044132293100702e+00 -2.778326443444388616e+00 -2.546626142945746629e+00 -3.279611675195528875e+00 2.637187284706974388e-01 -3.173575599355437760e+00 -4.900448960931638176e+00 -1.173575599355438870e+00 -2.900448960931648834e+00 -1.900448960931649500e+00 1.826424400644553359e+00 9.955103906834761318e-02 1.099551039068349390e+00 2.099551039068347169e+00 3.099551039068360936e+00 4.099551039068346725e+00 5.099551039068355607e+00 8.042246872301554106e+00 7.883731260856221112e+00 -3.069917075034551246e+00
-1.048145058056852008e+01 -9.481460597874086460e+00 -8.481572095812719425e+00 -7.481381591917459772e+00 -6.481393036009237107e+00 -5.482371688397099874e+00 -4.482811149717738530e+00 -3.484205268831431113e+00 -2.479150865734970566e+00 -1.484205268831418678e+00 -4.791508657349883293e-01 5.157947311685724401e-01 1.520849134265009894e+00 2.515794731168567111e+00 3.515794731168577769e+00 4.520849134265011671e+00 5.520849134265015223e+00 6.520849134265009894e+00 7.520849134265013447e+00 8.515794731168568887e+00 9.519174791364489963e+00 1.051833787137133136e+01
-9.247260602446154110e+00 -8.273021540817939723e+00 -7.374074152329655796e+00 -6.559122066282066399e+00 -5.677422031148866566e+00 -4.502618736957876955e+00 -4.030167004438196976e+00 -4.769529593894695552e+00 -1.036631671814515876e+00 -2.769529593894697772e+00 9.633683281854705793e-01 -7.695295938947007697e-01 2.304704061052985087e-01 1.230470406105298009e+00 2.230470406105296899e+00 5.963368328185477907e+00 4.230470406105300007e+00 7.963368328185464584e+00 6.230470406105300007e+00 7.230470406105299119e+00 8.008685609814392592e+00 1.113307780622250220e+01
-1.048102143000478037e+01 -9.481348495591776171e+00 -8.481536011804239550e+00 -7.481807384301344399e+00 -6.481821503151552477e+00 -5.480772528458739856e+00 -4.483365464616905882e+00 -3.484987850893649153e+00 -2.476867172528395500e+00 -1.484987850893645600e+00 -4.849878508936420474e-01 5.150121491063561763e-01 1.523132827471584960e+00 2.523132827471584960e+00 3.523132827471593842e+00 4.515012149106356176e+00 5.515012149106354400e+00 6.515012149106357953e+00 7.523132827471586737e+00 8.521934587847091791e+00 9.516210396181437048e+00 1.051856290210375811e+01
-9.777957812256875769e+00 -8.859415139903562775e+00 -7.856555658001592946e+00 -6.990901112052479327e+00 -5.845740183932823797e+00 -5.523262793897916190e+00 -2.879175758133666552e+00 -1.258578755500062041e+00 -2.585787555000532700e-01 7.414212444999564999e-01 1.741421244499947729e+00 2.741421244499945509e+00 -2.093731427143823431e+00 4.741421244499938403e+00 5.741421244499954391e+00 9.062685728561739040e-01 7.741421244499942844e+00 2.906268572856179233e+00 3.906268572856186339e+00 4.906268572856183674e+00 6.166725639849650165e+00 9.509354247354529832e+00
3.119968834847355765e+00 -2.788447163899882231e+00 -2.466427211762210803e+00 -2.752065013865713450e+00 -2.559450706871692738e+00 -2.127201680613161727e+00 1.129830373845374325e+00 -4.836572844316450848e+00 -5.244914758394244814e+00 -2.836572844316435749e+00 -1.836572844316443520e+00 -8.365728443164475170e-01 1.634271556835558137e-01 -2.449147583942503648e-01 2.163427155683551817e+00 3.163427155683551373e+00 2.755085241605742752e+00 5.163427155683560699e+00 4.755085241605724988e+00 7.163427155683542935e+00 -8.026970300475477771e-01 1.610884800982392839e-01
-1.048142549056903050e+01 -9.481472581963650725e+00 -8.481547508727427243e+00 -7.481300928037303066e+00 -6.481348414312707362e+00 -5.480832811783674430e+00 -4.480260890315886257e+00 -3.484834719787968993e+00 -2.478654157708991335e+00 -1.484834719787954782e+00 -4.786541577090055455e-01 5.213458422909926782e-01 1.515165280212043442e+00 2.521345842290992678e+00 3.515165280212039889e+00 4.521345842290999784e+00 5.521345842290996231e+00 6.515165280212041665e+00 7.515165280212036336e+00 8.519018534232257522e+00 9.517492580820206882e+00 1.051839502494442513e+01
-8.988126355980849524e+00 -8.750943340804113291e+00 -7.609804881144746957e+00 -6.884274831243216042e+00 -5.934931431772547228e+00 -4.660435124226485648e+00 -3.521771009452586032e+00 -4.388683328798101080e+00 -8.651764957788412591e-01 -2.388683328798081984e+00 -1.388683328798090644e+00 -3.886833287980921980e-01 6.113166712019114657e-01 4.134823504221136758e+00 2.611316671201907358e+00 6.134823504221142088e+00 7.422389739032101197e+00 5.323750869421144394e+00 6.323750869421140841e+00 7.323750869421145282e+00 8.323750869421147058e+00 7.966307467338693549e+00
-1.048150378499511959e+01 -9.481512140821308776e+00 -8.481547322462894556e+00 -7.481305823068739258e+00 -6.481338821690178165e+00 -5.480851922522889552e+00 -4.480259899388643774e+00 -3.484125431965694020e+00 -2.484125431965672703e+00 -1.484125431965688691e+00 -4.788346368480684845e-01 5.158745680343130857e-01 1.521165363151931516e+00 2.515874568034313086e+00 3.515874568034320191e+00 4.515874568034314862e+00 5.521165363151933292e+00 6.521165363151929739e+00 7.521165363151929739e+00 8.521165363151927963e+00 9.517671256918811551e+00 1.051831855218519962e+01
-1.048078793456613766e+01 -9.481350110674437559e+00 -8.481420198286123480e+00 -7.481322618032056226e+00 -6.481818752193994726e+00 -5.480813735926698627e+00 -4.483310909772466601e+00 -3.477016830647546186e+00 -2.484877990389406932e+00 -1.484877990389421143e+00 -4.848779903894229193e-01 5.151220096105753044e-01 1.515122009610578857e+00 2.522983169352450261e+00 3.515122009610578857e+00 4.522983169352457367e+00 5.522983169352453814e+00 6.522983169352450261e+00 7.515122009610580633e+00 8.515122009610571752e+00 9.521983875131052599e+00 1.051873270997944942e+01
-1.048120663636791505e+01 -9.481483969329435268e+00 -8.481529548256235174e+00 -7.481819971887926357e+00 -6.481349113820629171e+00 -5.482385463504638068e+00 -4.482881988822075670e+00 -3.484444789080471949e+00 -2.484444789080459515e+00 -1.484444789080463067e+00 -4.784098187969565430e-01 5.215901812030381279e-01 1.521590181203041681e+00 2.521590181203038128e+00 3.515555210919531604e+00 4.521590181203045233e+00 5.521590181203041681e+00 6.515555210919529827e+00 7.515555210919531604e+00 8.520588528872877987e+00 9.516556863249686415e+00 1.051842319643631996e+01
-9.687123241575283927e+00 -8.686192997642699254e+00 -7.769190191027258052e+00 -6.834378600159045192e+00 -5.916266009851282703e+00 -4.911075597944183357e+00 -3.522973050756665447e+00 -2.853703862080074316e+00 -1.853703862080051445e+00 -3.735270542771621294e+00 1.462961379199296807e-01 1.146296137919928793e+00 2.146296137919933233e+00 3.146296137919924352e+00 1.264729457228371823e+00 5.146296137919932789e+00 3.264729457228366272e+00 4.264729457228368048e+00 8.146296137919925684e+00 9.146296137919934566e+00 7.073968402496699781e+00 1.128343246557256840e+01
4.555755682215582025e-01 4.368059158363207795e-01 -7.673941646961114360e-01 -1.276683676850441707e+00 -2.119800676706887099e+00 6.698738413156715144e-01 -2.722752785330207814e+00 -5.601215950431352120e+00 -3.880045880931899394e+00 -3.601215950431350343e+00 -2.601215950431355672e+00 -8.800458809319191555e-01 -6.012159504313520086e-01 3.987840495686401088e-01 1.398784049568641441e+00 2.398784049568645660e+00 3.398784049568652321e+00 4.398784049568649657e+00 5.398784049568644328e+00 7.119954119068086840e+00 -1.044902313214728373e+00 -5.726403121601809643e-01
-9.188235472144622662e+00 -8.257026156524016614e+00 -7.794993489863681013e+00 -6.634129093990075887e+00 -6.140943515186433999e+00 -4.420453334340353813e+00 -3.218298329827289805e+00 -5.681383721749117655e+00 9.994817239103648276e-02 1.099948172391041368e+00 -2.681383721749117655e+00 3.099948172391027601e+00 -6.813837217491153231e-01 5.099948172391027157e+00 6.099948172391028933e+00 2.318616278250884122e+00 3.318616278250881013e+00 4.318616278250888563e+00 5.318616278250885010e+00 6.318616278250882345e+00 7.646836553569515083e+00 1.036435599965045462e+01
-1.048164048536933990e+01 -9.481630658053529004e+00 -8.481647071682587580e+00 -7.481922385536833531e+00 -6.481435117565766291e+00 -5.482413818382397608e+00 -4.480181087993763356e+00 -3.485529092394500594e+00 -2.478555196218861667e+00 -1.478555196218870549e+00 -4.855290923944970416e-01 5.214448037811276748e-01 1.521444803781133004e+00 2.521444803781125898e+00 3.514470907605504735e+00 4.521444803781122346e+00 5.514470907605504735e+00 6.514470907605504735e+00 7.521444803781125898e+00 8.517191516912786753e+00 9.518724198199123521e+00 1.051827099428258627e+01
-1.048030211437831127e+01 -9.481530931185579547e+00 -8.481546666811802027e+00 -7.481228556822657083e+00 -6.482108261774873981e+00 -5.479773413728580067e+00 -4.478954363952972528e+00 -3.485283431004400967e+00 -2.485283431004377874e+00 -1.475991394709453175e+00 -4.852834310043938615e-01 5.147165689956061385e-01 1.524008605290546825e+00 2.514716568995604362e+00 3.514716568995611468e+00 4.514716568995606139e+00 5.524008605290541496e+00 6.514716568995606139e+00 7.514716568995615020e+00 8.524008605290548601e+00 9.523733708668839171e+00 1.051901130716909449e+01
-1.048376655443139072e+01 -9.481769128279230685e+00 -8.481796948747184928e+00 -7.480956582860512682e+00 -6.480984582142378159e+00 -5.482874302701516100e+00 -4.485170199112443967e+00 -3.488170905546706280e+00 -2.467893897132412917e+00 -1.467893897132425352e+00 -4.881709055466991742e-01 5.321061028675728721e-01 1.511829094453302602e+00 2.511829094453304378e+00 3.511829094453304378e+00 4.511829094453304378e+00 5.511829094453304378e+00 6.532106102867569319e+00 7.511829094453300826e+00 8.526916043324911598e+00 9.517019139094792024e+00 1.051611019806428793e+01
-9.092366280560010949e+00 -8.708774420997537291e+00 -7.782683476147083113e+00 -7.308057981493869093e+00 -6.397444931147694192e+00 -4.508277948159715720e+00 -5.341266115837377981e+00 -1.904341576898971988e+00 -4.921282455262407929e+00 9.565842310104455404e-02 1.095658423101033563e+00 2.095658423101034895e+00 3.095658423101034007e+00 4.095658423101030010e+00 5.095658423101036227e+00 2.078717544737580081e+00 3.078717544737578748e+00 4.078717544737580525e+00 8.517607599506108684e+00 6.656768219905337958e+00 7.656768219905351280e+00 8.729032223674638047e+00
-1.048102238740428760e+01 -9.481365017254224981e+00 -8.481532454151983202e+00 -7.481177463788879933e+00 -6.482144072313179350e+00 -5.482832066376088775e+00 -4.480072967369435943e+00 -3.476851015944376400e+00 -2.476851015944351531e+00 -1.485192671079515137e+00 -4.851926710795222419e-01 5.231489840556307058e-01 1.514807328920479534e+00 2.514807328920475982e+00 3.523148984055630706e+00 4.514807328920475982e+00 5.523148984055632482e+00 6.514807328920477758e+00 7.514807328920484863e+00 8.521776728670708678e+00 9.516179576854815636e+00 1.051857814971696925e+01
-1.048146676001222488e+01 -9.481470578434777252e+00 -8.481482596221290748e+00 -7.481827733191591889e+00 -6.481330220672203879e+00 -5.480692745271047883e+00 -4.480182536962351136e+00 -3.478470915081828707e+00 -2.484614030542683594e+00 -1.478470915081819825e+00 -4.784709150818251544e-01 5.153859694573021955e-01 1.515385969457305748e+00 2.515385969457296866e+00 3.521529084918174846e+00 4.521529084918174846e+00 5.515385969457298643e+00 6.521529084918171293e+00 7.515385969457305748e+00 8.515385969457296866e+00 9.518914124843748326e+00 1.051844699951735507e+01
-1.048135810684075864e+01 -9.481365833092812778e+00 -8.481403875757351329e+00 -7.481288421560430280e+00 -6.481305051256303074e+00 -5.480761114169256487e+00 -4.484050843526022234e+00 -3.485699351538324109e+00 -2.485699351538295687e+00 -1.475027721036566319e+00 -4.750277210365698721e-01 5.143006484616794438e-01 1.514300648461679444e+00 2.524972278963426575e+00 3.514300648461684773e+00 4.514300648461682997e+00 5.524972278963431904e+00 6.514300648461679444e+00 7.514300648461688326e+00 8.524972278963424799e+00 9.519577529620038447e+00 1.051847338337788607e+01
-1.048129415901543382e+01 -9.481379114260715113e+00 -8.481557425280842111e+00 -7.481327224692165601e+00 -6.481796208938394699e+00 -5.480896368792102180e+00 -4.482837252488167223e+00 -3.484326187690554022e+00 -2.484326187690534482e+00 -1.478552710434243522e+00 -4.785527104342452986e-01 5.156738123094566362e-01 1.515673812309456636e+00 2.521447289565752925e+00 3.515673812309454860e+00 4.515673812309458413e+00 5.521447289565752925e+00 6.521447289565751149e+00 7.515673812309456636e+00 8.521447289565758254e+00 9.520057264546094800e+00 1.051841431466693244e+01
-1.048135686598038774e+01 -9.481392915614621941e+00 -8.481582089581268136e+00 -7.481238167055636268e+00 -6.481856244870192185e+00 -5.482942368157871726e+00 -4.483578729697249798e+00 -3.485688432373791557e+00 -2.478905800052642050e+00 -1.478905800052661590e+00 -4.856884323737826747e-01 5.210941999473384101e-01 1.521094199947338410e+00 2.521094199947336634e+00 3.514311567626215549e+00 4.514311567626215549e+00 5.521094199947334857e+00 6.521094199947336634e+00 7.521094199947333081e+00 8.518261373720385166e+00 9.517144393853165241e+00 1.051832599260589696e+01
3.214690480086906721e+00 -3.075814575113342997e+00 -2.722574489930529751e+00 -2.937926732036847177e+00 -2.581459084256887859e+00 -2.987392152414147795e+00 -4.338357888230317982e+00 -4.102296795503061588e+00 -3.102296795503022064e+00 -4.503048088444018049e+00 -1.102296795503047377e+00 -1.022967955030472664e-01 8.977032044969548430e-01 1.897703204496948404e+00 4.969519115559711819e-01 3.897703204496943741e+00 2.496951911555977066e+00 5.897703204496945517e+00 6.897703204496949070e+00 5.496951911555973957e+00 1.361273112333210022e+00 -5.937909078287897380e-01
-1.048114530759105634e+01 -9.481561798771670269e+00 -8.481573604216638529e+00 -7.481816135516243804e+00 -6.481372218748386871e+00 -5.482318148186276829e+00 -4.482787769457178939e+00 -3.484237972816302431e+00 -2.478587206622409056e+00 -1.484237972816284667e+00 -4.842379728162917729e-01 5.214127933775714041e-01 1.521412793377573180e+00 2.515762027183708227e+00 3.515762027183706451e+00 4.521412793377578510e+00 5.521412793377576733e+00 6.515762027183708227e+00 7.521412793377567851e+00 8.515762027183695793e+00 9.521182708272869277e+00 1.051836557296865315e+01
-1.048151250302111492e+01 -9.481484328650591209e+00 -8.481582966887126318e+00 -7.481837687336600595e+00 -6.481847730719223932e+00 -5.482385521077297597e+00 -4.480364707552581649e+00 -3.478588332676070038e+00 -2.478588332676052275e+00 -1.484640901230946497e+00 -4.785883326760718148e-01 5.153590987690499503e-01 1.515359098769051727e+00 2.515359098769044621e+00 3.521411667323933514e+00 4.521411667323931738e+00 5.521411667323933514e+00 6.515359098769044621e+00 7.521411667323933514e+00 8.515359098769042845e+00 9.516600395298816295e+00 1.051816303536973862e+01
-9.594852985458805605e+00 -8.612612563206711869e+00 -7.691413792784553394e+00 -6.731954235667729769e+00 -5.924638704579238357e+00 -4.957356855075714108e+00 -3.959564264330696748e+00 -2.377924964107476224e+00 -1.377924964107458017e+00 -3.779249641074718391e-01 6.220750358925231094e-01 -1.882648511688979731e+00 -8.826485116889772886e-01 3.622075035892525108e+00 4.622075035892525996e+00 2.117351488311013163e+00 3.117351488311016272e+00 7.622075035892523331e+00 5.117351488311017604e+00 9.622075035892523331e+00 7.328566743282439511e+00 1.098625317843144522e+01
-9.402551470204178585e+00 -8.464747259711314697e+00 -7.708366226435699353e+00 -6.608706284774088502e+00 -6.014739938803531416e+00 -4.797130296857852194e+00 -3.698273476959967443e+00 -5.307499935510139544e+00 -9.224951949019825070e-01 7.750480509800572460e-02 -2.307499935510136435e+00 2.077504805098001839e+00 3.077504805097999618e+00 6.925000644898537949e-01 1.692500064489861122e+00 6.077504805098000951e+00 3.692500064489863121e+00 8.077504805098003615e+00 5.692500064489856904e+00 6.692500064489863121e+00 7.491868376979717858e+00 1.029590154405558167e+01
-9.333157475214001408e+00 -8.601008408232647895e+00 -7.678714912268603143e+00 -7.162935792573423832e+00 -6.257542249293190473e+00 -5.661770472888237649e+00 -5.909566390851066942e+00 -2.206225131962567865e+00 -1.206225131962553654e+00 -2.062251319625637569e-01 7.937748680374305810e-01 1.793774868037432579e+00 2.793774868037434800e+00 3.793774868037433912e+00 1.287780272154327887e+00 2.287780272154325445e+00 3.287780272154334771e+00 7.793774868037430359e+00 8.793774868037433023e+00 6.287780272154333439e+00 6.978020109755219913e+00 8.737364939917446449e+00
-2.733397027974158178e+00 -2.916831867851619187e+00 -2.801870100662888774e+00 -2.991467766535555128e+00 -1.427216267105078984e+00 -5.519918033493489418e-01 -2.397331102649457257e+00 -4.431560993372873014e+00 -3.431560993372838375e+00 -2.431560993372860580e+00 -1.431560993372853918e+00 -2.290933196815008177e+00 5.684390066271434172e-01 1.568439006627135202e+00 7.090668031850019259e-01 3.568439006627141197e+00 4.568439006627147414e+00 5.568439006627143861e+00 4.709066803185007366e+00 3.773970293697074041e+00 1.050353279371804405e+01 -5.294764371180569640e+00
-8.503351213502229555e+00 -8.658660012094204106e+00 -7.743405145871355977e+00 -6.725804142412816766e+00 -5.822950324807864675e+00 -4.605835473018517590e+00 -3.870651568521872754e+00 -4.870401216293418045e+00 -3.870401216293403834e+00 5.999202532289171774e-02 -1.870401216293412716e+00 2.059992025322888942e+00 3.059992025322889830e+00 4.059992025322886278e+00 2.129598783706578402e+00 3.129598783706586840e+00 4.129598783706584619e+00 5.129598783706588172e+00 6.129598783706584619e+00 6.899283299497368738e+00 1.129030739840418995e+01 8.870093060688782671e+00
-1.048287786949768474e+01 -9.482320953499188576e+00 -8.481756907295102010e+00 -7.481480960141560388e+00 -6.482106682251806973e+00 -5.482662771235837340e+00 -4.483294222842566512e+00 -3.485510487448104655e+00 -2.476306397806514070e+00 -1.485510487448092221e+00 -4.855104874480939969e-01 5.236936021934734953e-01 1.523693602193475272e+00 2.523693602193473495e+00 3.514489512551906003e+00 4.523693602193477048e+00 5.514489512551900674e+00 6.520020480860356571e+00 7.518162626434447660e+00 8.518162626434442330e+00 9.518162626434442330e+00 1.051686068217862058e+01
