-1.052473870901891928e+01 -9.524760926650307269e+00 -8.524776602671879644e+00 -7.523973579095160957e+00 -6.524054581807396502e+00 -5.526192764328270002e+00 -4.528927783058433576e+00 -3.508825401352204665e+00 -2.532346929000162561e+00 -1.532346929000164337e+00 -5.323469290001732190e-01 4.676530709998250046e-01 1.467653070999826781e+00 2.491174598647797112e+00 3.491174598647802441e+00 4.491174598647795335e+00 5.467653070999830334e+00 6.467653070999826781e+00 7.467653070999833886e+00 8.467653070999830334e+00 9.483191957189282206e+00 1.047520825774832431e+01
-1.052337325601417461e+01 -9.523983995006835457e+00 -8.524444023655213698e+00 -7.525258357213328253e+00 -6.525284270332619485e+00 -5.520970264957721696e+00 -4.520128304646771511e+00 -3.530539671467128215e+00 -2.514343241737647006e+00 -1.530539671467106899e+00 -5.305396714671193337e-01 4.856567582623441126e-01 1.469460328532887772e+00 2.469460328532880666e+00 3.469460328532878890e+00 4.469460328532878890e+00 5.469460328532878890e+00 6.469460328532882443e+00 7.485656758262340560e+00 8.485656758262331678e+00 9.474224945022282185e+00 1.047599883885545324e+01
-1.052477491528479447e+01 -9.524768776006320437e+00 -8.524795072830542608e+00 -7.525063900954364726e+00 -6.524596336043687828e+00 -5.524073126471868989e+00 -4.523621323264457317e+00 -3.527819166637300441e+00 -2.522084339267827602e+00 -1.522084339267841813e+00 -5.278191666372915591e-01 4.779156607321564110e-01 1.477915660732159964e+00 2.472180833362703112e+00 3.477915660732158187e+00 4.472180833362708441e+00 5.472180833362706665e+00 6.472180833362703112e+00 7.477915660732165293e+00 8.477915660732158187e+00 9.472914424978860382e+00 1.047483570247209705e+01
-1.052523871663617427e+01 -9.525080559436558403e+00 -8.524868076328516509e+00 -7.525133816186693636e+00 -6.525158116255289187e+00 -5.525627614591625658e+00 -4.523026330057872357e+00 -3.530049265954987803e+00 -2.521685169671052051e+00 -1.521685169671060933e+00 -5.216851696710680386e-01 4.783148303289301850e-01 1.469950734045019303e+00 2.469950734045012197e+00 3.478314830328931961e+00 4.478314830328931961e+00 5.478314830328933738e+00 6.469950734045013974e+00 7.478314830328935514e+00 8.471164049919355676e+00 9.477101514454588482e+00 1.047409738820384284e+01
-1.052403985979874790e+01 -9.524571048942458873e+00 -8.524789395657442981e+00 -7.524423497644352921e+00 -6.525402727452174645e+00 -5.522838110950853974e+00 -4.521899971094985204e+00 -3.529225203123958821e+00 -2.529225203123933952e+00 -1.518579254773513298e+00 -5.292252031239499388e-01 4.814207452264742670e-01 1.470774796876051838e+00 2.470774796876042956e+00 3.481420745226477820e+00 4.481420745226472491e+00 5.470774796876050061e+00 6.479931754144763190e+00 7.472263780507184094e+00 8.472263780507176989e+00 9.472263780507185871e+00 1.047546105560932617e+01
-1.052515540136530348e+01 -9.525018854574723193e+00 -8.525023518638169762e+00 -7.525192959742115661e+00 -6.524659922854453953e+00 -5.525674028830083628e+00 -4.523460461334730454e+00 -3.521672448651360199e+00 -2.521672448651337106e+00 -1.528510747985409424e+00 -5.216724486513566461e-01 4.714892520145941290e-01 1.478327551348641578e+00 2.478327551348641578e+00 3.471489252014594129e+00 4.471489252014592353e+00 5.471489252014588800e+00 6.478327551348639801e+00 7.472604458643631986e+00 8.477212340994324080e+00 9.477212340994309869e+00 1.047429574043913014e+01
-1.052492740547109662e+01 -9.525000678206003712e+00 -8.524884795600708998e+00 -7.525144597346125508e+00 -6.525139657611179089e+00 -5.523526733571811675e+00 -4.522989218885227203e+00 -3.528016967529600478e+00 -2.528016967529582715e+00 -1.528016967529582715e+00 -5.207404734736051921e-01 4.792595265263948079e-01 1.471983032470404851e+00 2.479259526526394808e+00 3.479259526526394808e+00 4.479259526526387702e+00 5.471983032470410180e+00 6.471983032470406627e+00 7.471983032470410180e+00 8.474376073276452814e+00 9.476866485720343292e+00 1.047474296966736951e+01
-9.741861100140891239e+00 -8.806282725038551362e+00 -7.864257926171445590e+00 -7.065705324575311863e+00 -6.108187084491987662e+00 -5.141174467050024788e+00 -3.791487300838732200e+00 -2.674461606447045448e+00 -4.324371507234308964e+00 -6.744616064470324579e-01 3.255383935529579942e-01 1.325538393552956329e+00 -3.243715072343220651e-01 3.325538393552955441e+00 4.325538393552957217e+00 2.675628492765674604e+00 6.325538393552960770e+00 4.675628492765680377e+00 5.675628492765683930e+00 9.325538393552967875e+00 7.388115281068439621e+00 1.060294233688299137e+01
-1.395661321498574470e+00 -4.775906465825991987e+00 -3.940112166796873261e+00 -3.017320278063214012e+00 -2.256794917987438254e+00 -2.964299067324517090e+00 4.970977417453952274e-01 -5.473305074507568868e+00 -4.473305074507547552e+00 -3.473305074507560430e+00 -7.518552636370007258e-01 2.481447363629873948e-01 1.248144736362995832e+00 5.266949254924485624e-01 1.526694925492425359e+00 2.526694925492428911e+00 3.526694925492427579e+00 5.972935310111613383e+00 5.801906515459474889e+00 6.801906515459450020e+00 7.801906515459470448e+00 -4.502405766378262619e+00
-3.898561553486681319e+00 -4.179951604890216110e+00 -3.371245893676428018e+00 -3.652095615088598812e+00 -3.354882736799133180e+00 -3.445153482862483241e+00 1.706027601489723544e-01 -4.179272423165087069e+00 -3.179272423165069306e+00 -2.179272423165071970e+00 -1.172712450838280018e+00 -1.792724231650812960e-01 8.207275768349239220e-01 1.820727576834914485e+00 2.827287549161727309e+00 5.122821244712107536e+00 3.525192295704016043e+00 4.525192295704018264e+00 5.525192295704020928e+00 6.525192295704009382e+00 7.525192295704020928e+00 -6.141883854014031030e+00
-1.052443712882017479e+01 -9.524593322791822914e+00 -8.524719282307394508e+00 -7.525119631805219811e+00 -6.525136455216166809e+00 -5.525947525419953266e+00 -4.523499629714260450e+00 -3.520606248893523471e+00 -2.520606248893512813e+00 -1.528138413347965852e+00 -5.206062488935181420e-01 4.718615866520217139e-01 1.471861586652023490e+00 2.479393751106478305e+00 3.471861586652016385e+00 4.471861586652019938e+00 5.471861586652027043e+00 6.471861586652021714e+00 7.479393751106485411e+00 8.479393751106480082e+00 9.473430634222244962e+00 1.047518003054641156e+01
-1.052497894079846930e+01 -9.524781936271606853e+00 -8.524795067919919589e+00 -7.525213067843164794e+00 -6.525231716646384683e+00 -5.524024093015636794e+00 -4.526482352478932825e+00 -3.528414247049530772e+00 -2.528414247049509456e+00 -1.521302414550014248e+00 -5.213024145500213535e-01 4.786975854499768701e-01 1.471585752950472781e+00 2.478697585449976870e+00 3.471585752950476333e+00 4.478697585449980423e+00 5.478697585449976870e+00 6.471585752950476333e+00 7.475592395798736689e+00 8.474690946327012142e+00 9.474690946327015695e+00 1.047496991096572394e+01
-1.052508593367583956e+01 -9.525120068510823046e+00 -8.525126658549346814e+00 -7.524925023486689568e+00 -6.524939932098435591e+00 -5.525717221369790266e+00 -4.526468888094493437e+00 -3.521472890099346387e+00 -2.521472890099326847e+00 -1.521472890099344610e+00 -5.280039684677735323e-01 4.719960315322264677e-01 1.471996031532226468e+00 2.478527109900650061e+00 3.471996031532226468e+00 4.478527109900653613e+00 5.471996031532233573e+00 6.473319276997978378e+00 7.477203860709607852e+00 8.477203860709613181e+00 9.477203860709598970e+00 1.047438846139067792e+01
-1.052476684986184807e+01 -9.524777459488671383e+00 -8.524785662577899714e+00 -7.525051942603161237e+00 -6.525085753337890537e+00 -5.525627172128713127e+00 -4.526145650581879565e+00 -3.520783549682667157e+00 -2.527902739630478735e+00 -1.527902739630489393e+00 -5.207835496826529464e-01 4.720972603695017256e-01 1.479216450317347054e+00 2.472097260369501726e+00 3.479216450317345277e+00 4.472097260369499949e+00 5.479216450317347054e+00 6.472097260369507055e+00 7.472097260369512384e+00 8.479216450317352383e+00 9.475653511895380632e+00 1.047515875609084013e+01
-5.465184584432867254e+00 -3.619851127385371736e+00 -3.072983789249036590e+00 -3.148147668893005235e+00 -2.881752154680443656e+00 -3.302813897911931029e+00 -1.603577276111822769e-03 -4.764979377995031129e+00 -3.764979377995013365e+00 -2.764979377995028464e+00 -1.764979377995035570e+00 -7.649793779950304629e-01 -1.829893052991262037e+00 -8.298930529912625920e-01 2.235020622004963542e+00 3.235020622004968871e+00 4.235020622004968871e+00 5.235020622004963542e+00 6.235020622004964430e+00 5.170106947008720866e+00 -1.234313454371129826e+00 1.232067449502058487e+01
-1.052457575940278645e+01 -9.524797786704514380e+00 -8.524803203276613672e+00 -7.525052425197600314e+00 -6.525068045339793343e+00 -5.524029505185112043e+00 -4.523521289906724974e+00 -3.527796984396212920e+00 -2.521992322734803338e+00 -1.521992322734806891e+00 -5.277969843962093677e-01 4.722030156037906323e-01 1.478007677265177122e+00 2.472203015603783527e+00 3.478007677265175346e+00 4.478007677265182451e+00 5.478007677265178899e+00 6.472203015603792409e+00 7.472203015603801290e+00 8.477785411544806138e+00 9.472425285049446586e+00 1.047492446310140402e+01
-1.052403925596311041e+01 -9.523808109150689205e+00 -8.524598883972918983e+00 -7.525307806716739378e+00 -6.524436491118223103e+00 -5.526168557391926583e+00 -4.527219297872349557e+00 -3.530705066905790446e+00 -2.530705066905758471e+00 -1.513782667504102619e+00 -5.137826675041115010e-01 4.692949330942219888e-01 1.469294933094223765e+00 2.486217332495884946e+00 3.469294933094221989e+00 4.486217332495890275e+00 5.469294933094227318e+00 6.469294933094227318e+00 7.469294933094234423e+00 8.483933222903454308e+00 9.471579042686654404e+00 1.047538864375515111e+01
-1.052494412474332108e+01 -9.524961119517675101e+00 -8.524856595322484409e+00 -7.524670032784365858e+00 -6.524664541706433951e+00 -5.525525161996492685e+00 -4.523622391745435678e+00 -3.528240861371164883e+00 -2.528240861371143566e+00 -1.528240861371147119e+00 -5.223736222833341714e-01 4.776263777166622759e-01 1.477626377716664052e+00 2.471759138628843999e+00 3.477626377716658723e+00 4.477626377716664052e+00 5.477626377716660500e+00 6.477626377716658723e+00 7.477626377716671158e+00 8.471759138628843999e+00 9.473216833546763027e+00 1.047477172128856537e+01
-5.706262153551697303e+00 -2.064101568263433606e+00 -1.284666473548847554e+00 -1.138327442401595224e+00 -3.923969250973406986e-01 7.206319141691066577e-01 -2.304794172020622867e+00 -4.490461665935808533e+00 -3.490461665935791213e+00 -2.490461665935798319e+00 -1.490461665935812530e+00 -4.904616659358141950e-01 5.095383340641890246e-01 3.308954033802263828e-01 1.330895403380226938e+00 4.181402669410530848e+00 2.659032945609559828e+00 3.659032945609562493e+00 4.659032945609569154e+00 5.659032945609567378e+00 6.659032945609548726e+00 -5.571120085992956383e+00
-1.043742193659796236e+01 -8.814860760727414757e+00 -7.864815370689070662e+00 -7.064749753821300438e+00 -6.160996136784463673e+00 -5.477448706656772082e+00 -4.882066285096652081e+00 -1.703775795041610364e+00 -7.037757950415781671e-01 2.962242049584059567e-01 -1.646229687840417011e+00 -6.462296878404232281e-01 3.537703121595774380e-01 1.353770312159574774e+00 2.353770312159582545e+00 6.296224204958397408e+00 4.353770312159583433e+00 5.353770312159580769e+00 8.930964240717583991e+00 7.719029917574029120e+00 8.719029917574022903e+00 9.126597171453925128e+00
-1.041192343560289224e+01 -8.883669210860562160e+00 -7.928339487070952707e+00 -6.784255932876986250e+00 -5.891115731874533523e+00 -5.650708158601901232e+00 -3.376803219298581293e+00 -5.126732032404412109e+00 -2.900000981400455147e-01 7.099999018599574274e-01 -2.126732032404409001e+00 2.709999901859951432e+00 3.709999901859949212e+00 8.732679675955864473e-01 1.873267967595585670e+00 2.873267967595587002e+00 3.873267967595583894e+00 4.873267967595584338e+00 5.873267967595588779e+00 8.634544136467603437e+00 9.948724262807928653e+00 9.971954730602941908e+00
-1.052478451738981846e+01 -9.524841797453426295e+00 -8.524848435920750589e+00 -7.524590981108236321e+00 -6.524607953530816573e+00 -5.525577348572294767e+00 -4.523533587259326083e+00 -3.522099819881002958e+00 -2.522099819880988747e+00 -1.522099819881006511e+00 -5.220998198810011814e-01 4.717407180842929648e-01 1.471740718084298294e+00 2.471740718084294741e+00 3.477900180119002371e+00 4.471740718084298294e+00 5.477900180118997042e+00 6.471740718084289412e+00 7.471740718084294741e+00 8.477900180118998819e+00 9.476804032075129669e+00 1.047478632171721813e+01
-1.052417069216338774e+01 -9.524477346884914652e+00 -8.524675372141317098e+00 -7.524476817893722469e+00 -6.525086595761491637e+00 -5.526014438914986115e+00 -4.526628970253179673e+00 -3.521198994564734619e+00 -2.528752534734909574e+00 -1.521198994564732843e+00 -5.287525347349291138e-01 4.788010054352636047e-01 1.471247465265072663e+00 2.471247465265072663e+00 3.478801005435265381e+00 4.478801005435270710e+00 5.478801005435267157e+00 6.476655528795992822e+00 7.473392941904350550e+00 8.473392941904345221e+00 9.473392941904350550e+00 1.047545128772882528e+01
-4.635581674265346841e+00 -3.260882805359972991e+00 -3.318447536908613937e+00 -3.521834220999139564e+00 -2.519234540154258184e+00 -3.739511010193147911e+00 -4.013572678156045903e+00 -3.850090933349651579e+00 -2.850090933349629818e+00 -1.850090933349636035e+00 -8.500909333496431408e-01 -3.229723497871675786e+00 1.149909066650352862e+00 2.149909066650353751e+00 3.149909066650359080e+00 7.702765021283212166e-01 5.149909066650359968e+00 2.770276502128306895e+00 3.770276502128341090e+00 8.149909066650344869e+00 -1.429580369585395694e+00 1.146290852915199920e+01
-9.381371853702436425e+00 -8.825479508750049717e+00 -7.864531091297120469e+00 -6.920334298492720748e+00 -5.897747245888158574e+00 -5.349752883505733969e+00 -3.292383263565843432e+00 -2.095272508951131485e+00 -1.095272508951109725e+00 -9.527250895111527562e-02 -2.466751708704838286e+00 1.904727491048879395e+00 2.904727491048877841e+00 5.332482912951654885e-01 1.533248291295159271e+00 2.533248291295163490e+00 3.533248291295162158e+00 4.533248291295164378e+00 8.904727491048884502e+00 6.417927759041197611e+00 1.102004828416957594e+01 8.920320709823608141e+00
-1.095406969358553262e+01 -9.459275851069325114e+00 -7.175136248390807658e+00 -6.387620615093794640e+00 -5.590590859996936501e+00 -4.823405887520669566e+00 -3.426936367995240929e+00 -1.822130458764060323e+00 -8.221304587640430039e-01 1.778695412359553307e-01 -6.042919926320263757e-01 3.957080073679726806e-01 1.395708007367973513e+00 4.177869541235947892e+00 3.395708007367977288e+00 8.371189603759040310e+00 3.202388372359254554e+00 4.202388372359249225e+00 5.202388372359258994e+00 6.202388372359251889e+00 7.202388372359253665e+00 6.594145165577867118e+00
-1.052461295524104656e+01 -9.524724591015417019e+00 -8.524735237895088247e+00 -7.524591046808810191e+00 -6.524604286490513161e+00 -5.525602291761481766e+00 -4.526135470210151723e+00 -3.521865210919221667e+00 -2.527598719535893323e+00 -1.527598719535903982e+00 -5.218652109192181143e-01 4.781347890807801093e-01 1.478134789080783662e+00 2.472401280464092466e+00 3.472401280464094242e+00 4.472401280464097795e+00 5.478134789080781886e+00 6.478134789080773004e+00 7.472401280464094242e+00 8.478134789080785438e+00 9.473195739598438081e+00 1.047501023537055431e+01
-1.052452452819461826e+01 -9.524540833790196004e+00 -8.524818330664530208e+00 -7.524573210288210134e+00 -6.524586774070154860e+00 -5.525589003820314815e+00 -4.526191539723768642e+00 -3.527678519148736314e+00 -2.521510816771877828e+00 -1.527678519148725655e+00 -5.276785191487309845e-01 4.784891832281115143e-01 1.478489183228115067e+00 2.478489183228109738e+00 3.472321480851267239e+00 4.478489183228107962e+00 5.472321480851274345e+00 6.478489183228111514e+00 7.472321480851272568e+00 8.472321480851269015e+00 9.476985827426998910e+00 1.047520422969351017e+01
-1.052431293001223622e+01 -9.524338433349658573e+00 -8.524345869029104961e+00 -7.524833867157035172e+00 -6.525345275009199142e+00 -5.521995344961212027e+00 -4.521217638457351029e+00 -3.529639640653671862e+00 -2.529639640653646993e+00 -1.529639640653662980e+00 -5.167695226316979529e-01 4.703603593463370203e-01 1.483230477368296718e+00 2.483230477368302047e+00 3.470360359346335244e+00 4.483230477368296718e+00 5.470360359346335244e+00 6.470360359346331691e+00 7.470360359346340573e+00 8.470360359346329915e+00 9.479275992309515786e+00 1.047549952397292117e+01
2.394165207238403426e-01 -7.261343243889140098e-02 -2.367340974437064816e+00 -1.379515823035992961e+00 -1.141750543746602897e+00 5.467726727349135896e-01 -2.210894142362246129e+00 -4.926640695901616240e+00 -4.608435567600023930e+00 -3.608435567600031479e+00 -2.608435567600051463e+00 -9.266406959016153522e-01 -6.084355676000470226e-01 3.915644323999620813e-01 1.391564432399958529e+00 2.391564432399964968e+00 3.391564432399949425e+00 4.391564432399963636e+00 5.391564432399957418e+00 7.073359304098389977e+00 1.187007118020542373e+00 -2.482252329856679207e+00
-1.052494509467344841e+01 -9.524985983459778538e+00 -8.524993538348500266e+00 -7.525257668881256023e+00 -6.525131467221802595e+00 -5.525654006241399685e+00 -4.526247914372508063e+00 -3.521907727657398013e+00 -2.521907727657371368e+00 -1.527770429341618552e+00 -5.219077276573909074e-01 4.722295706583707897e-01 1.478092272342607316e+00 2.472229570658367237e+00 3.472229570658376119e+00 4.478092272342610869e+00 5.478092272342610869e+00 6.472229570658372566e+00 7.473163463683299312e+00 8.477158379317687675e+00 9.477158379317684123e+00 1.047458526542918023e+01
-9.032004510307965361e+00 -8.955290453577958942e+00 -8.017484288029269379e+00 -7.107675286338250409e+00 -5.820176520370866413e+00 -5.743018776891609001e+00 -5.203759728370383364e+00 -5.305930325517806523e+00 -5.543917207855363349e-01 4.456082792144591131e-01 1.445608279214445346e+00 2.445608279214444014e+00 -3.059303255178044134e-01 4.445608279214438241e+00 1.694069674482196586e+00 2.694069674482201027e+00 7.078578282314456516e+00 5.061099593763755955e+00 6.061099593763760396e+00 7.061099593763755067e+00 8.061099593763762172e+00 9.006664114412338051e+00
-8.072725304959703863e+00 -8.070642967988222338e+00 -7.185331900765234536e+00 -6.266049899818475488e+00 -5.558566379522909884e+00 -4.451654663343422413e+00 -3.221633694483980292e+00 -3.045934504326995196e+00 -2.045934504326984982e+00 -3.494231350551559867e+00 -4.593450432699805464e-02 -1.494231350551571635e+00 1.954065495673002362e+00 2.954065495673002140e+00 3.954065495673001251e+00 2.505768649448430363e+00 5.954065495673006581e+00 4.505768649448429919e+00 7.954065495673002140e+00 8.954065495672995922e+00 6.971416923939202981e+00 6.700075129988555034e+00
3.412618663748615333e+00 -3.566712324994242067e+00 -2.961799886738203824e+00 -2.963796631779111124e+00 -2.707249985863544595e+00 -1.189684534583399511e+00 -2.810290407968674575e+00 -4.319735879924464506e+00 -3.319735879924436972e+00 -2.319735879924454736e+00 -4.288021854901594487e+00 -3.197358799244620631e-01 6.802641200755374928e-01 1.680264120075538825e+00 2.680264120075543488e+00 3.680264120075538159e+00 4.680264120075539047e+00 2.711978145098385529e+00 3.711978145098398407e+00 7.680264120075539047e+00 -2.235462892879066743e+00 1.538353666903595318e+00
-1.041991469384340263e+01 -8.849675831193451359e+00 -7.906019542088128738e+00 -6.938858180393843611e+00 -5.981235123289096123e+00 -4.972436407706291028e+00 -3.692514422458649914e+00 -2.986343782722047369e+00 -4.145489531245493353e+00 -9.863437827220452592e-01 -2.145489531245508452e+00 1.013656217277947968e+00 2.013656217277956184e+00 3.013656217277947302e+00 4.013656217277953964e+00 5.013656217277953964e+00 3.854510468754494656e+00 4.854510468754487107e+00 6.334276129022184953e+00 8.533890564884581309e+00 9.533890564884581309e+00 1.029951284811443379e+01
-1.052465188418600661e+01 -9.524570155042123787e+00 -8.524587611752469485e+00 -7.524662393229943902e+00 -6.524689125913104348e+00 -5.525762084024874454e+00 -4.523084211247875075e+00 -3.530793878334499425e+00 -2.521581965583280294e+00 -1.530793878334490543e+00 -5.215819655832962809e-01 4.784180344167037191e-01 1.478418034416703719e+00 2.469206121665507681e+00 3.478418034416701943e+00 4.478418034416703719e+00 5.478418034416701943e+00 6.478418034416707272e+00 7.469206121665516562e+00 8.474950698119663173e+00 9.472673457962539345e+00 1.047476584921506237e+01
-1.052216936004437997e+01 -9.524807536127893215e+00 -8.524826877835122829e+00 -7.525391914966455431e+00 -6.524513446810571438e+00 -5.526062571528285616e+00 -4.527029478075846214e+00 -3.530141376974924583e+00 -2.530141376974901490e+00 -1.530141376974913925e+00 -5.301413769749192539e-01 4.847284917804213222e-01 1.484728491780424875e+00 2.484728491780415993e+00 3.469858623025082522e+00 4.484728491780419546e+00 5.469858623025084299e+00 6.484626478430884688e+00 7.469960636374617380e+00 8.469960636374606722e+00 9.469960636374606722e+00 1.047677839445795023e+01
-1.052427230741482589e+01 -9.524789090860961593e+00 -8.524792965162871994e+00 -7.525078739632260039e+00 -6.525094810534582734e+00 -5.523604344237920571e+00 -4.523161086846467782e+00 -3.527965455908665504e+00 -2.521047364581701089e+00 -1.521047364581697536e+00 -5.279654559086583987e-01 4.720345440913416013e-01 1.472034544091343378e+00 2.478952635418288253e+00 3.478952635418293582e+00 4.478952635418291806e+00 5.472034544091346930e+00 6.478952635418291806e+00 7.472034544091343378e+00 8.472034544091350483e+00 9.472186837684033023e+00 1.047520018775355410e+01
-1.052535047585310224e+01 -9.524996778165727207e+00 -8.524956992065346739e+00 -7.524595899676747024e+00 -6.524614332413118944e+00 -5.525785831903860412e+00 -4.526396176015779815e+00 -3.521437434648928999e+00 -2.528098384087718031e+00 -1.528098384087730466e+00 -5.214374346489218937e-01 4.719016159122642051e-01 1.471901615912264205e+00 2.478562565351069225e+00 3.478562565351078106e+00 4.478562565351078106e+00 5.478562565351081659e+00 6.471901615912264205e+00 7.475013801658702661e+00 8.475450379604634321e+00 9.475450379604639650e+00 1.047444975545461077e+01
-7.019474682429340362e+00 -8.184076831916808459e+00 -7.225155666603230387e+00 -6.567339632676960193e+00 -5.277609389577261112e+00 -4.096719276825772305e+00 -4.475182751259213276e+00 -2.329341005234872419e+00 -3.878530183899457917e+00 -2.878530183899464134e+00 6.706589947651396821e-01 1.670658994765138017e+00 1.214698161005260957e-01 1.121469816100525652e+00 2.121469816100522987e+00 3.121469816100527872e+00 4.121469816100518102e+00 7.670658994765141792e+00 6.121469816100525208e+00 9.418540578791029461e+00 8.373587544057414789e+00 6.853586902471947795e+00
-1.052463323165746090e+01 -9.524644780057384352e+00 -8.524801413613287693e+00 -7.525064266371463972e+00 -6.525088696825225298e+00 -5.525606646287171131e+00 -4.526206209408966785e+00 -3.521404068070388860e+00 -2.527813959020095425e+00 -1.521404068070369320e+00 -5.278139590201060827e-01 4.785959319296146930e-01 1.472186040979897470e+00 2.478595931929612917e+00 3.472186040979893917e+00 4.472186040979895694e+00 5.478595931929621798e+00 6.478595931929616469e+00 7.472186040979899246e+00 8.476960942995816595e+00 9.473821029913697345e+00 1.047512273575094355e+01
-1.052441018261013994e+01 -9.524799732491365134e+00 -8.524814518168565058e+00 -7.524173429235824884e+00 -6.525242531672104107e+00 -5.523553619161249983e+00 -4.526687918230878793e+00 -3.520574411377312529e+00 -2.520574411377296542e+00 -1.530755890533326280e+00 -5.205744113773072002e-01 4.692441094666719437e-01 1.469244109466677273e+00 2.469244109466670167e+00 3.479425588622689247e+00 4.479425588622694576e+00 5.479425588622694576e+00 6.473422260954974305e+00 7.475247444584972811e+00 8.475247444584962153e+00 9.475247444584967482e+00 1.047553866915404264e+01
-1.052481119520957265e+01 -9.524791581556193876e+00 -8.524798175320016824e+00 -7.524573801085358227e+00 -6.524614417925462817e+00 -5.525808060541740119e+00 -4.526287907734511506e+00 -3.522103661671280861e+00 -2.522103661671250663e+00 -1.522103661671271979e+00 -5.221036616712719791e-01 4.720113109797328121e-01 1.472011310979732812e+00 2.477896338328728021e+00 3.477896338328729797e+00 4.472011310979734588e+00 5.472011310979736365e+00 6.472011310979734588e+00 7.477896338328733350e+00 8.477896338328731574e+00 9.472313949838287783e+00 1.047469522990287416e+01
-1.052459112182259560e+01 -9.524618297815308665e+00 -8.524802263826130044e+00 -7.524349164217715824e+00 -6.524363674223410570e+00 -5.525755919516084802e+00 -4.523301351815467441e+00 -3.521137364208703602e+00 -2.527959901839469836e+00 -1.527959901839500034e+00 -5.211373642087053781e-01 4.788626357912999509e-01 1.478862635791298175e+00 2.472040098160498189e+00 3.472040098160496413e+00 4.478862635791299951e+00 5.472040098160498189e+00 6.472040098160498189e+00 7.478862635791299951e+00 8.472040098160496413e+00 9.473758760839700699e+00 1.047511783242224048e+01
-1.052479242279451199e+01 -9.524809745394371419e+00 -8.524815400385035602e+00 -7.524649077349094384e+00 -6.524671034210108189e+00 -5.525603645735165159e+00 -4.523443428122183363e+00 -3.522102468901067596e+00 -2.522102468901056938e+00 -1.529019990258595030e+00 -5.221024689010675957e-01 4.709800097413960884e-01 1.470980009741394312e+00 2.477897531098930628e+00 3.470980009741399641e+00 4.477897531098932404e+00 5.470980009741394312e+00 6.477897531098928852e+00 7.477897531098941286e+00 8.477897531098932404e+00 9.474154955453476745e+00 1.047510080293496770e+01
-1.052472019534218362e+01 -9.524808406491166224e+00 -8.524818360466849043e+00 -7.525055106390627913e+00 -6.524575981904158439e+00 -5.525722991336476042e+00 -4.526231769133698180e+00 -3.522161107171672967e+00 -2.522161107171651651e+00 -1.527826588262211516e+00 -5.278265882622097394e-01 4.778388928283341386e-01 1.472173411737788484e+00 2.477838892828334139e+00 3.477838892828332362e+00 4.477838892828330586e+00 5.472173411737786708e+00 6.477838892828334139e+00 7.477838892828335915e+00 8.472173411737781379e+00 9.472173411737781379e+00 1.047473249990831334e+01
3.073935728663374611e+00 -3.590283221669493763e+00 -3.087673223822529067e+00 -3.320267776452270780e+00 -3.004764047890243095e+00 -5.932459740925630776e-01 -2.862861482534005297e+00 -5.229742563876128791e+00 -3.684811327469566855e+00 -3.229742563876108363e+00 -2.229742563876116357e+00 -1.229742563876137229e+00 -2.297425638761085021e-01 1.315188672530425595e+00 2.315188672530418046e+00 3.315188672530422043e+00 3.770257436123874761e+00 4.770257436123858774e+00 5.770257436123886308e+00 6.770257436123869432e+00 1.615524406170244731e+00 -9.688847217125342581e-01
-1.012032929284849203e+01 -8.900569197828465562e+00 -7.980892081749286326e+00 -6.886316906224757339e+00 -5.944162125396782237e+00 -5.242768707231276970e+00 -3.380029529514239073e+00 -2.332407394316613036e+00 -1.332407394316591942e+00 -3.324073943166135359e-01 6.675926056833831890e-01 -1.694624702142649042e+00 -6.946247021426479318e-01 3.667592605683386964e+00 4.667592605683382523e+00 2.305375297857353623e+00 3.305375297857354955e+00 4.305375297857342076e+00 8.667592605683395846e+00 6.667030572077894846e+00 1.030593713335756334e+01 9.736626708183928613e+00
-1.052447555925360945e+01 -9.524491764266382887e+00 -8.524502537805922486e+00 -7.524411424655813363e+00 -6.524540088732134535e+00 -5.524003266949545576e+00 -4.526882372457880166e+00 -3.528466343541055039e+00 -2.519462428648351349e+00 -1.528466343541037276e+00 -5.284663435410461574e-01 4.715336564589538426e-01 1.480537571351632664e+00 2.471533656458957395e+00 3.471533656458960948e+00 4.480537571351627335e+00 5.471533656458955619e+00 6.480537571351632664e+00 7.480537571351630888e+00 8.471533656458955619e+00 9.477526419203378794e+00 1.047537478838452962e+01
-8.898032544569890234e+00 -8.907357656867800344e+00 -7.941935532903302786e+00 -7.255332025785246941e+00 -5.795656587851425456e+00 -4.384586159709289888e+00 -2.925284227920047275e+00 -2.960956940211942889e-01 7.039043059788274714e-01 1.703904305978816591e+00 -3.584736314319710182e+00 3.703904305978810818e+00 4.703904305978815259e+00 -5.847363143197152890e-01 4.152636856802802701e-01 1.415263685680291372e+00 8.703904305978815259e+00 3.415263685680284933e+00 4.415263685680296035e+00 5.415263685680289818e+00 6.415263685680295147e+00 9.017200716188366272e+00
