1.049285961326557493e+00
2.988993602135405769e-01
3.379699909263980118e-01
6.114697307965013540e-01
4.471323307090012689e-01
1.225516304314823390e+00
3.288122838471269627e-01
6.253558356243721361e-01
5.477141932609019825e-01
3.782017361487641782e-01
5.023385272091344111e-01
1.964913745262679701e-01
9.571981590859708344e-01
3.914664403181859487e-01
9.165315102317376228e-01
7.331534559761453407e-01
4.747122636095966741e-01
5.755904511386397138e-01
4.374531460325323251e-01
3.106219393035595244e-01
1.893836556115360836e-01
5.992352734341063192e-01
1.970597988709235637e-01
1.163498947895270197e+00
2.050368466071645912e-01
5.818568312848368951e-01
4.258552315031020052e-01
2.337909005370238102e-01
5.874480031382252054e-01
3.250768654953231640e-01
3.787915776062448225e-01
9.716853693886957632e-01
6.567670649165914254e-01
7.825839558507177163e-01
9.138413277753405506e-01
4.783363694796603505e-01
3.760618506135037786e-01
3.242624426071805122e-01
2.725727876580125164e-01
4.844748264063907794e-01
6.407538013285333234e-01
3.592413912998215775e-01
4.029450527582394415e-01
9.771664763908700646e-01
1.367706781672125338e+00
2.750785810719085234e-01
5.449810021993234388e-01
5.587180583468969175e-01
5.527374277071910313e-01
8.979653347717502232e-01
