-5.033434698658078021e-01 1.750757245654992189e-01 1.186393125518969693e-01 -4.395209030230888825e-01 -1.325473881480133009e+00 -1.726231837597566710e+00 -4.107301000823969872e+00 -7.918376627254640754e-01 2.081623372745276257e-01 1.208162337274528042e+00 2.208162337274539588e+00 8.926989991760266863e-01 1.892698999176034569e+00 2.892698999176034125e+00 -5.421675130235977802e-01 -4.929756877805331339e-01
8.151369769031940882e-02 -1.488682033918332648e-01 8.766947858028972806e-02 -2.482631496080539846e-01 -4.185779605272573756e-01 -1.320889067559377628e-01 -9.006905944321011992e-01 -3.239099334544025321e+00 1.099309405567900244e+00 -1.239099334544043529e+00 -2.390993345440433904e-01 7.609006654559608007e-01 1.760900665455962910e+00 2.760900665455965353e+00 -7.216442102004864967e-02 -2.457962486901278942e-01
-8.841356304981953684e+00 1.713800777103491046e-01 3.715631067003016819e-01 -1.490472839458745757e-01 -9.819827560129872346e-01 -1.550402335442412349e-01 -3.511541970244535182e+00 -2.772109015135869825e+00 -1.772109015135871157e+00 -5.115419702445364036e-01 2.278909848641287317e-01 1.488458029755461265e+00 2.227890984864123070e+00 2.557705065464304095e+00 5.158643695018064079e+00 6.158643695018062303e+00
-3.533784476326798374e-01 -8.883798423365418806e-01 -1.875760952063052489e-01 -1.740362830712726128e-01 5.479287926671281284e-01 -3.456941772094274667e-01 -2.738942720997270097e+00 -2.478512190132717841e+00 -7.389427209972651012e-01 -4.785121901327248350e-01 5.214878098672657281e-01 1.521487809867270391e+00 2.521487809867277718e+00 4.261057279002732123e+00 -9.071539590479688053e-01 -4.148737843585750262e-01
-2.873760083355862971e+00 -1.021912771920345353e+00 1.244135627926999943e-01 -5.345637126237506864e-01 -3.683543338679080015e-01 -3.368496809946626147e-01 -2.933434020655442342e+00 -1.933434020655429020e+00 -1.835066159553483844e+00 6.656597934456440213e-02 1.649338404465149621e-01 2.066565979344569204e+00 3.066565979344571868e+00 1.914434455819199909e+00 6.317066428112689813e+00 -2.215724351428997707e+00
-3.673812808382611372e+00 -1.703706249472503487e+00 -1.451509930855904296e+00 -2.624067150470680843e-01 1.147236320712142488e-01 3.254771365077878120e-01 -4.123098021687878756e-01 5.876901978312243369e-01 1.587690197831213457e+00 2.587690197831222783e+00 -1.167365097330887030e-01 -1.109547315888099739e-01 8.890452684112004622e-01 1.889045268411180478e+00 2.889045268411189138e+00 -3.471523329908532851e+00
5.967463349536252792e-01 -6.974283013282629451e-01 -4.097895272844482850e-01 -1.465471309207172279e+00 -3.533507731697460574e-01 4.438169024249750683e-01 -2.831874606129175742e+00 -2.581525290799009387e+00 -8.318746061291777405e-01 -5.815252907990173803e-01 4.184747092009885039e-01 2.168125393870812712e+00 3.168125393870815820e+00 3.418474709200983508e+00 -1.141348663897665983e+00 3.478720153704026874e-01
-2.234449357326337982e+00 -6.395679331368850917e-01 -7.305105642310760761e-01 -1.035113777267796298e+00 3.434214787111899980e-02 2.028947802765349584e-01 -2.834040429752915813e+00 -1.834040429752902490e+00 -1.911534242852947596e+00 -9.115342428529414898e-01 1.165959570247092625e+00 2.165959570247090404e+00 2.088465757147051072e+00 1.983831459946516107e+00 6.270593006224116195e+00 -2.113808224636790634e+00
-2.983746467170366845e+00 -1.902252925529531957e+00 -1.754750832697705043e+00 -8.979352987274951126e-01 -3.452415652556524717e-01 -5.394931851330312389e-01 -3.053556749867735842e+00 -1.277722947907969475e+00 -1.053556749867735620e+00 7.222770520920263060e-01 9.464432501322677105e-01 1.946443250132267488e+00 3.272992883588773605e+00 4.395726915438586957e+00 5.395726915438602056e+00 -3.203906454516374236e+00
-4.359430845657902509e+00 -2.859015967278939030e+00 -5.796217971463057950e-01 -1.152030071680900658e+00 -1.902129576223699978e-02 -5.743976759444560654e-03 -2.218421289674834984e+00 -1.218421289674829877e+00 -6.786194044429567640e-01 7.815787103251660151e-01 1.321380595557046123e+00 3.364717349557939663e+00 2.738241982802254171e+00 3.738241982802257724e+00 4.738241982802253283e+00 -3.924629575619638100e+00
-2.711688564651422162e+00 -1.506468008764110245e+00 -4.211443404810870650e-01 -9.401111738502692106e-01 -8.800181691374550086e-01 8.304992396858956738e-01 -2.766904848000788508e+00 -2.348368715293478459e+00 -1.348368715293478903e+00 -3.483687152934819009e-01 6.516312847065256486e-01 1.651631284706515546e+00 3.233095151999211492e+00 1.934420184536064014e+00 6.950307479787191767e+00 -2.312696284506908562e+00
-2.761295569552066342e-01 -3.289556760691385584e-01 -8.200800556232512584e-02 1.140692830449590023e-01 1.035746061897408477e-01 1.877723187539340755e-01 -4.255316090486335412e+00 -1.716925671511391416e+00 -7.169256715113959677e-01 2.830743284886082511e-01 -2.553160904863343572e-01 2.283074328488603921e+00 1.744683909513656150e+00 2.744683909513657927e+00 -8.212590405161301899e-02 -7.978292721049307090e-02
-1.421930088499139710e+00 -9.383309566713539385e-02 -5.572274585896076771e-02 -5.237155459294094983e-01 -6.968535698451372440e-02 1.613112192449767390e-01 -2.076867054854254935e+00 -1.076867054854241168e+00 -7.686705485424639994e-02 9.231329451457447322e-01 -1.827762042059374537e+00 -8.277620420593908568e-01 2.796993620130959091e+00 2.298376904799979137e+00 3.298376904799967146e+00 -1.759732422352034309e+00
-2.775480385053973542e+00 -1.027418630760853713e+00 -9.202163089886354896e-01 -2.984279317851151747e-02 -4.827539074128150975e-01 -3.800632152816690867e-01 -3.752960577090157290e+00 -1.645346777510797498e+00 -6.453467775108058246e-01 3.546532224891975060e-01 2.470394229098406003e-01 1.247039422909834716e+00 3.354653222489192732e+00 2.193518962224660029e+00 6.408173804636238202e+00 -2.478201594721817003e+00
-1.928456707780169754e+00 -1.489010371895381490e-02 1.260116923924450572e-01 -3.547344967142487260e-01 -1.838629042151561088e-01 1.065344992128501034e-01 -1.378953001630824460e+00 -2.261578051515414689e+00 -1.261578051515409138e+00 3.268288819502970455e+00 -9.088198726983583997e-01 9.118012730164681834e-02 1.091180127301643266e+00 2.091180127301648817e+00 3.091180127301643044e+00 -1.905235240377386674e+00
-4.194225215549007291e-01 -7.908413539093670508e-01 -3.533295978399664250e-02 -5.222406780469717180e-01 4.091400549905863659e-01 4.893785036382963805e-02 -3.109695659654801769e+00 -2.109695659654790667e+00 -1.379127689019715497e+00 -1.096956596547912360e-01 6.208723109802849471e-01 1.620872310980284503e+00 2.890304340345203116e+00 3.890304340345209333e+00 -9.709869174220098209e-01 -3.659450191551265608e-01
-3.407040368931415042e+00 -2.645080316169658108e+00 2.147703973882957307e-01 -4.847276304983391126e-01 -1.096178756051480851e+00 -6.680602717022421366e-01 -3.593368830522907786e-01 6.406631169477070564e-01 -2.166219118740591476e+00 -1.166219118740594585e+00 -1.662191187405931969e-01 4.179900745944034490e+00 2.294544939307977760e+00 3.294544939307983977e+00 4.294544939307980869e+00 -3.092440405427847594e+00
-2.358008116673281584e+00 -2.026334301527805248e+00 -2.107724008032298146e-01 -8.543386614028989356e-01 -8.226574370811434722e-01 1.151520063041531206e-01 -2.652705205237135822e+00 -1.652705205237125607e+00 -1.878116850660904058e+00 3.472947947628682863e-01 1.218831493391013265e-01 2.347294794762863734e+00 3.347294794762867287e+00 1.865200231666779507e+00 6.603977107937801350e+00 -2.625011610763984038e+00
-8.159539338860981594e-01 1.078588509610953899e-01 4.277897292494604597e-01 -1.217308976171749546e-01 -4.255699272884400641e-01 -2.378511688512401911e-01 -3.577337315421823316e+00 -2.097660526453529961e+00 -1.097660526453531071e+00 -5.773373154218203185e-01 9.023394735464721483e-01 1.422662684578181791e+00 2.902339473546466486e+00 3.422662684578168246e+00 -5.939884796279762957e-01 2.688428471071660497e-02
-1.687170362793963818e+00 -1.244537496789646092e-01 7.339870087809752253e-02 -9.924977609277503277e-01 3.869095423787453081e-01 -4.429169119183595793e-02 -2.776132546203675222e+00 -1.776132546203670781e+00 -7.761325462036776646e-01 -1.717604167967194506e+00 -7.176041679671952833e-01 2.823958320327923932e-01 3.223867453796324334e+00 2.361816584435877164e+00 5.144446319007750290e+00 -1.193367803242732617e+00
-1.976171402975607894e+00 -1.809730196581694539e+00 6.326884461257679948e-02 -4.285446316410069789e-01 -1.041916801470265941e-01 -6.510980171573468311e-01 -1.105968101907812251e+00 -2.899544599318752081e+00 -1.899544599318741867e+00 -8.995445993187437539e-01 1.004554006812375666e-01 1.100455400681254359e+00 2.100455400681252360e+00 3.015832053143121083e+00 6.978655287769777615e+00 -1.917337469053562504e+00
-1.038048308362671257e-01 -2.730117548589151150e-02 2.543551782018094176e-01 -2.547797796837840134e-01 -2.092409850503147428e+00 -1.959735345092686210e+00 -2.288424238304848757e+00 -1.288424238304869407e+00 -2.884242383048921665e-01 -1.033577753207614247e+00 1.711575761695125264e+00 9.664222467924107329e-01 3.711575761695121933e+00 2.966422246792396855e+00 -1.952987174619148780e-01 -4.107239378420217690e-01
-3.449066878121346491e+00 -3.229018719094775225e+00 1.460779948435592113e-01 -3.308046248543018431e-01 -3.752910834032738285e-02 2.181299441624980351e-01 -1.836142349297269050e+00 -8.361423492972768212e-01 -2.754199854738010433e+00 1.163857650702731172e+00 2.163857650702733171e+00 2.458001452619517080e-01 2.425982104080315782e+00 3.983675603359351669e+00 4.983675603359332129e+00 -3.190705722580239545e+00
-2.611976029204317484e+00 -2.458755039394859399e+00 2.052127263557939063e-01 -2.078338936701581430e-01 -7.364347899481193949e-01 1.242641636909860292e-01 -2.771970227738081771e+00 -1.771970227738081327e+00 -1.852998416244163060e+00 2.280297722619198941e-01 1.470015837558402705e-01 2.228029772261911123e+00 3.228029772261915564e+00 1.686901197643061678e+00 6.688129453564360283e+00 -2.456212727709079502e+00
-1.009163521787401763e+00 -1.620133287861399984e-01 2.390115304577472566e-01 -2.382812103357381806e-01 -4.684340861467246597e-01 -3.089632875469818796e-01 -1.987215360394031460e+00 -2.747419390203819312e+00 -1.747419390203824641e+00 1.012784639605975645e+00 2.012784639605962322e+00 1.252580609796165145e+00 2.252580609796167810e+00 3.252580609796158484e+00 -1.121948500104788415e+00 -5.640174733998010170e-01
-1.560573421558193896e+00 -1.953240338348850302e-01 -1.264511710251536858e-02 -6.811690121502523843e-01 -3.488292935759195190e-01 1.836469536987918594e-01 -3.292844711218659182e+00 -2.940693414059873945e+00 -1.292844711218661846e+00 -2.928447112186609580e-01 5.930658594012802598e-02 1.059306585940120948e+00 2.707155288781336377e+00 2.426222954521691566e+00 5.340238584172071867e+00 -1.490661436967592124e+00
-9.043701873015226322e-01 6.089758421072942463e-02 2.086202527295321074e-01 -3.036187166192580444e-01 -1.968672932070951453e-01 -8.995883922202384253e-02 -2.801910986650931079e+00 -1.801910986650922863e+00 -8.019109866509342988e-01 1.980890133490701421e-01 1.198089013349071807e+00 2.198089013349072918e+00 3.198089013349076914e+00 9.956901950645881127e-01 -6.581364211001582420e-01 -8.314325778493694141e-01
-2.444416263403375922e+00 -1.456295997514056029e-01 9.963458923621199004e-02 -7.788092578170492386e-01 -1.657150878206187228e-01 -2.761803016732270952e-02 -2.977187539047578380e+00 -2.615905634825571369e+00 -1.615905634825563153e+00 2.281246095242764338e-02 3.840943651744330722e-01 1.384094365174432850e+00 2.384094365174437513e+00 2.751290025252250526e+00 5.655616750852549224e+00 -2.243002784009332284e+00
-2.915078061473159732e+00 -9.874597325398529746e-01 -5.462894491894593196e-01 -6.121974995654023699e-01 1.448708105663897849e-01 -5.953715768055670154e-02 -3.758875066995055469e+00 -1.792796293854497902e+00 -7.927962938545114469e-01 2.072037061454954920e-01 1.207203706145494104e+00 1.241124933004924991e+00 2.937665953091354698e+00 3.510662282440455861e+00 4.510662282440469184e+00 -2.626917028533161780e+00
-3.601742788223567526e+00 -1.246960587779811114e+00 -1.217631981491724691e+00 -2.153175398363312010e-01 -6.746907954359439019e-01 -6.440308718607348770e-02 -2.797262537048915920e+00 -6.479807775646240220e-01 -7.972625370489065944e-01 1.352019222435383750e+00 3.734958424541290789e+00 8.197977749919758139e-01 1.819797774991973371e+00 2.819797774991970041e+00 3.819797774991984696e+00 -3.435469025179756386e+00
-2.242946356104753125e+00 -4.310245615547569908e-01 -3.816641393632753676e-01 -3.314089944086551220e-01 -1.305927392343939619e+00 -1.218498333201463835e+00 -3.780498703716114406e+00 -1.419228845105420023e+00 -1.780498703716120179e+00 5.807711548945800883e-01 1.580771154894586195e+00 1.219501296283885372e+00 2.219501296283886038e+00 2.035423993105694773e+00 6.764848458072769688e+00 -1.841674233871976929e+00
-7.475121396193795675e-01 -2.930232370967411626e-02 2.006061094087067675e-01 -7.723529740054985160e-02 -2.375164970001605313e-01 -2.406716842405996482e-01 -2.804035352923013757e+00 -1.804035352923013757e+00 -8.040353529230155338e-01 -1.099789194600889086e+00 -9.978919460088314652e-02 2.195964647076985798e+00 1.900210805399099145e+00 4.195964647076978693e+00 -7.058599702021282063e-01 -1.755167586695352000e-01
-2.104463343554278776e+00 5.561809827715284982e-01 6.666190939928582360e-01 1.127897314960436964e-01 -7.211738570394221615e-01 -4.233105329246644177e-01 -3.440210120268264671e+00 -2.457272983227126506e+00 -1.457272983227127172e+00 -4.402101202682508485e-01 5.427270167728827088e-01 1.559789879731740436e+00 2.559789879731742879e+00 3.542727016772873938e+00 -4.093431420483242822e-01 1.580080571436714099e+00
-2.279582684686050964e+00 -7.675488755947312836e-01 -6.366279499387662577e-01 -1.177731533142427844e+00 -4.667431770438485450e-01 1.888098534471044365e-01 -2.443933725123042411e+00 -2.623699952356461473e+00 -1.623699952356454812e+00 -6.236999523564613623e-01 1.556066274876954925e+00 1.376300047643536972e+00 2.376300047643541191e+00 2.218475350690990222e+00 6.713890753594750294e+00 -2.119127435149708027e+00
-2.103285826417114812e+00 -4.168362540736280097e-01 -9.877464056562686168e-02 -3.368622751858177389e-01 4.026762511277861556e-01 -3.017459557258845293e-01 -2.032371959993275912e+00 -1.032371959993286570e+00 -3.237195999330437501e-02 9.676280400067208687e-01 -1.703982333207955113e+00 -7.039823332079420126e-01 2.593771360257355330e+00 2.669874501937522737e+00 3.669874501937526290e+00 -1.873792066754149666e+00
-4.208577221412772573e+00 -2.796238766899656891e-01 -1.378958121525714897e-01 -5.653333884760851635e-01 5.954751524941606089e-01 7.319788890562193284e-01 -3.535255648936905803e+00 -2.454032588476850130e+00 -1.454032588476855237e+00 -4.540325884768492970e-01 4.647443510631008579e-01 1.545967411523147206e+00 2.748816157194789334e+00 3.261895503349373726e+00 4.261895503349363956e+00 -8.545421647823728817e-01
-4.738369552300907284e-01 2.755942594593812633e-01 4.482120867559807320e-01 -3.163369411583212831e-01 -1.771564270349362813e+00 -1.763737980226862456e+00 -2.981232789676334427e+00 -1.981232789676320882e+00 -9.812327896763336499e-01 1.876721032366185718e-02 9.407032489293233324e-01 1.940703248929310565e+00 3.018767210323667349e+00 4.018767210323665573e+00 -5.700164478025528947e-01 -1.548764210998858082e-01
-2.127411142818147471e+00 -1.973608936847878637e+00 -1.673212483519603833e-02 -4.627728948622403804e-01 -1.532037026575422622e+00 -1.986738223193373010e+00 -3.363411460396573904e+00 -1.252746864033897234e+00 -1.363411460396562136e+00 7.472531359661049866e-01 6.365885396034329791e-01 2.747253135966104320e+00 2.636588539603427428e+00 2.510583070180529841e+00 6.873258834782598470e+00 -2.405208031993981699e+00
-2.207439946627609562e-02 -2.456179488736507099e-01 -8.607771940487612961e-02 -4.164676297891524159e-01 3.319744243159659658e-01 -2.695187514724941766e-02 -2.705453718440261390e+00 -1.705453718440277155e+00 -7.054537184402782657e-01 -1.669050450673396746e+00 1.294546281559724621e+00 3.309495493266163546e-01 1.330949549326587489e+00 4.294546281559709300e+00 -5.010430864647061888e-01 1.681252692004461813e-01
-2.140113872720986965e+00 -2.246800914131722671e+00 -6.618229415888170486e-01 -5.818949803598161274e-01 -5.533262603472141050e-01 3.837481114102492263e-01 -2.105805650979556187e+00 -2.918931217434949765e+00 -1.058056509795455014e-01 -9.189312174349620888e-01 8.106878256504966573e-02 2.894194349020454915e+00 2.081068782565038688e+00 2.188773743124685200e+00 6.786489377135801249e+00 -2.514463349694783023e+00
-7.798794356462872557e-01 -2.896037662184882122e-01 -1.386749859663712336e-01 6.252957081575488685e-02 -5.905780597510150720e-01 2.870940499641481680e-01 -2.968624904807070752e+00 -1.968624904807073861e+00 -9.686249048070758594e-01 3.137509519291779847e-02 1.031375095192927915e+00 2.031375095192918590e+00 1.509081085394039512e+00 4.031375095192921698e+00 -9.849930138049789452e-01 -6.271540209883420536e-01
-3.619684928512641342e+00 -6.023386061377595802e-01 -1.804380390604899409e-01 -3.175519087049041289e-01 -1.949059047131176836e+00 -1.243994630594819961e+00 -2.277392031586370269e+00 -1.277392031586366938e+00 -2.773920315863717678e-01 -1.334713163395904179e+00 1.722607968413628399e+00 2.722607968413631063e+00 1.665286836604091381e+00 1.786392875130206281e+00 6.601502385790953831e+00 -1.750994525906780286e+00
-2.595884926227639333e+00 1.914539892825187911e-02 -3.832679016786487702e-01 -9.867264942687803408e-01 -4.394031056165941251e-01 -1.361590791991665050e-01 -3.969623614841057524e+00 -1.841454585137676014e+00 -8.414545851376818986e-01 1.585454148623152981e-01 1.158545414862325318e+00 1.030376385158945141e+00 2.030376385158934482e+00 1.933694735261769937e+00 6.255227188393470250e+00 -1.724489540369842144e+00
-2.236216029281255846e+00 -7.759372831586834884e-01 -7.193153204438657022e-01 -6.702983836530247430e-01 -5.330280864811720587e-02 3.918270937654935171e-01 -3.127976726232530869e+00 -2.127976726232519322e+00 -1.725891410254437597e+00 -1.279767262325258448e-01 2.741085897455604048e-01 1.872023273767473350e+00 2.274108589745570619e+00 1.476159909818968385e+00 6.669971063700255165e+00 -1.725860016257430019e+00
4.335119429504111221e-03 -4.911502998242325835e-01 -7.136143529691446608e-02 -1.974125437522778193e-01 -1.499370590406472026e+00 -1.647894043886231286e+00 -2.892633746845026277e+00 -1.920678992229954307e+00 -9.206789922299583040e-01 1.073662531549750693e-01 1.107366253154974833e+00 2.079321007770037699e+00 3.107366253154979052e+00 4.079321007770043472e+00 -5.774193298553451648e-01 -5.990288299591759458e-01
-9.535218124817924912e-02 -6.537168292192507835e-02 9.405216407618834096e-02 -2.422546323598662732e-01 1.968528843779426829e-02 9.920169844702066142e-02 -1.297824441171854803e-02 1.021479684183410064e-02 -3.026120253851580788e+00 -2.026120253851576347e+00 -1.026120253851576569e+00 -2.612025385158468424e-02 9.738797461484169915e-01 1.973879746148417214e+00 2.973879746148422321e+00 4.309166024883943902e-02
-1.499708904814444299e+00 -2.919185298952439722e-01 1.101646066045273431e-01 -6.207658937192136461e-01 -1.240085095389530101e-02 1.635062882457478384e-01 -3.459253487189433152e+00 -2.618777856416138139e+00 -1.459253487189409837e+00 -6.187778564160898442e-01 5.407465128105489738e-01 1.540746512810578173e+00 3.276384767542042553e+00 2.645584832133799580e+00 3.645584832133834663e+00 -1.674414395538286859e+00
8.794497556603477761e-01 -5.428426456918991061e-01 -8.726410633323666843e-02 -1.336887699129436058e+00 -2.242403884888537480e+00 -2.684671276020973441e+00 -2.803258780917263771e+00 -1.660638124984419317e+00 -8.032587809172655469e-01 1.967412190827417806e-01 1.196741219082738672e+00 2.339361875015568693e+00 3.339361875015573133e+00 4.196741219082735341e+00 -3.765929109021592947e-01 5.686813699440929071e-02
-1.723045860214696412e-01 3.106121057610561342e-02 2.333440207626173990e-01 -2.310458140374682945e-01 1.576640890285068153e-01 -3.921395136297442519e-01 -1.033858879802408426e+00 -3.301021241756091573e+00 9.661411201976074503e-01 -1.301021241756086910e+00 -3.010212417560929055e-01 6.989787582439044300e-01 1.698978758243912424e+00 2.698978758243904874e+00 -7.262803856856350770e-02 -1.265906781970727035e-02
-9.678262887558342076e-02 6.005169127971682341e-02 1.978730696861087657e-01 -2.633699285434799586e-01 -2.500363783051406941e-03 1.363142584066692475e-01 -2.853345457412415076e+00 -1.885098686029745396e+00 -8.850986860297578307e-01 2.752131798424738207e+00 -1.490575899947490512e+00 -4.905758999474870152e-01 5.094241000525032703e-01 1.509424100052510376e+00 2.509424100052493056e+00 -3.984847723680318143e-02
