-1.048138731921255840e+01 -9.481764169579189883e+00 -8.481931889599005459e+00 -7.481654094701465141e+00 -6.481333585625323579e+00 -5.480623478239234458e+00 -4.480894880538631497e+00 -3.481160970574075364e+00 -2.482035862451226649e+00 -1.481290506368321047e+00 -4.764693548733465178e-01 5.176730657165773408e-01 1.518954222852544333e+00 2.517995467240169205e+00 3.518571382219143118e+00 4.517408979887317599e+00 5.517646966332746317e+00 6.518464123660876908e+00 7.517816213721593144e+00 8.518311416560962357e+00 9.517479060048414041e+00 1.051883961057121830e+01
-4.072386678466108911e+00 -8.700786969435180040e+00 -7.647882864039285522e+00 -9.164192477269805792e-01 1.080338093105546626e+00 -7.143066076727024871e+00 -4.279287599343183146e+00 2.739224737092418316e+00 -2.283312005077577922e+00 -2.087976704658702776e+00 4.948883468983048317e+00 -1.780739675738090888e+00 -1.389727370768628623e+00 -2.545571140515565656e-01 2.353957106878140415e+00 2.450720389581495962e+00 2.373736112173827628e+00 3.133237763937307463e+00 4.009547679073810933e+00 5.667313883742787439e+00 5.661919264145065966e+00 6.545878204367815201e+00
-1.048278283734218519e+01 -9.480057921599255977e+00 -8.482424181293360732e+00 -7.482670825313460838e+00 -6.483206104825839589e+00 -5.482488077472558174e+00 -4.479986142705795871e+00 -3.479660701345334672e+00 -2.479345273565167318e+00 -1.479745161126961861e+00 -4.829165007580531466e-01 5.202063653956603417e-01 1.516346905041809023e+00 2.520996469665641726e+00 3.521288547326204110e+00 4.517319190908549942e+00 5.516361299563525833e+00 6.516918781806108285e+00 7.520576331425784744e+00 8.516707185317155648e+00 9.519785899330258871e+00 1.051739114861595503e+01
-1.048145076226108330e+01 -9.480797450650818803e+00 -8.481679830361500194e+00 -7.480778049338974611e+00 -6.481922980059279027e+00 -5.480829123068945208e+00 -4.480715673078202954e+00 -3.482541557062774018e+00 -2.481247756291505624e+00 -1.481751624156133929e+00 -4.819448177110121634e-01 5.188655223358686897e-01 1.518775809894901130e+00 2.518691968511436841e+00 3.519188065420486566e+00 4.518307250331735858e+00 5.519131947647432312e+00 6.519785490225652680e+00 7.518691886555062709e+00 8.516797397624351618e+00 9.516587656329967615e+00 1.051945102621207617e+01
-1.048116537623781852e+01 -9.481333908370938701e+00 -8.481252302161660594e+00 -7.481402729383933803e+00 -6.481374968520604796e+00 -5.480852794579494258e+00 -4.481204931370225353e+00 -3.481843215159400984e+00 -2.481449720195733732e+00 -1.481528972021553869e+00 -4.813710495152232482e-01 5.197877318344357178e-01 1.518303121694119184e+00 2.518342997201465039e+00 3.518500323661351459e+00 4.518372277983216279e+00 5.517645719715142505e+00 6.518084603615784900e+00 7.518286104568028705e+00 8.518424245782872717e+00 9.518980960615653686e+00 1.051866627789356379e+01
-1.048200641403140310e+01 -9.481120428239746545e+00 -8.481117254292410479e+00 -7.481445042585797012e+00 -6.480961753224766753e+00 -5.481346575712599645e+00 -4.481689004396834264e+00 -3.480442045425824915e+00 -2.480841530656253013e+00 -1.481620131229796300e+00 -4.807231483811627015e-01 5.184823291545637147e-01 1.519119957292629053e+00 2.517990225756712164e+00 3.513847516680312921e+00 4.519574748182845880e+00 5.518596725369047107e+00 6.518440486693927838e+00 7.518850656056947912e+00 8.518094288015911175e+00 9.519971238279886450e+00 1.051895955374295788e+01
-1.048112453723488358e+01 -9.481509374623929176e+00 -8.480847509747182045e+00 -7.481025548821147453e+00 -6.481891462748670563e+00 -5.481174515729581032e+00 -4.481429265981358157e+00 -3.481298880820924424e+00 -2.482247503643666420e+00 -1.481180781667863045e+00 -4.808750768953977683e-01 5.192525962537075657e-01 1.518540894443352940e+00 2.519106304103683414e+00 3.518919436091735520e+00 4.518490625376060166e+00 5.518451435322123899e+00 6.517400724644021537e+00 7.514633675867873563e+00 8.521106583828284897e+00 9.518879351968124070e+00 1.051843722706492201e+01
-1.048114182021136287e+01 -9.481542028148066237e+00 -8.479205935854810861e+00 -7.481193422932536308e+00 -6.481023780662903633e+00 -5.482049472291359749e+00 -4.482351340014824714e+00 -3.482267357070355729e+00 -2.483318730850111677e+00 -1.482057481665512100e+00 -4.822340157221773893e-01 5.204966369677546112e-01 1.517739095132453642e+00 2.518958203833198795e+00 3.520494319837188968e+00 4.517401405017469784e+00 5.521858811717129001e+00 6.517007582228281137e+00 7.517010972242458067e+00 8.520789124410242721e+00 9.517493971030807742e+00 1.051774966005573297e+01
-7.701799793368961033e+00 -6.528642542833589246e+00 -3.536900422080372586e+00 -5.838264429725102289e+00 -5.114546644955698440e+00 2.874112583919486319e+00 1.627911717827004612e+00 -4.498583693162980346e+00 1.268757002372227660e+00 -9.900186300217637125e-01 -3.331781579540515903e-01 6.668218420459502971e-01 1.209397650327971530e+00 1.828768075968826956e+00 -2.428129872675447665e+00 4.849052253766544140e+00 6.548730681488212468e+00 5.150117145339609515e+00 1.578300897401129887e+00 1.948257609942611879e-01 6.780496563469733395e+00 2.801386408905970349e+00
-1.048001901974726024e+01 -9.482268215919061660e+00 -8.480020405555299234e+00 -7.481450544500891198e+00 -6.481510685587453580e+00 -5.481203833425571048e+00 -4.481534914875556552e+00 -3.481145450676024211e+00 -2.481481285596409236e+00 -1.480028750205562460e+00 -4.815113412385514380e-01 5.175787417048862693e-01 1.517733691429555165e+00 2.518176956271590328e+00 3.519321365451281380e+00 4.517605958675808608e+00 5.517703620886273086e+00 6.519706083630984139e+00 7.518238512968490994e+00 8.518450586294591176e+00 9.517893998121682131e+00 1.051837932894176930e+01
-1.048110373318196764e+01 -9.481591187417503619e+00 -8.480412170290946960e+00 -7.481264337897314931e+00 -6.481459192931648516e+00 -5.481846831738955927e+00 -4.481679819524295283e+00 -3.482304960489276624e+00 -2.481596127152430498e+00 -1.482298970222476697e+00 -4.810058921575599555e-01 5.183765143155980581e-01 1.518368169665329503e+00 2.518681898713104772e+00 3.519188195466989910e+00 4.518625155091278600e+00 5.518849268555635845e+00 6.519073039293278526e+00 7.518372073769567621e+00 8.519079089164725005e+00 9.518305934965605175e+00 1.051825828105210370e+01
-1.048047894849011641e+01 -9.480940050022152121e+00 -8.481040409342794462e+00 -7.481157770888378522e+00 -6.480974821881799741e+00 -5.481076365844762321e+00 -4.481084233657865568e+00 -3.481103702024972435e+00 -2.480919248001109523e+00 -1.480983770029103752e+00 -4.806634025140112954e-01 5.187198384241753502e-01 1.518996187909095852e+00 2.517917671664205770e+00 3.518034213645902852e+00 4.518349246545280806e+00 5.518916213376964919e+00 6.514670559628456203e+00 7.517906436188670938e+00 8.518376977606264333e+00 9.518067130310974733e+00 1.051908264444633723e+01
-1.047874783927742470e+01 -9.482819909399188063e+00 -8.481230670755545376e+00 -7.483038673346694480e+00 -6.478225315158999464e+00 -5.484004268592041598e+00 -4.476457843726318941e+00 -3.480466867035096001e+00 -2.483359182422807621e+00 -1.482545787637874923e+00 -4.830386733466944804e-01 5.172650421207585225e-01 1.519673650914970864e+00 2.520766576582731844e+00 3.517265474254434920e+00 4.520500739867037154e+00 5.517429193312473501e+00 6.519648751074617721e+00 7.516124030405828549e+00 8.520809626037419093e+00 9.516898115927519441e+00 1.051616822724992240e+01
-9.917242061185571611e-01 -5.082475207761481428e+00 -4.018025792520748318e+00 -5.680716631004261608e+00 -2.996103133338317459e+00 -4.143274325932758906e+00 -5.085272244507831552e+00 1.726533012451859861e+00 -6.807166310042315205e-01 4.147955949173383949e+00 -2.590967349653137575e+00 -2.429250117873881898e+00 2.332887594147087462e+00 4.053569790223066072e-01 1.932650366670932485e+00 1.719760909146647920e+00 2.869131032718503338e+00 1.331032817956749881e+00 4.741904007061913617e+00 4.405201482525579415e+00 1.958491303268731665e+00 6.536234582620456202e+00
-1.048023704778056242e+01 -9.482383299280277456e+00 -8.480635951865785671e+00 -7.480351868678230431e+00 -6.481255899776094509e+00 -5.480893227864388706e+00 -4.482238981534120370e+00 -3.480481478978282084e+00 -2.482470277358160615e+00 -1.481000233102907515e+00 -4.807821844111668241e-01 5.207110982049698578e-01 1.517539333890793429e+00 2.518091161142702816e+00 3.517761018465874301e+00 4.518297929655432199e+00 5.518611234020113443e+00 6.518017370592476212e+00 7.519594986330396580e+00 8.518637966703296982e+00 9.517174262892124759e+00 1.051690848578107129e+01
-8.870421892726444213e+00 -5.346547060171981336e+00 -6.931515659874575519e+00 -5.164286519022062372e+00 -2.284153286273518102e+00 -4.895453729256534992e+00 -6.176096262319523689e+00 -3.774369352167283864e-01 -2.256472142120730773e+00 8.357134809779518392e-01 6.530366895109844805e+00 -2.220100464821153641e-01 6.250459946733936789e+00 1.005824756181020740e+00 -4.843854912762619591e-01 2.559524281320007866e+00 2.892902008847627382e+00 2.406431578223264811e+00 5.308231356939965728e+00 4.510182288148760321e+00 4.823304018778625135e+00 6.294452810528409437e+00
-1.048219196227461225e+01 -9.482116070660671525e+00 -8.479105954143125956e+00 -7.481662941249942023e+00 -6.479020682248195939e+00 -5.481656846675006634e+00 -4.481687952848984580e+00 -3.482120824131094139e+00 -2.482085657390662448e+00 -1.482233953746872501e+00 -4.816223504868375471e-01 5.179245573553217241e-01 1.521009246734061904e+00 2.517431440678510768e+00 3.521231862631720944e+00 4.517937245694081838e+00 5.518223854628482528e+00 6.517457458105960555e+00 7.517393621531413217e+00 8.517747434702794607e+00 9.517529669133102388e+00 1.052023320170966336e+01
-1.048152229765597809e+01 -9.481912953948418377e+00 -8.482336750423362659e+00 -7.481738759374085390e+00 -6.480697630142616461e+00 -5.479797749018121777e+00 -4.481557442044657336e+00 -3.481917215680539357e+00 -2.481108447706150244e+00 -1.480999341403890668e+00 -4.805347679013554085e-01 5.182338150387462150e-01 1.517965318465774871e+00 2.518706025386395098e+00 3.517966488206928588e+00 4.517770716751162041e+00 5.518128262663431371e+00 6.518617467785423614e+00 7.518908763135028650e+00 8.517663249576633788e+00 9.519900047982281066e+00 1.051887759735638639e+01
-1.048220393705091169e+01 -9.482602781531467073e+00 -8.481300539252419668e+00 -7.479342712936078996e+00 -6.482450305399552803e+00 -5.482512733814393968e+00 -4.481180853125712460e+00 -3.479405335065996141e+00 -2.482045850631850570e+00 -1.478695302185675686e+00 -4.826289777728582919e-01 5.189378495243559541e-01 1.517809101465083188e+00 2.516882077875466805e+00 3.517714315178725570e+00 4.522177116098735183e+00 5.517828905108309812e+00 6.518580579283570486e+00 7.517673970284798557e+00 8.520490207794043869e+00 9.517326385798780208e+00 1.051756321740422351e+01
-8.682532583966564133e+00 -3.018660074334084342e+00 4.285165330567703990e-01 -7.324138360157674832e+00 -5.017897505971192551e+00 -5.339694112496345291e+00 -5.399986855379831141e+00 -2.153956008521618948e+00 1.597103259134807551e+00 -2.061913311390075165e+00 3.540367034498854260e+00 3.405288046185479534e+00 -1.331542541749025421e+00 3.881502595303760739e-01 1.429831700001853223e+00 3.786021317328206237e+00 1.687279549179021565e-01 3.958545120756845392e+00 3.869843789474273432e+00 3.586077809118647153e+00 6.568655723911854594e+00 8.011807203099477803e+00
-1.047969776053317048e+01 -9.483339306305733629e+00 -8.479246285151340601e+00 -7.478224244307391189e+00 -6.483647760342449828e+00 -5.482424941252560302e+00 -4.479422893713810083e+00 -3.482785534452316867e+00 -2.483805608342974480e+00 -1.480093624781474659e+00 -4.828890081156362868e-01 5.204563472758660936e-01 1.516797218133108416e+00 2.516656223345886900e+00 3.523598316718235424e+00 4.517010021616114201e+00 5.520467493344439092e+00 6.523322764445438793e+00 7.517627540637157324e+00 8.515161398459563102e+00 9.517129528928888860e+00 1.051596451144327027e+01
-8.936297094366111082e+00 -7.970893370326212590e+00 -6.481654718065587240e+00 -6.104992905640833634e+00 -4.947885677277588101e+00 -3.910921279196156064e+00 -4.023043105544866549e+00 -2.473742670259739374e+00 -5.890811539821775078e+00 -2.662574049842176827e-01 7.415405517769192434e-01 6.511494326049647174e-01 1.915363697197683290e+00 3.255808263968444027e+00 4.277132436891156964e+00 -5.717487122449486092e-01 6.181100940287269196e+00 2.220744396713603575e+00 3.476507496189638058e+00 8.112100319004120763e+00 1.029095650063492862e+01 1.086445883950825397e+01
-1.047862782532516945e+01 -9.478770250623863802e+00 -8.482163617556734536e+00 -7.482217015867890453e+00 -6.481772737746878121e+00 -5.481615910475904130e+00 -4.482344659214655636e+00 -3.482192808931525718e+00 -2.478656882589497457e+00 -1.481807308440851401e+00 -4.816676622087268100e-01 5.172609144991113794e-01 1.520933529192754818e+00 2.517559712583363307e+00 3.517445085400890292e+00 4.518045103008100583e+00 5.517716390842746677e+00 6.517595050687141622e+00 7.520985221320943381e+00 8.518071954900570120e+00 9.517792178148575033e+00 1.051704593544656952e+01
-1.047858149524441984e+01 -9.478786125440484156e+00 -8.478359959680924263e+00 -7.482554100115205387e+00 -6.482218011875040986e+00 -5.482112116773020460e+00 -4.482368446547877028e+00 -3.482495560903451803e+00 -2.482194266874683919e+00 -1.481662191111929872e+00 -4.820366572927401450e-01 5.175188559700032442e-01 1.517646916549310276e+00 2.517229102890588877e+00 3.518089168112380705e+00 4.517926968972783897e+00 5.517116345803838584e+00 6.521549247543912742e+00 7.521162912588225780e+00 8.517657347362144193e+00 9.517801732163533757e+00 1.051828473095189054e+01
-9.131717667011450601e+00 -1.938161893840771199e+00 -5.111601947396676060e+00 -6.366304242609989394e+00 4.003293696936216506e-02 7.371190130913287675e-01 -3.851981271757675351e+00 -2.366304242609995612e+00 -3.576609589472858897e+00 -1.386219418131448222e+00 8.682823329884938879e-01 -1.822054365170466816e+00 -9.445100779757029663e-01 5.124362998112423906e-01 2.622465114724386481e+00 2.402761607268532273e+00 9.908916398986455931e+00 1.434913984869979675e+00 3.793726772165373795e+00 4.918559464178294149e+00 5.900715438416814784e+00 3.764149749555719460e+00
-9.270353976532540230e+00 -4.133274340244495804e+00 -6.431657803373092008e+00 9.197648626334409272e-02 -5.262894655871276584e+00 -1.682411340207109252e+00 1.873597765872019316e-01 3.175886597928601063e-01 -1.262894655871278804e+00 -2.315205178852128398e+00 -1.079270265854782362e+00 -6.309856551127760449e-01 5.271049580621860464e+00 -2.149443616330661833e+00 4.504240766514239880e+00 3.243249726489719542e+00 1.082660738676641365e+00 9.421496011594010511e-01 4.144765081390236361e+00 4.095849411441328414e+00 5.296438274798299872e+00 5.449677781563954326e+00
-4.438338706643705223e+00 -6.007870868191276692e+00 -1.841454975490232293e+00 -8.691458787738328695e-01 -3.208507480576113124e+00 -3.633942630644710015e+00 -6.353486708625135648e+00 -3.294766007343693293e+00 1.476378850267415110e+00 -1.294766007343695069e+00 -3.543840719369303560e+00 -1.469129356801085917e+00 -2.361654222563142724e+00 -1.635218315057862526e-03 1.661218072647175026e+00 4.308665626177061725e+00 3.260756552514404660e+00 4.706477040950074020e+00 3.767069260498088212e+00 2.780382618470785161e+00 1.199092536347246174e+01 4.775279792732455064e+00
-1.048151622340078148e+01 -9.480378765612824665e+00 -8.481365192681538545e+00 -7.482006970793007028e+00 -6.481094691902383076e+00 -5.481082458049050032e+00 -4.480715584009869801e+00 -3.482237610965961849e+00 -2.481144990772000014e+00 -1.481938671320660816e+00 -4.812041856348443503e-01 5.185456238687109476e-01 1.518567871302378691e+00 2.517932664602998472e+00 3.518207233399159861e+00 4.519302200526004398e+00 5.518426503986127329e+00 6.518436972051862455e+00 7.518606271594769908e+00 8.517995547503238285e+00 9.519035574048764659e+00 1.051824327930808600e+01
-6.011728397341570940e+00 -7.178182580315407790e+00 -3.411434150828813738e+00 -2.645144229108408407e+00 -4.209446482160986491e+00 -4.869501502852266128e+00 -2.531040719739806821e+00 -8.915829567413613432e-01 -7.944787592871864756e-01 -1.570449460838524214e+00 2.990214242391094679e+00 9.057432473673221462e-01 -3.437875334178383646e+00 -2.913910727901535047e+00 5.061632604509374467e+00 4.667642226230589664e+00 4.834254067067087490e+00 4.872592045056967081e-01 1.622081260634804067e+00 1.684795555299711367e+00 8.452228306998474494e+00 1.016753898333904793e+01
-1.048181390085009212e+01 -9.480966859243135758e+00 -8.481792934916246196e+00 -7.477118246934653101e+00 -6.478337921879504080e+00 -5.479873993180030212e+00 -4.482268878004783019e+00 -3.482313954017399737e+00 -2.481805079362604971e+00 -1.482386820695625218e+00 -4.785927317359366384e-01 5.173382826826653513e-01 1.516752741553551331e+00 2.513570762493380073e+00 3.518555618145235542e+00 4.517778403379690388e+00 5.517634219743975166e+00 6.518357864835030213e+00 7.518335468389766518e+00 8.518254033543835035e+00 9.517601660706771938e+00 1.052170666239477015e+01
-1.048051508041943691e+01 -9.482113088396452838e+00 -8.480350787666701251e+00 -7.482357661155152329e+00 -6.481590594080353540e+00 -5.481563481417570216e+00 -4.480399350551042659e+00 -3.482137034562505562e+00 -2.482110771265885418e+00 -1.480450297621157318e+00 -4.803550344976503794e-01 5.187851088968198354e-01 1.518263076516715770e+00 2.518645403060046917e+00 3.518832464787092107e+00 4.516939793798055547e+00 5.519074444743724328e+00 6.517905448648059874e+00 7.517927450212567919e+00 8.519039054485881834e+00 9.517125037583433311e+00 1.052002029595050026e+01
-1.048102762821041267e+01 -9.482671904292953258e+00 -8.481212544170279699e+00 -7.481256212023174257e+00 -6.481407198038949602e+00 -5.481099995699791450e+00 -4.480855847624203747e+00 -3.481204996732145673e+00 -2.481383236971748119e+00 -1.482199693945309704e+00 -4.809743267568578062e-01 5.184061798182497682e-01 1.519398351284598547e+00 2.518516798588368744e+00 3.518359740349383813e+00 4.518541951748463958e+00 5.517218244346716816e+00 6.518902105363940436e+00 7.518400420519450122e+00 8.517410014840693933e+00 9.519710515710444909e+00 1.051904365894469962e+01
-1.047954657707705906e+01 -9.480435297231771585e+00 -8.480155997316945360e+00 -7.482238561253669928e+00 -6.482299529354676793e+00 -5.480368413369756553e+00 -4.481961347501378867e+00 -3.481961347501398407e+00 -2.485418804328549669e+00 -1.478244550864804552e+00 -4.852267954159987795e-01 5.180259492586856140e-01 1.519768908281205810e+00 2.518714368004673076e+00 3.518986299295310261e+00 4.518136247653842474e+00 5.520247086543918158e+00 6.519942983646272339e+00 7.519946954805735828e+00 8.518235869367000390e+00 9.519941076297641303e+00 1.051452587511050396e+01
-1.048129377446390009e+01 -9.481217972256917648e+00 -8.481261006810441927e+00 -7.481334290721207481e+00 -6.480946212329628864e+00 -5.481635860421427253e+00 -4.481337919153943972e+00 -3.481686576523568277e+00 -2.480911775746118764e+00 -1.481034479357969502e+00 -4.813513749025037924e-01 5.187688104130998568e-01 1.518336870453577347e+00 2.517731182954527469e+00 3.518255644223902578e+00 4.518595711074091525e+00 5.517887369475579007e+00 6.518497065386988254e+00 7.518168591640213450e+00 8.518784665248611887e+00 9.518724807284094425e+00 1.051887492158196125e+01
-1.048259224674914236e+01 -9.481739900328873816e+00 -8.482617370106954269e+00 -7.482152252712049645e+00 -6.479124821045173732e+00 -5.481193534352557961e+00 -4.481346926905880323e+00 -3.478105283596301334e+00 -2.483035705306301466e+00 -1.483080915429360047e+00 -4.822597645900383867e-01 5.183129913427677593e-01 1.521003761074766203e+00 2.516998716376045664e+00 3.517753996632322355e+00 4.517781340263111289e+00 5.521749132058843657e+00 6.518460594794975194e+00 7.518524625084625157e+00 8.517796852371908756e+00 9.519825004718526884e+00 1.051765610345386115e+01
-1.048139125582841302e+01 -9.481038664552285056e+00 -8.481089596721245627e+00 -7.481639755043122619e+00 -6.480408658358168594e+00 -5.481309940191824381e+00 -4.481641699644644206e+00 -3.479632382365789312e+00 -2.480508242818419973e+00 -1.481613312932566373e+00 -4.819072383371221235e-01 5.179214430126322100e-01 1.518512519923126192e+00 2.518097544935621102e+00 3.517392019656575997e+00 4.516669149425899477e+00 5.518496627834714729e+00 6.517869415608323891e+00 7.519109482792295296e+00 8.518092895773330397e+00 9.519096392122184724e+00 1.051953765275804109e+01
-1.048121134902947915e+01 -9.481293849308384480e+00 -8.481662496585737898e+00 -7.482055328447728471e+00 -6.480429097671404293e+00 -5.481058612127206686e+00 -4.481925487179651668e+00 -3.481952592391875712e+00 -2.480683058161629262e+00 -1.481577478010549953e+00 -4.811526012014351039e-01 5.184908885170003146e-01 1.518193036656482420e+00 2.517607093196007284e+00 3.518080868165593955e+00 4.519069999795060966e+00 5.518206008117294559e+00 6.519324183802700290e+00 7.518850744109256468e+00 8.518827215175727829e+00 9.518901095132923373e+00 1.051806521449575804e+01
-5.614001997022851853e+00 -7.286096677674540167e+00 -3.071901881343972462e-01 -5.547398887112230170e+00 -1.238537139876495274e+00 -2.583182593951334205e+00 -1.411217448319039836e+00 -1.595323871098492052e+00 -3.284114504632079434e+00 6.781111889957662786e-01 2.440603230369878140e+00 5.551365213840037116e-01 4.840717531148137631e+00 -2.021188765868469517e+00 2.609693057833275986e+00 -2.275481599842811065e+00 3.578574267473943582e+00 3.675692850441178550e+00 5.808775805329236874e+00 -1.362665740584985130e-01 6.682601991256259311e+00 2.838708200408515125e+00
-6.512023558578645677e+00 -7.370761210994237089e+00 -9.911377538888856975e+00 -3.591972191075970766e+00 -2.798763329874155659e+00 -2.782647925365375308e+00 -1.873185018532109503e+00 -2.388464171070627806e-01 -1.848840469425206079e+00 2.319992762698295241e-01 1.601004819228991405e+00 1.020697523124477479e+00 2.969862544933036475e+00 2.121467625770559806e+00 -2.603131120020678146e+00 3.373124738350565366e+00 5.440910515536391046e+00 -6.700616777035648397e-01 7.218088075842232776e+00 7.791911738153597611e+00 4.564625541964331568e+00 4.276532455440802849e+00
-6.811285500186882835e+00 -6.852052254113974783e+00 -5.248511379248647302e+00 -6.880891035232163944e+00 -4.215548474610928409e+00 -3.337371689974349298e+00 -2.407214455106701401e+00 -1.723812909254085479e+00 -2.609578472215239309e+00 -5.298050438492559522e+00 3.178541027140239894e+00 -2.372788134147819861e+00 -3.139434014841306908e-01 2.040989245679345476e+00 4.632433030658419604e+00 5.228745892591630806e+00 -7.930757096887184332e-01 6.866483574889688413e+00 7.328675827050574298e+00 5.743947510023343028e+00 8.377100835962092873e+00 5.875821306809816846e+00
-8.657169923706966586e+00 -8.786942718800618835e+00 -7.476852655865590336e+00 -6.568954262920680520e+00 -6.700459234066419079e+00 -2.065953645794174509e+00 -4.605904658293970222e+00 -1.657169923706919068e+00 -6.153218393160450050e-01 -1.433618580126178932e+00 2.729768566492358772e+00 -7.339259072253782046e-01 7.588754492487412850e-01 1.806639818939717257e+00 4.419811755590310476e+00 3.787786758134533471e+00 3.369068195413107425e+00 4.774048389581377450e+00 5.883409206458463991e+00 6.292210957191512577e+00 7.973295418340552665e+00 7.915973231481215677e+00
-5.344240276087420582e+00 -7.121217680728205934e+00 -1.700698324510463877e+00 -6.072228747743626087e+00 -7.353601317111038149e-01 -5.762371716886691253e+00 -2.539109065893330630e+00 -1.945747750513038499e+00 -5.313389192447838916e+00 1.477831330266589971e+00 -2.278728463879109434e+00 -6.993721277364748357e-01 8.627030578097332203e-01 -3.698114688829403640e-01 3.851600050178221046e-01 1.613298731275133679e+00 3.011023179551266082e+00 2.887273475105072595e+00 5.196946723838901327e+00 7.430687670767238906e+00 1.138781789896485108e+01 6.038147271472590560e+00
-9.940821398569875456e+00 -8.971124486049268043e+00 -1.043409006960580321e+01 -6.976896113774339270e+00 -6.009556261925709464e+00 -5.097505741668685530e+00 -4.034333881431481750e+00 -3.302034324135685317e+00 -2.003060261888057969e+00 -1.059582582906410941e+00 -1.076857201555512372e-01 7.568307009334919178e-01 1.879810209949523747e+00 2.793773255089739838e+00 3.787974092870044274e+00 2.277181820322380812e+00 5.690018654706056722e+00 6.772587297814213869e+00 7.782758583469593816e+00 8.724852861210605326e+00 9.681951322009215488e+00 8.197566440784944675e+00
-3.429766764699031079e+00 -6.253890993948644450e+00 -4.516368147527084709e+00 -5.834420339420010038e+00 -4.825288967922745087e-01 -4.545583348661549117e+00 -4.231400616759829703e+00 -2.210616531787448658e+00 -2.368740626719508580e+00 -4.442102452515373834e+00 3.517379457273631882e+00 -1.291383502318278698e+00 -1.707291802520067847e+00 9.851670370956000511e-02 1.264674762119190721e+00 9.036984370824545643e-01 2.160870261620192689e+00 9.346647783820548838e+00 5.123615408417849792e+00 5.548767362654493773e+00 7.288929907556724430e+00 6.469608336463418929e+00
-1.047964614291075236e+01 -9.481844652782760008e+00 -8.480874020944924041e+00 -7.480302054773677156e+00 -6.481400441716992589e+00 -5.480286721478794476e+00 -4.481634665619235847e+00 -3.482165579091416774e+00 -2.482305128465972288e+00 -1.481403816830017206e+00 -4.823282029141005012e-01 5.179194767366830376e-01 1.518370140005252722e+00 2.518048386682167461e+00 3.518809679556985870e+00 4.518589373339315429e+00 5.519345361400743499e+00 6.517915207553997448e+00 7.519273209978242889e+00 8.518892835487026360e+00 9.518190409649513128e+00 1.051745174418796935e+01
-1.048142178153449322e+01 -9.480857064778145826e+00 -8.481831421906296242e+00 -7.481308480555375340e+00 -6.482255166227163912e+00 -5.480776844376874735e+00 -4.481136513704610636e+00 -3.481857968324975516e+00 -2.480397863144206738e+00 -1.481712212616743685e+00 -4.800342524593546045e-01 5.179325660521314489e-01 1.518893944268876695e+00 2.517949896102596341e+00 3.517735103314578282e+00 4.517949449067767631e+00 5.518310757523231302e+00 6.518100233917884623e+00 7.518788444047629582e+00 8.519997121935537265e+00 9.518641675060445451e+00 1.051790477538650315e+01
-1.048092543807901222e+01 -9.480361041697582536e+00 -8.484067467125969486e+00 -7.480731946500878138e+00 -6.479397085579945426e+00 -5.477430400523264353e+00 -4.476618153127756017e+00 -3.480015334757910139e+00 -2.480126467618067210e+00 -1.483819750222298950e+00 -4.842187139121101325e-01 5.175333348187418636e-01 1.516427817669766753e+00 2.516427817669761424e+00 3.515940311280150610e+00 4.515781286087891644e+00 5.514323416081328588e+00 6.519781502810380047e+00 7.522105815735724121e+00 8.520271989432238513e+00 9.516875180331128448e+00 1.052085772427644095e+01
-5.141285481174427296e+00 -6.485986209027991833e+00 -6.119453983914185713e+00 -6.460390843955629236e+00 -5.049044273143090678e+00 -5.125732512694866294e+00 -3.213435378329613012e+00 7.812380326988010992e-01 -1.052695489091855841e+00 4.160853744271097998e-02 -1.503848605416560513e+00 1.786564621670380326e+00 -2.109857267988791030e+00 5.316312825326766855e+00 6.714981870868046876e+00 -2.937384409096455151e-01 -1.600857981915688732e-01 5.343201555300795214e+00 1.640408225616142524e+00 6.906612591165202986e+00 4.915760501996151000e+00 9.677479918802180947e+00
-6.604701707193676441e+00 -5.521809806036805490e+00 -4.032485613475991215e+00 -5.425500558699673626e+00 -2.178401499112894157e+00 -2.918353213131714696e+00 -5.379054732250205362e+00 -2.457927196097109412e+00 -2.048796554348895071e+00 8.872438832878359882e-02 1.488815268568633998e+00 4.013349878305887408e+00 2.533171993104162301e+00 -3.863587198529172984e+00 2.777016404092350399e+00 3.361983259701373683e+00 -1.536180154714785306e+00 6.191108079851058044e+00 4.882995871145341837e+00 2.270369711409835567e+00 9.347092770166572251e+00 5.420785005965885084e+00
-1.048090428689663867e+01 -9.482024980878279052e+00 -8.482164135372091351e+00 -7.482518529688778841e+00 -6.481980888342301128e+00 -5.482601730322304689e+00 -4.482207430695940076e+00 -3.482909282838768661e+00 -2.481032340025345562e+00 -1.477994239127095710e+00 -4.828626720065436473e-01 5.224603505974467765e-01 1.520117716694418419e+00 2.520602905953472472e+00 3.520977498794142235e+00 4.517202475870199407e+00 5.518650511110367418e+00 6.517658406699245788e+00 7.517077954316683019e+00 8.519404316151682366e+00 9.517053494060577989e+00 1.051660928299480702e+01
