2.649770891581229648e+01
2.979052692853581163e+01
2.645865815165699075e+01
2.659309923489936267e+01
2.978799430935396231e+01
1.644954759460065929e+01
2.979030381790279236e+01
2.978836326889862463e+01
2.733556303446143332e+01
2.979111146205090321e+01
2.979164975281818428e+01
2.979101800965525726e+01
2.728861147404283471e+01
1.715690272451871934e+01
2.978933853340431526e+01
1.781382572664337616e+01
2.978995968736031585e+01
2.754882169865229002e+01
1.853522957256840087e+01
2.978922116428026357e+01
2.822202330345784560e+01
2.979122154917796195e+01
2.677268577369348890e+01
2.978996476758003098e+01
2.978890428707733662e+01
2.979115936538095255e+01
2.549469960663193646e+01
2.193546453372721672e+01
2.795819484166984736e+01
2.730535176593244273e+01
2.978931991762183173e+01
2.978827715822253097e+01
1.651976239649865619e+01
2.978870120650477560e+01
2.978902235227063144e+01
2.754190324207526785e+01
2.115544826815699864e+01
2.979046669724738550e+01
2.978878060219588519e+01
2.978847598745716496e+01
2.832935750051579049e+01
2.978845382520179896e+01
2.979028554835402431e+01
2.979057576220671066e+01
2.978871453200736852e+01
2.978944646935283913e+01
1.936784495315127330e+01
1.810760602510494977e+01
2.693543612839552637e+01
2.752607124770065994e+01
