2.742001985774019102e-01
4.224911703631788473e-01
9.998598866449566192e-01
5.942780135030184541e-01
2.350106243016148733e-01
6.260965857793751033e-01
5.993166929847794089e-01
1.057005393814231642e+00
2.842512695064118855e+00
7.833019076359517552e-01
2.565234304049416880e-01
3.537958326158385236e-01
2.637531417302056980e-01
6.263774352447019078e-01
2.804305861885012519e-01
5.276908723750999286e-01
6.080973320845877161e-01
1.018045962769747126e+00
5.894164037978516513e-01
2.857641545966584373e-01
2.484834634926919028e-01
6.219488166863416101e-01
5.005154280158522484e-01
4.294997260240710490e-01
9.105308464666950208e-01
3.476738067584631553e-01
6.905640481893667859e-01
3.505842930187881290e-01
4.254597411370329429e-01
3.876256820788350210e-01
5.729928874970273700e-01
6.559737125595636043e-01
3.499761067734568076e-01
5.152166431023427196e-01
8.720616695681006059e-01
7.619553927081001987e-01
1.137777341336527970e+00
7.041543593899876052e-01
3.948016083298282464e-01
5.991949572475795405e-01
6.901062154642209068e-01
4.649507149976395692e-01
3.192454798975440933e-01
4.631636096654910273e-01
4.614917005411149908e-01
3.462424997840071739e-01
3.627816219799813724e-01
5.892272197047998539e-01
4.208307483821733253e-01
3.238930026184368982e-01
