1.134586403814272337e+01
2.982231291668115958e+01
2.451229075072518526e+01
2.982318564296877028e+01
2.335848788580330293e+01
2.982263901865918143e+01
2.982242494401491228e+01
2.316459638792189324e+01
2.982138991009249906e+01
2.982161166227416160e+01
2.982169152192110317e+01
2.982162078165090691e+01
2.715417608259858895e+01
2.982230880258244810e+01
2.658652040944532757e+01
2.982243412670166194e+01
2.821417394758695707e+01
2.361483516342343236e+01
2.982174231191557823e+01
2.982227798483999592e+01
2.982161401350236929e+01
2.982227020058057221e+01
1.617664686218322245e+01
2.982093129482989369e+01
2.982249743696244693e+01
2.982213756380062364e+01
1.569752755627703777e+01
2.812812702519862995e+01
2.982233670020169924e+01
2.982208616426945014e+01
2.982258533696836622e+01
2.132190855727505507e+01
1.710978225802351815e+01
2.082359245092614231e+01
1.674062577466836643e+01
1.864858485098516994e+01
1.891217629802007139e+01
2.982242115888222855e+01
2.982201136864056679e+01
2.932194166771745003e+01
2.982248142878829000e+01
2.395651861962196705e+01
2.982289804523217924e+01
2.982175774727319251e+01
2.982202926014637612e+01
2.076002843145965571e+01
2.982154336368617464e+01
2.077225355928531414e+01
1.728781908242569898e+01
2.234287401136053575e+01
