1.601059706708087660e+01
2.980428306068434097e+01
1.828414479309192942e+01
2.980419903251138436e+01
2.980452297458179700e+01
1.530937721587235600e+01
2.980514153362048901e+01
2.772840992436766427e+01
2.224931992676824422e+01
2.980431558451419960e+01
2.320643977040445805e+01
2.031505316734468636e+01
2.980356250090514081e+01
2.980443531383222933e+01
2.980446624603082739e+01
2.581494597509071909e+01
2.980473264473051742e+01
2.326015189876420308e+01
2.318161769676071415e+01
2.980395929521575837e+01
2.402767428106972503e+01
1.911193186739040328e+01
2.586680352254527548e+01
1.544604844981412661e+01
2.530586137922515277e+01
2.980453199710543188e+01
2.980426819515125914e+01
2.771769975095932281e+01
2.980429661572180677e+01
2.980437951683651576e+01
2.731755206195602881e+01
2.426493600330452693e+01
1.865070152870262632e+01
2.441449740566526927e+01
1.831860306284159634e+01
2.542706776729026785e+01
2.765274730791885460e+01
2.567055290833588899e+01
2.906743411359734353e+01
2.980407224703819224e+01
2.571014211567702290e+01
2.980385259709561652e+01
2.980456583014239413e+01
2.269154765227314385e+01
2.980386480883291966e+01
1.747226532279982436e+01
2.980510915525454507e+01
2.271454811877444868e+01
2.664679533801227507e+01
2.980439465816799682e+01
