2.981740865602310464e+01
2.776433777219466492e+01
2.981691228187236220e+01
2.981662803693567554e+01
2.140431308449585757e+01
2.028218337023273321e+01
1.820006079676787181e+01
2.981651977424408528e+01
2.540184313657041315e+01
1.965018583331368873e+01
2.220006504851388129e+01
2.981779058365106394e+01
2.981670839153657226e+01
2.848006400495337331e+01
2.425009452619773498e+01
1.976084804610188428e+01
2.338182081633131304e+01
2.981734051171999766e+01
2.981660390559321883e+01
1.656933776069088893e+01
2.981742522993623368e+01
2.345544158044385341e+01
2.981690953192737581e+01
2.360363672447306982e+01
1.834675525735296020e+01
2.832361060533623842e+01
2.981771675794316678e+01
2.067360217787985022e+01
2.568024466164650477e+01
2.783338202774515935e+01
2.851145001645507548e+01
2.823368516276422469e+01
1.590644015624768315e+01
1.835314300320839465e+01
2.886125569582401695e+01
2.683313136668497023e+01
2.981730022052957096e+01
2.981671621085671120e+01
2.981688128331022725e+01
1.856481372775975203e+01
2.981683435757048528e+01
1.704619365955649712e+01
2.604813055907909813e+01
2.515806777558882601e+01
2.495413549902872674e+01
2.235598151152325030e+01
2.437445887706526548e+01
2.501665880808745968e+01
2.942612913888448034e+01
2.981749244279701827e+01
