2.980353802515576689e+01
2.187628249831935534e+01
2.980342944477193612e+01
2.980324860039931067e+01
1.827964900942097515e+01
2.980325674700481997e+01
2.980330451542983994e+01
2.980330381092355552e+01
2.168971806525520662e+01
2.980341275395583622e+01
2.980312292097621452e+01
2.388027461798409945e+01
2.980414675690412096e+01
2.701710890299196421e+01
1.875441071072366483e+01
2.980411671250463357e+01
2.980325975042673647e+01
2.980309545866158771e+01
2.143493559663998127e+01
2.354343686607554886e+01
2.525780045106459326e+01
2.980320927106895468e+01
2.980376049119134407e+01
2.980359547150040456e+01
2.980346563567425022e+01
2.980396531137372307e+01
2.980339668433568789e+01
2.980330397354769900e+01
2.980325457486198459e+01
2.475934407759334377e+01
1.922143387768145573e+01
2.980259841895486872e+01
2.365650657268482249e+01
2.277333092929475100e+01
2.980370847426471315e+01
2.980319843240992483e+01
2.980389351313340995e+01
2.876241174286935731e+01
2.513874478728082096e+01
1.594281258173634974e+01
2.980342100999780541e+01
2.387234128854899851e+01
2.873927332127147949e+01
2.980356490202230546e+01
2.521964665018946405e+01
2.980335801406015506e+01
2.980404249809358674e+01
2.629030394764295764e+01
2.773811993048959934e+01
2.980313699765175528e+01
