-1.261076188321379465e+00 -2.610761883213841839e-01 4.083109412237502234e-01 1.738923811678600773e+00 -8.035919457480764638e-01 -3.930675638726267018e-01 1.160566899210279668e-01 2.468545482035388594e-01 8.985279598086348685e-02 1.089853377027893838e-01 1.773229978997940826e-01 5.496719842658023131e-02 9.809925656542083094e-02 1.647059953187085535e-01
-4.182646509791668743e-01 1.419806452783123341e-01 -1.528688185947727263e+00 1.574634186542195058e-01 -1.213272052935674417e+00 1.288159954358780279e+00 1.373456430318284793e+00 4.921829366389646743e-01 -2.251292510443003436e-01 8.100021303955072527e-02 1.123718241854054778e-01 1.583579950549300341e-01 2.278389555824521517e-01 -1.621905455464232593e-01
3.282194285418614799e-01 -7.494394893025848603e-01 1.461938499703560601e-01 -8.728848102747643889e-01 -5.536010824593499274e-02 9.838518532005979811e-01 -8.632812635748596808e-01 3.633767415685753566e-01 3.551758686546428456e-01 2.906983509265519960e-01 3.283535011504392503e-02 3.940489418867397231e-01 2.037188392929171477e-01 -7.188586610153512024e-02
-1.040624268898979743e+00 -1.719675267242509076e+00 -1.125087928052891595e+00 -4.922947935244225137e-01 1.316738819290871998e+00 2.490009065810235622e+00 4.249674512805437510e-02 4.705922352494374405e-01 2.146447979147080853e-01 3.008666736974809908e-01 -1.222732825133440310e-01 -1.494484194397602828e-01 1.553388568811449322e-01 1.439844523575818658e-01
-4.984932011959730680e-01 5.015067988040342595e-01 2.957519133844079828e-01 -1.356197291693318485e-01 -2.393533967874522661e-01 1.883810795323626053e-01 -9.523946714510994616e-02 3.274828185338275466e-01 -6.241575910203270294e-02 9.377275233663615039e-02 -7.513856067333068989e-03 1.050277083892297708e-01 1.656381301584586296e-02 -4.583787871503854083e-03
5.931719968335710802e-02 -9.395080409314254810e-01 -1.105790411108016902e-01 -1.622765462612161480e+00 -3.324810917660029341e-01 2.389675885255050591e+00 5.935261365286562119e-02 1.120809979352482277e-01 4.469952129761598641e-02 1.969933106869279360e-01 8.612462541150307793e-02 2.454560110649903759e-01 1.706614988023891499e-01 1.262396592880508372e-01
1.448337705620508092e-02 -5.923805417203070051e-02 1.329563048849306817e-01 -3.612356009069687957e-02 4.625356027039453227e-02 -1.120190397370610796e-01 4.101906852087167099e-02 3.297756126943668931e-01 -1.765617325210357483e-02 1.057217598666526648e-01 2.966422224055707130e-02 -6.962698711754458647e-02 1.483445508844031258e-01 -6.828695539133733394e-02
-4.444955725494943999e-01 5.555044274505090973e-01 -1.230286342839152780e-01 -3.211778121095906213e-01 5.529302344414670223e-02 3.879777398631374385e-01 -1.803850539406562370e-02 3.502265759901972975e-01 -1.853071521918570608e-01 3.944007917379330902e-02 1.913309632607232413e-01 1.368295841565837778e-02 1.643932433320589581e-01 -1.805336477436939036e-01
-8.219768398907456586e-01 -3.306116758592446692e-01 4.201956463891040779e-03 8.960204746819099286e-01 -7.838656397189037728e-01 1.318148295675747539e+00 -9.507030560136441322e-01 1.328472770861296726e-01 5.612366772177054264e-01 2.677779459230341108e-01 2.926790838126094307e-01 -5.012622505999086986e-02 -7.853696364803655627e-02 2.817637598714593794e-02
-1.641240361203675668e+00 1.131893510445003415e-02 3.587596387963273292e-01 1.358759638796327440e+00 -4.101185617229614611e-01 3.312976274937361465e-01 1.287879590996399148e-02 6.237325593119153605e-02 1.658124658673509888e-01 5.833555160313268206e-02 7.421081458261297170e-02 1.582922617620349526e-01 -3.509466883756363897e-02 -2.031770742531990859e-02
-9.989095931380985449e-02 2.275154090075992841e-01 -3.329712709393760073e-01 -1.491208679741392110e-02 1.649047465729791551e-01 1.477416353996914289e-01 1.305007479090604106e-01 2.364497174025935455e-01 -4.921664559095626640e-03 2.776858005425730108e-02 -1.342617178968798924e-02 -4.205084414376625279e-02 8.656166168518064641e-02 -2.800181383060453694e-02
6.450034490757593220e-02 -2.848008038031548117e-01 -6.888416187430749238e-01 3.487144535798542555e-01 9.359772820249823155e-02 3.687335272605702929e-01 3.365327136403353236e-01 5.367595355268385271e-01 -1.588859686227522827e-02 -1.991863221084029523e-01 -1.422669512100060429e-01 -1.448693707609138293e-01 1.308988402559832787e-01 8.138420677177926610e-02
-9.418547479593628591e-01 5.814525204063974995e-02 1.058145252040640028e+00 -4.294924004287942187e-02 -5.645400448804337862e-02 8.779677349162599842e-02 -5.683373767085017625e-02 2.710439083650781900e-01 -2.638602956544458533e-02 1.186266263627919378e-02 9.364735795211048819e-03 5.986045342824208859e-03 1.088060762644331297e-01 -1.405259592543783853e-03
-3.480098454922696538e-01 3.188144149575999897e-01 -2.852707300656469047e-01 -3.724431840017641826e-02 3.296884826901103072e-01 1.695922562573786430e-01 -2.839161462447617468e-02 3.692149840371193315e-01 -1.833180624865912711e-03 6.417460248585318827e-03 -4.493811288356525102e-02 -1.052729054495643857e-01 1.907960479261375797e-01 -4.829525191875878865e-02
-9.089135131106499399e-01 4.869973799954541160e-02 1.091086486889350837e+00 -3.410100940018491456e-02 -1.688501717128185198e-01 8.425974761066586105e-02 -4.387184864548901997e-01 4.939673376976376762e-01 1.183491792809862747e-01 4.691736045250315817e-02 7.570182933490500476e-02 3.278828367211238104e-02 1.492946730889702263e-02 2.915143708954760077e-02
-4.925811012981153314e-01 5.074188987018937169e-01 2.250569384405893408e-03 -2.274014264153411541e-02 8.285607251370744053e-02 1.937448680430729486e-01 -2.893342507533319674e-01 3.976533139150222884e-01 -3.824676465520612106e-02 6.405476819535547983e-02 -1.885830963907061605e-02 5.274058006719886671e-02 -3.515395101852629781e-03 4.982457992606162400e-02
-1.457484720364697450e+00 -3.176766726795923201e-01 1.562083314214162723e-02 -2.469993327187016974e-01 4.804930509957246465e-01 1.534889699575302524e+00 9.316725645511458875e-02 3.053128805116672728e-01 -5.144626829911115584e-02 2.640533356308335522e-01 6.149355104955644968e-02 -1.688474999046459257e-01 -2.332430378564586404e-01 2.059346111204741758e-01
-4.432793871547560660e-01 5.567206128452578673e-01 -3.155513779107073646e-01 1.400398040793413013e-02 -2.982828071506067324e-01 3.861537368217982102e-01 -5.181195274889721647e-01 7.610013254830955143e-01 -6.697151390284940276e-02 1.388123098488250329e-01 1.776810679786248737e-01 -1.274271409997321525e-01 2.792300261549676144e-01 -5.870361827527185994e-02
-5.992093650994934073e-01 1.672559044002064899e-01 1.213476744779236616e-01 5.241465635674759094e-01 -1.906732593475157223e-01 1.001695070912180796e-01 -9.562509444040394324e-02 2.668208700616259699e-01 -9.788563177401957138e-02 4.458199549221832092e-02 -1.881686392690318510e-01 2.029485602496036711e-01 9.696546299408664860e-03 2.198620549483914222e-01
-8.840244114284048216e-01 -2.568004898018733662e-01 1.115975588571621824e+00 5.223859702563304203e-02 3.993488035866991914e-02 -3.801571249180114576e-01 1.057686297172604345e-01 5.701079382556129005e-01 -8.084020496373595099e-02 2.455630791375408573e-02 -2.207843180847952891e-01 2.113918443765524791e-01 8.769427741356775052e-02 1.002061722217558737e-01
-1.323566367912552222e+00 -3.235663679125372894e-01 6.764336320874517750e-01 1.676433632087458436e+00 -5.951402554150263535e-01 -8.083256450110176683e-01 6.069389709152277212e-02 5.693782671066208723e-01 3.268438946244069110e-02 -5.732178442300538135e-02 -2.280334891190889668e-01 2.874854713035884801e-01 1.029645807295717780e-01 4.151477265821806872e-01
-3.667214273605203800e-01 1.036112754164334182e-01 -8.153872849482851626e-01 1.154375380763434045e+00 -2.292426880468253769e-01 2.304054045957087959e-02 7.228616939624721294e-02 3.064756075540511215e-01 -7.337901390831208515e-02 2.063141853024234584e-01 -7.085003164664728514e-02 9.574048897394582536e-02 -5.711581322400402505e-02 1.361202979260961177e-01
6.264036188757720058e-01 -1.904509419847950413e+00 -1.193279617916141788e+00 6.998807106471671702e-01 -3.737131889167141785e-02 9.878889628377219845e-01 2.852476108752531880e-01 -4.232666522125804187e-01 9.243284185645030959e-01 1.588161179210158536e-01 -9.318561854249354792e-02 1.402007138353251747e-01 2.075387758487279299e-01 1.065753846629585166e-01
-1.008764163580299300e+00 -8.764163580314747806e-03 -4.269130623897243737e-01 1.048289855148576200e+00 4.992780163983405739e-01 5.028648066440184472e-01 -6.452363778032901287e-01 2.129077895588946112e-01 -9.546889495014884708e-02 -2.596064210238886380e-02 1.073837685878004100e-01 2.624325456182630134e-01 -9.715909300409436913e-03 7.293411840828997739e-02
-2.467605787225070069e-01 7.532394212774757847e-01 -5.925394038172850930e-01 -1.289550241505274197e+00 2.043700337442045933e-01 6.981868870768158652e-01 -6.134229934799990958e-02 1.047275899544590771e-01 7.047946322945642939e-01 1.270433531848928488e-01 3.236609619956420936e-01 -2.901205832227181647e-01 9.015994913932423929e-03 4.054191883140506603e-02
-5.648961319508524204e-01 4.351038680491592925e-01 -8.092432257851320809e-01 -1.576444378472973695e-01 5.131346252442117173e-01 4.134896381063909998e-01 1.861137126288705534e-01 1.883164423479301020e-01 1.601942202019840389e-02 1.772622688421708337e-01 -7.545214950452995561e-02 -5.161760081433375280e-03 3.286454462946668542e-01 -1.604200317067459858e-01
-1.271654433719775268e+00 5.644754123353410424e-01 -6.608370805690234606e-01 4.191238964843073123e-01 -1.207071711386401847e-01 9.032844660673609027e-01 1.898570023848492050e-01 4.257821897138037714e-01 5.086073786372868888e-01 -3.973797048048632319e-01 -2.526479583554837038e-01 1.600600981754463914e-01 1.972951964808489778e-01 -1.799916050338510598e-01
-1.052684210972883561e+00 -5.268421097288931293e-02 9.473157890271095560e-01 1.035211292391143272e-03 -5.065741998661434271e-03 5.931974003472406665e-02 1.279844017112468924e-01 2.541528682205639322e-01 1.329476230933638314e-01 1.763534506033037352e-01 7.826985115157270023e-02 9.624556487351204614e-02 -5.957360992127434807e-02 -2.183490394844719296e-01
-7.354672130524013696e-01 -8.041391190245987808e-01 1.264532786947598186e+00 -9.889377791815890939e-01 -1.012371155247004495e+00 1.696851736850992554e+00 -8.701788866104483988e-01 1.142747055862851857e+00 -3.423611604162277722e-01 4.389694231724108331e-01 3.789775542087390758e-01 1.667444889654437490e-01 1.283990919609271641e-01 2.150086222091396326e-02
1.705559496423371957e-01 -2.943181025942697149e-01 -2.823736381030351322e-02 1.231193431413417916e-01 -9.095961294204082948e-02 4.545539309124674299e-01 -1.403411343180059334e-01 1.749615696421723265e-01 -1.985552468172539081e-02 -3.142133810497210050e-02 4.227796572596563725e-03 8.520102926329821413e-02 5.764739595272796308e-02 2.013374798198358170e-02
3.298909846282148117e-01 -3.163476522055150841e-01 -2.312293160786677015e-01 -5.778814874523940243e-02 -2.022388234669186878e-04 -3.737664641316042480e-01 2.316160545568655416e-01 5.869952225083769903e-01 2.943309070149314755e-01 4.409924079522320461e-02 2.553493921212330459e-02 4.249265970315571281e-03 2.309062397101067921e-02 -7.520573201496077997e-02
-1.645272420909410060e+00 3.130872434101332480e-02 3.547275790906139759e-01 1.354727579090609479e+00 -1.877764205635780448e-01 4.438285840364944446e-02 -3.868228649782746720e-01 5.236861276425215372e-01 1.314407417365887343e-01 2.196613666202931747e-01 1.157422960234441751e-02 8.669603291342875551e-02 5.666975328377421572e-02 -1.097355996159665448e-01
-1.165314870981955631e+00 -1.653148709819556583e-01 8.346851290180523630e-01 -5.787994766134055835e-01 6.342406161941793741e-01 8.744916182688753370e-01 -3.159320977540980985e-02 2.159069058281086473e-02 -2.511284110473786524e-01 3.415929137463752374e-02 2.274792290760286328e-01 4.273615798123880927e-02 4.513012083948798880e-02 -3.709432727759806592e-02
-5.147262061671141753e-01 -5.490982532212953515e-01 2.871729500022219828e-01 1.003347262004169183e-01 7.309497367975914539e-02 5.585871918224047938e-01 1.097289052550246835e-01 6.336868104864299411e-01 3.847207632422335322e-01 -3.654079507819570360e-01 -1.956345697619495394e-01 -2.681469156795145414e-01 1.601082550622403566e-01 7.084700651870680377e-02
-3.973327331123577277e-02 2.954628393629810112e-01 -8.973020984891784124e-01 5.090434084260705427e-01 -3.312868824951387681e-01 9.903025418491245846e-02 -3.054796780728001870e-01 6.967155333644743376e-01 1.459693976815530925e-01 1.205136270941898347e-01 2.100159156704541064e-01 1.077644908231415039e-01 -7.306017851825741261e-02 -5.238566906355909825e-02
6.766223863803728922e-02 -5.328790868111606960e-01 8.677593001501343606e-02 1.885867623569680296e-01 -1.011544938239919283e-01 4.858461484551006571e-01 -4.178001054848674567e-01 5.494595170432478026e-01 -2.790990868720345519e-01 3.621654801707941962e-01 -8.114315866094759522e-02 -2.810128737810309585e-01 3.247136489559879768e-01 1.131467664564914377e-01
-9.903510344067063820e-02 -1.439840583630039653e-02 1.726215500318422635e-01 9.642868402097997879e-03 3.402732985835237034e-02 1.317398568755916433e-01 -1.192255773099142602e-01 3.451943429930831586e-01 -4.530653650447885594e-02 2.793540708793999447e-02 -2.822163329645063085e-02 3.125287532168646853e-02 1.368899480278967795e-02 2.535171767203881626e-02
-9.947276591766185394e-01 5.272340823357405185e-03 -4.931089440542312796e-01 1.068344810929254263e-01 6.756572837227819983e-01 1.325273583367230001e+00 -4.517996429416792914e-01 2.006824836911836052e-01 -1.223237781666584390e-03 2.097270622331991186e-01 4.320286578704007202e-02 -1.893254037873892681e-01 5.107198562439925482e-02 -2.269511942924345906e-03
1.894920192247819685e-03 -4.251114157296496110e-01 5.748885842703452820e-01 -2.204014153406023274e-02 -9.680434525975231685e-02 9.387895011643854204e-02 4.345124624851459672e-02 1.785913465552903256e-01 3.679890702450120538e-02 3.715296302233939835e-02 1.817507668885775043e-02 3.048487137760466648e-02 -3.883597425385113336e-03 1.779032111031520619e-02
-9.928276920261667193e-01 -3.805107176499161747e-01 5.574688738593046589e-01 4.573102786499286809e-01 -3.740801715040613096e-01 5.209589802681523496e-01 1.636154885277077975e-01 3.603372767250728193e-01 -7.870718213675526043e-02 8.486916312738940205e-02 -1.399884652645164707e-01 1.670008074957588240e-01 3.311915323286557244e-01 -1.913704857429469330e-01
-4.947817126486394601e-01 5.052182873513569872e-01 1.897528553843186305e-01 -2.500926198427901870e-01 3.741170928564183790e-02 -1.816700885400086007e-01 1.612034626219735478e-01 1.616327491907778302e-01 1.389319815331394870e-01 2.921736009881358287e-01 -5.577055711457776233e-02 1.256940883818084553e-01 1.206010152537383140e-02 -1.564961714589027386e-01
-1.261297580280641983e-01 -1.611296374223165351e-01 -7.594639551487348816e-01 4.152613373069350411e-01 6.015192457298431661e-01 1.889747902834423010e-01 4.528685534941737784e-02 2.121764965064972808e-01 -2.020420013986699848e-01 6.635954884625099026e-02 1.243742523598676680e-02 1.194355056704750895e-01 2.001037075461629122e-01 -1.275218738196176871e-01
1.639663362045332140e-02 -1.395096547437905954e-01 -1.302358195025657139e-01 2.279378798327938160e-01 6.519897803739493902e-02 5.090728616372859616e-02 1.119324202534675433e-01 6.308657132681468049e-02 1.894174071904932422e-01 2.678477654541423086e-02 7.712670314449945885e-02 3.775204951238474160e-03 -5.930387967143411349e-02 -1.824682049090028957e-02
-9.525495971636709358e-01 -3.677803442700611214e-01 -4.208418782748935688e-02 -9.841976483784380392e-01 4.561013223130616634e-01 1.101303861587031863e+00 1.018671156040673820e+00 -2.625898779349323808e-01 2.411282448806169598e-01 1.166800650452343574e-01 3.328143643417313946e-02 1.481702917211954185e-01 -1.673550693960687008e-01 1.464880336062807376e-01
-9.516566991409768361e-01 4.834330085902188712e-02 1.048343300859015281e+00 -3.221516145462588465e-01 2.025678022786270571e-01 -1.865301414123168022e-01 -2.570610391597422106e-01 5.056779154556809708e-01 3.214620447504987766e-01 2.933251639858926868e-02 1.605152495904239862e-02 -8.578338381605282725e-02 3.259157144317046395e-01 -2.092435552592252501e-01
-4.883172857760240126e-01 5.116827142239883663e-01 -1.410475069099897949e-01 9.943187341270902369e-02 -3.280619005182167439e-03 2.087924226726178278e-01 -2.341473070149652225e-02 2.797132116595896778e-01 1.242580536912992785e-02 2.493573685092893497e-02 1.722518836637187967e-02 -4.230781598535546945e-03 3.430198570260507840e-02 -4.295032760910517944e-02
-8.447773611812711136e-01 -3.251813976522658911e-01 -1.366471172371406251e+00 4.453421166365220119e-01 1.145319064436377099e+00 1.305906731082040695e+00 -4.615123417828703167e-01 -1.756080084353179305e-01 -7.717201648900520738e-02 2.122183574256281402e-01 3.775741434940523833e-01 1.389852331423397924e-01 1.857880726899530655e-01 -7.514373433716844963e-02
-3.855105243615409294e-01 6.144894756384744472e-01 -2.228641049163127830e-01 3.199670100066757117e-01 -3.076612426720356508e-01 3.222737561616519364e-01 -4.249212052883590274e-01 2.825415700215840736e-02 1.602378467539839479e-01 1.120205104429006226e-01 1.416014419530546298e-01 1.359818172821246080e-03 9.501893517727308391e-02 3.100181258686197927e-02
-9.826353891534931329e-01 -1.064649631575495192e+00 1.017364610846507533e+00 9.353503684245056959e-01 5.341080182722202085e-02 -2.266184054984491381e-01 4.100671189970238328e-02 5.473867375722127893e-01 5.437626333694350889e-02 2.315667293556996076e-01 2.321102750299097739e-02 -1.597175875003575829e-01 1.893570794823240533e-02 -3.720258328614334253e-03
3.429377699441846783e-01 -5.431656003044206260e-01 -4.127109878938112209e-01 -5.116720033607233820e-01 6.011958451156725891e-01 2.587535951661008582e-01 1.599127069078703500e-01 5.544354722111101141e-01 -1.205222965637775395e-01 3.093828762860867387e-01 1.266433157298956641e-02 -3.126928679833057556e-01 4.568934562720761150e-02 1.010594999324234966e-01
