-4.973139477317997659e-01 5.026860522682241594e-01 -2.009261405680210277e+00 9.468465412325353103e-01 -1.153815379008539033e+00 6.061990056804551497e-01 -3.347113372762425820e-01 7.549324547151020637e-01 4.196313520141133901e-01 1.975815092495271097e-01 7.241995938437914559e-02 9.462550816775120444e-01 -5.182698858836873312e-02 3.688408803728367436e-01
-1.078678578082172157e+00 -9.285016272749041510e-01 1.002140283077810334e+00 1.021025584800709041e+00 -3.337604143708714499e-01 -8.940685886690743489e-01 8.790562197431385227e-01 3.805550476806934257e-01 -1.257124079972347652e-01 -1.858898974667015924e-01 -1.192353607173729513e-02 7.162741452320127156e-01 1.011040788328702311e-01 2.268434688749856043e-01
2.571385054186621777e-01 6.766925719779244286e-01 -2.281259763510337657e-01 -5.909322131309140413e-01 -9.277176984281351180e-01 1.709507399864480526e-01 4.447241593571465978e-01 -6.940744713957802681e-02 -2.423821983152444903e-01 1.465133246088443086e-02 2.270194581690640756e-01 8.171650618700344593e-01 2.028845050388881077e-01 1.580297739537720250e-02
6.002558092864351824e-01 -2.952483047751307543e-01 -1.256973786674184579e+00 9.760691346770025145e-01 -1.561723462236716875e+00 -5.568226207846783682e-01 1.281747584725446698e+00 8.575388100429930105e-02 2.920425794539015518e-01 -1.549384794962291312e-01 2.421261848819154794e-01 4.624841554282413947e-01 3.180066829949484974e-01 3.356844198242734945e-01
1.693931300261255213e-01 -4.323863136670048068e-01 5.676136863329972471e-01 -5.673077765142442788e-03 -1.640874517924012232e-01 4.254529563634224659e-02 -3.666949855652228835e-02 -1.324309670665517746e-01 5.590831971671670481e-02 1.027846373015249282e-01 5.973285530092296153e-02 5.055115523108087983e-01 2.878886062384120731e-02 7.432749907867079037e-03
-9.359268684937058769e-01 -7.083116552601116389e-01 1.797845947989954243e-02 9.312886357689458272e-01 7.378723373880081704e-01 1.898524700646146424e-01 5.198989921547082782e-02 -1.442403548609148822e-01 -3.205920537852097879e-02 1.245226848555338467e-01 8.721259131235239992e-02 8.104072587018866791e-01 -1.665007747651405523e-01 -1.956216997187940065e-01
-5.173876015162245379e-01 4.826123984837799585e-01 8.277212275604572955e-02 -4.913062959908830463e-01 1.442339256096137889e-01 5.751633792315931082e-01 9.837373934152141008e-02 -8.026158075090292221e-02 -2.634650947636919815e-02 -4.651225369900923411e-03 1.286683883443784093e-01 4.150991092558405371e-01 4.433130713164106645e-02 -8.283737874060935480e-02
5.155765867666315394e-01 -5.502517977465110066e-02 -7.376828219991346525e-03 -2.174331656609497232e-01 -4.395519033113953200e-01 3.096211310457503973e-01 -2.663567283050378154e-01 -6.993010784661217727e-01 -5.664290581703171346e-02 5.857565589092306180e-01 -1.308742029317785383e-01 1.054536859377644298e+00 1.710395536103692937e-01 4.495081086855146069e-03
5.684570367455923229e-03 -3.974111013398788361e-01 5.118095907436284175e-01 -6.097743472499453921e-01 2.184914194692854084e-01 -1.856977648387530266e-01 -2.551903117289581677e-02 2.985650700538550195e-01 2.906791253530255914e-01 -1.248130761055315646e-01 3.182691122226954383e-01 4.935775230894697274e-01 -6.911811582126825559e-02 4.372080353838146694e-02
-8.320472572636030684e-01 1.679527427363895487e-01 7.239234586995250131e-01 3.886329100546680182e-02 -5.567849204369157423e-01 6.800126961950164750e-01 -5.213003669176864002e-03 -2.985295947952282605e-02 8.240083829972674745e-02 -1.232683376391576283e-02 -4.263667331723532128e-02 5.531492191565591243e-01 9.616780369356754676e-02 -9.514462354635766506e-02
-7.006433908873520577e-01 2.993566091126529383e-01 1.382722928382693894e-01 -1.987306583005208349e-01 1.332624044633741178e-01 -4.621180877188212910e-01 3.970105400873362167e-01 2.528446315954548385e-01 9.317831154139399885e-02 3.365594410915245804e-01 4.118688517260827853e-01 1.525118797047956276e-01 8.340619339763372109e-02 -1.683152403423001653e-01
-7.624159324508713587e-01 2.375840675491296683e-01 -1.889011354196527825e-01 1.195256850260689507e+00 -4.136166666641686307e-01 -5.569976482456019395e-01 2.551808694524485555e-01 2.810097033847061554e-01 1.494780638329761824e-01 7.123252736076279845e-02 -1.045335755541754522e-02 5.337446623455252004e-01 -1.578212067617199288e-01 1.351829812207180903e-01
-4.744711365395098968e-01 -1.777472882826176548e-01 -8.929523295438726027e-01 7.437658199317197516e-01 4.641949160663917384e-01 5.245706001352143932e-01 -1.309330669659709290e-01 -8.126318263667249298e-01 5.138382246351915761e-01 -1.481168155006334919e-02 1.580887287481613779e-01 6.821063474742870003e-01 7.630588229687024215e-02 1.091405882704473418e-01
-3.305278281789855166e-01 2.496301921053282191e-01 -3.804407612735313804e-01 5.513301645799467687e-01 1.802755769255121321e-01 -4.728315427846942476e-01 1.227882047860326259e-01 2.828960533392884669e-01 -2.359110606976284608e-01 1.716233763566503770e-02 1.687736465442888911e-01 6.138754465573001973e-01 8.035512246421202317e-04 6.397975463592964554e-04
-7.753074409865598482e-02 9.224692559013536464e-01 -8.811627061099842617e-01 -1.056154937495375368e+00 -1.651414424112774171e+00 1.046664245405337423e+00 5.239442020525875154e-02 6.240079547067155508e-01 5.468234627678749682e-01 2.342708297797658212e-01 8.714354880458696773e-02 4.288275827917549798e-01 2.800844682477549030e-01 2.120408215159107490e-01
-8.847089246962632769e-01 8.312656084984836047e-02 -5.639543078473441273e-01 9.262515864535776355e-01 -5.048733140955702359e-02 -1.903778232336647558e-01 8.806207862473526271e-01 1.046570061542087537e-02 2.089585095210030607e-01 -5.715775173525615704e-01 5.812321454737851001e-02 9.964514014097886063e-01 -3.147815809214798977e-02 -1.029499187033069418e-01
2.417641256804653749e-01 -3.116751280389980922e-02 -7.213950755552938077e-01 -3.877814102691232168e-01 7.778985229421007119e-01 8.851833196819784699e-02 4.477124201864509101e-01 -2.646730865895150497e-01 1.669106047503454357e-02 -8.292885140936688548e-02 1.266837652188265717e-02 5.706126088567403665e-01 5.574714501990814253e-02 4.479712328594230575e-02
-5.298204007178390906e-01 4.701795992821585224e-01 2.042089187414670992e-01 -2.467061016882839963e-01 1.629452790276565421e-01 -1.033873920621162790e-01 1.051858517642227375e-01 -6.536762443572523978e-03 1.595243329262595322e-01 -1.192802750012657564e-01 1.708948042288790103e-01 7.028527250374916324e-01 -1.991613105774717174e-01 -2.435490208061597689e-03
5.719369018082136602e-01 -1.011228565790840639e+00 -1.122856579084653694e-02 9.887714342091626918e-01 -2.356274823615532588e-01 -4.752608218301648257e-01 -1.324594371479812481e-02 -2.453691179906754838e-01 2.071892100331435282e-01 -1.349761117091751728e-01 1.196293805656432341e-01 6.754149381087064530e-01 1.036684877859560538e-01 2.287900349867527106e-01
-1.135549786165342745e+00 5.465368538730158710e-01 -1.127417169661917073e+00 8.978728283917902786e-02 -9.128993202681975339e-01 1.325580901444970428e+00 1.399249756667428901e+00 3.805119998853319085e-01 -1.412611231583592031e-01 -1.216050639848064441e-01 -3.091180072133631884e-01 5.793922422368317227e-01 8.069839812859960770e-02 1.145568136861520731e-01
-1.110720863432493433e+00 -1.107208634324794577e-01 -3.103557349246827135e-01 6.896442650753294989e-01 1.870526510702091860e-01 -8.611232052726289776e-01 8.131423733166537327e-01 1.286081506305152500e+00 -3.763868265964324944e-02 -1.697038928431190974e-01 -2.886640241307684152e-01 8.710867309245455825e-01 4.960952489824008854e-02 -2.392260065847910955e-01
-5.419744607256544722e-01 4.580255392743581289e-01 -8.380364401051007550e-02 3.562306263965361874e-01 -1.905527238413254158e-03 6.003484975438630467e-02 -2.798603479786717640e-01 1.673173877029577594e-01 2.354072109063433116e-01 -1.796838088050823901e-01 4.020143249637044003e-02 5.468217629967121463e-01 1.540279101236517040e-02 -2.375003347217345337e-02
8.553616494242885504e-02 -3.954703251098642958e-01 -9.289519053664178072e-01 -1.895938041595410933e-02 4.336575158715411105e-01 7.549492330710629862e-01 5.776658423002849485e-01 2.677747246530786177e-02 2.432988840148609111e-01 -2.749831897169204842e-01 -2.523580503607529835e-01 3.833522272084512461e-01 -6.919289061086245085e-02 2.031421800163581148e-01
-1.427620128710134439e+00 -3.315762930804924680e-01 8.080795192298879659e-01 -6.212046528891041614e-02 7.240101588630715179e-01 3.845286415067387664e-01 6.336734991935362160e-01 -5.341287279190851667e-01 -6.082619690703043869e-01 8.389272552563650787e-02 3.232955117346683616e-01 8.528879242567555252e-01 -9.996073953333817208e-02 2.176412160149400823e-02
-1.313892093359918939e-02 -4.284419187565258746e-01 -5.528437019333091174e-01 4.470478709356020541e-01 9.041795467076477189e-02 1.945052335595145454e-01 4.149055653762462326e-01 -1.854728029035238382e-02 -6.689401987665227756e-02 1.501608140123130430e-01 -2.154260755397245652e-02 4.916214868441466379e-01 1.436485171524536364e-01 -6.243521489710558703e-02
-2.072246680495913040e-01 5.921211923140587974e-01 -1.386781438127125954e-01 -6.338769010260527637e-01 2.849810693525882122e-01 3.422452795318032259e-01 -4.291947080205588128e-01 -8.823588551565676730e-02 1.024090507524946791e-01 2.818333425237549705e-01 -8.988244706007190998e-02 6.827415441058609646e-01 1.067561141542149733e-01 -3.753106094060770087e-02
-1.127693536257517337e+00 -2.064874260820797058e-01 -4.360409758446650574e-01 -1.524839693814008801e-01 6.226319408306639769e-01 1.289653428095382193e+00 3.876587281201294369e-03 2.727923580922402280e-01 3.429982288985892747e-01 4.832935140602356849e-01 -3.797379825588823032e-01 4.660851485081892592e-02 1.748485510667649803e-02 -8.431758781738733777e-03
-7.655972859434012623e-02 -4.542581971010282715e-01 5.457418028989643455e-01 -3.272067941527860568e-02 -1.962682376703824699e-03 2.017405489359186954e-01 1.480227992886793964e-01 1.080120844735126540e-01 2.474480441953623433e-02 -1.036359180352045967e-01 -1.272661551580877848e-01 4.943192926005740562e-01 1.232990673540759752e-02 2.995589963757436941e-02
-3.623559982517211148e-02 2.364729789948666894e-01 -1.936283291820673283e-02 -3.125062797496789280e-01 -1.233073662517596286e-01 3.349474458884760253e-01 2.499954912390453532e-03 5.393759608629217911e-02 1.493199091861160260e-02 3.878041872799719431e-02 1.621193072669019353e-01 4.005554836215968750e-01 7.827284509735296658e-02 -6.264216446014436723e-02
3.861829411300136128e-01 -3.849413259655635189e-01 -7.244872911796963466e-01 -3.397861780260623132e-01 6.840697271458812123e-01 -4.031395248320834845e-01 4.255743315564306517e-01 3.848216091494899849e-01 1.836650128836826712e-01 -3.545536615061001262e-02 -9.756057166840041706e-02 5.293942912225582109e-01 1.189446956447174908e-01 4.118142739916638012e-02
7.503857627008516662e-01 -6.961753101608431082e-01 -5.183536593194154607e-01 4.399973742185681047e-01 -6.330741954967526730e-02 1.349659052236983903e-01 -2.355816387713488558e-01 1.931581451150151119e-01 -2.908598611304627490e-01 -1.065587196666706454e-01 3.206604191146596172e-02 7.753697273583902705e-01 8.407989055806412704e-02 2.692775398218867355e-01
-3.909648154987503399e-01 -1.040204917759978975e-01 3.613426248038205668e-01 -1.053515142338435837e-02 5.864943409387397555e-01 -5.072058158707503095e-01 -2.076815898274333994e-01 1.326512894162786838e-01 4.590981171772587910e-01 -3.597168287363420799e-04 -1.244769366052514842e-01 4.538276098690196547e-01 2.502469456028243999e-01 -1.299526316681137716e-01
-1.320410853175354005e+00 -3.730831116427415495e-01 4.425425193153738612e-01 -4.430336214638263548e-01 3.197517532872957147e-01 1.336388863941377236e+00 6.430197690192512860e-02 1.339164568737416516e-01 1.924960999198056452e-02 -1.508025528627712220e-01 -2.304867350864198139e-02 4.456703598285641221e-01 1.061954435776398531e-01 2.108256072449607721e-01
-1.586864712730739202e-01 -5.146558945327524004e-01 -3.738100133371149991e-01 4.342121217801483968e-01 6.434327419904872780e-01 3.584697898338832789e-01 1.509613379360098262e-01 -2.011602753702416146e-01 8.362266928374861852e-02 -1.310107496546138728e-01 8.096479262250200204e-02 5.691757441687487207e-01 -2.380970622636443823e-01 6.504504712543723866e-02
-3.015948382715972209e-01 -4.812940522521094722e-02 5.290121970430635701e-01 1.751201274327638391e-01 -4.541469990229048959e-01 -4.495130243751296328e-01 -3.972645783466399738e-03 5.380577834955986294e-01 1.920140277180487631e-03 3.323918701390082275e-01 -1.501023298589587718e-03 2.189086729703444423e-01 -1.051519814779524747e-01 3.370629044064160085e-01
-1.097056543651343974e+00 -1.406455349184754677e+00 5.980787686194186659e-01 8.645276649770341493e-01 -1.231876490884508679e-01 8.592264074488177306e-01 1.335814875436523996e-01 5.141573163284037795e-01 1.563125091234538189e-01 8.449046459992090585e-02 -5.989425382086535632e-02 5.158147782778293999e-01 3.189171995282820415e-02 -3.030235428164201883e-01
-1.610128574463086215e+00 7.403458171945096478e-01 -6.556907971220097275e-01 -4.901515566385907796e-01 7.021744686700756022e-01 1.116962292896368059e+00 5.751622540316383425e-01 -2.043930764720846283e-01 -8.429155394063214679e-02 -4.198813953120555942e-02 -3.647683837888739400e-01 7.028591717096884794e-01 2.717089938508094327e-01 1.106628619129174790e-01
1.237948213297352246e-01 -2.726493059534351726e+00 -2.583322171579022442e+00 1.050856501788657305e+00 1.099851304706153998e+00 1.662279397169929007e+00 -3.560526918976532618e-01 6.199845211933174838e-01 3.184744917109465501e-01 -3.662563058994371401e-01 6.160635258268835068e-01 1.016108710966115769e+00 -4.139261282490693666e-02 3.345673453531563535e-01
-2.941237416230840784e-01 7.058762583769437882e-01 -3.442531329031481291e-01 -5.645437904880107327e-01 1.601199844506995262e-01 2.441322206036784792e-01 2.091109091888448679e-01 1.194867639534985260e-01 6.646919688243013713e-02 -6.103077279671916683e-02 -6.734585236133489028e-02 6.152542383524145508e-01 4.846378612445584322e-02 -6.915228945114458570e-02
-3.294847629334029526e-01 -8.050834590240000255e-01 5.463209743473665947e-01 3.783322184352228557e-01 2.553602403148350630e-01 4.662636828757804608e-01 -2.862973699050822551e-01 -1.299215969308758767e-01 1.645013566157236262e-01 -2.727741937240147907e-01 1.579288964129254014e-01 5.593275978756320210e-01 8.336944248139650793e-02 -1.937924853198268182e-02
2.740071976424579003e-01 2.511383904644277076e-01 -2.817878028966018245e-01 -4.313715185521550532e-01 -1.067783991396761833e-01 2.937358843871856195e-01 1.248942193771016423e-01 1.417139775911599453e-01 -7.202990412036790191e-02 -1.419679781653060691e-01 8.885466769774572060e-03 5.902731930361698742e-01 1.378686836555884365e-01 -2.011763174023460665e-02
-5.077074698667165542e-01 4.922925301332735648e-01 -2.230401086026638155e-02 1.723806931130414388e-01 2.296175139754948191e-03 1.593270066840867250e-01 -7.637634337793848538e-02 -2.105573287373776470e-01 1.155475676325134621e-01 1.420577631191681511e-01 7.158460287379690701e-02 5.055121639225674812e-01 -4.305354821942266458e-02 -3.253602324695681336e-02
-1.450391794118976563e+00 -4.546061822929883256e-01 -1.178675382024248153e+00 3.947559451195326585e-01 8.097507823828455908e-01 1.878157948315114956e+00 -2.266410516561945948e-02 -3.990445569006362270e-01 1.104600980513593678e-01 6.142985034546145640e-01 -9.604889505499245028e-02 5.546039437510810188e-01 3.722370592848981558e-02 -2.935623313605290746e-02
-1.314823375777097070e+00 -1.418285740695916619e+00 3.526397705138735184e-01 8.248341283594509132e-01 6.528155477486053959e-01 3.692187035195698686e-01 3.509556877630548022e-01 5.399628689630646683e-01 2.214711201111223826e-01 -1.717345889491480038e-01 -2.234037200928058464e-01 9.262674373082828705e-01 -2.778620067826306217e-01 -6.359205367990246327e-02
1.789397605130388647e-01 -8.634041657260632663e-02 -3.190209347723758221e-02 9.024850294434955122e-02 -1.121285326556527295e-02 -1.121130959322664267e-01 1.444255948923070521e-01 -7.880143439323702981e-02 1.080555679134665020e-01 6.389885324257339738e-02 -2.682678668913270059e-02 4.683299465711646681e-01 2.020176953801898836e-02 4.156046302465032233e-02
3.331524667560524233e-01 1.812766202481764233e-01 -1.613751003854100585e-01 -3.252279750412645498e-01 -2.485618314662215445e-01 2.308833096796280571e-01 5.278618680429854326e-02 5.537495065240399805e-02 5.942430001989029709e-02 4.560683391744155615e-03 -6.637776741302499339e-02 5.018784657689385753e-01 7.247333382759303666e-02 7.819613546671966287e-02
3.048120165290567063e-01 -6.912580569979313028e-01 2.711187513433974683e-01 -8.301466840095055311e-01 -3.203963457781525137e-01 -6.167941719879583840e-01 7.844225411123032510e-01 8.911980463235766869e-01 1.477935086255246222e-01 -2.935372922793758610e-01 6.101634763685764851e-01 5.573472439453259764e-01 -8.401246148690239002e-02 3.775320660158878322e-02
-8.015496812411117000e-01 -6.825304328505926721e-01 1.198450318758899291e+00 -1.489077999489291093e-02 -2.701189378804321195e-01 9.854962744128411556e-01 -2.880554652937223903e-01 -2.342380022130116091e-01 1.922566911483187535e-01 1.097939908431671552e-01 1.855440449762514044e-01 2.540518368684559491e-01 -6.786712584660982428e-02 2.021210466219635071e-01
-1.006743296565771884e+00 -6.743296565777913421e-03 9.932567034342291157e-01 -6.958587844517039045e-02 1.889878778032984541e-01 1.215721302039358132e-01 3.290157639650282961e-01 -4.827005506995248885e-01 -1.466208612711111109e-03 4.522190809553140733e-02 1.035521369953741611e-01 5.775789899932612936e-01 7.408023559057111407e-02 -9.756273688274953726e-02
-9.371737188134312557e-01 -1.433339210424885470e-02 1.062826281186574073e+00 1.224596090665913033e-03 -4.440988466954473024e-01 2.281043118682231641e-01 2.185019175548227055e-01 3.180427349802631559e-02 2.364595306947465114e-01 -4.779453507116260269e-02 1.545101452108684492e-01 2.897768024778049067e-01 3.071190178024715313e-03 -1.441477776594257514e-02
