3.083533299477632106e-01
4.883230416583762001e-01
3.024364913021139190e-01
2.372284191844408474e-01
4.580661983131829595e-01
3.279848611972460137e-01
3.909155663653237633e-01
4.927749096385112826e-01
3.141225017574710288e-01
3.880743650936667177e-01
3.756156619651477846e-01
4.091229838311257749e-01
5.378258981998105259e-01
4.105586737664389529e-01
3.221860587258358888e-01
3.901871790379491944e-01
3.034347763853966762e-01
4.696972025082972735e-01
3.968194618149912811e-01
2.569437179761486223e-01
2.973930342517147052e-01
4.493989202852651244e-01
3.734912800372274244e-01
2.494497996161614828e-01
3.320279218663984011e-01
3.062019938546622355e-01
4.367572277965342531e-01
2.935443790258202568e-01
3.181596289437624847e-01
3.966058543688227855e-01
4.891622363153622643e-01
2.758441571115718971e-01
4.427773626840718069e-01
4.298386611513466127e-01
3.222521294046504781e-01
3.787644307194655835e-01
5.456606536525027140e-01
3.663610256131328291e-01
4.291419643496938718e-01
6.438227943047141189e-01
2.588963584781304728e-01
3.229613710183856234e-01
4.819024329959511466e-01
3.305051603925870940e-01
3.698093898743744501e-01
5.572391869633003258e-01
3.091968767395593676e-01
3.932977026088354533e-01
4.118101568327906525e-01
4.462019268182734755e-01
