2.108139287107984039e-01
1.235754266892119951e-01
1.819361852492170639e-01
4.204233555130245659e-01
1.475463699661866135e-01
1.383315834490187746e-01
1.763233130144224170e-01
3.478835676001298949e-01
1.786700197813825552e-01
1.994177919445125624e-01
1.309273174343056623e-01
2.503649311134632516e-01
1.961661500379250633e-01
1.174152128251620547e-01
2.585886859336914423e-01
1.847685820473522478e-01
1.843889898272188521e-01
2.733225434722097447e-01
2.788468272344383769e-01
2.065068020407317961e-01
3.693777007177606597e-01
1.606194743619827336e-01
2.617907616956040573e-01
3.792126071975154833e-01
2.235387020496195642e-01
3.304131215258457321e-01
1.770251976168902286e-01
2.391976207822230360e-01
2.236801399977075278e-01
2.804189850071990842e-01
1.840890352261958240e-01
1.659506971082804760e-01
1.623177274047675200e-01
1.642443700328916900e-01
2.569635325254774338e-01
2.305159203733599671e-01
3.128672522762339647e-01
2.793352930029602277e-01
1.999767939977927234e-01
2.761101656321586773e-01
2.157871249079210130e-01
1.090650230451853386e-01
1.682904722602863723e-01
2.316774863120338035e-01
1.836126305213708620e-01
2.045612921395785211e-01
3.243731829258540422e-01
1.946759047792680497e-01
2.671994397023144119e-01
2.066282324351791655e-01
