2.561183914063911260e+01
2.967219132971389328e+01
2.944425191670988440e+01
2.462960572775176971e+01
2.967255819628431368e+01
2.967138938655770275e+01
2.141085376346058666e+01
1.839101796714360404e+01
2.967256431650322313e+01
1.661168363814703497e+01
2.410964862227438843e+01
2.587830610011878463e+01
2.967177171289750248e+01
2.796262651604421379e+01
2.967274954198556713e+01
2.065098786474693782e+01
2.967200547264545207e+01
2.373214032952985875e+01
2.462973749604829266e+01
2.351982539522901661e+01
2.967235296972510028e+01
2.075345935992945812e+01
2.967168930473456001e+01
2.387325186071813476e+01
2.251179478359185993e+01
1.962249860958580427e+01
2.370158914683660711e+01
2.330954990487724388e+01
2.967191440987419071e+01
2.799162873379468408e+01
2.058865466808727618e+01
2.802993667649253950e+01
1.907389499018624690e+01
2.967258491676934895e+01
2.735012490138969099e+01
2.653305334438490348e+01
2.583055870772875195e+01
2.242072939360750183e+01
2.967170679875667716e+01
1.545497826760980509e+01
2.553799723279014344e+01
2.967186582322303323e+01
2.967207097722828379e+01
2.967245548908859831e+01
2.967228223692644562e+01
2.967164709463628469e+01
1.948594848551232772e+01
2.415494927042824003e+01
2.967216120428039616e+01
2.359171290466752779e+01
