-5.769865592838471779e-02 -1.483172237193859100e-01 -1.024348708630586080e-03 3.957145607824685829e-02 3.549634820469450835e-02 5.786086667417471296e-02 1.294419175327864158e-01 1.259213421640560659e-01 4.526440084353208770e-02 1.197228487908958278e-01 -2.699043684081109951e-01 3.704257387082970226e-02 1.900555955626913596e-01 -4.533356672321921244e-02
1.857209704787684823e-01 -2.500329995446282649e-01 -1.342627322881055352e-01 -5.617072717015817451e-01 2.602028550714650112e-01 1.378730155518121114e-01 2.630080871489829941e-01 2.262717288461559284e-01 -7.059519755011363362e-02 9.401346961574236563e-03 2.114695333628621721e-01 1.090391907328073923e-01 -1.697550545353137402e-02 -1.113138353822915733e-01
1.195955259964355255e-01 -1.993775678357596892e-01 2.044049843926252219e-01 -1.753557738615649231e-02 -7.760693564499644703e-02 -5.259147979057180594e-02 8.857218138418529452e-02 -1.816811972222111826e-01 -1.739819488276312526e-02 -1.484041220888278612e-01 1.754673500341555614e-01 5.774446376005580583e-02 2.723604037036857495e-01 3.454935181431957603e-02
-1.019668692538299587e-02 -2.658667819440178881e-02 6.579620335510967533e-02 -3.315908066346996697e-02 8.774248313244045749e-02 4.056219162492430419e-02 -1.388183229469490063e-02 -1.843357622014459019e-02 -2.089364838931839774e-02 -4.039641435188782992e-02 6.207919036274224533e-02 8.014231127427617896e-02 1.227012955294456559e-01 -3.737657200546186387e-02
-1.010782359055539398e-01 1.065011945379342878e-01 -1.468506992193092386e-01 -2.075485646684749330e-02 1.193425040305309826e-01 2.410331097298574338e-02 -1.192943478841106686e-01 3.509130124458578748e-02 2.580787825412986236e-01 8.143426262045044828e-02 -7.623842331818675433e-02 3.028789743656619404e-02 1.560837827869574201e-01 -8.860728714312524068e-02
-7.120616742566619056e-03 2.413275252506422164e-02 4.600655492429968352e-02 -3.456154893951578211e-02 2.134490735938995506e-02 -3.338060308463969977e-02 -1.355567651605042896e-02 2.967368784645288762e-02 7.731016145083417779e-03 7.709499398820034155e-03 1.525764233540235744e-04 4.583061001299947729e-02 1.483987922538331228e-01 1.573723462765185682e-02
-8.354735096555895857e-02 -3.665107978991391513e-02 -5.268216632576634695e-02 -7.697793052273678438e-02 2.111501525983822403e-01 3.740948364652416785e-02 3.212288138077524363e-02 2.621099316567454887e-02 1.107884779131999842e-01 3.096504153527326192e-02 5.163228736865160817e-02 6.930960107285803751e-02 1.691372538196322939e-02 -7.854493022515025846e-02
-1.390903875132044332e-01 -2.914401427526754074e-02 1.635197044345851891e-01 -4.910441613724307597e-02 3.468220089899612391e-02 1.163214704442640662e-01 -1.314276076478613775e-01 6.804315251764235517e-02 4.832273241950774123e-02 8.848731536064688430e-02 -2.983278857107353188e-01 2.093775417642183556e-01 3.852590686687359239e-03 1.725867889919398268e-01
-4.075726225792136725e-02 1.175355535795514182e-02 9.860091677630435092e-02 4.020315616909374973e-02 8.183322193705359904e-02 -1.229329843778401432e-01 -6.049495064858734228e-02 -4.603115112386449437e-02 1.678416382113660441e-02 -3.436646333602477038e-02 1.780039299367485173e-01 -1.037932160707566304e-01 1.809390147655976222e-01 5.835725528528133699e-02
1.000161431501578324e-02 -2.038785268623870273e-02 9.947085390834634056e-02 1.178251732914354505e-01 -1.213822386364287464e-01 -6.406135898361434156e-02 -1.123196750201920224e-01 -5.052790951795116392e-03 -4.877098838298141170e-02 1.804318129188009490e-02 1.972074629936546308e-01 -2.202117985809414272e-02 2.629146592953909289e-01 -5.336767434220265893e-02
-2.186682985630365450e-01 -3.420389688907387038e-01 3.879438874164923279e-01 4.738366267281771127e-02 3.142237192466236229e-01 1.245598331784860402e-01 -1.274565711210643992e-01 1.161195041028714875e-01 -3.475333799203745855e-01 -1.343250186032721172e-02 -9.682133186739225184e-02 -8.353286234060285087e-02 3.893619335145623861e-01 1.079905606658591588e-01
-5.233833179237197368e-03 3.964079170363884325e-02 -4.007051033011350266e-02 9.001894749849828625e-02 -1.984740217012492258e-01 -8.909819349927761492e-03 -1.386185942347991085e-01 -8.880695987853196027e-03 3.463570544415639496e-01 -2.010458499736418603e-01 1.128109543789665437e-01 -1.930835617905530543e-01 2.259972618535394662e-01 2.375910629053439860e-01
3.302082101926433894e-02 -8.257950216302142876e-02 -1.268634819147435311e-01 -1.968907480382896605e-02 -2.678816589301604226e-02 4.390362934631908409e-02 1.289832141748293963e-03 2.870487816008215343e-01 2.657447979768173124e-02 1.396770998741259651e-01 4.340760550396236678e-02 -2.399933709274338911e-01 1.361684122354138438e-01 4.292212041688296675e-02
-4.213778990452630296e-02 -5.074831111931286248e-02 7.538035887333413565e-02 -1.983118892565719216e-01 2.430872063095814717e-01 -8.822223862981964926e-02 1.849996705866132074e-01 -1.670607026633485759e-01 2.230314020900340533e-01 -2.497014005381865687e-01 4.999366317706176177e-02 1.477439480262624123e-02 1.813786179893065176e-01 8.163620451738462513e-02
1.291023763090166643e-01 -1.094895499640583109e-01 7.455572020228264096e-02 -8.275775391771603151e-02 1.604487662091632350e-01 9.186405574522051379e-03 -1.013978337724051465e-01 -3.115287056302482593e-01 2.193387558038920881e-01 1.451280174705172829e-02 -1.785647568555807363e-01 2.381149221762096646e-01 6.690985503756528840e-02 1.296681833144812945e-01
-4.974290658073889787e-02 -1.287238017844949955e-01 2.054994095992978831e-01 -1.729578924674767537e-01 1.819329742676143724e-01 1.339151068797201360e-01 -1.030930869676696948e-01 -1.838559956912370064e-01 6.560654439822768969e-02 1.423285670025660754e-01 6.061772963554230842e-02 5.664718380044601875e-02 6.379221232838730091e-03 4.354613290954030547e-02
1.037036749744942310e-01 -1.289742382715186320e-01 1.111102920973121022e-01 -3.884763909709078311e-02 1.940908514410715283e-02 -4.437250021412323525e-02 -2.940986806926866592e-02 -7.652674599954353840e-02 9.642735581789457777e-02 1.838247956854767440e-02 7.288815203620835348e-02 -2.474197350623878744e-02 1.622446857195939396e-01 1.680642603380177319e-02
-1.034943658292082486e-01 -1.864012316122086108e-02 1.280592134322916797e-01 2.879116718358976784e-02 1.398248895987928841e-01 -2.512895149507615028e-02 -2.587173146998727677e-02 -7.014254586003736136e-02 -5.705306582625861017e-02 -3.338989096686007657e-02 2.074579735684000184e-02 5.354655168826681633e-02 2.092550708399647796e-01 1.159717074307877599e-02
3.213890591434471200e-01 -2.989888421961531817e-01 1.403623780857993220e-01 -4.647234770125448500e-01 -2.065858676487372647e-01 -1.070405538053723488e-01 -7.953412519238291234e-03 3.372900750179991247e-01 -1.741128394864205342e-02 5.153618626018594551e-01 8.916697129113849984e-02 -1.164071929563236241e-01 -2.924298942449646624e-02 1.028824596054405960e-01
-1.698281795301945230e-02 -9.878086408028777243e-02 -3.953192900840220465e-03 -8.070832220858263628e-02 2.676767482547568258e-02 1.209760672486673849e-01 1.373355459085733588e-01 9.139346246069421364e-02 -1.955318323435095706e-02 3.330350107328296227e-02 1.336413831839063926e-01 1.717911008519469596e-02 2.836597890016554629e-02 -1.108851570747030890e-01
-2.041813794982255681e-01 6.083721551539844619e-02 2.380263275959818292e-01 -2.477527142637240831e-01 1.556582065555021099e-01 4.718796526670965275e-02 -1.523031291933280573e-01 1.314338998938083258e-01 2.439443235658288467e-01 -7.315762307310846868e-02 -2.385060079815618517e-01 4.156715148119856373e-02 1.561978514300526311e-01 9.914709893964376852e-02
-8.200828158052980710e-02 6.854375630121312124e-02 1.535972967153985402e-02 1.043745762299909396e-01 3.468438528589145448e-02 3.847590960865966778e-03 -1.906412118846602666e-01 3.808197595487348291e-02 -3.527703547948780882e-02 -3.022597911386447345e-02 2.334379584348233311e-02 4.139847480057505524e-02 1.686977721173141542e-01 9.791963712697221434e-02
-1.566798157230225863e-01 -3.544855334408697489e-02 1.848186399600432461e-01 3.037138036039802036e-02 1.437759028006738160e-01 1.673459861314836872e-02 -1.307294193160113971e-01 1.498195530947521448e-01 -8.066912766556461056e-02 -7.237413827166905289e-02 -4.408457234381574219e-02 4.870364355517807498e-02 3.798269083777101873e-02 1.658784036763818748e-01
8.662371645511915408e-02 -3.207675301804469026e-01 -2.956060096862903608e-01 7.545968115947503108e-02 -2.996245619518322738e-03 3.610416202677603770e-01 -9.711897061211900717e-02 1.438802903446360637e-01 -7.465967707170904910e-02 4.432665412360852208e-01 -1.825126698948847381e-01 1.008874792872508641e-01 -1.802134243224606108e-02 3.862230298106401893e-02
-1.355035764572187218e-01 -1.857385112608678501e-01 8.757943263665535216e-02 -2.806668406887549705e-03 2.015462670519611588e-01 1.315319543069759511e-02 1.342266408706013214e-01 9.757260484090844732e-02 -1.951570848757108734e-02 6.322437416759646434e-02 5.896808010222287511e-02 -3.823239087372892059e-02 1.071556890865611039e-01 -1.235302424667539534e-01
-2.611156859937871846e-02 -1.431745229664529995e-01 -7.538480835756064362e-03 1.584516257071626362e-03 4.932314663455904941e-02 1.002714477305041152e-01 1.476953368022804469e-01 1.957403151848735243e-02 8.760301859722116613e-02 -1.058438317368405081e-02 -6.226149177647614247e-02 5.598238679284364000e-02 5.670372662265132924e-02 -1.096797736969460160e-02
2.282061173299484297e-02 -1.913790925989805602e-01 -1.620216213026656055e-02 -1.685045825311818138e-02 9.009732601298706123e-02 -1.876855603163376206e-03 1.861209903337772975e-01 1.250796063022485138e-01 -2.110683496498595019e-02 -2.004158041933176704e-02 -1.906711390348666060e-02 -1.111444203693353894e-01 3.112562615422564405e-01 -7.960709144741956456e-02
-1.520703828724583873e-01 -1.035055359228669730e-01 -1.936605170237947204e-01 -1.534573395499684058e-02 4.425106663469055568e-02 -1.406107472415523384e-02 7.964267554073339861e-02 4.800191286600585250e-01 1.338997241502344615e-01 1.525778472142445136e-02 -7.132332314255900724e-03 -2.003974792735772337e-01 5.568144933853331757e-01 -3.656126307721931368e-01
-1.439042838496213117e-01 -1.472557323300205667e-01 7.260804858758007629e-02 1.408388779066676276e-02 2.792356198124663902e-02 7.750774709070355761e-02 2.267297531494643636e-01 1.125581225636786836e-01 -1.026890235548723884e-01 7.549100301971317650e-02 -6.804870203730464806e-02 1.017190373053709629e-01 2.329667118039850382e-01 -2.215909452864142093e-01
-3.973829517829242236e-02 -1.280629514140541603e-01 1.276587899679035298e-01 -4.314972224824234481e-02 8.876403984390059121e-02 3.033805282828686695e-02 1.481744416305747283e-02 2.025719943169077691e-02 -4.905186335966977423e-02 5.936309977402320914e-02 9.428843696497851701e-02 4.869269182608437080e-02 9.425638654514591208e-02 -6.033412291063640354e-02
-1.451496801756791966e-01 -1.076780542796556273e-01 -1.337915429794489242e-01 7.176387648050499765e-03 2.684923915216489432e-01 1.492839576743741348e-01 1.708013539972331740e-01 3.421888950251687767e-02 8.406809364568525872e-03 -5.521490240841915587e-02 -2.082098809119291988e-02 2.325363695510831441e-01 -1.318654489462271935e-02 -1.369752601962806182e-01
3.735800935036471399e-02 -6.908974985728666418e-02 8.078426220387979750e-02 5.131720190832505385e-02 4.689514674765060676e-02 -1.647877204335660706e-01 -1.323923866093157653e-01 -9.944638737649223736e-02 1.218772878190239328e-01 1.738089146368460014e-01 -1.191736494890980880e-01 5.638153085730419206e-02 3.214905547305152433e-01 -4.692382825397454355e-02
-1.544110117348090616e-01 -2.336686557986884794e-02 1.092786228957165207e-01 1.021245411666442740e-02 1.430641530615581747e-01 -9.967757898793984384e-02 1.092301617828757426e-01 -1.063874597541375755e-01 1.077968388649113152e-01 2.244883629221481464e-02 1.285197180412762374e-01 -1.311209968649189039e-01 6.883635599819240558e-02 7.367595810244072230e-02
8.971503372807541898e-02 1.009142400876898438e-01 -3.669086919855856221e-01 5.443498252966816331e-02 1.956704708586653463e-01 -1.632348630107867682e-01 2.874251063272270645e-02 -1.109755693723814274e-01 2.437317937058411377e-01 -8.872449980897145760e-03 -1.387707146008613501e-01 -3.677599374317466752e-02 1.643073036865379810e-01 2.061211336986624731e-01
-1.672662336277171979e-01 -1.768017157731255895e-01 3.921881715084395426e-01 1.130184389149158086e-02 2.251383404608124639e-01 -1.834048956035648215e-01 -3.058563775454509748e-01 3.952362866534685215e-02 -2.990033228040011593e-01 1.473431998657830366e-01 3.968877880386318946e-01 -1.017986044019492664e-01 2.181130138950726494e-01 6.173434966440722454e-02
4.782651114465275022e-02 -1.500911583061516064e-01 -5.336949399051946208e-02 8.876794148191004263e-02 1.258838403259383842e-01 -2.047906259677745658e-02 3.537329422202520335e-02 -2.416582201636941624e-02 -2.028824150223765277e-02 1.388961115932545176e-01 -7.055220773276291157e-02 -2.774154756427641214e-02 1.411644190490492501e-01 4.687460212644088686e-02
1.248340908072723653e-02 -7.015185639393166361e-02 9.949762740469639266e-02 -6.756489491926719049e-02 4.382454173260205699e-02 -4.497494304434165868e-02 1.459939956541779493e-02 1.264007469548307505e-01 -2.862581480040777768e-02 -6.348241433398599254e-02 2.297823638127576701e-02 5.671889950141732056e-02 2.362279204851287506e-01 -7.983167137998563312e-02
1.683662200685762458e-02 -8.991447702799661157e-02 -1.699242130687143582e-01 2.838913292640424801e-01 8.874171640948587403e-02 -6.332065737765019131e-02 -7.048994451072855549e-02 -2.759765184707131495e-03 6.755890769695861720e-02 -1.300456336808593905e-01 7.237380050997115066e-02 -2.935486134218959903e-02 3.158297666225970413e-01 -3.132340408289086692e-02
9.701270691360586174e-02 -5.165797842178937449e-02 4.342744373046087021e-03 -6.287208763184048976e-02 7.897766523824949203e-02 8.688880293004913255e-03 -1.273048577993437791e-01 -7.646548750282766010e-03 5.908909029859031603e-02 -1.929635102757874116e-02 7.267608522493451684e-02 -1.017846488225737298e-02 2.763739185973624335e-01 -6.010561619152497703e-02
-6.919580024731135370e-02 7.190464030607211787e-02 -1.361451635877804489e-01 9.088862930088412173e-02 1.353313780649629816e-01 1.548418324263121648e-01 -1.110825665857807509e-01 -8.014220411908898334e-02 -4.334657992033447149e-03 -1.561211256938603575e-01 7.125595295919717742e-02 2.444430024048939443e-02 2.460042902042623436e-01 2.044968095785115736e-02
2.068427439970507362e-02 1.157390957982714214e-01 -2.235933544488654875e-02 -7.852167161219178459e-02 2.291699029909440022e-02 -1.248946781552969995e-02 8.748415330095173081e-02 -8.936295268238569900e-02 -1.084920673530413576e-01 -1.568020767994609821e-01 -1.616766546217403983e-02 2.189356448070260974e-01 1.965503951769421165e-01 7.998386962185539961e-02
-7.000229278669206634e-02 -5.580590506025685620e-03 1.360138937540234308e-02 4.436865032432207173e-02 5.922631194924744130e-02 -1.314318834649609580e-02 3.097573780272275951e-02 7.433976235177724989e-02 3.165270739662340294e-02 -5.513129976335386095e-03 -1.715338888057781758e-02 -1.086738590800709059e-01 1.885312254517426955e-01 3.546985115853609066e-02
-1.509580818078206654e-01 -6.537539708883566281e-02 5.314434711978389958e-02 3.968851531163156143e-02 9.561567338312501607e-02 1.445182455847967423e-02 1.444869379450056668e-01 1.938705259923219348e-02 -1.443759643233634947e-02 -1.520644078794128329e-01 8.608235505900529994e-02 2.017113526684692626e-01 1.000960322935449953e-01 -1.137294214956959121e-01
-1.008235691449547305e-01 -1.471512510151120334e-01 1.443684124631713916e-01 -8.214163630710334674e-02 1.465046693975299574e-01 7.768712677183257920e-02 8.930910557191884536e-02 9.564898569750900081e-02 3.603263313103033383e-02 1.355325778430787470e-02 -1.861919457361242425e-01 2.846325799859587835e-02 1.767492015808892203e-01 -3.390906195931456951e-02
-1.684825009442608990e-01 4.534356176492878449e-02 -1.863404692860987696e-03 -7.657002850156875706e-02 1.914242584192399621e-01 8.557363053169389500e-02 3.808015805703056020e-03 7.872330206831681942e-02 2.518966176444844413e-02 -1.486486502639811080e-01 1.236981485995698599e-01 -1.238890089774697962e-03 9.365524401541300281e-02 7.486837757308773510e-03
-5.216952518266243510e-01 1.092757748005615814e-01 -1.836491212442855625e-01 -5.066389612038701973e-01 7.220248360171612756e-01 -3.345118018839906560e-01 4.985502374973287409e-01 1.321879349337787279e-02 1.458978129527159218e-01 2.230672298068069326e-01 -5.566906105560567308e-01 -7.075438146832119246e-02 9.195063221135453269e-01 -1.995016922641727752e-01
-5.670980587315645888e-02 -5.505803703429078960e-02 3.971373702001666783e-02 -1.327386992053276177e-02 2.174922578641946824e-01 4.733426822777976606e-02 2.019345344099467143e-02 -5.534850147567272477e-02 -1.216656152313211336e-01 -1.196609393072699951e-01 1.114596285183764857e-01 7.885837244758779618e-02 1.324095020592861993e-01 3.235473549818371208e-02
-1.011567139453592307e-01 -4.375504061568336739e-02 2.328415332734428411e-01 2.251288098997042061e-03 3.658985162803390229e-02 -5.462538977135498325e-02 -3.572954367199708547e-02 1.068152115137225786e-02 6.560952828896564337e-02 2.635761378631096621e-02 -1.179078589394623455e-01 -6.390352832636110592e-02 2.309266249762073342e-01 6.991930030106431604e-02
-1.282454460040046984e-01 2.936729204227302506e-03 5.480374057470853433e-02 -1.497729404026901245e-01 6.687699047585894674e-02 6.842729539152182794e-02 -4.457950575870473636e-02 2.280721554526911610e-01 1.380219692138090481e-01 -7.339010352359866089e-03 -1.431105697476112160e-01 1.076917090154436152e-01 9.730641098358729091e-03 5.458542807292760674e-02
-5.643814263769476869e-02 -6.466001787893001229e-02 3.949827369271699529e-02 5.654144669878121560e-02 1.325583034465590941e-03 4.405354737861827408e-02 9.474796439082999733e-02 -1.726622956966308853e-01 -1.246805329507413157e-02 8.985080268449840979e-02 2.327651966072995515e-01 2.846641505200994682e-02 -5.183016579995211592e-02 2.890863200323819104e-02
