-1.649591742062421762e-01 -1.350444397967518195e-01 3.068821197113445476e-01 -4.065229476450592933e-02 8.725725708797729685e-02 -6.658903115738445955e-02 2.915447835429108570e-01 3.528145234228663996e-01 1.886609633081267612e-01 1.183097409673369155e-02 5.553525140097542029e-02 -1.904540918637338265e-01 6.808820455281336392e-02 1.081487452767927182e-01
6.501970362477219045e-02 -1.066887813932171081e-01 1.080540738458187489e-01 -2.772384516164732790e-02 7.663190312766775258e-02 6.431304800188081261e-02 1.904223487025947237e-01 3.604637462013086102e-01 -9.194679354841639451e-03 -5.058265276007107084e-03 1.171528835600786911e-01 -5.152633705450701540e-03 8.779844658172743233e-02 -4.297415814276224488e-02
-2.379858781451928418e-01 2.137656919281836765e-01 -7.781749597942953789e-02 -2.421381049581805833e-01 4.874726521004092428e-01 2.356252440915970192e-01 1.575655082583527211e-01 2.927450642790526136e-01 -6.285691276406752959e-01 3.757409811590552984e-01 -1.477918064967223000e-01 3.081065107583831897e-01 -4.234268641986912302e-02 1.786872376769587933e-01
7.368908602912069283e-02 1.104552300392747238e-01 -2.888109689785013645e-02 -9.637188105299787644e-02 2.572328882925545845e-01 -9.000497680933820799e-02 2.368794130083546334e-01 1.295927953775742256e-02 -5.541464172794750842e-02 3.140458425834325579e-02 1.296420862689833253e-01 -3.995357236930918016e-02 3.936739443714507014e-01 -6.224655233647370667e-02
-6.753831517263073070e-02 7.268992828991427402e-02 -1.675821057967895322e-01 -7.509111836176973753e-02 4.698336185247560803e-01 -1.517797544312310953e-01 3.021189666173953459e-01 3.471874435264542536e-01 -2.312231606584292942e-01 -2.396085039548407347e-01 2.101321204127534481e-01 3.744166476078827910e-01 2.733985118080708987e-02 2.168172827650513557e-03
1.474221772211348203e-02 -1.670260046267690313e-01 1.674910269134730623e-01 -1.409562720933120461e-01 3.752070241497899028e-01 -1.416739987746958862e-01 1.536163897653781973e-01 5.041520360042598403e-01 4.903356067257258477e-02 1.364852995427723314e-02 -1.627800664375181616e-01 1.765548781853196747e-01 -6.760035844224476786e-02 9.865482761927836519e-02
-1.090844808197148283e-02 1.258081414605495378e-02 1.130367163976881834e-01 -7.364690962714151579e-02 1.311071825756959519e-01 3.984271190232197002e-02 1.741397538612535212e-01 2.774190727037190163e-01 7.768244520158634758e-02 -8.850351288091977409e-02 2.976357819990017167e-02 4.127039522467483568e-02 9.203222623211256004e-02 5.724776475694812183e-02
9.166863625373576629e-04 -6.314155841840227157e-02 3.837396391569901366e-02 -8.004955559062315595e-02 1.787159638998512268e-01 8.387578458872144149e-02 1.827671280743525528e-01 5.391500426678429436e-01 -6.684983962596734164e-02 -1.976847267852126500e-01 1.254494424239747385e-01 -2.817997327527619819e-02 2.441330762953922984e-01 -8.441264392096700653e-02
1.447815068405869897e-02 -2.840684787902881259e-01 2.007513438726013788e-01 1.134458389657176658e-02 2.365482380715517308e-01 3.621520180702240271e-02 1.651173096646750826e-01 1.938178158304851573e-01 1.848666319505888056e-01 -8.392626437012006002e-02 -4.282332629100240456e-02 2.487191845474949758e-01 -1.617680266218993468e-01 1.537914263601826426e-01
-8.228404149170404080e-02 -8.555012338874189159e-02 3.376680809748947021e-02 4.230625178818058635e-02 3.081273027143646148e-01 -3.577667053316518908e-02 2.956671531000630848e-01 3.050590625724911020e-01 7.121234925901816226e-02 -5.592621501640833437e-02 3.994392649275645135e-02 -1.558234150605792567e-01 1.048801867324818116e-01 8.746121534567623257e-02
-3.284682681325809539e-02 -7.312842813566526601e-02 8.824232388612479605e-02 -7.623677556750139972e-02 2.756912093187348090e-01 1.899668468542327002e-02 1.262604022629121026e-01 4.611171077733152712e-01 -1.695442573428540267e-01 1.339496509049188377e-01 5.741047962624772072e-02 3.679295747349195511e-02 1.457767543739736105e-01 -1.194174918339407088e-01
-1.155073872681162267e-02 1.169540334421953903e-01 -6.515928392862857521e-03 -3.001810913646453527e-02 1.645248072860895083e-01 1.236021143690629320e-01 8.607524076959457981e-03 2.392666694835742791e-01 -4.268084696410762852e-02 4.568654674270678645e-02 1.437554778556698887e-02 -8.718714470067692734e-02 3.358702304062818333e-01 2.129084940409073368e-03
-2.473009780110404510e-01 -2.128628548870115378e-01 1.186328836175538082e-01 1.746878917267135067e-01 2.591729189208012984e-01 1.950417991774445747e-01 1.586690356850216643e-01 4.355707949421887548e-01 -4.165981635819011181e-02 7.436610585003093632e-02 -1.679133308387392443e-01 9.088661330347466705e-02 -3.016383656574395111e-02 6.593656404941890259e-02
-1.494885965861423444e-02 -2.122064013422408219e-02 -1.625796427240466455e-02 -5.396844341980215620e-02 -2.517307605798226738e-02 1.385493103715669805e-01 2.881214164075829309e-01 4.670853479763243388e-01 -8.727956779190718106e-02 1.304849050392342669e-01 7.788517762241087272e-02 3.276838145459363971e-02 -2.214059725705970483e-02 -2.084159966779603260e-02
-4.635728238357887665e-02 -3.487786769300386946e-02 9.077559004171871504e-02 1.013851592881561126e-01 1.326144959418606439e-01 -1.160512468093247429e-01 1.588116532051305485e-01 2.993997299762392039e-01 1.075975185921187599e-01 9.956897350183230300e-02 -4.238182643541360886e-03 4.795589556245590662e-02 8.767241792239224840e-02 -5.119306389053281808e-02
-1.823650652851233761e-02 8.312963641150666882e-02 1.207920412639960049e-02 -8.531493298236730860e-02 1.595716940427674979e-01 5.927768253784143626e-02 1.589085934209224782e-01 3.077398458322685992e-01 8.951130312804953665e-03 9.196080414505106160e-02 1.598477209705455315e-02 1.433764783147039798e-02 1.619829976607287392e-01 -9.730877829601343454e-02
-1.232760495102271647e-01 -1.345075685979302271e-01 8.174947227319556697e-02 -3.429535838548537774e-02 -7.480686646724377109e-02 1.132214275934311232e-01 5.786242256031685072e-01 4.044432022246837732e-01 -6.527487427557999988e-02 -5.673706123507610277e-02 -2.145398369930374138e-01 9.980117992216960832e-02 4.920711817557049117e-01 -1.934092832958505537e-01
-4.463004864147389061e-01 5.256684331852667924e-01 -5.325772215417734490e-02 -1.325490923544657973e-01 -4.003390117435446927e-01 9.620474858179024757e-03 2.146898570717915011e-01 6.752185802225865174e-01 4.106237533145676299e-02 3.414231504582149190e-01 -5.565371129635089675e-02 -5.542156282967097836e-02 5.641833920073399677e-02 1.524841670766418078e-01
-6.166950763704159844e-03 1.133738763700899987e-01 -1.040462919180561024e-01 -5.560351659237214306e-02 1.579790014957083155e-01 1.639819720621865928e-01 1.434081300903425893e-01 3.394823091322410336e-01 1.699973716724031622e-02 3.183384644619213777e-02 -4.839240302020991757e-02 -3.858657944504026438e-02 2.147048482039560224e-01 -5.590418861665185507e-02
6.999451577649330736e-02 -3.599094597432654641e-02 4.898350232349586719e-02 -3.982960082288245635e-02 1.052734143150881319e-01 9.254049529797163387e-02 1.947270164483312360e-01 3.831374090939763111e-01 1.138511865568789250e-02 -4.929314408055460867e-02 -6.097021804519660304e-02 -2.742184069830772702e-02 1.116718809053753869e-01 6.885618741677111687e-02
4.839836190088030177e-02 -8.894562759391069773e-02 2.872784331204537855e-02 1.092728428190116799e-02 1.295789359680096231e-01 2.012244210348142215e-01 1.840542815278577715e-01 3.648091803376426467e-01 -1.844576253356428053e-01 -9.067036604213950246e-02 -1.154827281783290388e-02 6.453100014209785067e-03 2.724125132602531196e-01 2.099760763834600599e-03
1.001030601532009040e-01 9.727622003721338173e-02 -1.899949435862291203e-01 4.516881544594723158e-02 -4.196885461261662398e-02 2.596584153490927860e-01 1.399877250693255248e-01 3.099701028145628867e-01 2.249776859536588378e-03 -8.487391511504599473e-02 -4.139503106698221024e-02 4.541120681528793696e-02 8.066140234684378296e-02 1.508098101017858739e-01
1.599365548348507526e-01 2.975482634970053747e-03 2.250459902445791846e-02 -1.452925074453585430e-01 9.179606657597505492e-02 9.855480540466485251e-02 1.628441069045567513e-01 2.289778766338981253e-01 -1.087571377058823008e-01 -2.023418533310058359e-02 1.351639919767579356e-01 2.219902190302689565e-02 2.223885799840180089e-01 6.535219087819722078e-06
1.315385233116735629e-02 -1.016954505598583747e-01 2.980528869873506209e-02 8.982218514438314316e-02 1.579870004211554879e-01 1.482093386947321845e-01 1.855006585321812562e-01 2.617874733021534062e-01 -9.802908756295362902e-02 -1.092529288207447075e-01 6.936262073453454413e-02 -3.847450444976549533e-02 2.779446537286587859e-01 -1.305730958245627377e-02
5.339744672272690035e-02 6.579136546452046992e-03 5.478032798366230111e-02 -5.272499345880306970e-02 5.259852730808031035e-02 2.276488822194510167e-02 1.535433355994291482e-01 4.545617091123796971e-01 -8.366351314438413844e-02 5.138573545029744699e-02 9.779666707385620272e-02 9.025469025482013574e-02 3.450180360186250184e-02 -6.271197066040185009e-02
2.788484583811801087e-02 -9.108024512465191791e-02 1.629362353077905001e-01 -1.101816891018163672e-02 1.073869668806328170e-01 1.083276423774372221e-01 -4.905179264612080647e-02 2.169845359073033775e-01 -2.922366773140495227e-03 2.215619210962009311e-01 1.953715320148732490e-02 5.771169894684693991e-02 3.583135091044087339e-02 6.897401359975965929e-02
2.684199955688866268e-01 -2.226698827878531850e-01 -2.966819264854425042e-01 -3.971683127398256685e-01 2.781521849838058946e-01 4.897906446321320106e-01 9.248736726962014654e-02 3.694769651531033539e-01 -1.466541645357392620e-01 1.179787463169983397e-01 1.133919403169120071e-01 3.581018851329687558e-01 7.422286408362935295e-02 -2.257845162972731690e-01
-6.681020985767829878e-02 -5.491885794300624957e-01 -1.683049680764888423e-01 2.654622478473749880e-01 4.564504932260263215e-01 -3.435693655223506088e-02 -3.653707500630774124e-02 7.136889589078074803e-01 4.707194270270791958e-01 -4.355385297052715154e-01 -1.439215941476668370e-01 2.408002625829532006e-01 -2.630300950635331980e-01 4.236303888599255996e-01
2.738184830413477044e-01 -2.266918563133737685e-01 -4.143762589812252650e-02 6.071352325248320636e-02 -1.640707086878673282e-01 2.827068381657338869e-01 3.762557805439754044e-01 2.698903309408883233e-01 -4.016473999770568959e-01 1.871333562288554908e-01 -6.551945337509463840e-01 1.837660875477546418e-01 2.804978951766735062e-01 4.473236203415775769e-01
-5.163149737835201480e-02 4.562369603442674448e-02 9.810229352224138222e-02 -9.927718966101373166e-02 1.790657012970902906e-01 1.157831837392584023e-01 1.096575863120623495e-01 1.973544787112865573e-01 1.515847866108123165e-01 -2.008371115164593254e-02 1.969428515708703670e-02 3.225597928400807113e-02 1.459237798173255440e-01 -5.098958168266422980e-02
2.029575788261174241e-01 -2.595446748711276522e-02 -9.492971620187848347e-03 1.359473118402071412e-01 -1.306797544593302773e-01 1.193260969780362002e-01 1.054009934476883570e-01 2.572228329752251907e-01 9.208824829663175837e-04 -9.486072268497397486e-02 -3.259859681188054248e-02 5.732969624584023649e-02 1.406499397491021708e-01 1.468949711302249828e-01
-1.177191294146294476e-01 1.088946664953437810e-01 1.712438053134472324e-02 -5.972743385027911439e-02 3.809857929405779942e-01 1.223679972561120266e-01 2.991468944346346859e-02 1.933610447290964596e-01 -6.882495845203363827e-02 1.607393762742080900e-01 -2.627027472114747964e-01 1.573296420440057630e-01 1.856782297159408346e-01 2.564224011024653083e-02
1.265929414207127290e-01 -3.362155032764014423e-02 -1.676989500042037062e-01 5.514780189166787472e-02 1.213874679428427750e-01 -8.998245393097834000e-03 1.882238460677900238e-01 2.186324176331883029e-01 7.363252296462099999e-02 1.773408290079392380e-01 -1.842061661853514887e-01 2.366442377507649297e-01 2.710405630993989456e-02 4.288258153274907003e-02
4.151132247082443827e-02 5.908748730815710504e-02 -1.669551964802560851e-01 -8.598432720739075663e-02 1.871728418898536972e-01 2.885785076964841878e-02 3.809562768144342249e-01 3.522850412401438147e-01 3.319952271127013521e-02 4.672663889645208707e-03 -2.023870697899380899e-01 -8.242722018932727157e-02 1.958408156630020436e-01 1.272337815218558266e-01
-1.133022330876582301e-01 3.531025183959874553e-02 8.894138412073218647e-02 -2.701031304384683696e-02 1.996500755115052650e-01 4.670355083460896867e-02 2.006881680008012758e-01 3.331822763683449096e-01 -1.528655754543700174e-01 -8.563447247568406473e-02 7.514023521579749065e-02 -1.563291029834089352e-01 3.225030812217965503e-01 1.060864645437055442e-01
4.637462818840967088e-02 -4.289956722865649608e-02 8.541083473905848600e-02 1.243881420656337868e-02 1.318952940493196835e-01 1.014112064988980655e-01 3.428549488898634950e-02 2.337899145106543120e-01 3.535984197448438504e-02 6.756471692280534291e-02 -1.325517139336651606e-01 1.511506580601733596e-01 1.444764172548455294e-01 4.357250480045911020e-03
-1.861194491006162577e-01 -2.341796124687669234e-01 2.824701073767576509e-01 -2.962354987258436489e-02 7.772812493079199470e-02 1.753484450646471959e-01 6.981792907536096826e-02 5.255032008191874437e-01 2.834983678453772415e-01 8.054709966568598944e-02 -2.453834365198293843e-01 -9.892692432771132971e-02 2.176092513357173186e-01 -4.522576321209467037e-02
1.127537104218064579e-01 2.360822330573759953e-02 1.765308586982507200e-01 -3.814920277344013844e-02 -4.587448824250271165e-04 1.107664650103127174e-01 -2.577149415969089974e-01 3.861595952660273889e-01 1.450957652864349190e-01 -1.911896016927332465e-01 7.298288394208304886e-02 -1.675601120603570013e-02 3.691759662500323363e-02 3.125171942078097675e-01
8.945755045883120593e-02 -2.047140586896960268e-02 9.528295235623034098e-03 -1.627759602322687710e-02 6.086512648920473778e-02 2.905850697065414517e-02 1.135610095531146835e-01 3.484472669138626855e-01 1.448421166304372093e-02 7.101083386643529394e-02 8.907601762335651263e-02 -9.360044165263578519e-03 2.026001860249773134e-01 -1.089161681297204642e-01
4.028694476083001519e-02 -1.817955198111831372e-02 8.734517025845423693e-03 -3.550540600838181932e-02 1.228919211463460059e-01 9.978372042775947304e-02 1.846818787345382851e-01 3.698474360599938726e-01 -1.232775155827483052e-02 -4.969986196710527229e-03 5.765885818934260790e-04 1.491612720020234033e-02 8.590290772950158471e-02 1.642444468949774347e-02
-1.776520984115937951e-01 3.482300877135528772e-02 2.739974477737533998e-01 4.671470326239143128e-02 -1.568326611082062894e-01 2.336353891686835382e-01 -8.280761888800168558e-02 5.576660119193503906e-01 -7.264464114936663997e-02 -3.216558809764594185e-02 1.551187507109519359e-02 -3.861745215682430704e-02 7.979053029334425007e-02 1.916448841635881306e-01
-2.218951360072115575e-01 2.250286210703296153e-01 -2.201090427311050424e-01 -6.983479731536534896e-02 1.163863329511741485e-01 3.263909881220182774e-01 1.529024780093843350e-01 5.174896838364454466e-01 1.205408492766939788e-01 -1.222827710922126110e-01 -1.282945052987842782e-01 -9.012446052766977245e-02 3.334777380432421556e-01 -6.661218772501681373e-02
-9.656842184229817716e-02 -2.360154433010100417e-02 4.100926534014207037e-02 1.040526215715735919e-01 6.009500555223910856e-02 3.035195155516215437e-02 2.165173230075383703e-01 5.184929156768766090e-01 -6.315688691157977930e-02 6.463925917548107858e-02 3.729306626472382591e-02 -1.465358250559805897e-01 3.090438136845892123e-02 9.957067923968651590e-02
1.530131249221856893e-02 -3.798245616532577862e-02 6.789924343373293647e-02 1.902241204443673190e-03 1.187295623450324994e-01 1.238592916528887533e-01 1.376948043168380598e-01 3.257600813239944770e-01 -4.204983964719335998e-02 2.968497031422933502e-02 6.292528585363743078e-03 4.513708241903486434e-02 1.508557741557162157e-01 -7.002080581905123502e-02
-4.528526783956551283e-01 2.113125256851970668e-01 1.675337387140884704e-01 1.607358075703333167e-01 -8.913953960236753460e-04 -2.200655545875748464e-01 2.699695474746409696e-01 3.301752416996256989e-01 1.177172090037851837e-01 6.908389824694899373e-02 4.033306575889685774e-01 -3.278571897245771138e-01 2.180540300564670908e-01 -7.318204732430184933e-02
-5.628274266241097695e-02 -3.165539784973075976e-02 -1.095830367200565925e-01 1.119070418697125646e-01 1.720563173428975856e-01 2.490590087077638182e-01 1.796914895388435351e-01 3.435698321956418555e-01 -2.438597632480809727e-04 -4.825836790526931430e-02 -8.001163831628110845e-02 -2.228274150483676441e-02 2.269201011701251769e-01 -6.182221549122828702e-02
3.322372816569670040e-02 1.597892944296335216e-01 1.033479414179844513e-01 -1.373301793864013798e-01 1.475908428412887052e-01 -6.460297442510362642e-02 3.727034620545826432e-02 3.502385542454846679e-01 7.728852347817279089e-02 -9.905899254035062385e-02 -3.375814534343876683e-02 2.445115234861752751e-02 1.358192402326427184e-01 1.387944589422377972e-01
-1.147016456225703231e-02 1.659800051712070554e-02 -4.582265044769114060e-02 4.419094767490251707e-02 1.397037553737209836e-01 1.164930396282759378e-01 4.202008832649504338e-02 3.392955122803671397e-01 2.159638685430107299e-02 3.874483176602611101e-02 8.109833257103860049e-02 1.153066749629639842e-01 8.008880216537465901e-02 -1.047797664987158567e-01
-8.552789624969424354e-02 -1.015263337373885355e-01 2.751935730101685157e-02 1.006022952828086736e-01 2.230567996157098720e-01 1.278890191088167816e-01 2.252339491028255980e-01 3.724953398525475134e-01 8.681226602222663624e-02 -1.081017068383585272e-01 -1.513888858885494293e-01 -2.566437770997124709e-02 3.422309186585651558e-02 1.474408728840762572e-01
1.643839840195552848e-01 -9.548517517253825304e-02 -1.018556021540362316e-01 4.104199166295650208e-03 1.397742526465465263e-01 4.780117155227428527e-02 1.321445185667043665e-01 3.755687962222739040e-01 -4.075626652048283671e-02 -2.274232187723385784e-02 1.785448733408585564e-01 1.197334273973897772e-01 1.007818745813480188e-01 -1.289339411570323835e-01
