8.055703672402766968e-02 1.176624633450248508e-01 -5.343077924659615091e-02 -3.437663776160088114e-02 3.266297457815094951e-01 -5.577432464023467443e-04 2.088858649432103753e-01 1.917733391828138345e-01 1.183991572846264523e-01 -1.134784577932675814e-01 -7.693405038867202894e-02 -5.585008229087831851e-03 9.725312832380023087e-02 -5.562487838426644592e-04
-9.442493273379332086e-02 -2.297792637447726716e-01 -7.018500385708259515e-02 3.150120441136022853e-01 3.035138037670381816e-01 1.404248699884733109e-01 8.441617497135969761e-02 3.411676068535312023e-01 9.100625874415507743e-02 -1.706223309529495136e-01 1.622661953345915786e-01 7.130921246592905605e-02 5.772632859951708217e-02 -1.455891534140559829e-01
2.607423464141293001e-01 -3.938854166474623497e-01 9.976217095616285446e-02 3.129678437879052644e-01 1.526021639854732159e-01 6.525402186070211608e-02 -3.510326757794476893e-02 2.393397621690683541e-01 -1.340712406505571996e-01 9.393556469724034796e-03 3.132141877633179416e-01 -3.024602741245837612e-01 -1.526187409831715747e-01 4.211046967127798357e-01
1.288912806017252777e-01 3.591531497385139909e-02 -2.988757831266828507e-02 8.880995303592802842e-03 2.674519497998508188e-01 1.949096379708847582e-01 7.103916286735313668e-02 1.261023541734086484e-01 8.688255878531829512e-02 4.465770742059887478e-03 -1.005205369901051859e-01 -1.481867062323335427e-01 9.291819908118391369e-02 1.173794073714213571e-01
-1.437044355370003801e-01 1.086868998322349233e-01 -8.716468191453533021e-02 3.058018895546428528e-02 5.153260820725690250e-01 1.466009379950808655e-01 -2.001990360981175943e-01 3.735497800782648925e-01 1.767743911898623788e-01 -4.830127738315642683e-02 -1.295812708974352634e-01 2.208198345442295984e-01 -1.405050791164445811e-01 3.335947641452701590e-02
9.284819007993386220e-02 7.244448170157822414e-03 1.046479590050401753e-01 -2.221633939901326849e-02 8.501470960517185094e-02 -8.440977272070177007e-02 3.699880521735258998e-02 3.601145178434749239e-01 1.593649505316377391e-01 7.152081429999793127e-02 -1.142176502262015891e-01 2.023440526467428224e-01 2.228311727014431198e-01 -2.658440476194928737e-01
-3.436513817070160903e-02 -3.034570807554248795e-02 2.060620129941595768e-01 -1.833738200804393981e-01 2.642440807103100808e-01 -1.801602187007456113e-02 2.690993383371447778e-01 2.423462382234931045e-01 6.584279736527914872e-02 -1.257979302999598925e-01 -3.911408505896785126e-02 -4.752503855537504318e-02 1.734154178336414498e-01 1.137696667825760510e-01
2.524447561797304659e-02 -4.417754041898178108e-02 9.014377226050220016e-02 7.378317997449194109e-03 3.665852024302672096e-01 8.547746226135588543e-02 -4.675258594372038584e-02 8.770489111047344299e-02 1.044558794273263147e-01 -3.008315896898362124e-02 8.099612060596329821e-02 2.211761904190190919e-01 -1.932368332750266926e-01 1.013296166119261738e-01
-7.042153315630850230e-02 -1.427124663838020592e-02 1.048740157995011052e-01 2.280075081872046799e-02 3.192067733619270431e-01 7.819031906741680596e-03 1.231656424848499159e-01 3.202287834610232919e-01 5.744189264491662318e-03 5.228292531420736938e-02 5.246092447939110226e-03 2.744169195006537776e-02 -4.777158840038547849e-02 -1.037184788495364510e-04
-1.148095558095132626e-02 1.792489368066577382e-01 1.029877657749702635e-01 1.296600487896505394e-01 3.678882781199530050e-01 -1.460132092134986681e-01 -1.493912652412637543e-01 5.061108276123495175e-02 -3.076630908771342821e-01 2.177825195236380851e-01 -6.274525612824610743e-02 6.038074359420156356e-02 2.823687622907706807e-01 1.426074495155605637e-01
-1.631575086032590050e-01 7.040621036881089534e-02 1.604196150527270881e-01 1.696039952147372978e-03 3.041873826632080502e-01 6.158382611692458236e-02 -8.806790507012826619e-02 2.819342851560223129e-01 -1.231742196946594703e-01 3.365939315873535675e-01 -1.451452097582295840e-02 9.968480844214921976e-02 -3.632355964199499021e-01 2.918854615600199320e-01
2.524238787874263576e-02 1.837612748639470828e-01 -4.442671099952064107e-02 -2.575006727768971646e-02 2.158095931890913755e-01 1.924208730852746685e-01 -8.155907082167294236e-03 2.708911087680386243e-01 -1.455563852394138324e-01 5.986773361183740649e-02 1.454539292645603832e-01 5.767793027467846972e-02 -9.250695526108057565e-02 2.151300505924471501e-02
4.697602781663027388e-02 -8.235582516600943592e-02 1.619438778056172742e-02 -1.650089819578050288e-02 1.923069865416846824e-01 1.696020799292000947e-01 2.705835335428520907e-02 4.466223665560946077e-01 1.269681533368695048e-01 1.113352481177766057e-01 -1.430141628734210579e-01 -2.394764579024056539e-01 9.221397069952393111e-02 1.083115801405333950e-01
1.110024920820017053e-01 -3.710760141184962779e-02 -2.073938171599323810e-02 4.168049669066179602e-02 4.864180530553760540e-01 -1.200712677529291589e-01 2.440041276106447166e-01 -2.620594243991382355e-02 -1.369197702664161354e-02 1.245310910925260806e-01 -4.101007953662731409e-01 2.663351217032626783e-01 -2.380620126051256891e-02 2.339935948751835637e-01
4.178349799749983551e-02 1.009012561538002312e-01 -1.589997932662940427e-01 -5.848341316388181582e-02 3.120011329344389295e-01 4.375562181911327869e-02 4.344995151581600851e-02 1.889996611723646358e-01 2.001623884348247284e-01 8.123305570949966581e-02 9.138657127795461743e-02 -4.709012056459150469e-02 1.322495624783949220e-01 -1.151075623633961154e-01
8.506260371341278770e-03 -1.281400947093687681e-01 6.323887362247469779e-02 2.068275597250946590e-02 4.242204673071444110e-01 8.963014353757348118e-02 1.466870089925284282e-01 2.247617424177166812e-01 -3.749216826087143489e-02 -4.820256623881995738e-03 -4.381805879767724371e-02 3.828276147143634678e-02 5.456292528081550797e-02 -6.055044619747776413e-05
-1.210761298529998697e-01 4.272189802194270580e-01 2.019342939156015815e-02 -7.577870613688461598e-02 -2.075571173387253388e-01 2.136749052280745298e-01 1.007314693725192833e-01 3.449553158768129957e-01 -1.116136581876062128e-02 1.264166493315848072e-01 -5.114472878107056975e-01 -1.549687780770434009e-01 9.809874940385703013e-02 6.069416963468268200e-01
-2.613288080603440866e-01 1.078584761179440799e-02 -4.289774111725777606e-03 4.405770100664226918e-01 -1.767067568789259802e-01 -1.110308330107967201e-01 -1.486904507180555612e-01 4.149506258934596015e-01 2.531664783351039172e-01 4.106577575739723818e-01 6.613730079637405446e-01 -7.002043356770402960e-02 -3.379826696348842141e-01 -2.252191913265140233e-01
7.624339315572085940e-02 7.059181185895584132e-02 3.983096483617042105e-02 -1.600130718249687944e-01 5.067394506832900020e-02 5.546045395620346347e-02 2.536940049249949980e-01 1.174187757475107369e-01 -6.099616834521074532e-02 2.406758939957010512e-01 1.809750453727966557e-01 1.480523044050934545e-01 -8.175192933726282973e-02 -7.461361367849067561e-02
-1.319292958292431206e-02 -7.949012987986553425e-01 -2.874499863967223678e-01 -1.984230287697326123e-01 1.443874337577116362e+00 5.545238283026208137e-01 -4.632833422226803610e-01 1.366861019084527618e-01 -1.246478335048589736e-02 -3.233910925733976538e-02 -2.127952771107584629e-01 5.283624884814606126e-01 2.775393751763376993e-01 -6.989456582114599026e-02
-7.671394095275767960e-03 1.758803171323292391e-01 2.685132234494510411e-02 -1.034912987466881512e-01 3.835486202379020382e-01 6.395855199507241573e-02 -1.788178408682619125e-01 2.858420915748772217e-01 -5.601221666989644743e-02 5.742445891805280506e-02 1.505007274132008910e-01 6.908992796656811264e-02 4.404240332595153740e-02 -5.490386039323381928e-02
-1.025046475096332010e-03 2.863366339154812534e-01 -1.525736142497483294e-01 4.079095414008537812e-02 1.444884351960908919e-01 1.750552764926843752e-02 -7.903139878093799753e-02 2.541511360702920497e-01 2.053677165598651599e-01 -5.778094754537582700e-05 -4.588372936665306712e-02 -1.132128440841685679e-01 1.482530065317954338e-01 1.511328139768144951e-01
-1.617669814640366188e-01 -1.744462931278732976e-01 -3.784605820026826217e-02 -1.565233718209341485e-01 6.764172300951386552e-01 1.794405831514418737e-01 -3.761590528324663674e-01 8.078675191703855729e-01 2.002083286899808967e-01 -4.928390399238263830e-02 4.598577949924177732e-02 1.082126419350045166e-01 -2.800127921880700421e-02 -1.778633317488818033e-01
4.023799516697322554e-02 3.000777384990326556e-03 2.781177402410793531e-02 -7.955102520795638565e-02 3.557151895839372191e-01 1.191539570838401618e-01 5.332273977502603735e-02 2.720782036451185326e-01 -4.792650488459387209e-02 1.285441758264537111e-02 1.175145497826629928e-02 4.811967036131162279e-02 7.402824083660138402e-05 3.959913240104039750e-02
9.379733376083027041e-02 -1.691014490805290704e-01 -4.783950987112120523e-02 1.059541624393857961e-01 2.684450558966443579e-01 1.777654527153763042e-01 1.674217822196038818e-01 2.126462921637357895e-01 -6.899447204346544071e-02 2.997934584580910777e-02 1.479970649936236393e-01 -5.444649145194446760e-02 2.906461484646567089e-02 -3.644737229887136387e-02
-6.617339438799869911e-02 8.720421128636003660e-02 5.994273374287553691e-03 -8.542408934643233587e-02 3.931582967462485811e-01 1.353257911814333136e-01 9.837517605689617695e-02 2.484517534194363719e-01 4.887798303590071280e-02 4.105248882677292599e-02 7.701592049121426531e-02 -4.174757119614052464e-02 -5.473840853502200815e-02 -3.113062081741330839e-02
-1.149863100049384884e-01 -2.767874322800529807e-01 -2.312507155434197215e-02 1.863713616245062932e-01 4.930938550694485834e-01 3.018034367751040725e-01 3.653979237105463296e-02 1.757491718399599723e-01 -1.505323457182541902e-01 1.350141303903424073e-01 1.505712742765459577e-01 -1.448474495621951408e-03 9.360414946614298293e-02 -1.496257276243521672e-01
1.675537927789728931e-01 -1.999961530786922292e-01 -1.450757613966008053e-01 -8.594780351870326060e-03 3.019039295471906970e-01 2.579761613898763906e-01 2.237744336749989404e-01 3.228790821990236148e-01 -1.366769630619199816e-01 1.294936754769673327e-02 7.364801776081246476e-02 1.459048203524893408e-02 -3.788564708782395790e-02 9.195848178629924610e-03
5.375320478634848520e-02 -1.055770838406569767e-01 -5.884567074080242211e-02 -2.582302253070352105e-01 5.784458383441933860e-01 1.523347289999788801e-01 -1.812501501358203537e-01 3.196099526846168382e-01 4.698823390898033692e-01 -2.986805250724802185e-01 3.671946034551951121e-02 2.228259575067609854e-01 -1.153068307626161221e-01 4.056081423773307687e-02
3.840515766126677971e-02 -3.374997070484032479e-03 -1.420103873762451618e-01 2.148215044837437082e-01 2.994462036022064733e-01 1.038777582484027018e-01 5.354641732808626542e-02 2.134115097345643253e-01 -1.545974003752387249e-02 -4.963756830642566259e-02 1.090157783129473423e-01 -7.329511343465403006e-02 5.998459616878436956e-02 4.751069082087410606e-02
-1.016869206631503680e-03 -5.205192800730587543e-02 8.588282067194957792e-02 7.291679312398260948e-02 5.742225978522577101e-01 -2.187868258947578137e-01 -1.630984176853232936e-01 3.041749315582865654e-01 1.202658376277985636e-01 -5.539883316198280366e-02 -6.659407671135315898e-02 1.239766439703352263e-01 -8.618321067597620178e-02 2.179323466742636717e-01
1.392472064415358757e-01 -1.220670787384053602e-01 -1.345845896084331694e-01 -1.413886348802600168e-01 4.827922135775695178e-01 -5.833041615051504786e-02 -2.521950809055021892e-01 6.954729239692998277e-01 -8.185300822720353864e-02 8.128303204452534680e-02 2.830611185988268219e-01 5.533034647822278329e-02 -7.076940698379476091e-02 -1.975681548032280285e-02
1.086739489044474816e-02 4.201084507337297241e-02 -1.094577672718041739e-02 5.250848009490621804e-02 2.678439231536887122e-01 1.008069103481727402e-01 1.861528012288946599e-01 1.764688518810689777e-01 -2.126498862930718825e-02 -3.056953074330358289e-02 -1.004446823475404482e-01 1.118662554479864513e-01 -7.311884105138137524e-02 1.440601675157208439e-01
-5.272533115680667903e-02 5.029029632707687769e-02 -8.120350313391113545e-03 7.831214457338966928e-02 3.479109911685380752e-01 9.859488115556648558e-02 2.804880072827371784e-02 3.018587913809931966e-01 3.672512811086951767e-02 1.055935991567217569e-01 -1.598957219312194811e-01 -2.251572892823484884e-01 9.541009338897890601e-02 1.593957768289009092e-01
4.269281569191506198e-02 -5.264479760941509490e-02 1.272337509030482296e-02 1.234461054111841288e-01 3.302371007073238163e-01 4.929073297740034498e-02 6.958202283246671394e-02 2.376065143997057316e-01 -9.546691980592589277e-02 1.081693717469492111e-01 4.850412712507500695e-02 2.637987327974722004e-02 -3.196012551367603122e-02 -1.231838619751178879e-02
2.463113221125880214e-02 -1.644701937106771983e-01 -1.181327428063271012e-01 -1.068943959310341418e-01 5.587626740569276995e-01 1.328514838819548627e-01 5.272323906790139098e-02 4.036843261549198925e-01 2.015654342873946236e-01 1.500334322633493089e-01 -3.441709836858641153e-02 -7.452530034511739565e-02 -2.101441549379450824e-01 4.057397431152404144e-02
6.892121737821620825e-03 -1.190080118907684559e-01 1.555028608533738921e-01 -3.678961497250347878e-02 4.239053190932194903e-01 1.464340081126629389e-01 -2.740773286742233250e-02 2.635180493120168332e-01 -1.144056183083247413e-03 7.003604430466645048e-03 5.307088021883950291e-02 -9.203823381869638554e-02 -2.877369808072198498e-02 1.050763141903385545e-01
-3.510611845458498637e-03 2.361705770390270381e-02 4.090326733409790916e-02 8.411326868764962966e-03 3.754531280181049313e-01 8.997970686225452430e-02 2.350200349470522865e-02 1.333318289733148032e-01 3.126240933001334099e-02 1.009667294410308835e-01 -9.273730264980137306e-02 1.195981088082633259e-01 -4.095292669339953978e-02 4.641708448975029322e-02
8.826373218153882316e-03 -3.346413974178803485e-01 3.684073376244055842e-01 2.687537487039170503e-01 4.187579079132243143e-01 -3.924785032967536003e-01 -3.609818717407594635e-01 1.614615360658530618e-01 1.268616292593550965e-01 2.183349928875511492e-01 -2.602105176175085743e-01 7.291627618518550236e-01 -2.589072705192687618e-01 1.628950832033989604e-01
1.021713195124915458e-01 1.281403986443228615e-01 -7.873677826208298758e-02 5.182026352024216020e-02 2.145387552057235747e-01 4.161528624223014006e-02 2.185819610961425574e-01 2.754386997224145817e-01 -2.078781405124166537e-01 -6.160956797661824857e-02 2.713429418307967272e-02 1.215275711416147347e-01 -3.513617011484739677e-02 5.863391773324679729e-02
-2.284573267397564944e-01 6.754940837008807653e-02 -3.793096332773193691e-02 -8.702637860231417222e-02 7.245731634543981503e-01 4.334909037416659339e-02 1.444008897954272008e-01 3.334160126059674267e-01 -1.244631968624115154e-01 1.143213948123278506e-01 6.134073274561269162e-02 -3.242373196867738283e-01 9.703868649932967383e-02 7.236761669721364365e-02
2.466641411568106512e-01 4.618805688588366321e-02 -7.827003195491234744e-02 3.123220784455374086e-02 1.758811733633608432e-01 -6.695655627235269636e-02 -5.906735405447675891e-02 2.889800834333134949e-01 -1.766330385831695049e-01 1.231339469641132278e-01 1.212539171946689642e-01 1.545405581619645752e-01 3.226341276283066061e-04 4.897207186815713542e-02
9.687639349689229629e-02 -9.907976901893941757e-02 1.479563004503277879e-01 -2.983328594526640787e-02 1.885400819125537808e-01 7.455813424808713230e-02 1.470231653572302566e-01 2.857977512303720991e-01 1.877254447013892991e-02 5.850476221092934526e-02 -7.158226872346810932e-02 3.007149296499382618e-02 -4.339172493235114725e-02 5.202823241404300192e-02
9.030416773459493118e-02 -6.195133845734709932e-03 3.345222591713090110e-02 3.291713538188426047e-02 2.124495097711160962e-01 1.425427577405790069e-01 8.389449425481171341e-03 1.051299758049416000e-01 1.915246650072366386e-01 8.319594168444791049e-02 -7.823931002107604137e-04 -1.500443401137390442e-01 -6.166606676860190983e-02 1.750239154964171873e-01
1.236160634659865670e-01 -1.738749678634746512e-02 -9.214928908237666333e-03 4.984467589806887422e-02 3.072848196994197867e-01 -2.214466231110104877e-01 1.095862555269060401e-01 4.146860560215708813e-01 -1.141317111620450270e-01 4.759372948519093732e-02 -2.702276147719176458e-02 5.261586372784059218e-02 -9.804993351042470828e-02 2.382678012658167310e-01
-5.534431508341187966e-02 2.847360932176336984e-02 -2.845963006743305532e-02 1.027112843588560975e-01 2.720742195845415878e-01 1.162404837637855265e-01 6.310670860443773345e-02 3.895251218401750704e-01 1.895819820946280116e-03 -3.733576042978870718e-02 2.157463383367252269e-02 -8.832923248715955633e-02 -3.031234074439972601e-02 1.004212078195582114e-01
6.874251087842690733e-02 -5.395692286529247400e-02 3.106953178211573508e-04 -1.347476765879724279e-02 2.386012456427011319e-01 2.144095908052686128e-01 3.949456210194573352e-02 2.987906366368130451e-01 -2.447514036750617419e-02 -3.629965487676921343e-02 3.848060299763926551e-02 3.884988458226586866e-02 1.178241894998544037e-02 3.498614799104137613e-02
1.012480606644767800e-01 -4.716422566306747999e-02 1.477845432195875330e-01 -1.313410305883048745e-01 2.017222624966800715e-01 2.765282319602740957e-02 3.081211397025033355e-02 3.643552931968613295e-01 2.797076856923642191e-02 1.401053701116850014e-01 1.029150661559020963e-02 2.751767867746928928e-02 -9.724544526121707555e-02 5.253209093026831727e-02
-4.646174479689831049e-02 1.711910165223743951e-01 5.235694620838093893e-02 1.435992859144412659e-01 1.285819372828605478e-01 7.229235027414773751e-02 -9.599681411601931891e-02 1.201979623847515971e-01 3.488182015581647866e-01 -3.205803789557250538e-01 -2.788564845570247197e-01 3.850079212350008273e-01 1.479208729114676185e-02 1.612995238899418704e-01
-9.109089592207091080e-02 1.777637396228166355e-01 1.463958255065865022e-01 5.855825283704451517e-02 2.667275478465743199e-01 8.739637157828311631e-02 -2.913784882959071648e-02 1.515642092098461180e-01 -7.331901928847341099e-02 3.945777613695076319e-02 -2.773334218396103848e-03 2.121707313951698773e-02 4.692367611318879611e-02 5.655843640326670141e-02
