-9.621348953531916326e-02 2.351736197871018008e-01 4.637672580375497011e-01 6.501898938571579190e-02 -2.605799383463455188e-01 -4.066684842367773167e-01 -4.501129266893730274e-01 -2.191782335730771136e-01 -1.039129802698495961e-02 3.659408083867847217e-01 -1.033311914317009139e-01 1.408162108989035877e-01 3.500263293247461438e-01
-4.748566396402797984e-02 -7.133742441406770718e-02 9.867969210708316119e-03 -4.167700310932697660e-01 2.868504307476480997e-01 -1.919150236464788883e-01 1.882841368583045849e-01 2.364893273774462124e-01 1.149582171730757080e-01 1.694938074406378281e-01 9.787814289928381539e-02 -2.620534751539844165e-01 -3.999275945405184052e-02
-2.536797468000390743e-01 -5.848123446213711329e-02 9.736864257152158530e-02 4.579640204184389773e-01 3.682753422028637452e-02 -2.858337036814102006e-01 -4.300379990069096992e-01 1.930991724702602608e-01 4.098114598162720390e-01 -2.121430617109070493e-01 7.416873612100730040e-02 -1.318875476524237200e-01 1.770913816772640148e-01
3.327796255469258474e-02 -7.523381122824832623e-01 -1.078190522038690480e+00 5.255309215327095274e-01 1.112857588868816361e+00 5.955878626110047147e-01 -4.936260571184548640e-01 -4.316297207354635179e-01 2.365911887277605818e-01 2.415487830274452297e-01 3.401844546049866969e-01 -3.962082734561743758e-01 1.406815776850743049e-01
-1.002013609476258005e-01 1.110987606910791292e-01 1.137063378799505475e-01 -6.129721132681872353e-01 1.019902891298345715e-01 -2.316840110159541499e-01 8.208206691592540016e-02 1.902985893480034774e-01 5.062357984630114771e-01 1.793443628964837555e-01 -3.375099037759763387e-01 1.635284188679324291e-01 -9.164958120325336632e-02
1.750527448563218014e-01 -7.061815330059353357e-01 -3.539811827451002646e-01 7.502147108790196972e-01 -7.336052129373912822e-02 5.528438501954860973e-01 -5.890935682588800404e-01 -4.654774172229279028e-01 2.423841867557681162e-01 1.960546465378868175e-01 -4.625609133069569223e-02 -1.061924478943505057e-01 4.982602765083702367e-01
-9.708775266731843878e-01 6.115594667607288093e-02 1.656139459037459516e-01 9.472901344133366486e-01 -1.410577678671191548e-01 -4.225373796443143704e-01 1.057689690664787852e-01 -2.733612683528585663e-01 2.009388929456266681e-01 1.273522547503225244e-01 1.348424373352292149e-01 -1.394809323315606142e-01 2.786199477594484275e-01
8.085580695273060503e-02 -1.443940843802449248e-04 -1.746008250848410659e-01 -6.549257728785841393e-02 7.673952788771110090e-02 1.283097957112317444e-01 7.099702030325841240e-02 3.709436736817179475e-02 -3.440317529218492321e-02 -2.613795162973843733e-01 1.938461970151656930e-02 1.506700994297144880e-01 4.623690467353801237e-02
1.013262685096410487e-01 -1.585703373132584248e-01 -1.475184738480669611e-01 -3.928814309520440307e-01 4.645023159525388801e-01 4.257865600259438943e-02 -2.138019279924136540e-01 2.568906529506430336e-02 3.613015729523508246e-01 -4.279834134808557788e-02 -9.188372572368394553e-02 1.000542059155852537e-01 2.626980653100156882e-02
-3.932849080256072688e-02 1.765028202146468050e-03 2.031153000768412542e-02 -8.761383670636374577e-02 2.616768406195758567e-01 -3.968992667572213695e-01 4.974978067717156227e-03 3.281792247556344910e-02 1.863153243819562488e-01 3.505324911965133072e-01 -1.858346625064808411e-01 -1.397054486192252920e-01 6.525524442191911467e-02
-2.549831220961895628e-01 6.993262459490792726e-02 -8.682857799866049164e-02 1.767300803029413225e-02 4.226662231240317369e-01 1.103701802365883167e-01 -2.560722995602062180e-01 1.799442618728329946e-01 -3.048233031197753948e-02 -1.185448346829858779e-01 3.427604453092995308e-04 -1.844835711317780735e-01 2.047333314590570608e-01
-3.915379080029961212e-02 1.340861872355729734e-01 -1.743298294604055665e-01 3.141912770689375689e-02 1.709920263746422253e-01 -8.939673991928488717e-02 2.008430329522474522e-02 -1.722177778732320030e-02 -3.384308719815454225e-02 -2.418780147529018404e-02 1.409041186772636012e-01 -5.094949786495137078e-02 5.864415197335798302e-03
1.307266982663093761e-02 -3.160016331672031026e-02 2.783151965698869509e-02 -6.550305895791837252e-02 1.811511829308859456e-01 -3.560389925088048441e-02 8.970188485935057243e-02 -1.710723179640780411e-01 -4.308269205904059068e-02 -5.188671145430455434e-02 2.612355014122041616e-02 9.924461479885163251e-02 3.589107477023782689e-02
-1.044458468683674701e-01 -1.173010431960155309e-01 1.257708751836470185e-01 -3.734106103614229233e-03 3.281083466496679812e-01 -2.643368518120614574e-01 3.611916705077625883e-02 -1.659474794569704703e-01 1.736297540640195092e-01 -1.856658738016966209e-02 1.587740653971122795e-01 -8.342136201364799830e-03 -6.546050334543576654e-02
-1.484015080145278942e-01 8.348321278260373290e-02 -3.347121561498467845e-01 1.787018356062862745e-01 1.452184747450014912e-01 8.015420898415448470e-03 -8.478326871327888925e-02 3.039300268179140688e-02 2.013489220364234611e-01 -7.344791175656573134e-02 1.865141185155899106e-01 -1.283033889530904026e-01 1.024090030242161622e-02
4.353306508560121357e-01 -2.990167106937342001e-01 -1.110860733538184819e-01 1.468386040598539978e-02 1.297101471871649758e-01 -1.793055680014767062e-01 -2.016084525625708446e-01 3.301294272885742231e-02 -1.769054506299944096e-01 -1.994742147869628113e-01 3.250405203144288713e-01 3.051266924395951707e-01 -1.240689922262866451e-03
-2.930128387361076170e-01 4.069352781760857685e-01 -4.426086343258864853e-01 -3.567654185734585592e-01 4.500473931667237082e-01 6.376740008502938817e-02 -5.446109179831704755e-02 1.237753379014445154e-01 -3.853727425833004122e-02 2.205323967519746686e-01 -3.104036752981546854e-02 3.327371641940691793e-01 -3.071016910721883209e-01
6.116694853567574558e-02 1.779728157575789435e-02 2.057157593100629369e-03 -6.968107229959559501e-02 2.042377998082129109e-01 -1.512744506973831560e-01 -1.864870133503829241e-02 1.195235030124466163e-02 5.825085478491344448e-03 -8.974873555577437753e-03 -2.004408471342612741e-02 -1.371288444055560399e-02 5.356709773031672478e-02
-6.115684537368502177e-02 1.268802888995483880e-01 -4.623484596623996801e-01 1.044956174141583594e-01 4.122560499990648442e-01 -1.579916898189769048e-01 8.773462794958952760e-02 -1.508079917354922944e-02 -2.412162461972590932e-01 3.043388126916730663e-01 -1.226127540687331346e-01 2.426655256231451674e-01 -1.436964743013524337e-01
5.316290086932262682e-02 -1.592486994708991188e-01 3.303789738707203771e-02 -1.262175807697706875e-01 2.553576516235195326e-01 -2.073591129575624303e-01 1.164464792954728739e-01 4.396938000568027805e-02 -3.949522197078599549e-03 1.198145835447885811e-02 1.427756788072784555e-01 -4.151359434363392081e-02 -4.417528262265622840e-02
-4.577101687835708616e-02 -8.987291615394708832e-02 2.622081184522830413e-02 -2.174765128429592687e-02 -7.145231740206492432e-02 -6.063569185972866871e-02 1.085282075318791395e-01 3.002896621083279705e-01 -7.606464684837438428e-02 1.514760072238850730e-01 1.626834998630966034e-01 -7.445270982894344747e-02 -2.349335843354818931e-01
3.441966912730173855e-02 7.734491938646041731e-02 -1.217819449631373820e-02 -6.764082859777076351e-02 1.534867789779937042e-01 -6.130839419153447795e-02 2.641522002199305722e-03 -1.669488656806095705e-01 5.647142169722121213e-02 -5.668027076653014279e-02 1.704846655024477159e-02 5.529253828355910200e-02 4.231889168900215131e-02
1.217301711800757025e-01 -8.899215551940520275e-02 3.693030983124344357e-02 -1.567808787837513818e-01 4.329766973858613643e-01 -3.067615452155724731e-01 -2.972024561694690536e-01 3.236308932292193685e-02 5.380806743898877004e-02 1.836081382645689541e-01 -2.500159951410121234e-02 6.705636599792696995e-02 2.053344976193589161e-02
-1.932116631150961050e-01 -7.351122715861535539e-02 9.504217246010820963e-02 -1.879634128760361567e-01 1.999356177038332238e-01 -9.147372647662936618e-02 9.928493222295813048e-02 -7.041046754252747175e-02 3.008668814806398917e-01 6.656408815977611637e-02 2.659345935533494742e-01 -2.965775751919959013e-01 -4.021255923854070990e-02
2.433722077931325944e-02 1.205851556335767460e-01 1.202547162404080383e-01 4.662959954119860750e-03 1.586642869467483064e-01 -3.857472397521999885e-01 -2.664814351056408182e-01 -4.111967147400999445e-02 1.549138902958107078e-01 -7.924509974493040843e-02 -1.416767186316326976e-02 2.263344776427315963e-01 5.127606442845971529e-02
-2.796470680209495741e-01 -1.241218016409367797e-02 -4.398464250222380301e-01 6.044140435258686939e-01 5.863627867665321264e-03 -2.189083541900420649e-01 5.756155225714525425e-01 2.659465881758384387e-01 -1.452334562619023994e-01 -2.864147781792844571e-01 -4.041318661104356669e-01 -2.570649309986702269e-01 6.660869307880147305e-01
1.209881522824766964e-02 7.144164291776972098e-03 -1.724594990272302342e-01 1.028852574568588918e-01 7.535873604256260183e-02 -2.044154006802742507e-02 -2.605475526274689257e-02 -5.865353198923205225e-02 1.019098465726906988e-01 -9.779504758535749465e-02 1.612846367684683813e-01 -1.252302444292752170e-02 1.513595996140119568e-03
-4.524661390775609471e-01 3.332394338189420546e-02 5.331863603249176187e-01 -7.834891495120555743e-03 1.997054841257161484e-01 -2.639582865243079723e-01 -3.643547999831107109e-01 -8.447047149514687325e-02 -2.231596941118241251e-01 3.906947050199470195e-01 -1.642866082397816951e-01 3.016617331859623441e-01 1.762263188696393534e-01
4.568230769816152004e-02 3.974277712010230307e-02 -1.039601041094556644e-01 1.173874559360223169e-01 -1.028477155816102939e-02 -1.276273678458056948e-01 6.301903684499823854e-02 -1.650825476900892597e-01 1.008687900921254599e-01 -5.426903582305883655e-02 -2.216177863938822989e-02 2.061686409143675125e-01 -1.521574895859473253e-02
-1.875340190813917507e-01 1.130680145020569877e-01 4.045717974277374812e-02 -1.315060609349744669e-01 2.390414324261392054e-01 -1.516878625360683873e-02 -6.044684433352476294e-02 2.752335127924750852e-02 8.373654762567147788e-03 3.639797429902325021e-02 -1.262952739743845865e-01 1.544199823021693563e-01 -2.406295075487108887e-02
2.720458157866905910e-02 2.205180332030543672e-02 6.861205538219630751e-03 -1.023669457874217953e-01 2.053324679725953006e-01 -2.359540260401998268e-01 2.363521344372406310e-02 2.326691571221595201e-02 -2.113543319521279593e-02 1.096873138626128785e-01 -7.164619781239693619e-02 3.653222449434299912e-02 5.079853089376974717e-02
1.776224474881749754e-02 -4.661192782022723913e-01 -2.205341505880254738e-01 1.756965082367461795e-01 5.560938934548804724e-01 -1.262947832262225067e-01 1.018849481148234315e-01 -3.381476451417105289e-01 4.881280326246483225e-01 -1.508798212285688278e-01 -3.245090438439762748e-03 1.016629746059812267e-01 -6.174017897943381850e-02
-1.939878509939114704e-01 -1.096258459142029018e+00 -5.641529851976366805e-01 -9.056602340903756598e-01 8.378695342132285173e-01 1.247479519370594980e+00 -6.102028967611143884e-01 7.341777203605910351e-01 -2.078105584960551422e+00 6.399086490654253279e-01 8.152836505204555939e-01 1.156247380662656754e+00 9.166921093389074349e-02
2.087789202446604653e-01 -6.902961500673588935e-01 5.195883091418890265e-01 -1.667786179801411250e-01 6.935272036996731337e-02 -2.881317836895610496e-01 5.704053883490026872e-02 -3.416998974283945723e-01 1.211238815260622971e-02 3.313249900902118239e-01 3.464527743343605581e-01 1.699521654838954676e-01 -1.534287035058117810e-01
1.442519670250757557e-01 -1.593348067651235433e-01 1.041501923564445709e-01 -1.631695634479337631e-01 1.518485394310420955e-01 -1.043135848785147479e-01 -4.332071761911103491e-02 7.334697127839824582e-02 6.568558918283891324e-02 -4.574380809304654655e-02 -8.375650793265326799e-03 -1.329337740475746571e-02 7.253590370917654961e-02
3.582812882011899291e-01 -4.032069552803115853e-01 -2.931396460448844055e-01 2.663366656128883236e-01 -2.187370600437613666e-01 -2.758839043589286222e-01 -1.112020755503863312e-01 8.446327127957665992e-02 1.925964944481752539e-01 9.899003990947888298e-02 4.744765751856728775e-01 1.749251851391283100e-02 -1.161995578913987692e-01
-6.254539719887297622e-02 9.693383282236946175e-02 -2.017544238970117587e-01 -9.352928287929315743e-02 4.087257887300608794e-01 -5.699841461340172249e-02 1.668623469805215198e-01 -2.198492408843179258e-01 -1.211436693361371691e-01 8.930480547707773942e-02 -2.311862084474167189e-01 8.971080796150002895e-03 2.904764364314955105e-01
1.337478392424237550e-01 -4.052399329156238794e-01 -2.460500497085952587e-01 2.433523436620480818e-01 9.029135033378936359e-02 -3.848543341433284803e-01 1.672460972270044532e-01 3.136424622411525531e-01 4.135765686014234443e-01 -2.714178168641235289e-01 5.649219370046272282e-01 -6.274744476907013757e-01 8.252563699112736018e-02
-3.036096758894986369e-02 -1.894845798268294385e-03 -2.183405849173120084e-03 7.997426411759593623e-03 2.626808133624907171e-01 -7.193451771182587939e-02 -3.158555721539325206e-03 -1.360194996284411484e-01 -1.795209867353608768e-02 3.183830102493284166e-03 8.407234383481095030e-02 9.278482259133724250e-03 -2.944135101773085600e-02
6.110121499248249988e-01 -1.242360630082782302e+00 -9.081995307398517125e-01 -2.677454255938606642e-01 6.109719293351673075e-01 8.105406316749096396e-01 -1.939262058974347003e-01 -4.932244607071915032e-01 6.009477151432180975e-01 2.111461188770313857e-01 1.189520219285633285e-01 3.649194365260525763e-01 -1.487660964074222214e-01
-1.000140073597059892e-01 2.429621152903087000e-01 1.122218851538090423e-01 -4.684232207591106367e-01 1.258227180253246313e-01 -2.889717337771695038e-01 -3.128602421421365909e-01 4.172005315725247354e-01 -7.116616800777642027e-02 3.588714026670513646e-01 3.206928593141463169e-01 2.239019325978505726e-02 -2.844586792558270738e-01
3.165289065406303587e-02 -8.176257717810016257e-02 4.829382128173882738e-02 7.697705347134728426e-02 5.938841245560158577e-02 2.064002950401999312e-02 -4.425097616344910584e-02 -1.186906075144896766e-01 -5.535740897720711935e-03 -1.435789483560509228e-01 1.587997880863612488e-01 -4.769396109542313467e-02 1.200284697333254408e-01
3.168435793448902138e-01 -5.018732529402899489e-01 -3.832754296916722758e-01 1.991384091439057646e-01 7.199323751733111010e-01 -2.859580364499845762e-01 6.689882045390664611e-02 -6.467929712546155452e-01 3.719020672015562190e-01 -4.143919816335569495e-01 3.036843459281954871e-01 -2.785757223949294689e-02 3.560173009450705028e-01
2.498713667415371209e-02 -2.156549859307928252e-01 9.880364462339778775e-02 4.155890919732465466e-02 3.322306705642887326e-01 -2.438329677071867374e-01 1.980852543996483583e-01 -1.905871196351194563e-01 7.560197293298304144e-02 -1.345831571847687022e-02 -1.652880086882943522e-01 -3.582593428225420984e-02 1.676473975515519466e-01
1.969253669029404630e-01 -4.621440431024370632e-01 -1.619511331106771035e-01 -3.636840006544028170e-01 4.457912695460420904e-01 -3.588098467954699278e-02 -2.762414412098219280e-02 7.804210458571568532e-02 5.355024220021598058e-01 4.230140817791309266e-02 -5.268932142163794408e-02 7.119317785191154289e-03 -1.274406079290544280e-01
2.761031506261186763e-01 -3.910019670653575724e-02 1.269865008773565507e-01 -5.403723329645635509e-01 4.550691217753249918e-02 -3.074841773515754051e-01 -4.140450284562266492e-01 2.802504703096749261e-01 1.833931142031216266e-01 4.149343590399667270e-01 2.484697820700720317e-01 -1.817069632503331977e-01 -1.866793659338469510e-02
-9.796617237492899477e-02 2.295445675639415928e-01 2.338469501723311472e-02 -2.382478436039575376e-01 5.924662227395072200e-03 -1.649878632389348287e-02 -2.489878111704467989e-01 3.258690396015709312e-01 6.795614096437724294e-02 -2.554715856130305163e-01 -3.356838055195792148e-01 3.701212615438684850e-01 2.443232916686740863e-01
-1.175280722762785390e-01 -1.150577522810311143e-01 1.176194599423172477e-01 2.306999040820794863e-02 4.317767080067508867e-01 -1.593299809187527227e-01 -2.000527819863880674e-01 4.380950966031710997e-03 1.413698045645089274e-01 -1.410664525897064592e-01 -1.027114783494152833e-01 1.711708695348871934e-01 2.062638896009193895e-02
-3.735349964409083456e-02 1.109219365063118801e-01 -8.461400733644675390e-03 -1.657991882099711933e-01 4.436310423916320356e-01 -1.662503180151833626e-01 -2.363024943515147636e-02 -1.929859402535854529e-01 -4.556965070594051065e-03 -1.399061444728734727e-01 1.595128296708074045e-01 4.166945276673195836e-02 5.747609848083490292e-02
1.978293336954505266e-01 -6.671838876450812972e-01 -1.639235577544079225e-01 4.407331475308170488e-01 4.538844327083932373e-01 -2.569172870144146095e-02 -9.106866893082041781e-01 3.839787292047465161e-01 -7.232539727574258115e-02 8.827726639249591778e-02 -3.361212336991244998e-01 1.202977724239391371e-03 6.842942611090829796e-01
