1.637624196893930698e-02 4.838962592268598595e-01 1.627568333784671153e-02 3.295940775412689594e-02 -2.583867518367393701e-01 -9.525711010786215571e-02 -4.070913838983724053e-01 3.208633579324206009e-01 4.000326900627292903e-01 4.140406158276698778e-01 4.070991869005085029e-01 1.263768096222963461e-02 -3.284037535814297026e-01
3.739619517155164941e-01 4.238051715948941700e-01 -3.699018714434073457e-02 -1.497916311769599551e-01 -1.359982296499584464e-01 -1.656174654142602287e-01 3.761994207610543182e-03 1.663290824453085293e-01 3.714531153857100754e-01 -1.673318415730531972e-01 7.446442171589333359e-02 1.302594109795591204e-01 1.267363314630071958e-01
3.179070288861216564e-01 4.002585227216450825e-01 1.404654163946932321e-01 -3.016127832181618174e-01 1.528599127477466534e-02 2.327625395863410218e-01 -7.808783372849396887e-02 -6.647676943808687733e-02 -9.671799081934226439e-02 2.101429263040509032e-01 3.527923436396659396e-01 -1.057444698254026982e-01 -5.932797228877958323e-03
5.165995249368157682e-02 6.930944351579533258e-01 -1.202042404458999736e-01 -1.895940276488203291e-01 -1.526524794045594491e-01 4.097891804328592791e-01 -2.002974282195270697e-02 -1.676103550005857423e-01 3.501844633194679535e-01 -3.373749944154831315e-01 4.759038888944431278e-01 4.773263550264493504e-02 -2.585659151482201656e-02
6.521171794286603762e-02 4.926287855257928117e-01 2.230080135018415455e-02 3.141889135418423490e-02 -2.084133235160147146e-01 1.132509385459802009e-01 -4.548434731708544260e-02 1.434540676417171701e-01 4.870575457328119029e-02 -1.258928434376633751e-02 2.985889035368912148e-01 1.445737867511589503e-01 -7.860456749626260065e-02
-9.659245972634041347e-03 6.313131480329382539e-01 9.269343411200861582e-02 -7.810643885489709781e-02 -1.349438262613261719e-02 -8.181162351445370184e-02 -2.113712705943219250e-01 5.457944705796075047e-02 1.849728424032529572e-01 -5.805188978641462327e-03 5.639031545963560932e-01 7.717888449267970574e-02 -1.893506356051886663e-01
-2.081679933649693837e+00 -6.913508303130720956e-01 6.673658048551480704e-01 -2.601211025079396055e+00 1.194260207622904968e+00 6.050419467344201330e-01 -1.102988553336229138e+00 2.872826348693980680e+00 -6.874425724959344342e-01 2.548331067471826250e-01 1.203000332768825897e+00 1.176824911884136737e+00 2.055623801166533149e-01
-1.355387132700238972e-01 5.773541201035590209e-01 -1.912361977198681062e-01 -3.220082390904291936e-01 3.871459878443280628e-03 3.525219982654580475e-01 5.674245886141648931e-01 -1.338111737748300945e-01 -9.074295279070261275e-03 -2.957853080645951871e-01 5.185908714967144562e-01 -6.664685646784182516e-02 1.493798698572458283e-01
-2.057399790698545006e-01 -2.180996174669343757e-01 1.627580620864144345e+00 -6.223060389622390998e-02 -1.303207254481688837e+00 -9.936659517798616947e-02 5.737890247065499105e-01 -2.223367194342981412e-01 -3.018388258077264186e-01 7.127370080878171754e-02 -5.331644926719327771e-01 1.326658808862378969e+00 3.617240573137169291e-01
-2.747372273401757492e-02 3.688953139962932171e-01 -1.160967134943253348e-02 3.372838227850589732e-01 -1.043655553091188681e-01 2.258398042558906471e-01 -3.137135361361826358e-01 -1.178807713906871169e-01 9.706195293704021620e-02 2.806772202727407239e-01 2.889669763267118108e-01 2.263533170563481189e-01 -2.349930261617179938e-01
7.155585038854604951e-01 1.013869017359713132e+00 -5.170229085301012439e-01 -5.475924358338308817e-01 -6.552656747385450231e-01 2.413132230646949650e-01 -7.556901826123496591e-01 -2.306826138156762296e-01 5.173827182213590614e-01 2.565801343107578791e-01 6.641214945247754242e-01 3.274937058438329718e-01 -1.502285713116398996e-02
2.023324448272252607e-01 4.655068848168291695e-01 9.033725676446385799e-02 3.202751448144809387e-01 -6.805487866284924969e-01 -1.531502633194871954e-01 -1.280972549847301523e-01 -2.250619759660298369e-01 3.749659096057456620e-01 1.171703783094945883e-01 6.397743544047148623e-01 1.813141444056967297e-02 -2.659338253585749254e-02
3.471584259016615159e-01 3.235044426326595390e-01 -4.414001331036421782e-01 -4.588368276470477514e-01 3.597209652240330735e-01 4.649417696621620522e-01 5.969878761456808708e-02 2.127080956168156678e-01 -1.975772337806673828e-01 7.136706055028092799e-02 2.400028441902448198e-02 -8.842200542920627959e-02 3.381784928882852759e-01
2.686503709265998241e-01 2.453466973475860180e-01 6.996131407508399125e-02 9.069467960005364593e-02 -1.545263331661926864e-01 7.270944639830370648e-02 9.637962364230533152e-02 5.540211839805414540e-02 1.563551767442744600e-01 -7.110336197308139705e-02 1.847002097606040005e-01 -1.619816980141299823e-01 1.624538808094659059e-01
1.123625448071581268e-01 5.222913158168828174e-01 -2.860954137402341863e-02 -3.441207787109328703e-02 -1.065620456528027366e-01 1.889136175802225426e-01 3.601099209454697997e-02 1.532185348722102658e-01 -1.071316630333744441e-01 9.220610387157300580e-02 2.522982825094486348e-01 -4.361879360818846779e-02 -2.192514546363318051e-02
2.775968581958024317e-01 6.455443717486045729e-01 -3.969261969884680386e-01 -6.715542914950318742e-01 1.949649988157367009e-01 2.401859567052101740e-02 8.267620128479624686e-02 1.593243892827690411e-01 5.663394561445753705e-01 3.978265446974990627e-01 2.528984735376664794e-01 -2.094963922185933969e-01 -3.081708841269505950e-01
2.448227036925862410e-02 4.107687923806617181e-01 -1.459578640495953483e-01 5.107774777901102903e-02 -1.698354539718362199e-02 2.607380146290868561e-01 -3.725288276202737281e-02 -4.830679438783296031e-02 1.556921406888169268e-01 -6.091215815041289838e-02 3.217919935468057657e-01 9.283165882584210049e-03 9.062124401975421573e-02
-4.038811953117251718e-01 1.585788922386875965e+00 -2.655477903148217300e-01 -5.274868978174140910e-01 3.374590326650046546e-01 -6.792954988691618512e-02 -3.278997922104739948e-02 -2.537144091722534633e-01 -1.004545436061847485e-02 2.663979825137631763e-01 -7.722502109437845430e-02 -3.748695254840070934e-01 8.388860096464649807e-01
2.613202598592714310e-01 6.216833090364924930e-01 -1.758878221056640601e-01 4.971123612419377225e-02 -6.350584318042792886e-03 -1.753437830343112791e-01 -1.627655741181791710e-02 2.827481958273630677e-02 -4.527636120891241275e-03 1.272285821956385676e-01 5.687455422677145656e-02 1.014522887957377273e-01 1.468834577188122825e-01
1.790712878544653205e-02 6.106171809636438130e-01 -1.090761086104640176e-01 1.646432185952582949e-01 -4.978026117157755559e-01 2.158712635661917956e-01 3.373639846151333527e-02 -2.578769361093138368e-01 3.318579681149785299e-01 2.183369607707921767e-01 3.391343012016339586e-01 3.004775589704150041e-01 -3.527841984453930491e-01
-1.359577047292170882e-01 3.649653870850770865e-01 -4.202386560773577195e-01 2.728961955830764841e-01 -9.300668597011597927e-02 1.442810499099252686e-01 -3.120016635820338502e-02 1.206909966750086272e-01 9.827229474200602777e-01 1.866979094858471355e-01 1.020445233937108259e-01 -1.058704819915027961e+00 5.798511480461431278e-01
2.092094039755050885e-02 2.738339555583781393e-01 2.840234088491117581e-01 -1.719863153067057171e-01 -5.251691251761595597e-02 5.726317485138375518e-02 3.279260754866045180e-02 2.330277765690556280e-01 1.563634964325726628e-01 -2.147607304958777663e-01 2.571985873897802422e-01 2.326702979602041088e-02 1.156151054766126896e-01
5.107909030817152640e-01 5.916501161060276903e-01 -5.121585141071983704e-01 -1.706201055193309335e-01 -5.687099675511441133e-01 3.909636101349125425e-01 3.151566281528792590e-01 -2.121169835351683908e-01 2.614142819805183038e-01 -3.111116199796842285e-01 8.916643990477443049e-01 -4.619003883916054931e-02 -1.256905844231838154e-01
3.684952464416359902e-02 9.610924577878237063e-01 -9.061490451192316664e-02 6.372433907740657211e-02 -3.744384625092840313e-01 3.796194970664472090e-01 -2.608808885309044090e-01 -3.603835888886998129e-01 -2.551867662445941876e-01 -5.392550264619532657e-02 4.554338667896196680e-01 3.816725648239688296e-01 1.320799876910982162e-01
1.028977215426110647e-01 5.031057496377309146e-01 -4.265425314204429053e-01 2.050181694291199064e-02 -4.577739014078712754e-01 3.678249968406222536e-01 2.744341167163462103e-01 2.919688963299034712e-01 -8.161014166851193741e-03 4.920733452581399492e-01 4.857670429736159479e-01 -2.898943994851119199e-01 -3.411597152126772947e-01
2.161039068335281477e-01 5.924815698681019649e-01 2.083921169492616854e-01 6.264138846276233463e-02 -3.302514499435036388e-01 -1.527171505366763105e-02 3.984741748608705558e-02 -2.472419208152653869e-01 1.627231721680265086e-01 -2.420150061728808255e-01 4.839514410055398286e-01 2.258375111511244648e-03 8.142282864942537723e-02
2.955102575453402158e-01 6.104127312172695774e-01 1.457845472381189278e-01 -1.729927636716744599e-01 -1.249122487353065969e-01 -2.112506697544334344e-01 2.641599428538534688e-01 -1.407456854432934390e-01 -4.762358680572347652e-02 -1.700539848820384059e-01 4.417550667650229079e-01 8.342690909929954823e-02 4.157160912249202589e-02
3.398126677949185881e-01 5.330387185649592130e-01 -2.653299481956227224e-01 3.841468470862861861e-02 2.648176855156176776e-02 -4.176771060820188564e-01 -8.229877224627232812e-02 -5.436241048210325166e-01 7.312547353471877676e-01 -2.433747991981762837e-01 4.250291740850442035e-01 5.153281589518171613e-01 -4.201305291206739595e-02
2.331661098253534348e-01 7.228948484776602790e-01 -2.591066104864023778e-01 1.172529984524844082e-01 -2.297223135576554609e-01 -1.925001905263041269e-01 9.740835389898536145e-02 -6.487695439862870006e-04 -8.125306932546631777e-02 1.321900417088755220e-01 4.158562702011441292e-01 2.372018381503579187e-01 -1.776973827261199013e-01
2.473421390082010396e-01 6.714824427663658168e-01 5.005431314643696838e-01 -5.399477420071400191e-01 -8.488259068081082104e-01 5.574288755932013117e-01 -4.216983959177966756e-01 -6.248591448311808794e-01 -1.033424693998070965e-01 3.636882562881460501e-02 7.872021329086299479e-01 2.161452293526292812e-01 5.372030067907483941e-01
5.480609699120830847e-01 5.672172758985306595e-01 -2.418430460070890020e-01 -8.871624337272034089e-02 -5.858500763924628929e-01 2.416362579848009007e-01 3.316425273583325506e-01 -2.283946124319958526e-01 -2.259738089047303999e-01 -2.607292281460161787e-01 5.442805533902943527e-01 1.542485635764108132e-01 2.594629916834893524e-01
1.620320464241175318e-01 5.456351329190292088e-01 1.266513140746380606e-01 -1.434177992112260769e-01 -3.735593772037167359e-01 -2.253317755021382041e-02 -1.614869058755753761e-02 1.350087501806592205e-01 3.852845831471878313e-01 -8.060653791370127330e-02 2.820290924331214644e-01 2.183792920247910052e-01 -2.037125041882020537e-01
3.384138517536260382e-01 -6.883777049848534280e-02 -5.368586696698240956e-01 2.774744313924054715e-03 4.342820913154625262e-01 -2.303541794265940440e-02 5.011512143524863294e-01 4.461259721033993819e-01 6.058660580847879257e-02 -6.427533594666190453e-02 -5.145951060066263905e-01 1.689197213171199641e-01 2.703902236486869781e-01
2.063061363726852726e-01 3.752552042247155328e-01 -2.913452767851483494e-02 9.704752859947746169e-02 -1.117906139679526872e-01 7.514750843538750558e-02 -6.301339660847231350e-02 1.322217058862159567e-01 1.424514191462502022e-01 -3.990554216804077098e-02 2.199024069448700103e-01 -1.085997014036766684e-01 1.191539967659821231e-01
-4.524421422518751790e-01 1.167835571007677826e-02 -4.285358071940748026e-02 -1.934081261181656575e-01 8.535720097656027683e-01 1.720029174793432647e-01 3.425476389203198635e-01 3.985218861641972588e-01 -1.825244213981451480e-01 -9.073635103845122118e-02 3.378041620696690672e-01 4.697660309788757593e-01 -6.088862550131134421e-01
2.097295837966561827e-01 5.996987612702154857e-01 -8.260476136151875814e-02 1.207867951341674573e-01 -1.361371566245624387e-01 -8.416794743576844207e-02 -1.758971677816698401e-02 -2.611350206407499486e-01 -7.880837203899920818e-02 2.425102787424617823e-01 3.623389001547571153e-01 -3.453145490143490898e-02 1.749522352318693685e-01
1.368908695329534853e-01 4.341852117111694720e-01 4.437148355633509234e-02 -2.790753902288882829e-02 -6.065440405223380960e-03 9.604299136979634055e-02 6.356405407143324304e-02 -1.401736113179215537e-01 -9.905378983284721106e-02 7.855316173998816431e-02 5.306269216764064600e-01 4.943072251148285245e-02 -1.454229110417570026e-01
3.327985417647628119e-01 4.440908752897133605e-01 2.587918062253941609e-01 -2.084893447593067772e-01 -9.276435194543485030e-02 8.474266543881243952e-02 -1.140976902291809120e-01 -6.631107812603885543e-02 -3.865892975338373894e-02 1.737812855778099810e-02 2.996509417738154601e-01 2.507461057786636860e-01 -1.528355454666704694e-01
1.792218053557646795e-01 7.252623325928462261e-01 -2.197948465563180909e-01 1.168614218395476190e-01 -3.489162697936601387e-01 -8.570537562953416122e-02 -3.715518095845652957e-01 4.228158303677788665e-01 3.889323177122783193e-02 -1.006651364500611295e-01 3.379660780522963370e-01 1.336545086650104686e-01 1.870003539185935704e-01
2.276974531116975897e-01 2.133094366348732007e-01 5.178169267192003211e-01 -1.692538751224300364e-01 -3.283673652439660362e-01 -3.431254581362974121e-01 7.044288203973293472e-01 -5.726024027857488097e-01 -3.674029762246578401e-01 -5.552512902773286407e-02 2.358695414936171075e-01 3.967973818029832400e-01 5.553997709300591001e-01
3.397807122511587591e-02 4.779046073960744878e-01 -6.271066953118177301e-01 1.090791563239954798e-01 -1.254415178409752363e-01 3.495238785754108402e-01 4.586312443136876249e-01 1.996015271900438703e-01 -3.897200075255444207e-01 2.484576140619383922e-01 -3.913825629723546862e-02 -9.892327004680633029e-02 4.181957724850395297e-01
-4.994353986449783789e-01 5.495153560289783856e-01 7.214306035487155766e-01 6.982846626738441476e-01 -8.959443016422519168e-01 -6.697000793279567210e-01 -7.924607135465629171e-02 9.868419468018004015e-02 1.552717046903225873e-01 4.989684591085067900e-01 4.305473531398515408e-01 -2.719730770551854193e-01 2.786387187035564983e-01
2.514917526915910195e-01 7.588639541812720601e-01 -9.917254588953861028e-02 3.439340753142927642e-01 -8.643581483253991449e-01 5.569056199797384199e-01 -7.730596946614105569e-01 -1.424008745659983977e-01 -1.049031665251090872e-01 5.185265259705637009e-01 2.571786248562658028e-01 -4.965846194232165223e-02 3.616944634649808532e-01
8.864935063335399601e-02 4.902204324566531435e-01 1.742658212738325274e-01 -1.086992448513311171e-01 -3.028260133327252412e-01 1.381913291072835726e-01 2.491475330871840976e-02 8.908654094380769051e-02 1.752725325092905351e-01 -1.082861382239465320e-01 3.632574909478976100e-01 2.102618971949560545e-01 -2.192666274188638520e-01
3.991638559110756712e-01 3.964003856718054108e-01 -1.001166065349957807e-01 -9.417583706399501597e-02 -4.163202766825732093e-01 1.197029490229053195e-01 3.175700733384551055e-01 -4.399269466016107466e-01 3.307689101210758986e-01 1.568106779349152241e-02 2.190394913148211997e-01 4.300881668892908571e-01 -1.628331086308191789e-01
4.128436277782547570e-02 4.386108774293677182e-01 2.239397766569076742e-01 8.021968108812943532e-02 -1.357547479970131477e-01 -2.482894040549780412e-01 2.905635535299959105e-01 -2.162044599820305835e-01 -4.406632019342254791e-02 2.477940609789624354e-02 3.849491495620098180e-01 -2.763663785687462404e-01 4.513766282029853527e-01
2.325820064115654562e-01 6.373686470992746544e-01 -1.995314955701832718e-02 8.187985411575293693e-02 -5.073953023444201238e-02 -4.075442542152928060e-02 -1.841506202132341952e-01 8.919197200746427356e-02 1.514535342074370960e-01 -2.197689053252183389e-01 1.479054794439524645e-01 1.764354130950405997e-01 1.359184891988188260e-02
-1.023455636595799467e-01 3.588221484287125174e-01 -6.350631684609424343e-02 2.141856905055974369e-01 -2.276970275215027817e-01 -4.569083674240821402e-01 6.676787017233991595e-01 6.259466238493913703e-01 3.730756336754298408e-01 9.293693721025446386e-02 3.371067306262654495e-01 -4.122065803439829423e-01 -3.920464856748814286e-01
-1.006756815656497439e+00 1.440374777239644022e+00 4.661789357566625824e-01 -2.074680470327138426e+00 4.905148149186079332e-01 1.153565681755565342e-01 7.076196951967808277e-03 -1.674164317116222378e+00 5.211912803845625969e-02 1.596519693625959510e-02 1.168022913870172541e+00 1.670600225989252285e+00 3.444349697722054460e-01
1.531911003764608870e-01 7.264613591012301086e-01 -2.714374434777989120e-01 -2.910289845068934900e-03 -1.167176049772638002e-01 6.504851362473228205e-02 1.741797109073259520e-01 -1.938227636975731749e-01 3.738989324458948382e-01 -2.704199195439821457e-01 3.160964833423645093e-01 1.125175106345587955e-01 -5.104346434195312227e-02
