<<<<<<< HEAD
-1.206778753062268117e-01 2.363373758646883094e-01 2.255489541188011593e-01 -3.043978107030581026e-01 -5.540276307467389971e-02 1.442035301474837716e-01 -2.258576764172436913e-01 -1.094464058446926180e-01 -1.650053419527428011e-02 2.642793949152566491e-03 -1.054978730531488940e-02 -5.187431450539320421e-03 2.470337439139647651e-01
1.270222392183105176e-01 2.146082864917059074e-01 -3.717915140034158683e-01 6.972688378126701281e-02 6.283669803711200430e-03 -1.329387488757474423e-01 -8.012756683457832318e-01 2.237577447477640258e-01 1.997341740095455453e-01 -1.799852879687056373e-01 4.324071165665552829e-01 4.925907110665223021e-01 -2.723934927946626283e-01
-1.172868684764369479e-01 -2.021170335556825293e-01 1.156900865803197759e-01 2.468682990798677923e-01 -1.711461019096717495e-01 -7.353243856186023053e-02 1.784368789861541515e-01 -3.745687925404994623e-02 -8.195339179241190042e-02 1.492736210800512386e-01 1.001057340879490110e-01 1.139431178454939908e-01 -2.130789104126557532e-01
-1.175724603283453129e-01 -2.394648923255342926e-02 1.832686740025422922e-01 -3.451381221521302445e-01 -2.962866741370714929e-01 3.451873224417251196e-01 -1.694239192355060514e-02 2.798392285084277398e-01 3.141267791478179975e-03 -1.427472321278752398e-01 2.305044548668845894e-01 7.344388734662996021e-02 -1.650053513590946652e-01
3.011960990318038323e-01 -1.161305205984128897e-01 -5.189113390049737706e-03 -2.556868827317730908e-01 -3.198250867642697670e-02 -2.074244097327261893e-01 -3.496311041498966626e-02 4.588481670138581936e-02 1.462429020378376299e-01 1.598962516852438509e-01 -5.417533287035836836e-02 1.513561494249726636e-02 4.494230771303532601e-02
-4.924194116101672791e-01 -1.437013006041541807e+00 4.031344859910750977e-01 1.059015480325924408e+00 -7.928057918717112962e-01 4.076726005922301499e-02 2.964193752223821532e-01 3.077298324480411407e-01 7.795645855388482204e-01 -9.156880362446931931e-01 1.863794614023281115e-01 -1.145454134714311983e-01 6.872072919487896003e-01
-1.778259734461930808e-01 3.251448274039042685e-02 -6.019200543670589765e-01 4.221862631795506721e-02 -3.488445591973393101e-01 3.339657434478459086e-01 2.141961642129994459e-01 7.313598988348581909e-01 -2.042012154708755800e-01 -9.727968169641848517e-02 2.707999217925992630e-01 5.929035332321719309e-02 -2.465275927949132362e-01
8.340461356480373400e-02 4.755776854346798616e-02 -2.231309372916683298e-01 1.732940247023936897e-02 4.238673071876357390e-03 -1.454606166058488859e-01 -6.176887865995548538e-02 1.712836622544569309e-01 2.700871103926671610e-03 -1.030881778451092287e-02 5.610729542229305616e-02 -1.767814162254125188e-01 2.425744938333989631e-01
-1.226471432457606481e-01 4.933050680315947262e-02 -1.839105587602034297e-02 -2.281800277555143253e-01 7.710337422585421263e-02 -1.053769967248912622e-02 2.089622776107420699e-01 -5.206881238769971165e-02 4.151037383875461062e-02 7.903631545579611895e-02 1.355668916355374232e-01 -2.270291232887722277e-02 -1.292359746064156711e-01
4.854123927099098235e-01 -6.744396062148986237e-01 -7.965869949721239573e-02 -5.906925261719863096e-01 2.420007392643098998e-01 -8.363073496003783913e-02 1.982708112359496122e-01 1.473215234964557301e-02 -1.889839489086617697e-01 3.030545940766140034e-01 3.103962737079326017e-01 -1.921506926476239663e-01 2.634353587531263474e-01
-3.994528668297863683e-01 -1.133417533703712371e-01 1.370637799913513536e-03 -8.812238735324240402e-02 -3.527203539528194209e-01 3.162430382239763693e-01 4.624520673618454647e-01 3.525429779272017949e-01 8.567903802089936460e-02 -2.128620936956492071e-01 -1.013849894467542812e-01 8.981751984529143251e-02 -3.247472083343815041e-02
-2.263742908403586912e-02 -3.352882816018440491e-04 9.192336147163891052e-03 -1.596635462916574932e-01 -3.321164635065594010e-03 1.403705848924218513e-01 -2.709994901523391647e-02 -6.775336666918352346e-02 3.287731811179527008e-02 2.247233645164467830e-01 -4.226681990036436354e-02 -1.636476167828291861e-01 8.730769068921087617e-02
1.614679191783440632e-02 4.517820996691056246e-02 5.941830038238338219e-02 -3.341179799825896857e-02 -3.804508230457945978e-02 -1.209758684529914224e-01 1.901980077253695445e-02 -7.013838013356388235e-02 9.416137667134744094e-02 -8.356662449782384372e-02 -4.341161983687802373e-02 4.493914822605850345e-02 1.184318589840912955e-01
1.366865749660864660e-01 -1.600434067702202201e-01 1.642221873640826446e-01 -1.510933788899695984e-01 -2.142583874888992213e-01 -3.886652277964128266e-01 6.743375262164791328e-02 2.016551985009152337e-01 7.119033449746921260e-02 1.436117142020089943e-01 2.350365187407727485e-01 2.961282591996504676e-01 -3.941580254500648972e-01
-4.098974812529129069e-02 7.702292581777100966e-02 -1.044356199234335592e-01 8.891312953197555435e-02 -1.642219738678618590e-01 -1.425098565806800777e-01 -1.234587824602873946e-01 2.786533046355739729e-01 -7.385907537618713326e-02 1.532811464116285716e-01 3.861879043363818098e-03 1.766677226770241582e-01 -1.211789380865288257e-01
-4.045427312967782019e-01 4.087642480823633351e-01 -3.370555680498151796e-01 2.831704005612498826e-02 1.927303227574043293e-02 6.645209996733621172e-02 -3.873803570815996800e-01 3.466091529871568322e-01 3.597443077784556187e-01 -4.534571728891729769e-01 9.249824910719260662e-02 1.480455303997791489e-02 2.537192597200850774e-01
-1.305364715915237062e-01 -6.491519737237411158e-03 2.367504694190311620e-01 -1.399492174244017229e-02 9.015205024135232448e-02 -2.587761550968177282e-01 -3.340664253434024733e-01 2.811922088412803777e-01 2.978188398774551937e-02 -4.665542943143856647e-01 3.429967037348460313e-01 2.322006975362482240e-01 5.091887762370517212e-03
-2.930409299699316961e-01 2.106002158094014143e-01 -4.632142135361931590e-02 -1.371951230946031886e-01 -4.017523338147953038e-01 8.774906311842919915e-02 -8.360041029584867056e-01 4.123851135402424317e-01 6.295508125622272244e-01 -4.083643745934528169e-01 5.110056951053132401e-01 3.950128548095713232e-01 -1.158793554632289169e-01
-7.200572932409303462e-02 -6.738533094205406693e-02 7.508540860089688018e-03 1.341161272289418671e-01 -2.715844712157931135e-02 9.660157857292822614e-03 -1.497265866936491052e-02 7.137591676617412173e-02 -9.485798989003089987e-02 -2.271048318260747156e-01 9.840845374699351555e-02 6.771946948208268369e-02 1.224424355286891364e-01
1.579446166609939708e-02 -8.766520809609491816e-02 4.275374524204315213e-02 2.583651419648495817e-02 1.123683648387495404e-01 4.865219027622040560e-02 -1.648482129006886288e-01 -5.459305245168708659e-02 7.339479655891414933e-02 -1.353834644559979150e-01 7.203770788133407460e-04 2.259043251509794750e-02 1.081251692291125971e-01
-1.108855228095376524e-02 -4.505131840938028098e-01 1.196266686732831430e-01 1.646689076746434000e-02 1.131326259421314706e-01 -4.555342715792229380e-02 1.114282033015489420e-02 6.188384777976774220e-02 3.316136927616429309e-01 -8.080974963173453984e-02 1.881080797412672534e-01 -2.401688130762695828e-01 -6.094786057961844132e-03
-4.463669913533487021e-02 -7.618933642692410357e-02 7.474263413687665114e-02 -4.945200630931781936e-03 1.919457076328977274e-02 -2.057707395651844559e-02 4.531707284870782615e-02 -2.028556275963810246e-02 4.712836177386792169e-02 1.146082498466092711e-03 -1.263077974121616653e-02 6.016868188915141386e-02 -6.068663756272930920e-02
-4.044924294420028377e-02 -1.141352863120786987e-02 1.614058908397605629e-01 -2.052112265201296304e-01 -4.300477467276025284e-02 3.860283388601307847e-02 -3.135574184580724316e-02 -6.549592362642006615e-02 1.723625025041269354e-01 3.766504631598145691e-02 7.940641093425643282e-02 -1.315121295223046216e-01 4.674599697975843904e-02
-2.895470223578331184e-02 -2.172798120205465811e-01 2.127508992891442019e-01 -4.622828432094986950e-01 5.417012187381387012e-01 2.756930713496125174e-01 -1.537843552630429600e-01 -2.670880792581153407e-01 -1.092152141052308428e-01 -2.561546614934915311e-01 7.104556981821713579e-02 1.132966426492454104e-01 2.880183794384182372e-01
-3.094720629129086784e-02 2.828316591007477843e-02 -2.874067913647991926e-02 1.075365354947411742e-02 -6.055768479959631329e-02 -2.241284314066458935e-02 5.564466818476031945e-02 -3.607514701808749863e-02 1.020394426744037075e-01 -1.678196018928936398e-02 4.270932349274395023e-02 -2.174138473854650422e-01 1.812452278464836142e-01
-1.324750683288173636e-01 -1.812399140295873484e-02 1.203349895334205610e-01 -4.635658546046680234e-02 -4.004246544489637599e-02 1.685062787730547962e-01 -9.838273459487337225e-02 1.028922934959694557e-01 -9.739627129036074193e-02 -1.101705019060603558e-01 -3.946691241031857755e-02 1.289470970194805666e-01 6.947998571389386868e-02
-4.346961413036938560e-02 1.347230032359647833e-01 -3.048263656823049089e-02 4.506526271434142805e-03 -7.311085028990122088e-03 1.363831667478842234e-02 -1.081138703768151910e-01 6.594059186866504246e-03 -1.849832816251712614e-02 -6.506169894622073485e-03 -4.468973041358638432e-02 5.466221428193831361e-02 5.269342862120553195e-02
1.477384812022340954e-01 -7.059784912928720457e-01 6.583858565063255459e-04 -1.471975058238915446e-01 2.087308944766016472e-01 -1.249915244992416963e-01 -9.155965643966668122e-02 5.289955809300829204e-01 3.746593556892938159e-01 -1.781684385690018857e-02 -1.796068280168743037e-01 1.201121802078274209e-01 -1.059979147360328861e-01
1.025155216150306844e-02 1.236911177607863399e-02 -2.258575068016419052e-02 2.426958394268254604e-01 -3.827020681960768833e-02 -1.964218076448912553e-01 -1.429849171531112906e-01 8.748974194644515423e-03 -8.961389204200856384e-02 -1.088689158833490295e-01 3.977297470436261251e-02 -2.682101000973292904e-02 3.194741616665176531e-01
7.555498244519277817e-02 -8.541782964631539077e-03 -1.130831288616698793e-01 -3.826614679053448320e-01 -5.515013783853092710e-03 1.281011057882608384e-01 2.678455973785502375e-01 -3.696457966430399811e-02 -1.580153789894875316e-02 7.959816629954741263e-02 -1.055089169958239592e-01 9.308806571742588021e-02 3.163462414266565714e-02
1.369898427204989944e-01 -8.495596771618444398e-01 1.396882174878510685e-01 7.930321332166403447e-01 -1.296225160041024616e-01 -4.128342741793899484e-01 -1.629591715862530876e-01 -5.721672163046677140e-01 2.792015437375520159e-01 4.872118498672380060e-02 6.963002920263928752e-01 -2.056242374760470781e-01 2.465799922337125194e-01
4.083374346332889482e-02 -2.047942063844758812e-02 1.301928732598161415e-02 -3.061890026094672007e-02 4.148085536176392141e-02 1.074525885237654493e-02 -6.034891844665378480e-02 -8.614921166501632310e-02 1.698262165730606704e-02 3.080052219366407468e-02 -1.788552553103419512e-02 3.967198240400846010e-02 2.969381898073592679e-02
1.233351658338947311e-02 -7.426338093323529843e-02 -4.410234838100179390e-03 -1.331263789033087785e-01 -1.247034758919538244e-01 -5.745575191582526914e-05 -4.556683878889578737e-02 1.387366427271080893e-01 3.945042951753815474e-01 6.406353199306202839e-02 -1.895528762883450791e-01 -1.647623323340068058e-01 1.345511009478873032e-01
3.420975571193217157e-01 -1.666291925190577505e-01 -4.014661497078329810e-02 -2.213664189727581055e-01 -1.661121271046095971e-01 1.665443871974153223e-01 -3.094289162360101542e-01 -4.422905437829863229e-02 2.148473462033278769e-01 1.236491563447259384e-01 -2.792422660226534514e-01 3.431033521710811218e-01 4.465890486536595178e-02
-1.335472297746877202e-01 1.636850769593131694e-02 -8.615125943914936357e-02 2.889112735296706092e-01 -5.184217450242334380e-02 4.327004030713854643e-02 -2.068019531034074598e-01 3.557408027232650261e-02 -3.849451159664998845e-02 -2.325132601336576954e-01 5.101228816737107818e-02 -5.940796331665626484e-02 3.813682755912607969e-01
5.148626346949899402e-01 -8.663640891494663876e-01 -1.134104462687734793e+00 7.987387930149973947e-01 1.345109791913330632e-02 -4.320955111218033329e-02 5.095177078616724975e-01 -2.584098357481432462e-01 -6.936103561012944008e-01 2.315599572475217083e-01 2.500697980826209754e-01 -9.332999838394868963e-02 7.785744180588987096e-01
-5.255902052832944760e-01 3.427147101630921844e-01 -3.413852492472241318e-01 -4.688902795572804649e-01 -2.930466723736642187e-01 6.685512606801615743e-01 3.136628167047630367e-01 9.576270936728216443e-02 -4.410621579256386315e-01 1.983307679743303090e-02 -2.104783678713912920e-01 1.116147477352091855e-02 8.365129974693070736e-01
-2.255600229558267777e-01 -1.015181403905260626e-01 1.690603977887726039e-01 4.723677296346481813e-02 1.087629323731999498e-01 1.014787666150273049e-01 -1.300125774136306478e-01 5.815406865494629485e-02 1.775908199365268045e-02 3.278464884459636464e-02 -1.119399115525273880e-01 6.267301897247257170e-02 -2.113292219655479864e-02
7.897867361862824509e-02 8.290702841350375274e-02 4.336925050166533513e-01 -3.014901126398113473e-01 -5.857825511872952751e-01 6.872446946252437627e-02 -2.162664673759973066e-01 -5.239518899985129430e-01 4.814589941068272982e-02 4.777033362495511359e-01 4.743366979408702999e-01 -6.113848854959696988e-01 5.821334102822397494e-01
1.021799705597024877e-01 2.196346052644124747e-01 -4.994648485673864324e-01 2.188150739394206790e-02 -4.627059151532867398e-01 2.655339515918209159e-01 -3.514570142307143485e-01 1.645794080861391617e-01 7.854903036151472673e-02 1.367793091209176803e-01 3.195115526337868883e-01 1.677810493054587848e-01 -1.550564926692409029e-01
-3.058986743233734762e-01 -1.425860365900409252e-02 -9.887331507499046157e-02 -2.765389024638237325e-01 4.210403349089171798e-01 -7.303211825692558223e-01 6.362430248149313350e-01 1.298938630598273636e-01 -2.620918048589568339e-01 1.324639645600942869e-02 -3.572264245055986609e-01 2.202939057731699291e-01 6.322374961392147608e-01
1.282514680150263209e-01 5.071032544569091527e-02 -5.637414854385778273e-01 7.986565067221369496e-01 8.165223931972075133e-04 -1.393515797741619711e+00 -1.276300851417912163e+00 -1.251317423429936515e-01 6.710859576142071958e-01 7.005533141666292485e-01 -9.254363793934523852e-02 9.713405355854701773e-01 1.375649986351571985e-01
1.219193749668715659e-01 -3.935049144325688530e-01 -2.152715201580223392e-01 2.232115333169205074e-01 -4.447988176434773851e-03 3.615668363316654373e-03 3.375272443054586624e-01 -1.536065494964269640e-01 -1.536295826696505440e-01 1.958675376939223445e-01 1.640493385560910788e-01 -6.713122706478184820e-02 -5.085280150762864354e-02
-2.233099805935122584e-01 -9.366228112505067260e-01 -5.537489158770498854e-01 8.707002981307535583e-01 3.272928075836049056e-01 3.670379613792526530e-01 5.564715650593595742e-01 -1.022429504720560489e+00 -6.387969792573330308e-01 -6.255883845538984245e-02 6.653754185597247073e-01 1.064248318455822961e-01 5.519102612931415797e-01
1.377815985051224212e-02 1.812184430990497475e-02 -3.191412542792660539e-02 -1.130392760085391184e-02 1.509367244198321460e-02 -2.248392858838830360e-02 7.139936198875557888e-04 -5.637899474385452830e-02 -1.805503617568794683e-03 4.245011598324336527e-02 3.827940237641615229e-02 2.367182235123595213e-02 -2.047641725752440828e-02
-4.547373237849976213e-02 2.127244163918192710e-01 -1.708837313581136608e-01 1.947910818350562928e-02 -1.927434014916264704e-01 4.587419525805571524e-02 -2.204581517311438588e-01 9.397386982007445433e-02 7.492952094288829468e-02 1.568478398719545808e-01 6.308257235119960060e-02 1.235381656050833776e-01 -1.531445577681302128e-01
1.307040268667166494e+00 -1.671529995755526077e+00 -7.802867223017936338e-01 9.848038320089197439e-02 3.236862718208535772e-01 -6.161882658611618213e-01 4.586579021504704201e-01 -1.053544878381958538e+00 -8.624926779235292384e-02 8.122348016545102301e-01 -3.685447967164408589e-01 6.904756122888497938e-01 8.935148007235583778e-01
1.993322774935711306e-01 -1.092106523470705026e-01 3.137876340098855188e-02 -5.480687686262999403e-01 2.012731612982313067e-01 4.737663201811315172e-02 1.269019726705340467e-01 5.222824413631470264e-03 -6.914234427246469805e-02 1.025511977590076555e-02 -2.843937932954282433e-01 -7.005088352464429458e-02 4.668718046920042331e-01
3.740649511729719767e-02 -8.721565092719227308e-02 -1.776565774210891735e-01 -8.210434670610645969e-02 3.569118874224794791e-01 -4.246343599857823614e-01 -3.328195742950401659e-01 -2.014451253702852565e-02 2.986563671182970725e-01 2.264827243719794159e-01 1.473903736649514185e-01 4.120298835863122067e-01 -3.465565957120109175e-01
-1.338376050639096260e-01 -1.379974726279301622e-01 3.488857333985750375e-01 -5.288971927401764708e-03 -4.124285230084968057e-01 -1.845694215396290749e-01 -2.843553816504842402e-01 2.436680167989559165e-01 2.087313304574429373e-01 4.166256958706775482e-01 -2.317187392635014775e-01 1.723370128118517919e-01 7.694439440916946149e-03
=======
6.778868832229825725e-02 -1.056431466360274185e-01 5.243702128446675430e-03 -2.270099403139502064e-02 8.683622350071776297e-02 -1.483095197735187325e-02 -2.403171240264609931e-01 -1.279159118925257410e-01 2.824454983622874393e-01 1.695474761041333989e-01 9.654295038406801588e-02 -1.245251789055217967e-01 -6.472511763560181985e-02
5.787615579847454200e-02 1.836664491484604061e-02 2.676519370043899115e-02 -7.171761416195104877e-02 7.101657447255632638e-03 -1.765731109804246496e-02 -1.379016119487530279e-01 -4.948203040441426226e-02 6.772089307743021924e-02 5.053139745614381589e-02 -1.787386227943463940e-02 2.796593942305625191e-02 4.605066177201688760e-02
-5.840447500279367932e-02 1.594203847721354650e-01 -2.019187565317182853e-01 -2.208245038216335998e-02 6.199680534847604174e-02 7.197899392210446723e-02 -4.444800130071124844e-01 2.153987395966910912e-02 -1.128196335196138267e-01 1.454231182165894309e-01 2.780803666090481685e-01 2.290005861902845719e-01 -1.199886868778385351e-01
-1.233110635729439825e-01 1.018513999762400007e-01 1.693511593201046939e-01 -1.217536779143836012e-01 -1.196750150261122747e-01 -6.637375983712730243e-02 1.033427542173587232e-01 4.322397137992786686e-02 6.811875953147490670e-02 -9.683871267000092320e-02 -5.641684144833487152e-02 -4.716791394035436263e-02 1.533950536812180576e-01
1.215160067594607124e-01 8.968114539583173228e-02 5.437107691060111270e-02 -4.565478278984987093e-02 -2.549757821201656949e-01 -1.742331491455381687e-01 -5.883367186763267809e-02 -1.468070214402568130e-01 1.703141604838135093e-01 1.780175653205164077e-01 -2.320183917321398948e-01 2.057591426515223143e-01 1.006098152709041238e-01
-1.177945941874221358e-01 1.535830682034235867e-02 -4.306064503849903469e-01 4.993981674443955660e-02 1.853320470623600336e-01 1.958997881799474094e-01 1.596999821176842138e-01 3.584121063781327277e-02 -9.105335235662073701e-02 -4.594359319279599230e-02 -9.627161967093664230e-02 3.572500202491047522e-03 1.437720717247548408e-01
3.217583202295574291e-02 -1.099950120387085950e-02 1.400217200000396234e-01 1.384401033093301051e-02 -3.958951022142741250e-02 -1.054131448914562424e-01 -3.832036651619581680e-02 -7.023318160392900966e-02 -1.040832444329926887e-02 3.697257787390419159e-02 4.502229746625308754e-02 -4.011291699933815236e-02 5.478662188249799891e-02
-4.363785901485045526e-02 5.815998592935313072e-01 -9.419308346817496513e-01 3.698590019162720788e-01 6.949104099484714955e-03 2.563577070716068218e-01 -8.260378815613337311e-01 -8.847925668041608516e-01 4.874880442232809585e-01 1.378616585373300119e-01 3.307532801861577942e-01 3.667325375912591778e-01 1.665440628402388712e-01
1.569303227781342763e-02 -3.811544261207540363e-02 1.844900872897084487e-02 -8.153298318844949544e-02 -1.639225317052390440e-01 8.828924917290793817e-02 -1.373313361968613311e-01 2.319081780594332842e-02 1.320404287387614839e-01 2.879783650192705435e-01 2.524484317021158386e-02 -1.161174386416068405e-01 -4.611989887258015341e-02
-1.781100164076436232e-01 -3.855472156229716174e-01 -6.480453660858426224e-02 1.559731064802011291e-01 3.295442293473244133e-01 5.885152067350033628e-02 1.506314712955124369e-01 1.689801222988551732e-01 -2.536826633275354737e-01 3.740313871180416666e-02 1.868564398262488047e-01 -1.801183345571726602e-01 -1.823114841247183010e-02
2.516260087892573383e-01 8.410787349880045893e-02 -6.761702877218478402e-02 -8.564830004295706511e-02 -3.773401765799783147e-01 -3.933867369887575904e-01 -1.049989319502368373e-01 5.285781136759300225e-02 -3.660216277787545214e-02 1.553946821691580549e-01 5.382467892147543287e-01 -2.804449018401483085e-01 2.715511876096421973e-01
9.625738775180258527e-03 1.579244411829942851e-02 -1.679527841247251407e-01 -8.897997498952110729e-02 1.398269965999900111e-01 2.352081903882001224e-01 -4.822423696518430419e-02 -4.099140133819372811e-01 1.517400732032112287e-01 -1.396747282342036545e-01 -2.041736213269863265e-01 -1.359052347231416158e-01 6.503772643578853430e-01
-6.461727329870869951e-02 1.552639770986149470e-01 -5.321232802254832750e-02 -3.808606183868730455e-02 -1.537407280676905685e-01 2.369700079322379915e-01 -3.016131914798736435e-01 6.362308762461289791e-02 -3.079337582470784498e-02 2.949389231794458457e-02 3.942534677323854264e-03 -4.008777460616333443e-02 2.006033471847123439e-01
-2.639833392693106268e-02 -6.138738737542671908e-02 7.796447167662279298e-02 -2.137044801907294830e-02 6.254525968376142830e-02 -1.172178055255345824e-01 -9.477365704773539623e-03 -1.368633762710069063e-02 2.029518007671628210e-03 1.190431204974691098e-01 3.835643817399568556e-02 -1.123064595123598047e-01 6.965144334874558141e-02
6.769814883481165002e-02 2.194071674446835540e-01 -1.060249507398529356e-01 3.994537506750369532e-02 -2.716762899502341289e-01 -2.869798351590497898e-01 1.024530259097763130e-01 3.467650572305693013e-02 1.259328787709461106e-01 -2.087540636466732602e-01 4.536790824224901097e-02 -1.759579110420938508e-01 4.216581542419435280e-01
-9.107744306833913395e-02 2.477565990072221336e-01 9.204168701963631738e-04 -4.424108715714877293e-01 1.048934770017195123e-01 1.750192546659852244e-01 -4.760688535967892987e-01 1.972471697783233779e-01 -5.467505418898131742e-02 1.046508552464516517e-01 4.500481393234563587e-02 1.694267211105783544e-01 2.705902850984198693e-02
-2.896459419807960178e-01 -1.541906429828786562e-01 1.741925628980028340e-01 -2.178962594247437767e-01 1.520560254684479029e-01 2.161687353911217468e-01 2.309310655903599185e-01 2.021928724917880227e-01 -2.234569570781270442e-01 -1.063791787226853885e-02 8.518332793163500838e-02 -2.470190793684719777e-01 8.986832263299746049e-02
-2.022712995308665329e-01 3.008409352260923986e-02 2.148160915108462132e-01 -3.214737752426924389e-01 7.979861392104176110e-02 -2.406877704530853979e-01 -1.894579890167922415e-02 4.177063971256919639e-01 -2.118419933273251073e-03 -9.964432375833841282e-02 -2.564288221550310443e-01 3.689156052829660193e-01 3.799552230887794785e-02
-3.374393454891351785e-01 -1.824505674712699754e-01 9.497807534619026604e-02 2.110548676052438899e-01 -1.962893226114580947e-01 -1.002043057006152815e-01 3.948778979639466225e-01 -1.709341298620273841e-01 6.184741450403012930e-01 -3.372805378264266407e-01 7.733849247658146353e-02 -2.471443184100478863e-02 -3.966472393325920498e-02
2.373868643297113654e-02 -4.561985291980415469e-01 -1.761364700280378462e-02 5.990864823506623082e-01 -1.496420425267939169e-01 -2.244666101253394719e-01 -3.729988551540631136e-01 -5.508466879806030170e-02 2.636617548987228998e-01 1.532695239427489531e-01 3.940183906163066685e-01 -4.849923727967999088e-01 3.349680010575570854e-01
-1.886574462871025773e-02 -2.019621077015976846e-02 1.979131087029441793e-01 -9.987032842683647715e-02 -3.141798485715653622e-02 8.914269212259713637e-02 -1.240540106380523533e-01 -3.434057060563765196e-02 2.158137616887480237e-02 -3.271408449923261796e-02 1.629659836034025866e-01 -2.696936910254211783e-01 1.672955785504550430e-01
-3.209044354248686282e-01 6.785691679562150247e-01 -1.562423903823669524e-01 -1.160504676606874674e-01 -1.059289230647587482e-01 -3.980597839908970870e-01 -1.110236954097944678e-01 1.124752689829881525e-01 -2.170800603294507081e-01 8.600968430282693311e-02 3.537018865184204941e-02 4.697429338860962256e-01 5.086862617992274349e-02
1.043790787607964954e-02 1.386108072221247378e-01 -4.625980095815062504e-02 -1.386270834252536013e-02 8.116931703866829551e-02 -4.334932901412469342e-02 -7.749720767899673235e-02 -2.350216913063082613e-01 -1.972706203647227874e-01 -1.887123958176867011e-01 1.163771356264457768e-01 3.503151126341960686e-01 1.128095867820674697e-01
2.497236968495471915e-02 -6.080699950914248558e-02 5.723243402067708374e-02 1.605011794817347293e-01 -7.760338289955562296e-02 -1.725664489280664959e-01 -1.953831301329995995e-01 -1.107663471744566308e-01 6.099387161970228066e-02 2.268332789493173740e-01 -1.916761519938938174e-01 1.438536315596701531e-01 1.421618090191252848e-01
9.681373094955808556e-02 2.137340746299946914e-02 -2.249640476397100353e-01 -4.056985273835389538e-01 1.782527644624765373e-01 -7.925217399934923745e-03 3.947673109929393798e-01 -2.353019403405364751e-01 -1.958757162087681469e-01 3.865710877440381443e-02 3.359557946043638110e-01 -3.106145539361681029e-01 3.223059993589822980e-01
-6.230912050329716345e-02 1.909305391560498777e-01 -1.017737324643242791e-01 -1.060450207176067555e-01 -3.239454771590810633e-01 5.760404367967968814e-02 1.770726615131202331e-01 -4.329944397705189768e-02 1.017952125561826376e-01 2.353102667438449203e-01 -1.364255236368561164e-01 -1.779798138046715383e-01 1.968115223110783463e-01
-1.990524948506099817e-02 -2.391062481299379913e-02 -2.661485322460859990e-02 5.981143890236603582e-03 1.000986102497344460e-01 -2.203733574688269276e-02 -3.301133688647236303e-02 6.498716734684691076e-02 -8.687639661135311553e-02 2.098983667706458625e-02 -5.196838916644706818e-02 1.496751049983684190e-02 6.504603096716615740e-02
-1.110367831117571868e-01 1.148494351679422987e-02 -2.501744190147766611e-01 2.838284785214341688e-01 9.152211411985583522e-02 -5.144789023263762751e-01 -2.388456256334734601e-02 2.495164126105247626e-01 5.184827536212653631e-02 -3.806227502519418104e-01 4.393861961513406134e-01 1.193535212557502445e-01 4.100358942743983354e-02
4.565239139861544670e-02 1.714162906862014973e-02 -9.648873573743180221e-02 -1.246166369075067948e-01 -6.842208239081920551e-02 1.024645169710644982e-01 -4.896836766054536716e-02 -1.478228392001068939e-02 1.282169218111717801e-01 9.067866112335541684e-02 -4.806538314870897194e-02 -1.833332009238193561e-02 4.326880318164436079e-02
-6.531686329903358956e-01 -5.768146287602623490e-01 -3.366386002841539327e-01 -2.682485142262861499e-01 1.328369954023895516e-01 5.834845793594798380e-01 1.121805196404299654e+00 1.104092006045537810e-01 2.073549121108450022e-01 5.122452313167517035e-01 -7.621905305605010117e-01 4.203531008569071359e-01 -4.836821955366205072e-01
-1.347912923451234812e+00 1.330905022644406577e+00 -1.936804193918449490e+00 -1.571263538140037719e+00 -2.226789610658368446e-01 -2.609876310409310896e-01 -3.201339694393297575e-01 1.867040746744872415e+00 1.769843147278090945e-01 1.400154007610178164e+00 -1.911211938918542241e-01 5.171957306037884283e-01 5.663687023136861898e-01
3.431503806515602828e-01 -2.022002240560141773e-01 -7.325592758329529941e-02 -2.133124729001214526e-01 -3.129763256368860436e-01 4.407658752397704272e-02 1.646861560706766869e-01 2.287567953941781751e-01 -2.600563885784284435e-01 1.080508886323577750e-01 -1.708791723230162485e-01 9.984672031137618864e-02 2.518590961907024028e-01
1.066991501928381408e-01 -1.053457021096995960e-01 1.419598997827785647e-01 -2.633951988679461217e-02 -1.500327417276635378e-01 -7.990374551808389347e-02 -1.026125820134507066e-01 -1.552371254109957688e-01 7.641696032457134802e-02 -1.452038136510260674e-02 -8.569455341903389756e-02 2.970328692074504784e-01 1.053235856402530424e-01
-4.660293281052368952e-01 -3.241503600772190352e-01 4.285421118519610606e-01 -7.853034315899785067e-01 -1.946248488649535702e+00 -7.269881392141390730e-01 -1.279557136636026549e+00 1.172037752627851814e+00 1.026016684639936560e+00 -3.015572528169810917e-01 7.363994796664288245e-01 2.912472767355569925e+00 -4.378885453555643181e-01
7.960065917468933661e-02 -6.305589809088686659e-02 -5.586992427219422686e-02 -4.503658618188206841e-02 -3.599127613430710970e-02 1.401634488676494622e-02 5.759552004544394449e-02 4.191373317601902043e-02 -5.720365383966298511e-02 1.148674028261287561e-01 -1.192600581846107038e-01 4.987208462811434928e-02 2.629776566345050012e-02
2.709465141530994492e-01 2.307506300022569082e-02 -1.300188482493830122e+00 2.372680310866059072e-01 -2.249532532939587104e-01 4.132086729656234136e-01 -4.468968709919439730e-01 3.303884148601640147e-01 5.212217567818925312e-01 -2.958976061518562295e-01 -7.694551257687577694e-02 1.008422633652996669e+00 -4.519032472950758605e-01
9.592260764011388552e-02 3.649379863660034452e-03 -1.995068659476505885e-02 -1.965991017363970805e-01 7.164317455972842030e-02 -7.177815429031326674e-03 -7.512477635360113870e-02 -6.100772026987152930e-02 7.341394815748275571e-02 9.295500250665116038e-02 -8.715254726981706834e-02 -1.388607558003815412e-01 2.560354044232953652e-01
-2.568524235951364920e-01 2.711335121950154137e-01 1.875159601913911345e-01 -2.645537166006255506e-02 -4.231337972442512640e-01 -7.055372468038209610e-03 -3.196555360145351271e-02 7.421290737573144058e-02 1.058947943947945863e-02 -3.111030866829930450e-02 3.999105436008563164e-01 -8.403770593324982885e-02 -7.500575593491569382e-02
-1.532077832685073138e-01 -9.553409632672434093e-02 -2.154052132452774840e-02 1.067773949269293365e-01 1.667530248358195799e-01 -9.555511701751812081e-02 -2.585898170198689949e-01 2.753795542167841170e-01 2.266509578284888193e-01 -5.425403051741670493e-03 -2.762658330103845775e-02 -3.380105290432546677e-02 -7.653444389670278902e-02
-3.351834904644522550e-02 -2.993089515317254312e-02 -4.132894938934653095e-02 5.122302358955487661e-02 4.009671462047194324e-02 8.274136355044414692e-02 -5.867417646344413873e-02 -6.426793944186411089e-02 3.140676677080863483e-02 3.024973714569299810e-02 -5.401995981380058875e-02 2.833001441187044805e-02 2.543876291629699679e-02
1.360019613142192108e-01 -1.213156878908373953e-01 -7.362287929128361053e-02 7.538484057044436693e-04 6.164495637755285085e-03 2.324008297828021596e-02 -9.198567405724313029e-02 9.599829758566297278e-02 -5.022692148827376246e-02 8.475048585735864282e-02 -5.769540815135146966e-02 2.893945734045897528e-02 2.674405545661653200e-02
-4.943123563781140484e-02 4.791857024279539551e-02 1.679516504649513839e-03 6.482075124571731739e-02 -1.416518973450711094e-01 2.527712439731879049e-02 3.197766351632592985e-02 2.087621324571246051e-01 -2.023477989958524792e-01 -6.548749345815398082e-02 -2.064493430476931624e-01 -1.187383936318364835e-01 4.114165174495539312e-01
-4.110601603853563518e-02 -2.339965738873203693e-02 -5.025022663652262134e-02 7.199224613653465443e-02 3.973112096812082134e-02 -1.938520173474431868e-02 -2.967402208332889368e-02 3.453090814195153291e-02 7.102233207892633127e-02 -5.772475031008997282e-02 3.727124283964678569e-02 -5.901012973403993445e-02 3.374826745788016280e-02
-2.416565071083659755e-01 3.844582338521589093e-02 -2.296060842911521738e-01 5.818018238586666890e-02 -7.171244668397999678e-02 -1.956647756672329486e-01 3.844305195111177298e-01 8.770168843359855970e-02 -2.474801611987037173e-02 2.796054991696697578e-01 -5.240515520713849920e-03 -1.618206287427055232e-02 -5.580719092281585803e-02
-3.135380651871736424e-01 -3.827071846833202812e-02 -4.333761858000394485e-01 1.620795224366481935e-01 4.410525880313249103e-01 3.603419603029189150e-02 -3.947702653688623942e-01 3.824799222633565865e-01 3.387066524797838762e-01 3.093219455440637256e-01 -3.569320419270243239e-01 -4.777838177405243081e-01 3.527423814035539062e-01
-1.396930219907974169e-01 -4.431534916990809148e-02 1.190442480820537718e-01 -1.152499525354405419e-01 1.399898221286448585e-01 -1.322013560963898327e-01 9.671835245790094682e-02 3.971019868522307483e-02 1.744340356522602331e-01 -1.469923531967321506e-01 2.437376320516846523e-02 -6.204007456516536650e-02 5.396780104024891805e-02
-2.131667811927094314e-01 5.163330678691582243e-01 -3.846324768906752567e-01 -1.155515737339162685e+00 2.274392066814296953e-01 4.731478650277597953e-01 -1.161696450175325523e+00 -5.406256553275426979e-01 7.589063575229620939e-01 4.103749394217998808e-02 7.475222731456480085e-01 7.908133057840523172e-02 6.199156198549392593e-01
-1.955937823055417524e-02 1.697769888582561504e-01 -1.571034066323090395e-01 -3.452285047410865587e-02 -9.784719176226899795e-02 6.955830196911856611e-02 -3.472255770309189971e-01 1.299662123186386964e-01 1.748002282910447458e-01 -7.659568949543002492e-02 2.495923369542324688e-01 -5.809452615440449663e-02 5.000665085770683582e-03
3.050684029645928108e-01 -8.982252481097095786e-02 1.365325271497487558e-01 -2.729681632980785477e-01 -3.740335778030219882e-01 -2.544279620931127472e-01 -3.117715394116279404e-01 1.913868494908727014e-01 4.455906697624272272e-01 3.020431620167571274e-02 -3.897637357942725922e-01 1.534143883840291822e-01 4.383364629548052172e-01
-9.774019424089878116e-01 -1.001968742272697499e-01 4.979808551441792797e-01 3.405202381202772077e-01 2.888055734071141023e-01 -2.357292553904317689e-01 -1.750329591983990352e-01 -4.141122424964079340e-01 3.001814756541343332e-01 2.701136632484817390e-01 1.169998237412004372e-01 6.569979062743205311e-01 -5.613801481711442332e-01
>>>>>>> ea63ce8354f58d16bf9988ab4c1113c311a33941
