-1.237161177841328286e-01 8.445045421940036712e-02 8.964221938405438073e-03 7.566279219815069679e-02 -4.789576170252018983e-02 6.379706212065228144e-02 2.363616116571604364e-01 2.251345148022778908e-01 1.369607925664806936e-01 2.988720111014600556e-03 1.492968645761658109e-02 -9.637120549571427663e-02 -6.932409273858444743e-02 1.568678559407620243e-01
-7.956536230682080546e-02 -1.839091030719486319e-02 -3.384129036760098047e-03 1.370282083882319868e-01 9.604397859228114287e-02 2.631693874142425338e-02 1.099251376142657971e-01 3.708723423784397455e-01 9.939929372981860800e-02 -1.539678967344230986e-02 5.354697292073200277e-02 -4.646362928772116568e-02 -7.944540450917879360e-04 -6.032706341719312054e-02
2.042319132723762615e-02 -1.523256786873193602e-01 8.071848624452251930e-02 2.418632590900460233e-02 5.940161431926791608e-02 7.778284029452797732e-02 2.322877225626724870e-02 3.066283107163280119e-01 1.180373599647484700e-01 -8.673689758239039316e-02 1.286670856454597833e-01 2.831358661686990061e-02 8.762655311361966515e-02 -4.714101584717458188e-02
8.121656241147939825e-02 6.527246213637242014e-03 2.275762086873783091e-03 3.288183507933453709e-02 2.658579169708275014e-02 3.592275259196629073e-02 1.100473358697643400e-01 4.210561104833749901e-01 5.588179191079949149e-02 7.383937824937203409e-02 -7.509675119324218939e-02 -7.540242760577987868e-02 3.873804059167110236e-02 -6.566289409536460453e-02
3.133637597947699222e-02 -4.152232955154964295e-03 3.907675244245183144e-02 -3.384755133466393201e-02 8.161378963280491172e-02 7.111801692624986071e-04 8.808937592732643540e-02 3.492252472908137784e-01 5.614327585782739188e-02 9.644687292535132628e-02 -4.245406622368644994e-02 4.394229337431489191e-02 5.307286325080404210e-02 -9.039364204595924657e-02
-4.590020706177393162e-02 -1.814144435226996421e-01 4.569884389574474515e-02 1.146360611945169555e-01 1.183075586280453451e-01 1.863648033764805367e-01 2.118696943452521575e-01 2.763488229342989655e-01 -6.080981600566580381e-02 1.244922007721514651e-01 -1.381579997940746152e-01 -7.692784371158850609e-02 9.703617514190854276e-03 8.459924172609098458e-02
3.283012357160942918e-02 -2.707657379160835140e-02 -3.785467463301028790e-02 3.624190694100033749e-03 1.152662070750229140e-01 1.570306430841616196e-01 4.964059761499869938e-02 3.616794615396202173e-01 -3.593066984037741191e-02 -4.975490186523010699e-02 5.461940563958313233e-02 1.506626554764905201e-01 -2.042085219615452640e-02 -8.550507807823645723e-02
4.290346302433631354e-02 -3.635692858632456892e-02 -3.234863448751314208e-02 -2.131745717656709227e-02 6.374910945828957121e-02 5.263441414095213627e-02 1.172299201231198768e-01 4.164693151130389737e-01 2.356579880224116130e-02 -3.572362554865830125e-02 -2.173963264908500281e-02 4.727478206172130992e-02 -4.201765065261921228e-02 9.448766066803732100e-02
-2.831386487646344458e-02 6.316245187779724601e-02 -1.251991398834232348e-02 -2.773676987916679632e-02 1.656618361052496768e-01 3.456672309853537489e-02 6.855610201645416513e-02 3.947577247393616595e-01 3.424472330101976936e-02 4.393769053459909563e-02 7.574440470615317542e-03 9.048639722653996353e-03 -2.604090032900886406e-02 -5.808834850233542124e-02
2.912224135344987364e-02 1.962728318442902575e-01 -2.000895806619864270e-01 4.788827174219913163e-02 5.777648066840761903e-02 2.859427443301009591e-02 -1.094309646373876066e-01 3.849108708726414196e-01 1.393243520635233101e-02 2.230085299019012035e-01 -2.309775286220359103e-01 -1.690802811844582809e-03 6.890594773393708683e-02 1.605875272680348798e-01
7.254923245324840231e-02 5.393976707418245836e-02 -2.788376633508059532e-01 -5.901098506011180633e-02 2.482744587935178937e-01 1.075046519368601794e-01 -4.550016275533441679e-02 3.078901542229832700e-01 9.497074956896947584e-02 1.166693521029871575e-02 -7.394489243486340735e-02 1.949491408772132534e-02 1.272084908185386887e-01 8.260488372576443861e-02
9.015897167060374362e-03 7.923774939317876354e-02 3.219237550036679885e-02 -4.695042700985889439e-02 -2.003343864781786943e-02 1.192165991811489356e-01 1.150918734044268366e-01 3.021820390701570047e-01 -5.371370612005189199e-02 5.503377473864608932e-02 -6.231035328437417586e-02 1.163736390472493026e-01 1.116981198109578688e-01 -8.822360796011982642e-02
-1.290998907420162767e-01 1.710929462744863877e-02 6.102749378343021169e-02 1.055580232887848718e-01 -3.715285606133458818e-02 1.259441464783189746e-01 6.906324386842255247e-02 5.073841452269878260e-01 -3.045108352161443599e-02 9.157380584507333887e-02 -8.605647569125456087e-02 -8.261335257657895226e-02 -6.158884132718522170e-02 1.181128810924869932e-01
2.295629589766491965e-02 2.863680023900865360e-02 3.939276622504829517e-02 1.047205194856192997e-02 1.330857181095878028e-01 1.363962804359888925e-02 8.742216500138701163e-02 3.492566930202086195e-01 -4.696410419956765364e-02 -5.881771431185189164e-02 -1.717495730224550404e-02 1.745207991463230621e-02 9.185248396990362829e-02 -2.399372264967579872e-03
3.465256479700980219e-02 4.698159311783410563e-02 3.884677245343937796e-02 -2.499981359310288892e-02 -1.536107254767666262e-03 5.842602697341450074e-02 1.384811448605698936e-01 3.630984494310639521e-01 4.012099089089620103e-03 4.187826614396839009e-02 -5.884804626070041719e-03 1.064897840336360632e-02 -4.319708814008142717e-02 7.402452635238111582e-03
1.061029336419911373e-01 -1.081185584097846264e-01 -3.639948514512949401e-02 -1.146360247484216471e-01 -5.262169962074672580e-02 7.098796846202271027e-02 3.769597770608043574e-01 4.832621596099119232e-01 -1.042776710607481866e-01 3.056933310498203063e-02 -2.738616293590951170e-02 6.409911595069846257e-02 -5.347014156963314502e-03 -1.438413746173769492e-02
2.434914772513430831e-02 5.568856530642620623e-02 3.007036348164909834e-02 -7.245645152734371541e-02 1.330988619123761874e-01 5.121743446498008140e-02 6.406934200152353265e-02 3.230122910625199961e-01 3.136957968694721599e-02 -3.703415375141790034e-02 -4.605726697434260608e-03 -9.129868273279120872e-04 1.120500027855129282e-02 5.973926717438542144e-02
-1.055863528260350681e-01 -5.862080515948520087e-02 1.033067202907168164e-01 6.817009120451118787e-02 1.447150379992830083e-01 5.369661983182784371e-02 1.409240463582764058e-01 3.382491103803750288e-01 -6.619458694366846946e-03 3.147484161257289859e-02 9.674272477685347260e-04 -4.152025070255040140e-02 2.578345277934507990e-03 -2.924838529859429253e-03
-7.477449819249241958e-02 -8.880763934711379329e-03 1.970451945996173904e-02 3.206382925735205142e-02 7.237659299244257605e-02 4.105308879313565758e-03 1.420041985949214991e-01 4.219352690999181310e-01 1.010793681161441526e-01 5.476353034513251408e-03 -4.036928139005267757e-02 5.662707252145384763e-03 -6.512208188282272991e-02 5.354901300433626693e-02
-3.638756328779324534e-02 7.099777050209724050e-02 -3.204390078631366712e-03 1.645239826903833677e-02 -6.991618611106781289e-03 8.335941879082331418e-02 5.232204742560719879e-02 4.537412985667780840e-01 1.240634504185320758e-02 1.717222593447806020e-02 1.330184491673611080e-02 -2.149992191124924096e-02 4.352692892750237297e-02 -2.638625019516404463e-02
7.693093200853926006e-02 6.111519099673395905e-02 -8.300944459727359337e-02 -7.176840020394646691e-02 3.073666191068255560e-02 1.637772991746974383e-01 -1.348319802287740454e-01 3.888328393869293631e-01 1.824881006726013222e-01 6.136490500802836701e-02 1.530013145612488419e-02 6.187454972299556710e-02 -4.514873561634034915e-02 -3.885151540002895754e-02
6.812213239234649054e-02 -7.072243222097124304e-02 1.041336558163811349e-02 -8.125039213428239537e-02 1.098539258342539071e-01 -4.126271171515910607e-02 1.646407764717309485e-01 4.178431011564208153e-01 7.924954396921456146e-02 5.215985269739877722e-02 -3.180486070709212520e-03 -3.416639757909292752e-02 -9.924479531275719191e-02 9.635505122093784847e-02
-1.485681490168683228e-01 9.040579010095547985e-02 -1.925299473167171593e-01 1.932562532176546333e-01 3.269695246204992745e-01 -8.865734190250285085e-02 7.814529136753953220e-02 2.365994765180935711e-01 3.268479780242668220e-02 9.834384035475575436e-03 -6.962587870249775657e-02 1.740482605451028897e-01 -4.384300883500030777e-02 7.009108185680819336e-02
-4.152774851375034409e-02 5.434067485245251683e-02 -9.566198725889641513e-03 4.258595949832161970e-02 4.814082780796406780e-02 8.126830163998378931e-02 1.660388340895705972e-01 3.846893373585777987e-01 -4.352577400728545320e-02 -3.491048959518244788e-02 -1.033577194380396261e-02 2.274749531985371595e-02 -6.465048887952478188e-03 1.533013539810974130e-02
-5.871577269979208480e-03 5.594002837094234210e-02 -4.465844212545867081e-02 -2.753762155600536499e-02 1.264113842860799253e-01 1.064650230605023937e-02 1.046548620853112038e-01 4.046488023371078713e-01 2.773452706004258042e-02 1.320912792452647033e-02 3.180302060637315437e-02 4.488984520810744561e-02 -4.710044794096522602e-02 -2.595947700116330373e-02
-4.658980094576239961e-02 2.157045897215421892e-02 5.323564031404809382e-02 2.355490488689744068e-03 5.852251235198295543e-02 1.520640312589456034e-01 1.261792848065994843e-01 3.884144505479699139e-01 1.506046278184747754e-02 2.471457605611607211e-02 -8.313838188904357218e-02 -1.482054729647503885e-02 -2.481124013745399440e-02 -3.946403018649387827e-03
-8.789640628376201026e-02 1.815191126188098192e-02 4.011143843614073390e-02 3.150743065414936261e-02 2.252114114460042338e-01 -4.558040419335342847e-02 1.218290398607330960e-01 4.477119404771342515e-01 -4.163273548158487325e-02 1.083523516379322239e-02 4.235107688048307673e-02 -7.066932423620432557e-02 -7.504736334250503016e-02 5.192728364806014490e-02
-1.282558070478581613e-01 2.482629019940146148e-02 2.105569805713981921e-03 7.458961504080907634e-02 5.676455761381597742e-02 8.785299835994259121e-02 1.559431167258465978e-01 4.356231693991749476e-01 -4.436647557514770274e-02 2.207534465839337823e-02 6.309791800619989066e-02 -1.903180604566757569e-02 2.714203423569611778e-02 -8.955599108535122754e-02
1.611973050650962469e-02 -6.438427642905121540e-02 3.020879391182316673e-02 9.830713470568701318e-02 1.072661040863302911e-01 7.803573450509753914e-03 9.908012900562233882e-02 3.596659482957212939e-01 6.029336230170006389e-02 -2.406969120109217486e-02 -2.184162422393901015e-02 2.280030948091284898e-04 3.178507760584851211e-02 -3.165173081950939382e-02
-1.929027168357493327e-01 6.067352925414506992e-03 8.715932075978409521e-02 1.300604541063639930e-01 2.286254984847347904e-01 -3.962690527774366533e-02 -7.360665983741332408e-02 3.366307565813733138e-01 1.604636448428533591e-01 -7.651164759628145684e-02 8.844677095731698357e-02 4.992593189319959046e-03 7.044955980414338570e-03 1.967116010581748675e-03
-5.195588869097850920e-02 -1.090841283190486545e-02 7.506375616248404936e-02 -1.048714987999378873e-01 -2.589805889072161610e-02 1.464118727392386965e-01 1.367356778386246696e-01 4.977907182487872895e-01 6.073459468271917572e-04 -1.002576088655502545e-01 3.925802000470758613e-02 6.558400456300884050e-03 4.461897121596320598e-02 1.565723975712890806e-02
-1.943130953233967312e-02 -3.648757885148085078e-02 -1.018327229216088314e-01 -3.159530950904526625e-02 4.922098440518221651e-02 1.665251545128353106e-01 6.598313001764798125e-02 5.284608524981104782e-01 1.023305129311735673e-02 5.412893125315489801e-02 -5.126979084373746443e-02 -5.959997500059717457e-03 9.042227786682394131e-02 -4.958713839763114611e-02
-1.663770598394110484e-02 -4.151436504495008978e-02 1.057436524970588182e-01 -7.842872777380027749e-02 1.222649952251338989e-01 7.600753649298416792e-02 1.271470536978605015e-01 2.672411174118738963e-01 5.185814037612884037e-02 2.675073640416372744e-03 1.204689889020140597e-03 4.034050147145232940e-02 -7.149092660181567693e-02 8.239949899354755136e-02
-1.128778568235664775e-01 7.918329715188776596e-02 4.735546459284278864e-02 -1.485772621725637288e-01 5.036551201190025279e-02 2.185820417939313698e-01 2.167002319981079297e-03 4.262580097752640684e-01 -1.430076378375356658e-02 1.152234513597062866e-02 1.575474653205107822e-01 2.431735885052359932e-03 4.956277969616317003e-02 -1.004092366126512620e-01
4.295220749040347397e-02 1.748480627111712732e-02 6.566014844308029619e-02 -2.315712918364778300e-02 4.113267521671039317e-02 1.135317654369331908e-01 5.056588198827822317e-02 4.029845965285984155e-01 3.023352331664986431e-02 -3.163394448612366627e-02 -1.850294649256109536e-02 3.025607923833934648e-02 -8.259895556832259900e-02 2.990182609151411861e-02
-8.953774683378959431e-02 -4.710243503167881735e-02 -9.840703823791596694e-03 -1.429237394030122288e-01 1.912865415576309180e-01 -2.577428529617528663e-02 2.014012363056119082e-01 4.098028481126382294e-01 1.610515527899299970e-01 -3.043373826526193926e-02 -2.467752805834421900e-02 1.947929804225887462e-01 -1.510660365261139726e-01 3.183158834073725879e-02
-5.577609158379248644e-02 -4.181334067968631857e-02 1.163688074296064662e-01 7.438656068736899073e-03 1.187336142498348623e-01 4.415389099608844903e-02 1.959034091463999760e-01 3.123651529563397089e-01 8.314675336957476348e-03 -4.490019370848443575e-02 4.927511316451311379e-02 1.173605727895741038e-02 4.386160332374081441e-03 -5.737537669687605563e-02
7.230335201159066028e-04 -1.136470946643466928e-02 -5.479522478389942802e-02 -9.205671320659587764e-02 -8.102729777264039424e-02 1.834827928054715285e-01 1.314199308180103720e-01 5.445877559933168799e-01 -5.093393634434860429e-02 2.551968202247832662e-02 1.294367446663607923e-01 2.130998663435841600e-02 -6.826507027114059323e-02 -9.226440324083349381e-03
5.767462627163119290e-03 3.513143349050718012e-02 4.114769165571133258e-02 -8.856492527244100299e-02 1.233613202132504971e-01 -1.320926561683963794e-02 1.872884803200839110e-01 3.992088847844061927e-01 -9.396473041499762979e-02 -1.721205375248335140e-02 1.104528136919558368e-01 -2.953857648396070526e-02 -2.583240925886156475e-02 3.477440830747516309e-02
1.218552672838577738e-02 -1.247496538304232808e-02 6.423506201609729960e-02 2.007344836782354314e-02 5.392143825045062067e-02 7.388182951654491404e-02 4.517039041453438375e-02 4.339910327645296606e-01 -3.463918232435191091e-02 4.071931040191494738e-02 -4.011242797238900176e-02 7.730271409393575655e-02 -1.199500950633655555e-01 5.450645247990124065e-02
-6.414615882075914294e-03 -8.182797371767615291e-02 -2.459245067667814588e-02 3.747999196299783842e-02 1.068089547635119735e-01 1.014990789069490640e-01 4.678164070183864209e-02 5.046924768710561171e-01 7.741897901518958458e-02 -1.401045186879038007e-01 -1.193069042195699786e-02 -6.769949332683852794e-02 4.909669705265115591e-02 7.760245772990435886e-02
4.528163111499677873e-02 7.974977050896289200e-04 -7.881118186491825606e-02 -1.664715046310451946e-02 1.407716106725712124e-01 4.193687596299987275e-02 1.562353981385019019e-01 4.326408374291259573e-01 5.443440486601798523e-02 -4.383000965030966339e-02 7.836703804825817521e-02 -3.287963512114933443e-03 -1.295376929909457797e-01 -9.540761165198762689e-03
5.901640052737896353e-02 -4.343282485782747754e-02 8.740233737239393175e-02 3.696534233012756243e-02 -2.270259854478227923e-04 3.493859362083154979e-02 7.664627245263608279e-02 3.350879042535211960e-01 4.985052325427341557e-02 1.069311069311966178e-01 1.905119158989220657e-02 -3.102414311837896344e-02 -7.877154799602203994e-02 1.637640391639413537e-02
-3.462514558125184827e-05 9.812913304549750193e-02 -9.461930011420432995e-02 4.554103076502701020e-02 6.616703258721373659e-02 7.831540832264741181e-03 1.361507168377018295e-01 3.535641644141487849e-01 -3.767772644454273068e-02 1.399960080766571302e-02 -7.140892770013929081e-02 9.748093678581618016e-02 2.651031132637143850e-02 2.717664629373010843e-02
-2.629330618180361623e-02 4.266634848905623972e-02 -4.501940084543247511e-02 1.216411727879678113e-02 2.057920017648545985e-01 -6.646381678934965009e-02 6.481816562644120150e-02 2.239456521831465208e-01 5.338683760645052123e-02 -2.887187500374186269e-02 1.481904523562658782e-01 8.586012789497969588e-02 1.031316303318159239e-01 -1.044964004205103242e-01
-6.169840652933242242e-02 3.514759604245454999e-03 3.753167171445294381e-02 -7.390218714138694842e-03 1.974977278806315795e-01 1.804196480974790684e-01 1.108308813418945882e-01 2.761382775404817580e-01 8.099801788244287426e-02 1.153700978672209110e-02 -6.305443686676241721e-02 3.599987064502076228e-04 -1.293259452202158988e-01 3.145154906661822014e-02
-2.259591901233602707e-02 -7.847419338435876468e-02 -3.056067145443144492e-02 1.877141639028296130e-02 9.216914293482855736e-02 7.656592165084094570e-02 1.608746258562673559e-01 5.115529117660746472e-01 -2.483734222926804042e-02 -1.276640654009280652e-02 5.531806265713541670e-02 9.960029125491254992e-03 -3.483441889659389529e-02 -5.233262457287082836e-02
-3.004133833935938858e-02 -2.274812293506325300e-01 -2.646805455200665347e-02 2.247434936412280870e-01 3.353860277980558191e-02 2.112183048237745442e-01 5.290660111948605748e-02 3.500082543735972829e-01 -3.729714516517083911e-02 1.734505321535972922e-01 -1.217483070379671295e-02 -1.047720975407709504e-01 -6.627222528730514206e-02 1.274516663385229509e-01
-3.541804288084812041e-02 2.861237459625978752e-02 -5.874005864824230309e-03 2.848425768377028933e-02 5.160943200520962115e-02 1.637499611718226666e-01 1.555334254641594915e-01 3.967572240591482058e-01 4.680001604727047557e-03 -3.801721935528596524e-02 5.416205671660361681e-02 -1.020655350850200732e-01 -1.501659859532682335e-02 -1.838679722942618971e-02
-5.930261712390709483e-02 1.163885703510405059e-02 2.666766583656889761e-02 -1.367239911664856755e-02 9.565742855291479996e-02 9.006841930267216190e-02 6.237581463960089473e-02 4.735870267774342501e-01 -7.915603845981070141e-02 7.624425772511861377e-02 -2.086231038190813902e-02 -1.043943366913534232e-02 -7.006820971788191299e-02 8.607207289084740920e-02
