1.893759485387460761e-03 -4.453700820711123387e-02 1.268005365867151159e-02 -8.926178977251673918e-02 -4.441255876446172091e-02 1.096594868405059015e-01 1.760546414092548084e-02 2.726015424952020205e-01 -6.918801380727797323e-02 5.413686279316911459e-02 -4.928494686782040890e-02 -1.379947273046245038e-01 3.638284649404389254e-02 7.667907335144203904e-03
-4.151063430461674614e-02 -9.099302130242670206e-02 5.529458588834082478e-02 1.123896082130260154e-02 -8.057666642374208821e-02 2.047609164603082788e-01 -1.057749730252492831e-01 -1.128469965633933057e-02 -4.505285436668393650e-04 7.733519032112162739e-02 -3.707058118143207598e-02 1.702238493001911879e-01 1.279735051737867779e-01 -2.012170250083411549e-01
-7.503547458890079402e-02 3.940660488400109240e-02 2.539530167035607480e-04 6.583802090835116916e-02 -8.474301172527251569e-02 2.666689451602009559e-03 -9.181505579091896185e-02 2.153781987239846984e-01 -8.876881179239607192e-04 -1.170520624934298301e-02 5.441716690670348605e-02 3.594569935044153453e-02 -1.244937651203382838e-02 -5.932164173815748093e-02
-1.073032175309553415e-01 2.114939470970842589e-02 -7.641300076998376600e-02 -7.081398456768112082e-03 1.049425355144095046e-02 9.778547620455935174e-04 7.900319894206955795e-02 1.568438089051116535e-01 -3.059286720467819382e-02 1.389691500842518412e-01 -1.242540198519386796e-01 9.940540544938203382e-04 -7.381920718343334964e-02 8.898087450787262043e-02
-1.170686610633372704e-01 6.296470251539172669e-02 -2.840999819365743612e-02 8.448936534977659341e-02 -6.269938371967340163e-02 6.434501536743346406e-02 -2.748810538493922512e-02 2.964817921117641197e-01 -1.642642622081851578e-01 3.680404707300204267e-04 -1.356682539936824028e-01 -5.396881119487233897e-02 1.966090918011109134e-01 -3.774165333862256055e-02
-2.082877011626926289e-01 4.484413669988576712e-02 1.674249031521889142e-01 -2.371040714395291661e-03 1.066959553176965864e-01 -2.199017843267892305e-02 -1.834180126411078804e-01 1.362336658742906714e-01 2.298088591335865211e-02 1.046220539035883496e-01 -3.725500814627574764e-02 -3.345023255816855466e-03 2.037808166615669506e-02 -6.856383965496129496e-02
-5.280659490925852795e-02 -4.654587596358662066e-02 8.369256904144037681e-03 -4.403801671579476648e-03 1.017442346431449846e-02 2.478690061926365137e-02 -3.106897342906027315e-02 1.731671130050052299e-01 -1.269353040450297565e-01 5.629375629402341014e-02 3.596317042292005578e-02 8.818646448842379360e-02 -3.600575222289742992e-03 -5.363108143805322275e-02
-1.532413780310915019e-01 6.354025704479497605e-02 -7.726656172082364826e-02 1.375044245367525522e-02 -2.898963659315569735e-02 8.371968059652100391e-02 1.171527079201922783e-02 2.209779435708209283e-01 -8.569772427029941075e-02 9.328712083421844548e-02 -2.813278385854949340e-02 -2.233170240122282334e-03 1.887771697010000999e-02 -5.235829902887077780e-02
-2.372817613776601053e-01 1.007942788792498545e-01 2.653940546690992594e-02 6.801316649631097833e-02 8.849857443824445113e-03 1.407454236821057969e-01 -1.851205107645244319e-02 1.790999531978590964e-01 -1.871181381842225155e-01 4.403952917959766400e-02 3.312686728491037735e-02 -1.038442684963378215e-03 -2.862244359386309500e-02 -5.068676619436951469e-02
-2.533952014638471764e-03 -5.339511018787673063e-02 5.874073258575181200e-02 1.869744190612758830e-02 9.779409714288592875e-04 1.541382547576354012e-01 2.488272215536171256e-02 -4.424565194391045023e-03 -2.750130028233548768e-02 7.946653197944282543e-02 -5.327458269793543949e-02 -9.157041537551950661e-02 9.396640463015522304e-02 -1.202212247139697043e-01
-9.666635320147869137e-02 -4.085919690912745428e-02 -1.128940379665229754e-01 -4.077125445726803576e-02 1.382053669442366572e-02 2.027688063956474274e-01 -3.046465971344992918e-02 1.714874707829116829e-01 4.365452762981396340e-02 -1.934288960749828978e-01 1.640427562535585748e-01 -7.510037932187535459e-02 1.865749668396088912e-01 -1.142154084320217838e-01
2.967197575284926531e-02 -1.703887780163385324e-01 -2.327058161640582767e-02 3.061157344883138481e-02 -1.818798936393159135e-02 2.245050954333064827e-02 -6.111580542284397732e-02 3.139907477564422567e-01 8.174544281463705375e-02 -7.756253995385789524e-02 -7.250268253021215081e-02 -1.414009062022738607e-02 6.676783148428235004e-02 -3.012073475731855479e-02
-3.497750376153477281e-03 -5.604989428028631093e-03 -1.417362578180708099e-01 -6.287654511297123550e-02 1.357699583406659360e-01 3.441997274694146014e-02 7.935375406615280403e-02 8.437966874597983835e-02 1.597063034571383211e-03 8.780303022894314635e-02 -3.730614675052244117e-02 -3.186735312172166157e-02 2.331866883651599609e-02 -8.580419487306523152e-02
-2.167078570556792844e-02 5.341300748127730119e-03 -8.259141401394037851e-02 -2.153986430269688029e-03 -8.335332848980124554e-02 1.059745984809305486e-01 -2.801874336889842443e-02 1.955588483477662121e-01 -3.196690328182028029e-02 -1.347259127109559640e-02 1.156490948542759079e-01 -5.998401129826302913e-02 -2.149582765564582356e-03 -1.921361728664220531e-02
-1.268371679893575688e-01 7.109861137505953110e-02 9.097359933246759733e-02 -1.208326129031344343e-01 1.477878351053317670e-02 7.539018523478357992e-02 3.314771691356598049e-02 4.965233342363419011e-02 -3.851828743894589180e-02 6.761071515154187805e-02 -7.788648775393333668e-02 5.899767217507283223e-02 9.581825542529602557e-02 -1.154444379373465168e-01
-1.195079518616652126e-01 6.016616905409544885e-02 -1.021873092538371115e-02 1.405487864232823404e-04 2.817220025418128160e-02 1.428830176203841062e-01 -1.629565071547001143e-01 2.355021050182880826e-01 -2.993899621328895838e-02 4.745199419305419497e-02 4.667360686288345162e-02 2.230722394518323045e-03 9.416771710543361124e-03 -1.720660712200965392e-01
-6.612746459547146072e-02 -7.805272679098501643e-02 3.509072344862686904e-02 -4.891041942687888999e-02 1.466608857663241061e-01 7.883813859296544269e-02 -5.387783773643164964e-02 1.504684272833050618e-01 -1.381138415958363674e-01 -1.691191416807731607e-02 2.531675559345811233e-02 2.083773504961153322e-02 8.939140937233500117e-02 -6.666099227370840541e-02
-1.196292318486183170e-01 -1.306119843241451139e-01 1.362107349657918146e-02 -9.889190546514725795e-04 1.824509036514516264e-02 2.584585778505059106e-01 -1.172627779503963019e-01 2.122212851036979764e-01 -4.265308067134788994e-02 -6.226732179047611559e-02 -9.331368095082238565e-03 9.198674393876060673e-02 1.068778314786850564e-01 -1.407170399794193949e-01
-1.368122963843849960e-02 2.078567178942648808e-02 3.230977876053837961e-02 1.155352580564912579e-02 -3.209733468611210283e-02 1.024547464241280514e-01 -1.391345495179810432e-02 5.806775659585203947e-02 -3.063696595815541129e-02 5.390514686258750243e-03 -2.313099923551411446e-02 -2.572701781172813396e-02 7.568671710480688597e-02 -8.911283036567638205e-02
-4.394397255453909995e-02 -1.357503515974862185e-01 1.361549411445652641e-02 3.197642261043007889e-02 -3.087571393825455299e-02 1.872397760265676336e-01 -3.986823805497564932e-02 7.284917766238814540e-02 -7.614691900053024987e-02 4.505622857821853927e-02 4.930611010347913520e-02 -3.392875599001479031e-02 -3.763674248743945072e-02 7.605636304693701166e-02
-1.511501649039221906e-01 -2.484795879655332315e-02 6.847026274834109444e-03 -8.847589249480767096e-03 3.909340453261389570e-02 7.020655606823741901e-02 2.648626652318115948e-02 2.390496049355297914e-01 -1.229856499905783440e-01 1.174499669289870429e-02 3.348820953311194837e-02 -2.515457184300664423e-02 6.301147807070088536e-02 -7.899272932832955563e-02
-1.454887444757048398e-01 -4.847995824774643803e-02 4.023395274001851513e-02 -6.614369101704350995e-02 1.839063708670288788e-01 3.482391147012797034e-02 6.653143171517519883e-02 1.229043726009586557e-01 -3.537074307098152237e-02 7.278810911824949714e-02 -8.700816588493212600e-02 -1.084083514626253825e-01 5.949655414698774153e-02 -1.183616998027562858e-02
-8.793364828780372844e-02 8.213864501249647232e-02 1.128566747753715835e-04 4.285467462119409154e-02 4.129454763560463926e-02 6.956676934441950733e-02 -1.326943905410394309e-01 1.937221243610431631e-01 -1.181912314255619545e-01 -6.804535254495538976e-02 -1.619132282303630543e-01 1.618187517979623735e-01 9.295075818989134708e-02 -3.773239808842638460e-02
-1.279584063985114983e-01 8.157533025187535536e-02 -3.791716815223441367e-03 7.576621120787731256e-02 -5.998433424678238646e-02 6.020414416091361687e-02 -4.659666210055368740e-02 6.497279820832890795e-02 2.046985987642886695e-02 1.459181595817888866e-01 -2.339910243589821137e-02 -5.988087303141527429e-02 4.420772383906700076e-02 -9.355425357865847225e-02
-6.678266102568498896e-02 1.677920498293428153e-01 -6.841441938382994414e-02 -4.129338037749668427e-02 -6.826861605240695796e-02 1.568166032366349327e-01 -3.407178457990611871e-03 1.460035649693166293e-01 -1.835506463373330968e-02 -3.601164729591359304e-02 -1.790320567647866457e-01 -5.063497750248628637e-02 1.664221845807687117e-01 -2.688552260249704381e-02
-9.791466574208151918e-02 -5.858292528709291291e-02 1.176219121585228705e-01 5.800664064429084110e-03 -7.489900705554518312e-04 1.979541915527616852e-02 -2.169754428454075401e-01 1.965840216264636564e-01 -5.042098923388285692e-02 8.470273290259476562e-02 -1.298334098913941637e-01 3.301434836165054176e-01 -1.103301801900846424e-01 -1.189275174405590024e-02
-9.771193581641807180e-02 1.223948884075926058e-01 -3.120378051483140708e-02 -1.475935172689296082e-01 1.593035322122018232e-02 -4.001215826497468708e-02 -6.060990319051908631e-03 2.576206838067466309e-01 -3.837351774236702484e-02 -1.498450316994273390e-01 1.742342425308902876e-01 6.684373401343776666e-02 2.673916943084199069e-02 -7.501326126549234807e-02
-7.371119121823013765e-02 -7.650574328378470512e-02 -6.228130822554689416e-03 9.921060594937394783e-02 -1.369138782682131905e-02 1.192607693160039339e-01 4.231259801869941689e-02 -5.753131043059606098e-04 -2.496861780688380550e-01 3.617645908889396966e-02 7.757466123671320768e-03 1.242929722959605909e-01 1.535079453802347393e-01 -8.417199332906596942e-02
-3.568433878934701431e-02 -1.220353201099460966e-01 8.304182413605034133e-03 1.925040760831803199e-02 -7.983982737635997307e-02 2.014465896518012056e-01 1.426311109324180926e-01 1.456297712277503098e-01 -1.369142263338051779e-01 8.832726853004896350e-02 -1.760085531980379314e-01 -1.298241438141657933e-01 1.090174335842575282e-01 4.364852419269985018e-02
-1.320382811346296204e-01 -6.451389190944895047e-02 2.370620786098329158e-03 6.168991414148898567e-02 -4.980293894515910869e-02 1.553063752250941343e-01 -6.528000013447908534e-04 1.755628499716566093e-01 -5.448236674590296869e-02 3.858262415622933095e-02 3.349158693374902629e-02 -7.787488035334219627e-02 1.226005669401862008e-01 -1.322905005454379224e-01
-4.420566860119562458e-02 -1.083507045240358554e-02 -9.806421024191037950e-02 1.165091708169381859e-02 -4.480674957641424955e-02 1.517187602833397486e-01 -6.928468072177913772e-02 1.657847373805487468e-01 -3.105511160000067050e-02 -1.401887507381432418e-01 1.948267330790931159e-02 -1.102610962255403532e-02 2.262772386909703282e-01 -4.749909667082399117e-02
-1.029900048255489864e-01 -4.589629422848216789e-02 1.021940764940976187e-02 1.736377457996363810e-02 6.114276894868839185e-02 1.539017542813588824e-01 -4.816725264150480135e-02 2.993691603497160292e-02 -1.381635618781862362e-01 6.589711072686919857e-02 -8.188794822809192242e-02 -5.074337373994750044e-03 1.179788123248242115e-01 4.368773314896021165e-02
-2.289003842336689853e-02 2.082723805714703849e-02 1.365019811636237861e-02 -4.432772080994065722e-02 1.070813879222870663e-01 8.439025197666118194e-02 -6.098803283697321054e-02 4.434953271888074366e-02 -3.625035834759178857e-03 -8.751104771375843583e-02 9.673466017434513564e-02 1.007844781651248169e-02 5.505899048657212497e-02 -1.348799531307326993e-01
-2.059151094262307718e-02 -1.268931649990718419e-03 5.137575409299593304e-02 2.684001336379082323e-02 -6.985051648186588538e-03 1.652049833357597808e-01 -1.726470896323921700e-01 6.561542614282764307e-02 -1.617092019817879811e-01 2.398567505879869999e-03 6.492984022528125454e-02 2.465360336169563141e-02 1.194831525332382544e-01 -7.935067618725161198e-02
-1.144723536589158236e-01 2.118697420239502860e-02 8.336147637436971958e-02 -4.297959397808319426e-02 -2.214393045095622015e-01 1.228911836018116016e-01 1.773945174446275516e-02 1.807512803937610379e-01 -1.151448260614139074e-01 1.109879966624095077e-01 -1.928502938646942458e-02 -6.490529594565896954e-02 1.860996402994805066e-01 -6.684272121934960176e-02
-1.363811930845756359e-01 -1.245635818240377057e-01 -2.115611555604926530e-01 1.940027684786192752e-01 -8.126992984339381776e-02 2.878292950777454062e-01 -5.420578011202215052e-03 1.993518378126546975e-01 -1.474273011042480652e-01 1.820891310236525396e-01 5.347599277452108613e-02 4.954020487574739562e-02 -3.132463195991308513e-03 -1.785841488997620963e-01
-1.760321997093112767e-01 -1.155180550859657429e-01 4.777136460562269454e-02 -4.813697087303128730e-03 1.081100320112145102e-01 2.006237711039809413e-01 3.970051986339177830e-02 5.646395566047769654e-02 -3.295585687950151887e-02 9.602130797342271762e-02 -3.192762636559286216e-02 -8.318145577282569370e-02 2.817653190976904254e-02 -5.448971370814215121e-02
-1.883038733701008494e-01 -3.231934867079603452e-02 2.318061534117258835e-03 9.503183705898900213e-03 8.041534692035637311e-02 -1.342597247453300099e-03 1.954777805508636085e-02 1.677005338446308780e-01 3.212418602777497925e-03 -1.121838065060457162e-01 3.728213976853530370e-02 -1.215114755770767274e-02 1.188837306527349286e-01 -1.461354121279694225e-02
-1.631152532526644605e-01 -6.097288331205453354e-02 -1.848930330479493789e-02 4.048645347766168662e-02 -1.041052800388473226e-01 1.657587132446630140e-01 -2.004113067352135749e-02 2.669477827774222600e-01 3.651727387224738136e-02 7.038475614187524390e-03 -3.812193742943648100e-02 8.330178797829948523e-04 1.806260388704894124e-02 -5.284965422245763850e-02
-2.301749043304137654e-01 7.745364729440344653e-02 1.407207081910074459e-02 -6.397269203143718386e-02 -1.558086920488185867e-01 2.055756159167987651e-01 2.155711954914530104e-01 5.176669423425052374e-02 1.036030417019851158e-01 -1.115555480031634322e-01 -5.114905279791995968e-02 5.177328525321167607e-02 -4.040536582173803043e-02 1.119958284152474184e-02
-1.341059427308139429e-01 -5.484787219951070547e-02 -1.048905227266715978e-01 -5.173982443136590503e-02 6.941633008449855924e-02 1.231465484013490874e-01 1.345792379014510431e-01 1.586870160499503357e-01 -1.128439218645845010e-01 5.492214292009182236e-02 -1.496062754925406302e-01 3.629818604295570461e-02 -1.288467438326335035e-03 1.102222440027538219e-01
9.877410951159869279e-03 -3.739095288469516942e-02 2.811230857084166118e-02 -7.700423519323405797e-02 3.920824739271194098e-02 4.525063672348450527e-02 8.059648031676056729e-03 1.344007643098055205e-01 -4.789787493037472171e-02 1.979816062057340384e-02 -7.232221818497926169e-02 -8.756056105838939951e-05 4.367862944990826002e-02 -1.573408577658255703e-02
-8.792965789426601675e-02 1.174805741884364478e-02 -8.039057213211459052e-02 -4.236263031287678532e-02 -1.705825632292206143e-02 7.372287586543377347e-02 3.637198213724194412e-02 2.365913164697668603e-01 -1.686595495705645043e-02 -8.185155835504300675e-03 -1.231507174330539328e-02 -1.568208874082634152e-04 3.674493309503026883e-02 -5.196616638162562113e-02
-9.652228769689381871e-02 -3.507379161971435622e-02 -2.772147958471337867e-02 4.356080537922744911e-02 4.051848534680006081e-02 2.231775134701435293e-01 -1.736813145603907996e-02 2.384695384812366425e-01 -1.102930713869669371e-01 -3.626559448672794089e-02 -8.894563969360064215e-02 3.174789617102199979e-02 9.937249283995203131e-02 -1.867078572444885176e-01
-1.090801868884508780e-01 -1.880536371273439089e-02 -8.748554445222066211e-02 -8.357480933216782093e-02 -9.390762960827020445e-02 2.645223802863845286e-01 1.324346058848034080e-01 2.452087699145987301e-02 -1.654578873390424032e-01 -8.547958144307966910e-02 3.026320609275453544e-01 1.379745858435659500e-01 -9.287977609231115594e-02 -4.746485254624496081e-02
-5.047326894441653278e-02 5.690423323017281682e-02 -4.069131647055814621e-02 -1.603371410931529392e-02 -9.804778783652750435e-03 1.252047251244515214e-01 3.423151617439893629e-02 1.497259805172054814e-01 6.102191882844522353e-02 -1.176138879698039423e-02 -1.041452206468638647e-01 -5.494886187442218906e-02 3.694447089328807554e-02 -9.822541662251588201e-02
-4.053448860189601266e-02 -3.488365512244370834e-03 8.435892816840130648e-03 -1.055544045970378819e-02 -5.104132927456207086e-02 8.659602151542084014e-02 -8.211487098711298116e-02 2.415460280059854303e-01 -8.768971018737112266e-02 6.257634267438955122e-02 -1.674886660511253067e-02 6.952704465300749148e-02 3.417998984328821099e-02 -1.327393693616917558e-01
-4.830942437764829123e-03 3.353951599107193871e-02 1.182734511046632797e-01 -1.244735588348547389e-01 -3.322474032575929020e-02 2.080467801288852225e-01 -1.874063259633061973e-01 1.735280561808922317e-01 -7.428126066615864387e-02 -1.507726391626716955e-01 4.478752555712395278e-03 -1.427830461243726756e-01 2.086814823802639329e-01 4.917335369263600708e-02
-2.233847543813544112e-02 3.800609139913515601e-03 -7.877891322746508052e-02 -1.983384323235302948e-02 -9.574039573050734803e-03 6.533797631124396710e-02 -3.084268596459171022e-02 1.217687912009114415e-01 -9.894440298833898084e-02 1.086247318475557777e-01 8.403758276386767700e-02 -1.336347233075178831e-01 5.572454578817413046e-02 3.260172519902337224e-02
-1.070061504612079550e-01 1.314859259166142047e-01 -1.840606155218930395e-01 1.021932635550465013e-01 -1.417819650226939676e-01 8.392727581709696905e-03 -6.205025495176017675e-02 3.284053067831265160e-01 2.312783396640817266e-02 -2.411151560842789143e-03 -1.103293415348856332e-02 4.002779087212804399e-02 -3.784281015772855694e-02 -9.498088326181038793e-03
