-4.055538953174208094e-01 -1.634481430270338376e-01 -1.484936039586674805e-02 -1.996317885543733850e-01 4.926568355242450514e-01 9.098409121693212809e-01 -5.633892735351500591e-02 2.582996469724076205e-03 -9.598513306984243765e-02 -2.214381928359558382e-01 1.046197342353268056e-01 3.125772907366284326e-01 -1.144580692542035844e-01 2.178895189824900935e-01
-8.344074259139001581e-01 1.655925740861015627e-01 -3.027060397697698378e-03 8.118346231469134588e-01 -2.578528302345271528e-01 4.146743099265301491e-02 2.412764285897285865e-01 2.587027312869230600e-01 -6.697343293646804141e-02 1.334123460102207004e-01 -7.995574173659568407e-02 5.427806227661774452e-01 -1.212671981194497761e-01 -6.311928923055519502e-02
-1.825437315525884063e-01 -2.790931305302061238e-01 -2.068106934922542273e-03 3.529531603110290794e-01 4.026937298638371132e-01 -3.979778195322497547e-01 1.103396801258828275e-01 4.853737427785978498e-02 4.643785355511005353e-01 -1.517100885626444795e-01 -3.016646811252191723e-02 4.741599592330598134e-01 7.784185227628274972e-02 -1.188811681043946411e-01
-5.821294236832125213e-01 4.178705763167875342e-01 8.153436080319692580e-02 -5.143490139535779326e-02 7.350282085992129733e-02 -2.930258271845456730e-02 1.245232369288250679e-01 2.516665415748473578e-01 3.587982848182764278e-02 -2.598237784917771520e-02 6.023277095773867801e-02 4.714195001844391220e-01 1.343180099434972685e-01 -1.936345820953543073e-01
-7.847472091601108701e-01 -6.298455743649368221e-01 3.960180095779780030e-01 -1.145564791591277970e-01 1.246157940571952782e-01 7.828819716232671144e-01 4.356407165096077838e-01 5.548070552662283106e-01 1.938247373000420715e-01 -4.861169279286272071e-01 -1.586808689052322530e-01 3.481045319657080639e-01 1.084607416063345861e-02 9.567194736689905998e-02
-1.626148304800702382e+00 -4.108161922823652112e-01 -1.277913280615111669e+00 1.483840448725973760e+00 -8.910206704211023343e-01 1.367738679121016432e+00 1.999677948255207047e-02 6.216634478592478752e-01 1.157796497367662880e+00 -5.216753085401627105e-02 -1.335183353217942737e-01 6.051482960506163744e-01 1.638928393268367367e-01 -2.600288953292900773e-01
-2.188083215060382392e-01 -2.720447785141110186e-01 5.328877892029058039e-01 -1.883845360474432074e-01 3.766893635173956811e-01 -2.092687071870975163e-02 2.810639783780617407e-01 -1.728849306850943068e-01 -1.140420828956324184e-01 1.080210708308643880e-02 -7.477608083282048790e-02 5.418867653951600083e-01 6.653818871120002754e-02 2.046318722156372644e-02
-1.674151549454981902e-01 3.978961246021069792e-02 5.095176981937266092e-01 -4.919848191386655967e-01 -2.657475240785433512e-01 4.020410449219840032e-01 -4.957275356434598379e-02 1.750798840296236836e-01 7.929308287766105579e-02 1.727663962589060520e-01 -6.399396198332732433e-02 4.601463587539240119e-01 -4.584040070036749653e-02 1.438431522423582083e-02
8.682177651867033219e-02 -4.673998164792743382e-02 1.858756608860792914e-01 -1.286869059936236181e-01 1.288337765735915741e-01 -1.559112399576318975e-01 1.798197429594808883e-01 -6.114312039463139226e-02 4.557099418615267322e-02 1.876511655967373626e-02 -1.066270939391710110e-01 5.820939465814246594e-01 4.196054556342016656e-02 -2.169439585983975322e-03
-4.697952328165746483e-01 -4.663775679445300582e-01 6.602733281023587253e-01 -2.660306165868049355e-01 7.907137009235217784e-01 1.018789992330523253e-01 -2.048671889032454285e-01 -7.349181502856284576e-01 5.613077008871518725e-01 -3.725026943827904058e-02 7.536217615613714088e-03 5.212557834445735727e-01 1.438089887935480038e-01 1.609280852847665422e-01
-9.300261233196307487e-01 6.997387668037496899e-02 1.069973876680372138e+00 -3.592916346659756344e-01 2.755653321567023695e-01 -5.792815562980879740e-02 1.436034309079301241e-01 -1.219481456727479346e-01 -2.505641437013098743e-02 6.435404853805246073e-02 8.739130953717975936e-02 5.774857785483868966e-01 3.385498524726946595e-02 -5.948838632845020874e-02
-3.531235983341202145e-01 6.468764016658827831e-01 -5.259419481741179486e-02 2.448029160693717884e-02 -2.920770679326963326e-01 1.524256734023055337e-01 7.895191307252705237e-02 1.560320623077940116e-01 -9.412647902641244069e-02 -1.034471004319116316e-01 -4.707248197864308259e-02 3.657586655121308206e-01 7.636231736624456146e-02 2.100173758968975068e-01
2.097520693117719826e-01 2.318802775435256092e-01 -5.376527389590173289e-01 2.171432898599844341e-01 -7.031722385672314335e-01 3.980363109803603527e-01 -2.574231910878062579e-01 3.896362058547737650e-01 -1.716479459155790255e-01 3.579811021024813245e-02 9.297395599713983994e-02 6.535259762391848470e-01 1.874125598625878686e-01 2.220113697958110005e-02
-5.674394848930144342e-01 -2.385656389828626212e-01 2.569937470615802910e-01 4.107638998490684146e-01 1.035336538303922443e-01 1.905966091270459850e-01 2.676280593185643153e-01 1.245133169228935244e-01 -1.811482380015625449e-01 -1.838544375584719517e-02 -2.286484437657260865e-02 5.709412162887692599e-01 -8.604773574044616291e-02 -4.205533833848443259e-02
1.284067228013867079e-01 -7.047886570092919412e-01 8.655589393281237776e-02 -9.278015051112363798e-01 4.848063988816012637e-01 5.253678257665643780e-01 4.027303430607309664e-02 4.841473316655799108e-02 1.971421179836629900e-01 1.130063645115640947e-01 1.171947643323488775e-01 1.008383703478382909e+00 -2.655476312147646567e-01 -8.294998751613809340e-02
-3.022759415542766170e-01 6.977240584457452544e-01 -1.458735775223093667e-01 -1.552677799904230937e+00 -4.954275261513194084e-01 4.984838904907445967e-01 1.009383773706380216e+00 2.700174507115259415e-01 3.269938917694231728e-01 -4.879644875591964137e-01 -2.597535760475841449e-01 1.027730053771114704e+00 1.085187244914393861e-01 7.358484366206810567e-02
-1.030180208692356603e+00 -5.356451605510847980e-01 4.643548394489158682e-01 1.088335270608098426e-02 1.344342985895874865e+00 6.315334779311808366e-02 6.802794335295415940e-02 5.232308221990102093e-02 -3.035517885645903913e-02 2.088079392629560438e-02 -5.658211235566842912e-02 4.997279573139529196e-01 -6.487550265253239079e-02 -3.759236123946800567e-02
-6.779662818084668530e-01 -8.744752372049111599e-01 6.689071205449709234e-01 3.007305237220205818e-01 4.043614324364605550e-01 9.406380424034904708e-02 5.800240643015397435e-02 3.809380590413197765e-01 3.413907548827116445e-01 -2.443384821682795804e-01 -3.092515139265143986e-01 4.570949037077480792e-01 2.934415200159065096e-01 -1.244352316039452067e-01
-1.071909843989871935e-01 -5.494070693817902917e-01 -4.339363393091756338e-01 6.554217433816551530e-01 3.426162709333596124e-01 3.335183007396977373e-01 1.272229200881170030e-01 -2.974742394405809065e-04 -1.118184130056461278e-01 7.160131963268836358e-03 -1.307774720098809629e-01 8.889588029632512489e-01 -2.880380078715668590e-01 3.503136845666215970e-02
-8.362082061901571217e-01 6.604398100775540903e-02 -2.188226141449010342e-01 -1.377257260353203394e+00 8.886708092688072602e-01 1.813271839177519995e+00 2.261468021989569421e-01 -1.150019846445046040e-01 -2.595967828401550825e-01 -1.840564284986797028e-01 -2.700750229769945804e-02 4.806665157855549708e-01 1.058087560471405592e-01 2.058058537930891607e-01
-3.316763237056718355e-02 1.363908527129657940e-02 -5.004876517603780162e-01 1.185298241704371008e-01 5.218139860176043143e-01 6.290706673609627354e-04 2.208664136559436997e-01 -5.286314257686990092e-02 2.187800895200776863e-02 -5.227938377637540712e-03 -2.882994013998219432e-02 5.341448051343470338e-01 3.217667030072629726e-03 -4.567877736411143919e-02
-1.137382147376905239e+00 2.462819317449613521e-01 8.626178526231036425e-01 -4.315111108613088331e-01 2.317753852676572857e-01 2.920825468156841853e-01 3.664353711179099138e-01 2.217555165437595788e-02 -9.992007793298568474e-02 -5.650151087937704819e-02 -1.655682885666731607e-01 5.527279577663544163e-01 1.785092617365480749e-01 -9.325894479982102525e-02
-2.735050396806442130e-01 -1.768793485360936890e-01 3.015036008863962724e-01 2.815661061605128634e-01 -4.321117907220719395e-02 -2.241272776664783029e-01 2.309078306466167962e-01 3.270712378153132205e-01 -2.124013889101224184e-02 -1.532923935658990211e-01 -9.567375805258451771e-02 5.744827540301353785e-01 -1.597479351344465413e-03 4.245886358681318085e-02
-1.533736263900754571e-01 -5.871701243107396717e-01 5.746248192350293937e-01 1.703567832672172599e-01 3.232670545070212009e-01 -1.581667866151886259e-01 5.115863807661344409e-02 -9.942346784841748358e-03 6.699252437011320171e-02 -3.384305820143490573e-02 -1.005003252456459703e-02 5.431890619796730935e-01 2.449255512785486130e-02 -3.307168342715349763e-02
-3.209104335517803941e-02 3.271691201237922897e-01 -5.881362976914010499e-02 -9.327141612136420623e-02 -2.225447549583014217e-01 -1.710818105326511462e-01 1.386231199039412720e-01 3.288119337891208527e-02 4.187471408225706959e-02 1.002641822791405651e-01 3.169743925112034066e-01 3.903919572786351266e-01 7.935074040602128898e-02 -8.126298691774411220e-02
-2.899015022937603270e-01 -3.979307800992131633e-02 5.242436449212692917e-01 -3.999061040463767341e-02 9.256606508920860177e-02 6.565769104740321049e-02 1.085235737882375186e-02 -3.479190607169323213e-02 3.190713813882662536e-02 -9.321174088734894558e-02 -1.059227544279092020e-01 4.676814691122740952e-01 -5.199968092632517233e-03 1.843669728096216931e-01
-1.249306810542384794e+00 5.278258728749253559e-02 -3.900019358152514992e-01 -5.863188897852353310e-02 3.253349244813298624e-02 1.792526136017458693e+00 -7.252911255605480265e-03 2.510328921102153443e-01 -7.424804835579112972e-02 -2.333908571707595803e-01 -1.240421001512956728e-01 8.119475405849578831e-01 1.885929086925885179e-01 -2.240772265617101688e-01
-1.466551538645077368e+00 -4.665515386450651003e-01 -1.726050623934869854e+00 -9.770637622151057133e-02 3.370745059495270368e-01 1.851580957127487270e+00 1.446338240662876862e+00 6.731406329368245789e-01 -1.427835556275104667e-03 -5.542713524353743981e-01 -2.242079785160418504e-01 7.353224154748043695e-01 2.792031188283119469e-01 -1.742884871609406278e-02
-7.701160353312760942e-02 -1.371706942180639099e-01 -3.000448953804477070e-01 -6.361360058025180945e-03 -2.283427197260628760e-01 7.938377041721809135e-01 3.429345071878515949e-02 2.229159843034446420e-02 1.111362366261552936e-01 2.066615097084383845e-01 7.487611385229574201e-02 2.927640572663542939e-01 -1.171699402706852799e-01 9.870432072138250745e-02
-1.013853966814096230e+00 1.637720158176494689e-01 9.861460331859062123e-01 -3.489933648884658290e-01 1.644107779843346218e-01 2.770994333438585033e-01 9.320327891159918207e-03 3.599664887179777374e-03 2.130171860832880473e-02 -4.624530947809033649e-02 8.239006511211441341e-03 5.449751690623717559e-01 1.428242963224084228e-02 -1.559015743406479658e-02
2.360060016457201093e-01 -3.372665629118867803e-01 -1.440549669040765757e+00 1.356650931061020193e+00 -1.496869362173064433e-01 -2.416212665880801413e-01 -3.773911244337443405e-01 3.089417735933360776e-01 2.482431209925948234e-01 1.196028320241365461e-01 2.088481461428163266e-01 7.351793712691918614e-01 1.351553375515645583e-01 -3.364817677907296772e-02
1.637575101032662239e-01 -9.750466852630143566e-02 3.222668262935270977e-01 -4.130061059568543858e-01 -1.155065150948125091e-01 -2.356611681184180851e-01 3.578500351330807239e-01 8.205701560124072091e-02 1.505681006035856084e-01 5.133039090859142957e-03 3.165326340274081385e-02 4.775340353995620180e-01 3.032327473315415967e-02 8.999135644893992494e-03
-5.428234500710203969e-01 -4.012892974337405327e-01 2.506152055863765105e-01 4.355027940756471261e-01 1.527554202922394577e-01 1.235605882980020942e-01 2.758515034510324870e-01 -1.411977201999541631e-01 3.285879957417917052e-02 -2.492348705654946067e-02 1.210177405031552245e-01 7.390076665088333163e-01 5.700095984132723392e-02 -3.094729450600040566e-01
-9.435068648392391788e-01 -8.506414361074224328e-02 8.699755920225460404e-01 -5.781579295324738021e-01 4.038303620070226030e-01 1.000869909859918305e-01 5.871979844233691237e-01 -2.467662231103492365e-01 -2.833209557245603971e-01 2.143323596256076213e-01 3.589564113910179155e-02 1.308270555619618636e-01 4.689611754038511271e-02 5.162377918209029026e-01
-2.694997534227203229e+00 -2.325287665870675369e+00 -6.949975342271995649e-01 -3.252876658706804203e-01 1.305002465772791886e+00 2.305002465772799436e+00 2.674712334129328628e+00 -1.664415878090937106e-02 5.814185312511849224e-03 8.033986500372513294e-05 -6.854199146030760456e-04 5.341604936715046437e-01 -3.269011002410043137e-03 4.860483679265240921e-03
-9.994123863841068989e-01 5.876136158895570866e-04 -7.962381222478789322e-01 9.097323439399351841e-01 1.088436077047502337e+00 -1.965853698901873781e-01 4.622836455639636050e-02 -3.200235728981703498e-01 4.743982142475428043e-01 -2.660916856824117882e-03 4.348459521815313533e-02 4.941780990016926833e-01 5.692076659776375974e-02 -3.058192763818389642e-02
-1.553501412987868147e+00 5.699299932615388142e-01 -1.190055420608993608e-01 -6.768045544986167616e-04 1.295777661040292239e+00 -1.048747902325967818e+00 2.269928220590904100e-01 8.321962558495893392e-01 -4.397925207272785353e-01 1.237634010982068544e-01 2.268825290028868569e-01 4.443220425350664637e-01 1.800289067882709371e-01 3.029434933109466030e-02
9.305701227243004525e-02 -5.379972736394533772e-01 -5.920360991355922975e-01 5.761389683870965506e-01 9.620723017992027781e-01 -2.963433498352101014e-01 -4.517683455296494510e-01 2.984585076917988800e-01 -1.835333888676747571e-01 -6.683012936383941893e-02 1.368193451487013379e-01 6.534262943573597715e-01 1.420574450415607870e-01 3.494248998279342322e-02
-5.200166174008999942e-01 4.799833825991291492e-01 -5.548950473889407986e-01 4.451049526110658072e-01 2.638677714853431833e-01 -3.295320930104597701e-02 1.676047831631658769e-01 2.922380081245260636e-02 -1.974050829901183995e-02 7.233913143616206576e-02 -5.606645956853636287e-02 5.293145681521410628e-01 8.643661317991571669e-02 -1.217393831714165126e-01
2.366566139118015666e-01 3.553052985804069364e-01 -3.620613908723276375e-01 -5.559065822861377487e-02 -7.308662777450238845e-01 2.619502481088396562e-01 5.009155223927295314e-02 -2.598087873701387072e-03 1.420423274354675469e-01 1.530188723840386067e-01 7.853763160136691124e-02 7.664092809319791311e-01 -1.841675748243349064e-01 5.973594266035252981e-02
-1.799906491532773933e-01 1.298939142402332492e-01 -4.245273496838002092e-02 2.736798747299704626e-01 -1.543389249921665596e-01 3.322800522833616044e-01 -1.057475077677370312e-01 1.310979449179668771e-02 -2.065434192932218416e-01 1.240183360626449446e-02 2.636395884360622985e-02 7.034927628747537076e-01 5.697915744982042646e-04 -3.425496816017762486e-02
9.959938885518080515e-03 -1.553813683642186749e-01 8.446186316357831014e-01 -2.585694397198449179e-01 -7.222607233467874810e-01 -1.075896340728186434e-02 -9.853257877911152096e-02 2.258932655732939221e-01 1.151414057211729014e-02 -1.411703906192293863e-02 3.242346093455953371e-01 4.166761425083556070e-01 2.192997489287120960e-01 -2.411258646068393380e-02
2.675414913939611616e-01 -1.606245006439675493e-01 -6.063162804473298806e-01 6.829092531162925805e-01 -1.355227236177553307e-01 -3.539489681296507650e-01 -2.633842276898662807e-02 2.684177539372720189e-01 2.740138459249633618e-01 3.518616172920566339e-04 3.248566301973094790e-04 5.535694420114907199e-01 -6.905806237410121173e-02 7.314423165984619557e-02
-3.670511190043921484e-02 -4.133529821006857174e-01 5.866470178993202778e-01 5.357074325907377338e-02 -8.718024847651394404e-01 9.151768182789974393e-01 -4.397461193330581830e-02 -1.688985852629310280e-01 -1.156196444604874196e-01 5.971528960668935626e-02 6.330210437557541592e-02 6.448253394479475098e-01 5.599527575327563345e-02 3.958461011163315335e-02
2.054464990735682117e-01 3.410779981076577511e-02 -1.085165903472642634e+00 1.817038243831079758e-01 -7.631359188728543685e-01 -4.479568620770922882e-01 8.287151152251962527e-01 7.076670474230856156e-01 -5.537641387874300651e-03 3.954617874229175434e-01 -2.933739140273177171e-01 1.040254262000184671e+00 5.102869906782344506e-02 -8.075101625934399951e-02
-7.897255424970617277e-01 2.102744575029226737e-01 -5.605316189283185424e-02 -6.575327420940541012e-01 -5.890763026987917428e-01 1.414509753491557831e+00 -2.896751076059727453e-03 5.752378791823981041e-01 1.681960965121672980e-01 1.034795689083013448e-01 2.246483524035749746e-01 2.705968393172816233e-01 3.234600524204334082e-01 -4.266547211703141662e-01
-4.555466416540827623e-01 5.444533583459248982e-01 1.455497714661348474e-01 -9.937668686663837514e-01 -8.723178479752637104e-02 1.607742451357074831e-01 1.041439719183987700e+00 -2.274164530742466550e-01 3.116896490060627051e-02 1.074570977352712758e-01 9.569139769935855466e-03 5.106482521273649766e-01 -2.191845962960641339e-02 3.283437466436598708e-03
-1.383172720321375282e+00 -8.988481399936417704e-01 -1.697019847367249035e-01 1.136422678661037633e+00 1.008221578859889167e+00 3.100215580008114369e-02 6.425359390533385007e-01 -1.042194344084652544e-02 5.607706209686878773e-02 -1.231992331225895410e-01 6.331479803609832424e-02 4.238460345874996982e-01 -4.215027090656908726e-02 3.453782373645800097e-02
-4.720327888750920353e-01 5.279672111249276156e-01 -4.857311358064664297e-01 6.025661121018104360e-01 5.009606223515826462e-02 -8.066947606867445053e-01 3.589673729562666837e-01 -3.029539007031680220e-01 7.869775245156421795e-01 -4.843915470445000343e-02 -9.020915684695170189e-02 4.482947192810798898e-01 5.229561680595687378e-02 1.473600569115546266e-01
6.102431054048370607e-01 -5.070601671048702297e-01 -3.955964718517365752e-01 -3.420347294943613670e-01 -3.229753296654143124e-01 6.019496702757316520e-01 4.195880687633751771e-02 3.409989186526716787e-01 2.564272997323125969e-01 -1.282545507303312626e-01 9.996723355933115340e-02 5.210755949464742631e-01 7.548727859367164450e-02 -8.372288088512967741e-02
