2.979017158100869622e+01
2.240537512039932011e+01
2.978919289878281162e+01
2.340985916765855279e+01
2.979041202514466491e+01
2.979049284699361877e+01
2.676783011577940741e+01
2.568534224712616876e+01
2.749574381366881681e+01
2.978977234692675680e+01
1.169753288510876921e+01
2.979020925592013924e+01
2.978979886669994670e+01
2.575899311267075831e+01
2.622704971953303854e+01
2.978946955226399851e+01
2.978956945798024947e+01
2.978999878872295781e+01
2.979015072926049967e+01
2.978928285874766857e+01
2.978971947746258309e+01
2.979021329259581563e+01
2.420025181643874035e+01
2.978960610204906700e+01
2.978952822711864101e+01
2.315892361835119928e+01
2.772127123247141256e+01
1.903723176790973071e+01
2.978996257436882900e+01
2.306833516477973234e+01
2.978998098537446637e+01
2.802022177106535494e+01
2.275404841936768463e+01
2.481053390104365164e+01
2.978995359689455213e+01
2.978912420033805830e+01
2.865133654484273151e+01
2.156162267524216958e+01
2.978974805740265452e+01
2.978967728604133569e+01
2.978900791766273670e+01
2.978861629425052726e+01
2.978970744523237357e+01
2.836862466592714682e+01
2.979014121957864347e+01
2.476169525471429012e+01
2.461249058800335021e+01
1.855735903981565826e+01
2.978942707994976402e+01
2.978955323855863568e+01
