4.287366128688852029e+00
7.211328751304103335e+00
2.329328328292117778e+00
2.073975781353664782e+00
6.034796639014916586e+00
2.828143459555371386e+00
2.329146351591279362e+00
4.300407759787528761e+00
4.070820962635375295e+00
4.108637945870155406e+00
8.206630225309247351e+00
4.113413053577549938e+00
2.376057023030214488e+00
4.374529426704201640e+00
7.911720857258060846e+00
1.088377952991714714e+01
4.177070546264494588e+00
4.464802785154849296e+00
3.665433634052080780e+00
3.909773221893124706e+00
3.602470409303297316e+00
7.811675746385970065e+00
2.337793068264713892e+00
5.292246894627201215e+00
7.358975630190652595e+00
6.530382980078202948e+00
6.230366571220836036e+00
4.161973357442771082e+00
3.402295502122917092e+00
4.328166535113664892e+00
6.433440441026101020e+00
3.813216070044854522e+00
2.318508353408275990e+00
4.420260237476889564e+00
7.155329995629345241e+00
4.170219047410118840e+00
4.523258868874889593e+00
6.217209879015685559e+00
3.258085375897991742e+00
4.291720375768937501e+00
5.039085252059679831e+00
4.154802154279143345e+00
3.633357866172605810e+00
7.212723009315404887e+00
4.289339471369149948e+00
5.583905835746083568e+00
4.154017371091383026e+00
3.255302974429429064e+00
3.792299385452831295e+00
9.628449142980660014e+00
