3.354111052965456641e-01
3.477130286737744602e-01
1.016602868690744677e+00
2.884281695165217263e-01
5.720659389324345145e-01
9.108368964496678100e-01
7.056797477065491764e-01
3.805756927612722884e-01
3.993019077603525147e-01
3.755813964991447373e-01
1.772408145745235197e+00
1.258177630872087782e+00
8.247048875041446125e-01
5.383173316322740209e-01
5.898075516433192167e-01
4.331111386894052062e-01
4.290534398112161862e-01
1.474101125651514410e+00
2.850905065876557232e-01
8.912419645005470459e-01
1.189509445938847776e+00
6.066132047931509508e-01
3.587194831984879428e+00
1.006192158065951192e+00
5.476869370377290824e-01
3.280431093646399843e-01
7.098528529975798307e-01
7.427822157594621277e-01
4.258405712159443746e-01
1.260372008232023777e+00
3.302124231598850823e-01
3.238962332854206649e-01
2.006913386495439156e+00
4.548662516444111903e-01
6.272983636398241636e-01
3.420047694748174494e-01
4.186929613490273927e-01
6.739292114285608815e-01
4.291520127123205075e-01
2.312262366283896198e-01
3.458401573818212782e-01
7.439803955181275574e-01
6.950103655403799818e-01
8.557784386277480504e-01
2.944365715299776531e-01
5.777145962013762182e-01
4.655082572431527010e-01
2.394602188753815752e-01
3.915323777221298429e-01
6.517220644216362713e-01
