1.912119681131395077e-01
1.988889025383552278e-01
4.898222662926969839e-01
4.201893966700193106e-01
3.981510597430619192e-01
6.078321617105035823e-01
4.576796171305958505e-01
4.076034727656938639e-01
2.107990838867413730e-01
4.110022475759216865e-01
3.701932725647050781e-01
6.567968717136497547e-01
8.544731137498731144e-01
5.896142900500035422e-01
6.214493337077263702e-01
1.896808563545829829e-01
6.775334261180112616e-01
1.502235419788948034e+00
6.527769459867058810e-01
1.873784265650546010e-01
5.126584402021651110e-01
5.212460980306748981e-01
4.841955856046724072e-01
5.397908935374312600e-01
7.023387478917938465e-01
4.943709191162661831e-01
6.249415042950778876e-01
7.101307583094225162e-01
4.974181876508268485e-01
8.113253617604790913e-01
5.915732648698845964e-01
2.260065861950801003e-01
5.394404323989651084e-01
3.384092824794736609e-01
8.167147724538488252e-01
2.774740181841869324e-01
6.468470742795167094e-01
7.681613132262848920e-01
2.331736767766913188e-01
8.953400564573915643e-01
2.569385891702149483e-01
3.373096586153112031e-01
4.100728172488531942e-01
4.456813843741106451e-01
9.099828649189829477e-01
5.825149334852092187e-01
2.839721457580637876e-01
5.219367319559121698e-01
1.046965032015295893e+00
7.314922729046126060e-01
