-1.048078106682417143e+01 -9.478893328119413653e+00 -8.480415004898206988e+00 -7.481182250786938326e+00 -6.480721804906023564e+00 -5.481454733420514813e+00 -4.481441888619558611e+00 -3.481143880296857063e+00 -2.480682614852090850e+00 -1.481679740954538360e+00 -4.810942743312374148e-01 5.175993855703779900e-01 1.521797385405392333e+00 2.517832514237255737e+00 3.517755832861755749e+00 4.516768183897827527e+00 5.521435585211609265e+00 6.523376580666393920e+00 7.517124202441078040e+00 8.518571239303442511e+00 9.521714758466572448e+00 1.051734318990597394e+01
-1.048056854239921165e+01 -9.480732045390393381e+00 -8.479447848417549949e+00 -7.481747395613004059e+00 -6.479400373317982798e+00 -5.479205108501714605e+00 -4.480707294561666387e+00 -3.479240573265352410e+00 -2.480910501696829584e+00 -1.482262633063575308e+00 -4.820893623612203527e-01 5.174017778851709437e-01 1.518477954647748263e+00 2.520413868806564039e+00 3.517413303933354385e+00 4.518366121432993765e+00 5.518264026127072341e+00 6.518399127505031032e+00 7.520832271061154373e+00 8.518708281896323342e+00 9.520334996960370333e+00 1.051952821829101303e+01
-6.441439928910728696e+00 -9.539658050228467800e+00 -7.788654703331578055e+00 -4.066508150253687504e+00 -5.306255057946664522e+00 -6.122673480136161750e+00 -2.445142466707892481e+00 1.544059870322079364e+00 -1.093401724297121680e+00 -6.476539129846363707e-01 -1.354605675010866150e+00 -1.434391638374905020e-01 -1.143960101582117694e+00 2.139331188873209832e+00 3.830402346344049747e+00 2.277812037014097513e+00 5.488518590714852152e+00 7.576707005759614866e+00 4.131936816360322950e+00 6.713940631143290538e+00 5.821527620410987147e+00 6.990984578243396363e+00
-1.048318485238331021e+01 -9.477261640808784193e+00 -8.477400996468269057e+00 -7.479090847752326354e+00 -6.482333072207177693e+00 -5.480462693355294235e+00 -4.481796540997232015e+00 -3.481622450731016727e+00 -2.481247373602593953e+00 -1.482129060409276278e+00 -4.812680862166658358e-01 5.196075954220535920e-01 1.519235602834010379e+00 2.518001965501090567e+00 3.518505654551766781e+00 4.519286341287873654e+00 5.519974894144317190e+00 6.518504522063516049e+00 7.522109098055153709e+00 8.518413714387200741e+00 9.517640761353751699e+00 1.051834573528983618e+01
-9.776339359391494455e+00 -4.582622683969152177e+00 -9.299740347453804290e+00 -8.781405633411754508e+00 -7.357658593001552561e+00 3.439047378334730842e-01 -5.531684100352668665e+00 1.155976787349737522e+00 -7.112922449232668143e-01 -2.654819298068159306e+00 3.626597317521871755e+00 1.227666341771800618e-01 1.787845710212533801e+00 9.380549276904184275e-01 1.904140749916420905e+00 3.623443067065959866e+00 3.149919642541084031e+00 5.643960361759747357e+00 5.675953808088525676e+00 6.126101601801630103e+00 7.046721835753849916e+00 7.972003348817906954e+00
-1.048102591762483371e+01 -9.481146289204993138e+00 -8.480404196476387213e+00 -7.480298010801737618e+00 -6.480875170027657006e+00 -5.480586527084765791e+00 -4.480966752564361499e+00 -3.480775667523799299e+00 -2.479308499192626414e+00 -1.481027519499710010e+00 -4.796757383102701056e-01 5.180013420229663268e-01 1.518773974681449701e+00 2.517482431436130597e+00 3.518947148526265778e+00 4.520324120128703882e+00 5.517901608551094128e+00 6.519618386233394958e+00 7.518753262067390253e+00 8.519217813218187274e+00 9.519154162908145977e+00 1.051974430849607067e+01
-5.089333187015776083e+00 -3.950158458495296010e+00 -8.782690827488041307e+00 -7.106448782447128742e+00 -6.818158626967452562e+00 -5.918037905774735208e+00 -4.318926549877346588e+00 -3.644380937688897593e+00 -3.103549414309840770e+00 -2.736071524966776192e+00 4.099186615760387120e+00 -5.117713946619832921e-01 7.398303054690864577e-01 6.289107379461964520e+00 1.533105002641538483e+00 2.858967983753580633e+00 2.839777578448174467e+00 5.856066604137036613e+00 5.276641674448928399e+00 6.404642144895128730e+00 7.890376394764103907e+00 8.613654195871854213e+00
-3.918148413457246626e+00 -5.708191951650472440e+00 -6.321869202175643743e+00 -4.775385025454709442e+00 -2.540512968201041666e+00 -6.740035772705009087e+00 -2.551209152966537275e+00 -8.840113547399215399e-01 -2.141036111305751444e+00 -3.603818473834140335e+00 2.639400367618154775e+00 3.720259147360502006e+00 -1.687307011696926651e+00 -1.073573332997612040e+00 1.194081127025489852e+00 4.570868983561718224e+00 5.146353607415464992e+00 5.673491509862971682e+00 7.612114697235454308e+00 5.022681429185093194e+00 5.186530109206932693e+00 1.601146062671711334e+00
-8.220784973438881593e+00 -7.645668371467273516e+00 -6.151381437991979340e+00 -1.391038295309480866e+00 -5.479388464267704428e+00 -1.240393823667828688e+00 -2.686857210426176756e-01 -4.116755926609156013e+00 -3.724738402048314523e+00 -2.549252746832844529e+00 -3.023844638218613490e+00 2.606339689316497399e+00 -5.928404502888560135e-01 6.728599932265762362e+00 2.335957935454023193e+00 3.098824391032831471e+00 4.824471406120648176e+00 4.629292637935917831e+00 6.208052702115439025e+00 4.677656300402053269e+00 3.964704347624280700e+00 5.752702178874594452e+00
-1.048436684703290922e+01 -9.479516407305549563e+00 -8.481233564967462613e+00 -7.479572912508821503e+00 -6.480767374688932492e+00 -5.479624112898662247e+00 -4.478695912117316880e+00 -3.480322522873246172e+00 -2.481476692313499655e+00 -1.479839002544238724e+00 -4.811179170554442663e-01 5.211078395897548177e-01 1.520201170986336336e+00 2.516098240559738741e+00 3.516413444822472201e+00 4.515417309647244082e+00 5.519758777862236343e+00 6.520221935754458187e+00 7.520896913653063010e+00 8.519224019890469179e+00 9.519663782959620235e+00 1.051935810053889320e+01
-9.648794099435585636e+00 -9.738439865568157217e+00 -8.347855936771981789e+00 -7.653144471078872080e+00 -7.071298432943850187e+00 -5.590570639316968737e+00 -1.717703874232568539e+00 -4.201436370141235166e+00 -4.450902705062605991e-01 1.645241231883146638e+00 2.438830366086419676e+00 -3.610715625705991916e-01 2.025109216693494307e+00 1.911947666480020569e+00 1.987475829446155196e+00 3.982569777214996609e+00 4.743505561737208609e+00 5.713770145100664166e+00 5.797493747477498793e+00 7.453916697455093221e+00 8.557483801752976404e+00 8.939889751196911760e+00
-1.048180583424197465e+01 -9.480452942915938763e+00 -8.480900394984280055e+00 -7.480216714807555789e+00 -6.481423820622952192e+00 -5.481561917134316175e+00 -4.480708780952491921e+00 -3.481068375774427182e+00 -2.481216299601580744e+00 -1.481058630414990418e+00 -4.802208200774575886e-01 5.193301706828670206e-01 1.519014534286464269e+00 2.519026201895673722e+00 3.519089218906364280e+00 4.520865280858476609e+00 5.517985929480992979e+00 6.519678991965255577e+00 7.519603234461747832e+00 8.519611750475364786e+00 9.519363176754911393e+00 1.051889431171794520e+01
-1.822181920880126205e+00 -4.535771146169523149e+00 -1.617189937148999057e+00 -7.914527231938981444e+00 -3.144771119270745707e+00 -4.326900987708172330e+00 -4.961276803383890766e+00 -2.895867484312638407e+00 -1.902469880891770160e+00 -1.344967521585274106e+00 -2.155378599753352997e+00 2.792642160257305939e-01 4.225184903926916924e+00 2.167935103131109376e+00 3.491284336380894970e+00 6.412895598295853539e+00 9.987076113910349218e-01 3.052745310432651848e-01 7.814061833505860477e+00 4.672255252030870665e+00 2.015255743911110287e+00 4.661011773359333255e+00
-1.047961907664490155e+01 -9.481716355478226887e+00 -8.480529194867074239e+00 -7.482158130204153323e+00 -6.480410946702422237e+00 -5.481741761958067727e+00 -4.479648387228904127e+00 -3.479514395987456155e+00 -2.481065532361911963e+00 -1.480474969541491603e+00 -4.808015135878971336e-01 5.189657302742531897e-01 1.520976537669231021e+00 2.518430346453717661e+00 3.519020231271319687e+00 4.517358856106335807e+00 5.519338803196482957e+00 6.519267344677979636e+00 7.519048208201470018e+00 8.517614641988805246e+00 9.519775384867719126e+00 1.051971244981341158e+01
-8.393999557966985492e+00 -8.298839301287914694e+00 -5.589462134575827079e+00 -6.573327248334338790e+00 -5.040128719664082269e+00 -3.818005635635391748e+00 -2.232637639295527165e+00 -2.325167398499196292e+00 -4.557646395214816515e+00 -2.004060289875411627e+00 -2.317210438272813144e-01 1.210782269492301388e+00 1.634784669233964260e+00 2.636713984819409884e+00 -6.184709211863959055e-02 4.312141717963589471e+00 5.235414230006875336e+00 2.702804627344043809e+00 6.282824898920535972e+00 7.305040608620029907e+00 8.819812722738676669e+00 9.408350997114471426e+00
-1.047944840077652628e+01 -9.481254875998596177e+00 -8.480656117539512096e+00 -7.480959616940149104e+00 -6.479678519408798465e+00 -5.481518291275607524e+00 -4.479723818938831315e+00 -3.479325123469955372e+00 -2.482026115398513255e+00 -1.481123291294684563e+00 -4.807165342975832090e-01 5.190400701354729307e-01 1.520134158093812360e+00 2.518488496203298510e+00 3.518775112588286902e+00 4.519086785275819196e+00 5.518914676864028479e+00 6.518903195519328619e+00 7.519991971213704218e+00 8.518463261086825611e+00 9.517580695111634626e+00 1.051888055320489990e+01
-1.048096421191640104e+01 -9.479952132498668860e+00 -8.482020972465930342e+00 -7.480009479617551804e+00 -6.479764169251366113e+00 -5.482138378714958904e+00 -4.482156967913562440e+00 -3.479210792278713882e+00 -2.481816588138986646e+00 -1.480134708976207136e+00 -4.815120754594239827e-01 5.198343934660538679e-01 1.519012475216923619e+00 2.517793187702233482e+00 3.519667776132159531e+00 4.519446620548299265e+00 5.518267752433359874e+00 6.519053401256138969e+00 7.519285412335923624e+00 8.521294431591563523e+00 9.518181042576371098e+00 1.051967225393109828e+01
-1.293554841616962570e+01 -6.772757143963307414e+00 -5.567065411810565578e+00 -4.877088174358707562e+00 -4.326664013884546023e+00 -2.349034054569805186e+00 -3.102132914643214612e+00 -1.614991021504036617e+00 -1.357205068065205689e+00 3.666748174091836177e-01 3.507090699311044557e-01 2.442025400322881179e+00 4.206759548160068363e+00 -4.365048512140317083e-01 1.689595410606432369e+00 5.202345739867054064e+00 6.542346973149110845e+00 2.226220702703792576e+00 5.436662179321571031e+00 3.022764875273709961e+00 3.676308867354119769e+00 8.598405756042513559e+00
-8.601165006023157034e+00 -6.693439335327814987e+00 -3.426317325676200287e+00 -7.019444495574398424e+00 -2.100146241431470884e-01 1.890730821556223518e-01 -5.356899506606519701e+00 2.463171689305150736e+00 -1.591217911576999322e+00 -8.588265092714665316e-01 -1.063708109470658414e+00 1.046163052118793235e+00 -1.050885129613698954e+00 1.492049024779187549e+00 7.236139837229205618e+00 2.379562984692761951e+00 1.708433955969374196e+00 1.521608024196572817e+00 3.862196628323785408e+00 4.077929537863258957e+00 4.709300452467689801e+00 5.608117954141157213e+00
-1.099930319354910679e+01 -1.012853584151899078e+01 -9.109421721019188567e+00 -2.993118052366620319e+00 -7.171528645317767570e+00 -9.361685384063759274e-01 -5.052643811344582403e+00 -4.239746583446728501e+00 -3.188795132063417803e+00 -2.184234208154431922e+00 3.955546661125895813e+00 -1.716535562507959245e-01 8.085957416692295396e-01 1.952147104697028013e+00 2.775717361577162201e+00 3.687620688922912393e+00 4.757667806092330309e+00 5.758331341529843606e+00 6.709674952233462442e+00 7.719798462530605754e+00 8.808758316609525352e+00 9.663119116408502407e+00
-1.048300319300454220e+01 -9.479335719211524847e+00 -8.481219643218947724e+00 -7.481550724668945662e+00 -6.481519678099575188e+00 -5.481327743692826715e+00 -4.478572362525884643e+00 -3.478537881238903395e+00 -2.481732615693033495e+00 -1.477475525303315607e+00 -4.812628714875692992e-01 5.178681970997338624e-01 1.521015314893297443e+00 2.517492523924870440e+00 3.518501868979502234e+00 4.519508353011177704e+00 5.517998090521855303e+00 6.522943808273842237e+00 7.518340787426996741e+00 8.517122572795910784e+00 9.517586334185169861e+00 1.051898837699131306e+01
-1.048189819333219219e+01 -9.478372071954320077e+00 -8.481325988742417721e+00 -7.477160249921407598e+00 -6.480776962908811001e+00 -5.481189710172738927e+00 -4.478073564442713206e+00 -3.482037042352279954e+00 -2.480888930234009138e+00 -1.481805120679446475e+00 -4.819075959649854468e-01 5.176866454157078579e-01 1.518109048632066305e+00 2.518626394596976681e+00 3.517421404746455593e+00 4.521908993748114725e+00 5.518443937328740390e+00 6.520229223099629934e+00 7.517333622005867966e+00 8.516926432875081332e+00 9.521410058167857571e+00 1.051916794004766587e+01
-1.048025070774290413e+01 -9.480815644291318733e+00 -8.481110631403604216e+00 -7.481434720483717271e+00 -6.480576562610535163e+00 -5.481196935203952236e+00 -4.480714919892227144e+00 -3.480329665270739170e+00 -2.480529158291497893e+00 -1.481230753389274568e+00 -4.811012250456077055e-01 5.187653909352540893e-01 1.518735264512615757e+00 2.519392666491580002e+00 3.519694794985362307e+00 4.518976361575440137e+00 5.519763750108792166e+00 6.519635264846399991e+00 7.518841558220705323e+00 8.519003977152420859e+00 9.520087611946177475e+00 1.051822255280883134e+01
-1.048012240671295814e+01 -9.480142091146918304e+00 -8.480254200033160217e+00 -7.480217334560387954e+00 -6.482231420210805339e+00 -5.480940130285242518e+00 -4.479166236452075012e+00 -3.481000420383429272e+00 -2.481988508931596726e+00 -1.481667828492133410e+00 -4.819559647955617976e-01 5.194436863742133426e-01 1.519514139064343183e+00 2.519636693664574878e+00 3.519140097566628711e+00 4.520701575346972589e+00 5.518959376283671503e+00 6.519261139699008112e+00 7.516368869014771192e+00 8.520305711098696833e+00 9.519363063641572253e+00 1.051882046020844541e+01
-1.047695123810661499e+01 -9.479968723248349605e+00 -8.481616836379874513e+00 -7.481986116956601762e+00 -6.479079988192424366e+00 -5.482759472321379945e+00 -4.481448050927038906e+00 -3.482627313922758816e+00 -2.479184877466058978e+00 -1.478659388016573928e+00 -4.781152721155805807e-01 5.173579041253404398e-01 1.519104558635836710e+00 2.516674432564858677e+00 3.518832701851016154e+00 4.517125446010714640e+00 5.519642386246809806e+00 6.523196819831019511e+00 7.518300015140665593e+00 8.516883898187765922e+00 9.518374163318759074e+00 1.051873322169888603e+01
-1.048016950996081675e+01 -9.481274051083753207e+00 -8.479640570892518880e+00 -7.479981718076897934e+00 -6.479424012316872705e+00 -5.479907771064459254e+00 -4.481894416226571920e+00 -3.480865491046154503e+00 -2.481261295689765944e+00 -1.479801063849153664e+00 -4.823263338343579676e-01 5.206888863308911652e-01 1.518429289148619077e+00 2.518486874686047372e+00 3.519738542424009964e+00 4.518703373657031008e+00 5.519589784131815335e+00 6.517998116598894498e+00 7.517997639761738071e+00 8.517721506343658433e+00 9.519457677887245950e+00 1.051956281303005092e+01
-1.048478863862423083e+01 -9.482498896392893784e+00 -8.482235086235121457e+00 -7.483640682968230706e+00 -6.482824725183569115e+00 -5.468222660097206145e+00 -4.483562213453376799e+00 -3.468605381521301823e+00 -2.483853918584886245e+00 -1.483620029958798270e+00 -4.834724190560208967e-01 5.155975100669074607e-01 1.516289341178817196e+00 2.515866028991617043e+00 3.531636374917905385e+00 4.531428920951761086e+00 5.515774386850278432e+00 6.516826379028236360e+00 7.516081082549973758e+00 8.515583622184671242e+00 9.516222077337184615e+00 1.051784719797698386e+01
-7.716315719263898032e+00 -7.017152209374152960e+00 -6.444619791726045044e+00 -5.341421096423001558e+00 -6.216114694903901672e+00 -3.463602028318799597e+00 -2.900915919621773753e+00 -1.433095600854765728e+00 -5.991637293746020276e+00 -2.570329766547877703e+00 1.163029606127914395e+00 2.032752085346259285e+00 -2.838562396274213917e+00 3.948772141461233343e+00 3.888752156822758099e+00 3.612433769678496720e+00 1.006210833433101026e+00 6.532392203878482739e+00 7.806420777536634326e+00 8.796990812756508404e+00 7.511914214035392057e+00 6.055926185936158390e+00
-1.048119659891186473e+01 -9.482318142259662963e+00 -8.481035837734287597e+00 -7.481958383524979439e+00 -6.482817666435778392e+00 -5.480029279196802605e+00 -4.482468979263860120e+00 -3.478813538158503249e+00 -2.480674544179979790e+00 -1.481414684856485309e+00 -4.769287573343046205e-01 5.180952755564884882e-01 1.522217219864769433e+00 2.519101744687004540e+00 3.520437976514743994e+00 4.518648116087362610e+00 5.518356165086673926e+00 6.518094895576879821e+00 7.519018819724969660e+00 8.521956352686332892e+00 9.518308593129557238e+00 1.051724952290002868e+01
-1.048058901456268899e+01 -9.480923806401804654e+00 -8.481056002053341203e+00 -7.480218065055941778e+00 -6.482180071147983114e+00 -5.480316539379677110e+00 -4.481795218857852703e+00 -3.480827880176642353e+00 -2.480844688686447697e+00 -1.480564353140911393e+00 -4.811761352148931081e-01 5.187832144173682991e-01 1.518769818273460359e+00 2.520466382530598182e+00 3.518752547827631361e+00 4.518150861290363807e+00 5.518479476598175282e+00 6.519103514877230054e+00 7.519095907834451253e+00 8.520171160725027448e+00 9.520303207364946729e+00 1.052024395289745939e+01
-6.227041308260126584e+00 -6.663504587007635038e+00 -4.014306339372211596e+00 -2.133574897473553555e+00 -3.129661139835321571e+00 -1.702500052152594812e+00 -1.231407913482430949e+00 -3.520582414984234632e-01 -4.959454371819066232e+00 7.906948926405428235e-01 3.080876787125364391e+00 5.657302267346482338e-01 1.483597568894052365e+00 -1.224890610097092658e+00 1.540680609129861933e+00 6.883414922617273390e+00 -2.100467073881820301e+00 -2.219560940826532658e-01 4.483874545930205180e+00 2.447825674273333085e+00 6.601032788056286016e+00 6.504922883519867582e+00
-1.048137473687523880e+01 -9.482131060212823925e+00 -8.480969380587326967e+00 -7.481277186423540115e+00 -6.480832573026399146e+00 -5.477387588471167135e+00 -4.478114429861300039e+00 -3.478546034544711674e+00 -2.481880795210571478e+00 -1.481848422437895607e+00 -4.819000400602710954e-01 5.185007862746804363e-01 1.519040871411567295e+00 2.521078731864696110e+00 3.522828940302140666e+00 4.518954712897546244e+00 5.518901649862534953e+00 6.518270570784816087e+00 7.518214415758862401e+00 8.517001878470182419e+00 9.517759714275603855e+00 1.051753824576736029e+01
-3.001184667780461446e+00 -2.136163712746929288e+00 -5.421133354073203847e+00 -3.876914464285066586e+00 -9.474272283018765339e-01 -4.216192746136018243e+00 2.721963170984736280e+00 -2.580397060935997189e+00 -1.434436307931393983e+00 -8.770074589155221201e-01 3.503877920403278279e-01 3.855620546433892404e+00 4.588713761128424551e+00 -2.057734161433241837e+00 4.537793432978158847e+00 8.899476665905248218e-01 1.315562263187095571e+00 4.678025274337386463e+00 -1.539057611789898417e+00 3.367502024430122365e-01 3.047773947712997256e-01 4.929935539393247801e+00
-1.047982745719223630e+01 -9.480078236284569471e+00 -8.481105403127987330e+00 -7.480717853727673727e+00 -6.480917462232415716e+00 -5.480376863005480104e+00 -4.481429808857752661e+00 -3.479822755875913387e+00 -2.480630227449248437e+00 -1.481196233156031994e+00 -4.812151576307641676e-01 5.183702920648212142e-01 1.518985121426259965e+00 2.519551477310329801e+00 3.518867826935922594e+00 4.518837920305406541e+00 5.519831373271619768e+00 6.518949380991136522e+00 7.518361247059983654e+00 8.518289423463023979e+00 9.520310639319097490e+00 1.051879102635113128e+01
-8.325519902718005127e+00 -7.701048854308933045e+00 -6.828957174873189651e+00 -5.486308870907690149e+00 -5.144660969183460608e+00 -4.200362740678413864e+00 -4.262486321862898109e+00 -2.437537760683017751e+00 -1.423233408651319865e+00 -4.279463384429568751e-01 -4.053434634151266813e+00 1.184711785492471581e+00 6.631225268917682047e-01 -2.153274110043859046e+00 4.142625508876099927e-01 5.349629662998502511e+00 6.204048405337638350e+00 5.762610386302780441e+00 8.430950958600330836e+00 9.395058545641656877e+00 5.141778443696722434e+00 1.032042609061403837e+01
-7.786795786365856564e+00 -7.048629597327344953e+00 -5.774353574506633890e+00 -5.066045050417121054e+00 -4.317306045389249114e+00 -3.116799669814185769e+00 -5.704368971395853194e+00 -1.037219784527060540e+00 -4.686907387526818347e+00 4.573114303721869112e-01 -1.606229984042067960e+00 -5.012298112403257289e-01 3.228197503367681076e+00 -1.597515896075551306e-03 5.203550980669876758e+00 2.770665784028313539e+00 3.970705071570910683e+00 -2.700000011679428269e+00 5.686634908639343067e+00 9.736886577801776355e+00 1.095730943495211029e+01 7.758049768684318614e+00
-1.048055189881808502e+01 -9.480960205535984286e+00 -8.480437040667634818e+00 -7.480721310119745837e+00 -6.480344280939196011e+00 -5.480782986025920067e+00 -4.480574556033714018e+00 -3.479616791348565386e+00 -2.480625145475952920e+00 -1.481248930435276279e+00 -4.813407811928840374e-01 5.196075585078165915e-01 1.519074916500942507e+00 2.517848245460880818e+00 3.520243689079181948e+00 4.518082990903749874e+00 5.518093287606134822e+00 6.518938794393431380e+00 7.519908934492967489e+00 8.518692515451803615e+00 9.519415892321960726e+00 1.051912537183274310e+01
-1.048291738263582573e+01 -9.482257320799591938e+00 -8.480854048647650245e+00 -7.482892467894352251e+00 -6.482107400216825965e+00 -5.477898284115568117e+00 -4.478703945197835878e+00 -3.479556574740193753e+00 -2.479088633575203815e+00 -1.481789752163660268e+00 -4.794438176534381313e-01 5.173801339485439854e-01 1.519267306409103568e+00 2.519750044427134128e+00 3.521204665980558701e+00 4.517521069131113620e+00 5.518741891465406724e+00 6.519045636735182114e+00 7.517389432273130723e+00 8.521278531036591275e+00 9.518430218777869101e+00 1.051932896741412726e+01
-3.985316339731219681e+00 -3.796024405843898553e+00 -1.933829331396029083e+00 -1.882717128956016950e+00 -6.453926627906063196e+00 -3.266662209033677211e+00 1.187717902987482921e-01 -6.363060891805970565e-01 -7.561646430657421591e-01 1.205326665352888016e+00 2.439409777269200941e+00 -3.645347461488848140e+00 -2.597238953383983251e+00 -1.909007639138892598e+00 2.709332443899994836e+00 4.063838916051190964e+00 4.867149986235054904e+00 -1.543353753704873821e+00 3.484564500607625348e+00 3.319841726571886475e+00 6.972149838452791570e+00 3.647337208048955226e+00
-1.048141666434029418e+01 -9.480555280365731363e+00 -8.481643869795584934e+00 -7.477556265213285869e+00 -6.482000238516112844e+00 -5.481696277179507248e+00 -4.481421961703089707e+00 -3.478474944152626591e+00 -2.481487243690262190e+00 -1.481506466188212912e+00 -4.779394485733785558e-01 5.226901254870632840e-01 1.516938873312689395e+00 2.519029036841605063e+00 3.518161096356124062e+00 4.518858597359871609e+00 5.518358283422204025e+00 6.522201941094611044e+00 7.517840021035887332e+00 8.516853154382920010e+00 9.518593177876683242e+00 1.051800262250682749e+01
-8.657872693930256602e+00 2.798638710637249005e-01 -1.408019066821129872e+00 -1.749506529001577437e+00 -5.567944150227816635e+00 3.305880322262702009e+00 -3.668482976375011084e+00 1.234178108856055722e+00 -2.394992405045946793e+00 1.186683405984384709e+00 -1.586830951300252313e+00 -2.622581578817759773e+00 2.544244780130923367e+00 5.924627112225779868e-01 1.319080045711522153e+00 2.375319274781887646e+00 3.491314725138982222e+00 2.552047954051440470e+00 7.544063731574950360e-01 3.746547314405554996e-01 5.329336281695011834e+00 2.738586035980974387e+00
-2.992904986353289942e+00 -8.630394257907436639e+00 -8.199790216035159673e+00 -1.598965357597113446e+00 -7.632102266418567815e-01 -5.316419993119098741e+00 -4.483012525586813624e+00 3.283562087203721447e+00 -3.624598022346125603e+00 -2.432686775043936045e+00 3.389861008350603999e+00 -1.740390523115043830e+00 -1.306021682982692278e+00 -4.125047656846256849e-01 1.267986824408488644e+00 2.890832313947138577e+00 3.922886440781665041e+00 4.055757629495436944e+00 4.241636296143237672e+00 5.987224955258078296e+00 7.066605587970637536e+00 5.816374458812672898e+00
-7.719564490859393224e+00 -6.225609531630989402e+00 -5.457600726419176596e+00 -5.435561755157146457e+00 -4.568258770957161374e+00 -1.043357034539019956e+00 -2.392517158180671455e+00 -1.624127355254640914e+00 -2.362429969112756378e+00 1.243529202684042101e+00 -4.047867126924120207e+00 -2.334715735377731693e+00 2.579905430621750817e+00 -1.003645395074972413e+00 1.445948109404199045e+00 7.583863115130052179e+00 3.327251479853339688e+00 5.746153451478190455e+00 2.826043144935134421e+00 6.179504457436365783e+00 6.641378897821685001e+00 7.063506030081526887e+00
-1.048190543428069077e+01 -9.480153407901536156e+00 -8.480782117694630529e+00 -7.480064738541868152e+00 -6.480104070156817997e+00 -5.479946371167917718e+00 -4.480529796332140435e+00 -3.480699647218004955e+00 -2.480116326361892831e+00 -1.480439197272067631e+00 -4.810244850814449080e-01 5.187569819390631665e-01 1.517595220357167207e+00 2.518268812447775673e+00 3.519406940788016414e+00 4.519813593477001845e+00 5.517242562025774788e+00 6.519529554992901765e+00 7.520150024443855941e+00 8.517816897481671035e+00 9.519663158804169356e+00 1.051935011520980190e+01
-7.418328052119102622e+00 -3.757182044026683432e+00 -5.581221250033761017e+00 -3.756719276315436673e+00 -1.520113051155766559e+00 -2.573818650496181526e+00 -2.558009310641828016e+00 1.348862948263197525e+00 -2.156108135169747531e-01 -5.241955288490943055e+00 -4.372961635874341724e+00 -1.467862532953717158e+00 1.358466714584199764e+00 2.018867600628980963e+00 4.713908643698462519e+00 3.321583616808253314e+00 5.528124537991732090e+00 1.635131672186440177e+00 -5.739662996779095749e-01 7.054396096743689171e+00 4.109313953880427306e+00 8.370920690475760040e+00
-5.218498897866989950e+00 -6.612944368632689418e+00 -5.603823910030851785e+00 -4.450175869830504283e+00 -1.960170430228975746e+00 4.598107287535482257e-01 -3.276940657001937041e+00 -2.714019997061100309e+00 1.147080470087573856e+00 1.585561273609448207e+00 2.162490539177070126e+00 1.028687953350585271e+00 -2.618311768130137551e+00 4.631636754573088766e+00 2.853916580116566681e+00 5.606782120495140909e+00 5.090910405572278918e+00 -1.241242633094570280e-01 -6.030036941670022799e-01 -1.022218145768189146e+00 8.031897602609511466e+00 2.027285843641519314e+00
-8.293886988406116600e+00 -5.192837057417900581e+00 -5.370479438664701455e+00 -4.275944238807403153e+00 -6.531338259358465237e+00 -4.979616702466130640e+00 1.060558475439243864e-02 4.698695410204276612e-01 4.370712920364383081e+00 -1.625270715649728359e+00 4.579867325810724754e-01 -2.241184995538788582e-01 5.190782824592687916e+00 -1.095478494404321657e+00 2.250120093631458928e+00 4.783692189847538856e+00 9.968194384877615555e-01 1.800353979284443628e+00 2.224463391450247851e+00 4.036582190480919152e+00 4.501015806174056166e+00 6.917793972017767246e+00
-1.047863085195424304e+01 -9.480623196810483932e+00 -8.481148611754180777e+00 -7.480467062443514337e+00 -6.480681430548424160e+00 -5.481101315468547952e+00 -4.480638865381484592e+00 -3.481187384575616051e+00 -2.480869885534033870e+00 -1.480188909918071616e+00 -4.803502522408997777e-01 5.183453448116726037e-01 1.519434239715334201e+00 2.519440446048967885e+00 3.517870780080553317e+00 4.519069571048014211e+00 5.518341306596987295e+00 6.519899446517218422e+00 7.519661236554380679e+00 8.517950307577841329e+00 9.517720106989134621e+00 1.051998325064777440e+01
-1.048101782832630846e+01 -9.479856029491521952e+00 -8.480197795074088774e+00 -7.481747351925497114e+00 -6.479493350129221341e+00 -5.481051043014629087e+00 -4.481384352188205966e+00 -3.480574384670374499e+00 -2.481279403309912368e+00 -1.481312938373180899e+00 -4.810750636864753460e-01 5.186903771351705217e-01 1.520081378180877962e+00 2.518611624498257484e+00 3.519899814982304420e+00 4.518911331553352895e+00 5.518375277180563643e+00 6.518992758948696675e+00 7.518669254739180019e+00 8.520051084120167317e+00 9.520918145437134328e+00 1.051761676337231499e+01
-1.047964020208883085e+01 -9.481760488315062574e+00 -8.482062557204203657e+00 -7.479935751719928305e+00 -6.480912656946610895e+00 -5.481240303678951875e+00 -4.480869853361085120e+00 -3.481359006329030947e+00 -2.482261137528855244e+00 -1.481899091465901819e+00 -4.804391800002711932e-01 5.190310911698681196e-01 1.520501671866933080e+00 2.518864496187715574e+00 3.518695628778489848e+00 4.520243568853889116e+00 5.520338548855338701e+00 6.518546460704357060e+00 7.519902578131709703e+00 8.521134695546182414e+00 9.519700406627208622e+00 1.051724935187533383e+01
