2.298258364023258310e-02 -9.995535947903659568e-02 5.566578930735469749e-02 -1.094451363253332900e-02 -9.795647677733619607e-02 3.678849087826690373e-02 2.684886365559562699e-02 1.231210042788909165e-02 8.639580080734469980e-02 4.813751635492048014e-02 -1.010291652411838062e-02 7.771194927049895548e-03
-5.574779880221314432e-02 4.561588118670168585e-02 2.053582420718235574e-02 2.214476310904160000e-02 -9.981682202869799486e-03 -4.823793168720682395e-02 -4.018800009124860739e-02 4.310309447353925794e-02 3.710134747095198554e-02 1.710542169858651207e-01 -4.359588279920396242e-02 -6.386075826491022234e-02
5.779733797178696064e-02 3.752687375131089076e-02 -3.065018191911480505e-01 -4.658212232491534821e-04 2.902233649748346966e-01 -5.345084361477860785e-02 -3.100086160531570489e-02 -4.777827930069327156e-01 3.072269287776789315e-01 2.761208297426701597e-01 3.806169494752570381e-03 -2.555629248598048631e-02
-3.227855034438698034e-02 5.648337353453151966e-02 1.239028965284438843e-03 -3.008186925069037190e-02 -7.942825232621665565e-03 -6.840730841599557133e-03 6.156449223567805884e-02 -2.475962254546861321e-02 2.103482434660471079e-02 7.964733434917829064e-03 1.763094402624230950e-02 1.392927525713778814e-02
-2.225870879005434344e-02 1.759729050702642239e-02 -4.277037722077467290e-03 5.447306788362298036e-03 -4.593562043435562431e-02 -1.436929978520255433e-02 1.096956231254813535e-02 1.041897495208553119e-02 3.077290125562911344e-02 9.106573464162917575e-02 3.603008200310667264e-02 -3.751811214306787629e-02
-5.001994373592705961e-02 -2.532771543174959158e-02 4.652393765814149401e-02 -1.789052761594750809e-02 -3.320906047103736741e-02 -3.003043869221029560e-02 5.121422567509340690e-02 5.182120604741700248e-02 -7.471500686830312432e-02 1.083274720600689023e-01 2.904980979364487487e-02 2.219911516643878133e-02
2.433513408689724072e-02 -5.532757377728576625e-04 7.329227385125405315e-03 -3.502201983822744030e-02 -1.232841854929162678e-02 -9.655345689406364951e-01 3.922363802826758783e-02 1.034465431059363949e+00 3.292047291743455811e-02 7.439798214528575704e-02 -3.520238053732046429e-02 -8.608814843349631152e-02
2.303857239928942813e-02 -3.146800243779068751e-02 2.662715218302350549e-03 -2.644832483674909585e-02 -6.913815867212634581e-02 4.390283274912597927e-02 2.793683208866250961e-02 8.151340613136549840e-02 1.299630022481751065e-02 6.503933393485622494e-02 -3.745418738642726508e-02 -1.463824582769663457e-02
2.317490649022068902e-02 -2.071611172869721601e-02 -6.277163107765192269e-03 3.152422252786434009e-02 -3.716864544188466790e-02 5.018264596828642121e-02 6.530308173346138084e-04 2.466592332142346702e-02 1.336965395400101578e-02 8.732556719936236667e-02 5.115900994922827766e-03 -9.390685740943915949e-02
-2.721859316321173158e-02 1.067393298276931787e-02 3.031060412980522093e-03 2.037634681220140340e-02 -7.724121051705426511e-02 2.042834192711017599e-02 -8.356924223599584978e-03 1.447594740057790430e-01 -3.327855655842217042e-02 1.369545122696643261e-02 3.726031324039385390e-02 -2.618656256028355223e-02
6.192875154238395088e-03 -3.490730292047015126e+00 -6.777900461693533996e-03 4.687831077327378471e-02 -4.893557434103024129e-02 -8.111241751574803371e-02 4.966335190587783943e-04 3.464686101343260327e-02 3.509269707952980433e+00 9.667160388147871819e-02 4.033260557447303218e-02 -2.898933991781888625e-02
2.428580470243642264e-02 -8.222147855445045492e-03 4.309237226139294580e-02 -3.720150548373595684e-02 -2.996953994209511710e-02 1.378511439579282842e-02 4.910001598736019046e-02 4.688787581962611251e-02 -7.092519122685841948e-02 8.943785210402763197e-02 7.395666336691218701e-03 -4.972324351356333799e-02
-7.904590253231966179e-03 4.572306249947304113e-03 4.392394253580005070e-03 1.310490013071812822e-03 -2.937384786242926149e-02 -1.252011557146728848e-02 1.912432197375892387e-02 5.300880308095701210e-02 -1.499513108979403471e-03 7.468275889203301876e-02 5.495087655537953843e-03 -3.334502173714864320e-02
4.406489787439281727e-03 3.555583801339885774e-02 7.933033021921234718e-03 -1.621778488492726933e-02 -3.919855706413786361e-02 -3.023547760605627827e-02 -1.589721486148276339e-02 -1.085300595045357239e-02 6.937423917393241435e-02 3.804923516629010044e-02 3.494639290879249932e-02 7.988588091280193065e-05
-4.542394091523651450e-02 4.452570177903991677e-02 -5.514840633940927550e-02 4.122915376300161777e-02 -3.612307491117215663e-02 7.189485071436577113e-02 1.013026610347813120e-02 5.322072635301149102e-02 -6.689640279184004557e-02 2.700527180302959851e-02 5.514790968533497817e-02 -2.161898165797404917e-02
9.050715843147433270e-02 -2.973580574175731673e-03 -4.045683771745172130e-01 -5.388189064083866164e-02 6.760863185847157397e-02 2.219001843564775978e-02 4.950040618530480718e-01 -4.465251540258406010e-02 -3.963107861669439708e-02 -1.020172364666462606e-01 -5.990310334923155955e-02 1.102609852316756150e-01
4.169838323591146950e-02 -1.322848373806645959e-02 3.696877792004331798e-03 -8.538305526652273381e-03 -5.441906029954852314e-02 2.907571417640771386e-02 -1.852343948030392429e-02 3.011778751779571259e-02 1.638381564131540999e-02 9.190568574110284661e-02 2.684438370329420356e-02 -6.707028517763104214e-02
6.976481936746839474e-02 1.559200346723271791e-03 3.530066814358853722e-02 5.121806985329790951e-02 -8.329824062876346746e-02 -5.221258748574041791e-02 -4.313334712656407000e-01 6.594821891075816622e-02 4.234640776794801886e-01 8.378986613049249632e-02 -8.245293199325762212e-02 -3.804615472777278171e-03
-8.903515781853797717e-03 -3.409286698861280912e-02 4.811802326195629975e-02 -1.996351268489232611e-02 -2.399441813180449440e-02 -3.151959919816602063e-02 -7.728916834757152028e-03 7.385252791060140098e-02 2.968471233917722302e-02 5.337390728704246440e-02 4.144946638178968051e-02 -4.233273397485101674e-02
-1.230775407716998282e-02 -2.284868084734067301e-02 3.645045076386099758e-02 3.025231305177563182e-02 -4.211759673048139085e-02 -1.189617577511168506e-01 6.276009091928894112e-02 1.726772048712546873e-02 1.106866558751149476e-01 1.042133879760876181e-01 -5.162154714606016076e-02 -3.583020893545505597e-02
-1.145961134030931347e-03 3.979719611842062743e-03 6.918753081602366239e-02 -2.078743899361951142e-02 -2.120612563279216864e-02 -2.828131646020465989e-02 3.450681799652748766e-02 2.807305422401835254e-03 1.321814638574637588e-02 1.280114313726632980e-01 -5.568992217391423305e-02 -4.665711362501375609e-02
2.103845770782200239e-02 6.302333844640960192e-02 5.719160117962841794e-03 -1.074871242536621502e-02 -3.798043886020439214e-02 -1.438036863612535410e-01 9.124332759062960679e-03 1.809656979098217267e-01 -3.090179699393287571e-02 5.254585573004853793e-02 -2.342218365677611186e-02 -7.616950787965098488e-03
-1.105394157118441863e-02 -5.195163835879090808e-04 -4.264029332312160164e-02 -4.557639719611924350e-03 -9.702696808493470326e-02 3.664316214362910162e-02 7.027673940159792632e-02 1.051865969182385063e-01 1.004738140727664750e-02 1.324273775702588807e-01 -6.000110031633783259e-02 -6.083872445659321143e-02
4.767955574550357400e-02 -2.745432819693923943e+00 6.058516768582590702e-03 -4.302028696690084371e-03 -2.728359683202409514e+00 -3.121963168681101547e-02 3.136752533755893246e-02 2.731048195618076324e+00 -3.197994848683542723e-02 2.795159624654323771e+00 1.053529809110322069e-02 -2.611530862848977091e-03
6.588214391803253259e-03 -1.408575526496605099e-02 1.494932113147680493e-02 1.956997558490862488e-02 -7.500041534867853132e-02 -1.573359368653807350e-02 2.508842370932336252e-02 3.114908518210607324e-02 9.341800367864517424e-03 4.150490524292712452e-02 6.645754942277264099e-02 -3.188643714737028623e-02
2.229180559174839468e-02 -6.481726975516779489e-03 2.717645707239764452e-02 1.542263514698354737e-02 -5.753846643435529817e-02 -1.806954876956679348e-02 6.277149604499645749e-03 -1.382982860317069629e-02 2.618629567251507667e-02 1.352984122903129471e-01 -3.094976993893143458e-02 -2.784034107128677271e-02
3.589087011153577200e-02 4.106600641356241560e-02 -1.446884227830846220e-02 1.566503279798502415e-02 -2.369730378649170452e-02 -3.279295247660889839e-02 5.219508803536151292e-02 2.638806652391341087e-02 -7.786582623201954156e-02 9.897057991858301818e-02 -5.062377101738285701e-02 7.216125575499769684e-03
-3.218259966123020177e-02 6.596182494521368733e-02 2.289673149342874581e-02 -1.090639530542101762e-02 -2.819663006116502474e-02 1.593964024321265979e-02 1.990136893675298335e-02 6.434028905656857811e-02 -5.989020748065392030e-02 9.662740501745029076e-02 -1.849348564870247416e-02 -5.805486794982483989e-02
2.147899086758199225e-02 -2.750636696144821355e-03 1.329372300177444639e-03 -8.818527998948203286e-03 -2.698570253076209777e-02 -3.317935515357920556e-02 4.034100872547356081e-02 2.222233023126374621e-02 3.473884225655636537e-02 6.434169866220576517e-02 -9.324346541166476932e-03 -2.545060053702859551e-02
7.287314852806328624e-03 1.706845830928975820e-03 -2.636916429236055986e-02 -5.307273207815767918e-02 -4.789532521883231586e-02 6.896772316953930781e-02 8.905755899127623665e-02 7.644768516251722323e-02 3.316517262511842201e-02 -3.233042217894863124e-02 -4.689999816007739061e-03 -3.433158346225012592e-02
1.524740335526121246e-02 3.951323107255565181e-02 1.561655455350527411e-02 4.570907115102756241e-03 -9.032685034451239103e-03 -3.466400956383298287e-02 -2.763091931991131650e-02 6.293843496613774069e-02 1.459582588899916572e-02 5.621901217409196183e-02 -4.658764983829655204e-02 -1.284303178353219006e-02
5.815288405619070677e-02 -1.142347957536929675e-03 4.684369519778205926e-02 -3.059265902934831249e-01 -1.008687650292856494e-02 2.908572378765236777e-01 -8.050547104703535684e-03 3.667693349593834085e-02 -3.742081642358884019e-02 4.185643315558942174e-02 -6.704076828302919094e-03 -2.711285508585084200e-02
-1.080009769851458974e-02 -5.512678370427577523e-02 -7.509125701821505600e-03 6.081918777133106524e-03 -2.043812176117067517e-02 6.384657473335436997e-03 6.027120167204054468e-02 2.002825278988299915e-02 7.288974125158245027e-03 4.666081457926734427e-02 7.482962036203472111e-02 -4.972823732744039577e-02
-1.882247067460796064e-02 1.060696830938215318e-02 -2.610195585568064140e-03 8.029506101628694492e-02 -2.174373993503934607e-02 -2.655334049847460701e-02 -8.749726734910940468e-03 1.106514802775453998e-01 -5.508278116445730621e-02 4.653618660400733048e-02 6.934540394478810182e-03 -4.351890842301293222e-02
2.972390151042195172e-02 -1.222144733924304671e-02 9.248700859470007640e-03 -6.372677211497800032e-02 -6.153654928235683524e-02 -2.746950666691384997e-03 5.221065541562065759e-02 5.383680008805685063e-02 8.864690830889268569e-03 8.158585226740314167e-02 1.042932685055288425e-02 -2.772513483351601860e-02
-1.011945250955902272e-02 9.061997046512329165e-03 4.685830850685950705e-03 1.816623592029437476e-02 -2.004276231893304880e-02 -3.899070142391613397e-02 1.752567732873079598e-02 4.507275822065213988e-02 8.399077466561453986e-03 8.908121031625526598e-02 -1.646187460629060240e-02 -2.843492270536403937e-02
3.252460255142861079e-02 -2.869249726920058280e-02 2.834295816647043956e-02 1.936076480219920543e-02 -1.169527360693918827e-01 6.111479858632664491e-03 -3.800313921408692876e-03 7.823844318028172484e-02 6.739829314022294845e-04 9.648957770263058564e-02 -4.245708935517316339e-03 -3.010747941189750171e-02
1.419261220584161834e-02 1.622241844387354789e-02 -6.304473766193367801e-02 -1.035987073480982082e-02 -2.435639756878225579e-02 -5.145904705834271342e-02 6.577614309814140345e-03 2.175510236536309580e-02 3.778312920433628264e-02 9.200410983551111921e-02 6.041298291253884012e-02 -2.178484266778070444e-02
1.941694809685260911e-02 1.388350515859439194e-02 -1.314403554622591355e-02 2.343201115781454354e-03 -5.328525133847650946e-02 8.171604609436767391e-03 3.431159800546092903e-02 2.728982605360307651e-02 1.418417655084477230e-02 6.201963921475638769e-02 4.633925970946706392e-03 -4.188206430594521024e-02
3.303286480747417986e-02 4.459222077360206447e-03 6.695320357336118425e-03 -2.571596733760818723e-02 -3.061954526722040354e-02 -5.526715766222236453e-02 -9.998995977809174013e-03 4.207426456168276985e-02 1.189059153068317692e-03 7.552664884785330324e-02 3.270032779282393276e-02 3.867032232890759910e-03
-7.365550057635245063e-02 1.426978829307443478e-02 5.593265439614851509e-02 1.648681731188898422e-02 3.144903345556702284e-02 -3.332377830795201640e-02 2.083957987613595936e-02 6.455725309171300372e-03 -1.460487067715272522e-03 1.074568035535316546e-01 2.280794225746413453e-02 -8.931550491533279956e-02
-3.505312635533697208e-02 4.338724279104824721e-03 3.082807026173634002e-02 -2.103907941432565931e-03 -9.138746614786472100e-02 1.861415873144976751e-02 1.812165257002065419e-02 -4.961604674941409721e-03 5.160275812362883491e-02 6.224314991835447342e-02 6.599903945623419865e-02 -4.029837463532394415e-02
2.758952364973661642e-02 1.749929414942602568e-02 -7.950361185008179843e-02 -3.116570449076125002e-02 -4.811616319300477534e-02 2.020409401736371346e-02 2.502453851515074740e-02 4.530217581315026248e-02 -3.957204120190149083e-02 7.191885368609099438e-02 6.441914797270220649e-02 4.342966517758206288e-03
-1.808740230492021997e-02 -4.114007717680666885e-03 2.606182054111652949e-02 -2.316373697777051460e-02 -1.593911270094818325e-02 -1.271224632103305427e-02 6.614274335027582608e-02 -2.813092871769689793e-02 -8.822599881430245178e-03 1.594406987544750298e-01 -1.453023163636817973e-02 -4.820192280238994043e-02
-2.130288294521994613e-02 -4.818021035658566834e-03 3.433573520772627286e-02 -3.836316232772656390e-03 -4.205295435024931916e-02 -1.982938501741775272e-02 6.314887711421406091e-02 4.501027591645682946e-02 3.424031611211045267e-02 5.883634424950091868e-02 -8.271599851059316041e-03 -5.751731558200151584e-02
-5.052757354577748841e-04 6.569942462607315792e-02 7.967779073601889694e-03 -1.643275213268908727e-02 -3.136126990136745007e-02 2.262316133942820356e-02 -1.859161274612481859e-02 -8.015267783911701749e-02 -3.425711972421074947e-02 -3.939548179749468027e-01 4.527750077748012303e-01 1.041332268256386362e-01
4.803568193123559926e-02 7.814645258050831322e-02 7.041821810950081584e-02 1.331251199519417616e-01 -1.388389525041704653e+00 4.269272158903250625e-02 -1.217600595705251032e-01 -1.181873414354882579e+00 1.141499886365539229e+00 1.167432050137966248e+00 4.856860455666630466e-02 4.004733733035134580e-02
2.501437215384169632e-02 -1.361750417373003286e-02 9.047744203116213010e-03 9.366188412750156220e-03 -3.970864362239526213e-02 3.015230635452106987e-04 4.827078080351232016e-03 8.037594080197317525e-02 2.705438028060487554e-02 7.991118558530724281e-02 -2.487927961561378631e-02 -7.974991158412125802e-02
2.332926845075193774e-03 -6.622518627232149013e-03 -2.690331749577273314e-03 3.571930182146200450e-02 -6.355922958921311761e-02 -2.989929742754131314e-02 6.893727967861021030e-03 4.779089066807670760e-02 4.087196095325576831e-03 6.664018865794943403e-02 4.769207321673745587e-02 -3.044185429329407389e-02
4.105436780024079857e-02 -6.158346570501001260e-02 -4.626846880563070114e-02 8.966940467888459554e-02 -1.169670522264476820e-01 1.067554190958842214e-01 -1.808978564752848975e-02 7.922434758420675294e-02 -1.302440899011417935e-02 -1.056306369851552074e-01 1.829248201199874524e-01 -6.012146733368807505e-02
