1.126770821816223608e-03 -2.227057506589064789e-02 -1.580892773179421590e-02 2.000539286772207853e-02 -7.849163297780141491e-02 -2.332029728060467169e-03 -2.414540810056524378e-02 -1.284585881291362350e-02 1.237441763953365942e-01 2.670057086718820652e-02 -8.941236685241750470e-02 2.811614288029424050e-02 5.158038677033790348e-02 -3.132015033468595749e-02
-5.447599494149493043e-02 -7.534320785763547190e-02 -6.094309691354451303e-02 1.354104500737882133e-02 1.670621382409197275e-01 -6.122038043345072456e-02 -5.113827002880214773e-02 6.293065435817378483e-02 1.165876950445104143e-01 -1.081253714615664496e-01 2.120559892344109007e-02 -7.903822935219413648e-03 6.393789980518678473e-02 -5.146839580933080388e-02
1.950741549345561821e-01 -8.688305259229288369e-02 -1.749475232939267655e-01 -8.146342763933306363e-02 -4.002577877741475554e-02 8.138428579835831067e-02 -1.326093525186477495e-01 6.734504242354488746e-02 2.081922885879078367e-02 2.076276109133912140e-02 -7.314751169602366765e-02 1.481335121050936232e-01 2.327149597584510232e-03 2.787700270693765914e-02
-3.700796159087244713e-02 -1.031266441739792511e-01 8.360542634973941456e-02 -6.343553534583983022e-02 1.203380686575058756e-01 9.041255956625673940e-02 -4.969484564135644156e-02 -5.682106216177118529e-02 1.620188716199774670e-04 -9.641066778701183615e-02 -1.615531696497281983e-02 -3.039610313757358517e-02 -1.045849937357153266e-02 1.436350537303930641e-01
4.236498738959267041e-02 -1.531626299823261872e-02 -1.409032604451955772e-01 -1.032923661836079587e-01 4.527207325800423898e-02 1.019091016521652265e-01 -2.251029369473572100e-02 9.046762426716592476e-03 4.710006164589346234e-02 2.818781393132463453e-03 -5.269429257993232807e-02 -2.818655756682801605e-02 5.253055021011879266e-02 3.650720649147494445e-02
2.646072092410091392e-02 -1.820423407545398997e-02 -9.042221420179530345e-02 -2.648652649862850983e-02 4.996622070377242791e-02 1.473673173847324727e-02 -3.152634774390795230e-02 -3.604122852598241541e-03 9.769144748356357877e-02 3.305433721237057559e-02 -3.074283108048529722e-02 1.258553965073935625e-02 -3.669841345886083045e-02 -2.216381680272384858e-02
-9.626826421995049454e-02 1.160977691292512312e-02 -1.354046110968915029e-02 1.561478406646242892e-02 -1.062974824017797887e-01 9.298179249666102542e-02 8.620225677938424258e-02 1.583798738159129804e-02 -6.957671085822425550e-02 7.322066975907502717e-02 -1.590219032791524156e-01 -1.873367062612972880e-03 1.257217049469522806e-02 1.131852420391808445e-01
-2.980945755105231937e-02 1.075186327388195084e-01 -1.456283207237862032e-01 -8.595170407317781480e-02 -8.963546322822665835e-02 1.281990042049136469e-01 -1.153719381718553427e-01 6.441516269788521987e-02 -1.999584537826761266e-01 2.255413513419131655e-01 7.606760541188252456e-02 -4.129400449329495570e-02 1.280083352567757404e-01 -4.745425862955432450e-02
2.782076886537348821e-03 1.194867887058210024e-02 -8.799701442862550849e-02 1.860095895411570041e-02 -1.596375278236908737e-02 -2.563248233511516289e-02 -1.097782553532670735e-01 -3.203795223315187256e-03 1.704646063570658676e-01 2.296186751508789634e-02 7.690092272120524486e-02 -6.511906969143733959e-02 -9.464710193390403828e-03 -1.185354029850823471e-02
-2.447460281678394065e-02 -3.359097035944876714e-02 -5.462413996601616500e-02 5.763718145514811625e-02 -7.995341575157789010e-03 -8.215284215696002507e-03 -5.476934134582236990e-02 4.444494451036798410e-02 7.823090505473037637e-02 4.951098810254041943e-04 2.539427041459915019e-02 -8.667297795982030484e-02 -4.987328810478378061e-03 4.377406673191885228e-02
-1.467416308257719348e-01 7.266754321361403035e-03 9.807969127458605885e-04 -6.665513177040742476e-02 -2.383580732045505191e-02 -6.791877759433476158e-03 4.082930905737643112e-02 7.490886968648603761e-02 1.855644773308542383e-01 -1.841539400502517632e-02 2.418547818570567984e-02 5.912734508962100982e-02 -1.204508423202417244e-01 -3.532585558424976291e-02
-9.412332173927083490e-03 -1.015866146531739789e-01 -4.406068899470932596e-03 1.223979015086067851e-01 -4.333122635884305990e-02 1.162431017783947286e-02 -1.716821808355514511e-01 8.018928171025116458e-02 1.461849827083976927e-01 -1.739095091603694576e-01 8.668925582248089567e-02 3.389305574958741650e-03 -8.916714675385717381e-02 1.176665323312245243e-01
3.019162373329508861e-02 4.914896910401358315e-02 -1.378829453811918071e-01 -8.010334461151719099e-02 1.548641502063664160e-02 -8.344718364570259672e-02 9.300831199166848667e-03 2.328836594378940750e-01 4.074633678535016790e-02 -1.778417451675919081e-02 -1.862433589101975262e-01 9.806681933417611685e-02 3.475778409415562764e-02 -3.047494064475369038e-02
8.454287263789692086e-02 -2.412524046086911289e-02 -1.710406469586844003e-01 -2.172241437605443304e-02 7.437660477366186962e-02 -1.513687577658497374e-01 -4.520213821916735375e-02 6.362060613534673004e-02 2.528382404688671592e-01 2.818008656157675040e-02 -7.871927065914005595e-02 -4.049038642871351928e-02 -7.341578832456209514e-02 7.717272361425742133e-02
1.365322426519557930e-04 -1.834764029887549774e-01 -7.131051350469883032e-02 1.150121745585332561e-01 9.422957049113067640e-02 -1.823101119484937804e-01 -5.545546765123279126e-02 1.126876211122259663e-01 1.547785703529538925e-01 4.746093276972357389e-02 -3.793209238600221689e-03 -7.799132477026210486e-03 3.288700564543814431e-02 -7.840107836528449614e-02
1.773544192130177832e-01 -1.310375602752485158e-01 -2.000936613971597833e-01 -1.335658228175108375e-01 5.642393305364329370e-02 -3.878190628353028746e-02 2.195461767787715568e-01 3.014233608429250574e-02 -3.440572609967577911e-02 -9.545962778936196991e-02 -7.418018851867788643e-02 2.103584782039657486e-01 -2.937970408808919520e-02 1.772534493412943057e-02
-1.612519183069681394e-02 3.811360482540278316e-02 -5.685905331001336188e-02 1.646551716336250304e-02 -4.037947962857742906e-02 1.395068489172195114e-03 -4.052092452338202505e-02 3.975709548980693037e-02 5.588238584341535115e-02 -5.238705974917899633e-02 9.757453536364160684e-03 2.588112358339617752e-02 -1.027501506683860255e-02 3.940966176333257631e-03
-2.467971637401290483e-02 1.203286587202449381e-01 -1.258457587887671855e-02 -8.324166147747134870e-02 -3.646839071890698586e-02 4.479423928164796842e-02 -8.654893410872410708e-02 -6.132491747263039972e-02 2.806862255123711292e-02 -4.706885310286837432e-02 3.789106032008353331e-02 9.798617997274852720e-02 -4.559674051385311649e-02 4.309151979994805398e-02
-1.213473392537348441e-02 -5.968996708650112920e-02 -9.581851539806851559e-02 9.086401564198659520e-02 -4.391912730449213688e-03 -4.625402011426384824e-03 -2.686265459948736223e-02 -6.874527305533019092e-03 1.306721406642414596e-01 2.284102832277391110e-02 -4.081771615778269358e-02 -2.282836086857933239e-02 -4.073489956517766485e-03 8.386586409283103630e-03
-3.247830441884019120e-02 4.629444618123192134e-02 -8.577666515241529066e-02 -1.840343066871872116e-02 6.700041113234739276e-02 -4.993435692240511675e-02 -9.085724526515590038e-02 -4.084618652403233796e-03 2.738151694552011517e-02 5.347935269410276915e-02 -5.814215689595352010e-02 7.263910759306894949e-02 5.524387549268088698e-02 -7.715441064493901505e-03
-7.552028251531847647e-02 1.855991096289968945e-02 -3.700730085378939327e-03 1.914976403720979048e-02 -7.392623362297467970e-02 6.173352026977345364e-02 -2.199197851792716180e-03 -3.119129787126397046e-02 4.514864543289889842e-02 -3.779966520171737510e-02 -3.942180111526624731e-02 5.852753764067662040e-02 -1.375743014964386501e-01 1.728606224152587634e-01
-7.992213017170386735e-02 5.031140199033169724e-02 -1.177770874708646970e-01 8.714316420138538966e-02 -7.544796507729023549e-02 4.224234672334467589e-02 2.281005268316650680e-02 -6.106885224184521732e-02 1.071437321484382948e-01 -4.720191500954348113e-02 -9.675166098837977013e-02 8.514691800694618173e-02 -1.474284744859882465e-02 7.276133365317954960e-02
1.841014325150966413e-02 -6.613315735916383206e-03 6.283012862454767644e-02 -6.168101859134723919e-02 3.396801782777002232e-02 -1.727703865319776266e-01 -2.567857548034183091e-01 1.665073898491126470e-01 1.691300292518418125e-01 2.799877241149439054e-03 -1.979406524728049774e-02 -2.247615486216857084e-02 1.565173151505398763e-02 4.546986920968946327e-02
-2.891281613891495683e-02 -4.335134011641941093e-02 -7.172527718258571439e-02 2.026396448563237002e-02 2.694946083414695437e-02 -2.652842324376593341e-02 -2.913288125355899608e-02 5.527022165667466042e-02 9.616786956464357106e-02 -5.053044533473900757e-02 -9.415910074589226714e-03 3.185229050311448942e-03 3.161308241932865928e-03 2.924553050979752586e-02
7.089684856129739587e-02 2.094084239143437914e-02 -1.486504674199080334e-01 -9.458059382261911618e-02 1.668907369957595491e-02 -4.644953285714500252e-02 -1.041912313930007730e-02 -2.339428064929859052e-02 1.877192527588688042e-01 8.590291634801147658e-02 5.705620636333465917e-02 -1.019877071248189854e-01 -8.657434411957004583e-02 4.749740000870333878e-02
-2.527300080245874908e-02 -3.598708071852286389e-02 -3.680604158464789721e-02 1.618566568144576279e-02 3.217829844655263616e-02 4.166510695670323783e-02 -7.742653733359813883e-02 3.510361916028863910e-02 3.914273376991031506e-02 7.650803418190316001e-03 -4.922793442992333748e-03 2.096577733879962865e-02 -6.525060209939539772e-03 -3.130499968116485371e-02
3.825620035231128147e-02 -9.321368583364450511e-02 -4.980254982602968367e-02 -3.297941113901781823e-02 3.996187316357004832e-03 -3.482548061692111729e-02 -4.156104846080510215e-03 2.893630660501693777e-02 1.097715332583324849e-01 -2.271335654165922840e-02 5.775361738333196354e-02 5.006323688503691582e-03 -3.131458563525067740e-02 -6.850316668361973796e-05
-7.042048390903768960e-03 -9.405532751797393565e-02 -4.983376844979869880e-02 -1.223373754778098177e-02 -2.625374673004174375e-02 1.262397828108099140e-01 2.870301785138783257e-02 8.349713835373060583e-03 2.846552118432745665e-02 7.254606631784542466e-04 -1.837078780127251315e-02 -2.581571015781409725e-02 3.175588625216700656e-02 -1.598776500309185417e-02
4.948176993497984538e-02 7.268552529946489815e-02 -7.255527317624793637e-02 -1.862442369130459796e-01 7.756898026630376641e-03 7.259417102306754688e-02 -1.486914805971569498e-01 8.490425553892902433e-02 8.484599926087910138e-03 -9.807484326262441710e-02 3.073081002161147379e-02 -1.077949278330821159e-02 4.500757495004516218e-02 1.193462130101332896e-01
-3.742410471402765615e-02 2.506287390227972256e-02 -6.713178784799825327e-02 1.400348124098328359e-02 -2.700981433249579483e-02 9.984168323486579399e-03 -2.436589684014738022e-02 -2.032377299755042110e-02 8.562773208505576605e-02 -2.906503553593640932e-02 -5.748419598464044045e-02 7.171786926560104469e-02 4.832150374006174975e-02 -1.726652930610575454e-02
-6.522907450209437102e-03 -2.800174838101952748e-04 -6.967635948979158944e-02 -9.412174713571760942e-02 -1.187535089858171578e-01 1.448364991286235359e-01 -3.744622643097965387e-02 -3.988457014927018762e-02 1.091559903286180022e-01 1.061140539547069106e-01 1.486591399063541541e-01 -2.193451629830948935e-02 -4.925358757952373601e-02 -9.624575131630742908e-02
1.945067248905355288e-03 8.137115676024354871e-02 -8.993015927868587556e-02 -6.370716836144257877e-02 1.092814375948241434e-01 -7.422883137422113531e-02 -1.831385319160514225e-01 1.602709384035963525e-01 -1.291984105719244311e-02 8.190299838750590700e-02 -3.628340250897035130e-02 -5.774860363938856544e-02 5.769254737286080847e-02 1.388833665823830657e-04
9.017541638873707854e-03 3.947346688117268909e-02 -1.227501115268596343e-02 -1.006743892498657839e-01 1.108822801427156168e-03 -2.799295478291528860e-02 2.523206419435211623e-02 -1.991773758039241948e-02 3.191336581041864101e-02 2.652949875844839989e-02 2.589187810649901458e-02 -2.922962136285670032e-02 2.647396872174065385e-02 -2.090440178565012436e-02
4.613140355061151610e-02 8.064208329651775808e-02 -1.243077302924034677e-01 -2.670586554993817363e-02 4.325371323539859564e-02 -7.164340388639976742e-02 -1.076380268099797616e-02 2.147068989640535386e-02 6.447870242609540781e-02 -7.575920154521023631e-02 2.629260018887505379e-02 1.424272956211575930e-02 7.031549121490184018e-03 -1.971697632399387057e-02
4.611536713729567222e-02 9.197004425428643645e-03 -7.794446102357703576e-02 -2.089344111469364218e-02 -7.336433196543648561e-02 -3.241165684281459985e-02 -1.391065363458394814e-02 -5.455184210584007598e-02 1.183971776583567642e-01 2.046191108870749550e-02 6.021080395341967678e-02 -4.991569278656392272e-02 3.742407251861838702e-02 5.832233690249195510e-03
-5.465613618149366137e-04 2.946247095347374195e-02 -7.051539761852737564e-02 8.316355768957733874e-02 -1.359669460286188070e-01 -1.187218146313326339e-02 1.649971393420703036e-02 7.537188895823389301e-02 -3.131461320291516193e-02 -1.825909443430793339e-02 -5.674453764118372184e-03 2.048713018581170553e-02 6.861344114984017917e-02 -4.480246399914189492e-02
-7.005056063244249204e-03 1.118333764073777825e-01 -9.563296864537884634e-02 -1.062693325102818387e-01 1.369490410235505440e-01 -2.319697631048450726e-02 -1.440956073869747722e-01 -1.441661267332035590e-01 2.613013771015559872e-01 7.281617572157135510e-02 -1.956354716027875612e-02 -1.279119325468374702e-01 -8.897214187783700212e-02 1.485602099790314101e-01
8.804614156269057260e-03 -6.784894837111560273e-03 -4.662489182433878637e-02 1.828681736019788923e-02 4.019532627992997154e-05 1.934863721903059761e-02 -5.221228937630256750e-02 -3.931108127097696081e-02 1.746891629288065129e-02 -1.269368006222867939e-02 2.455503579628209518e-02 -4.651186367682344502e-02 4.834762684820569090e-02 4.193334904720226464e-02
6.821333660658929210e-02 -9.475471617854266948e-02 -1.349033112485741870e-01 4.844796713151690304e-02 1.569338116696852858e-01 5.039686023903874879e-02 -1.539419903911163345e-01 -1.052382451905201910e-01 -3.379607317114588505e-02 -2.653801039818966256e-02 8.978163393212992838e-02 2.710878008531167685e-02 3.907862319267088602e-02 4.385782471971230029e-02
3.324501948009240399e-02 -3.345583302043466691e-03 -1.794420938960468448e-01 5.676697588340864908e-02 -4.330837002162232774e-03 4.340720991177628857e-03 -5.513227763896869082e-02 -1.502400798359664232e-02 1.275742044861254698e-01 -4.883661943277348844e-02 -5.394025145750970529e-02 1.504368549298418234e-01 -7.331528066958126200e-02 3.564966661060248870e-02
-1.886594959465793045e-02 -5.514486386616190838e-02 -1.131863994793426420e-02 1.013574680764757208e-01 9.165421875225782458e-03 -9.541299112954338205e-03 -8.908351807772536823e-02 -3.230200104127176064e-02 4.327483979875052650e-02 4.661149505125515569e-02 -1.166939649272812464e-03 -2.581979506206455097e-02 1.894751816065416358e-02 -1.467245611752295356e-03
1.693430948606160918e-02 -4.670578158998942714e-02 -2.553011282530248671e-01 8.505608177222613586e-02 -1.142286456762627717e-02 1.364180134390121646e-01 -6.162825814249334178e-02 -1.182877580759028879e-01 1.505295501448943030e-01 1.325140472153700510e-01 -8.189243146814229046e-02 1.769200281733300795e-01 -5.699910339033949225e-02 -9.148821374480962942e-02
-4.653818464488322648e-02 -7.913439084202465723e-02 3.218021536607119926e-02 6.782239750477199458e-02 3.652203548425329849e-02 -9.844226821512284953e-02 8.829116704920120240e-02 5.853764224950146200e-02 3.027326376999660285e-02 -1.138999464051981825e-01 8.377250557705417933e-02 -1.359392493639235630e-02 3.673516823534898890e-02 -1.078791891940115294e-01
-2.251181301778351629e-02 -2.723854812078792612e-03 -1.194106214876895083e-02 1.629246134573903923e-02 -2.466469888066253127e-02 -4.801247307537249986e-02 -2.428883366332062685e-02 5.758520375985089895e-02 1.198917590621325358e-01 -7.158093349050280441e-02 5.267189899165177023e-04 1.050495098457571858e-01 -3.724425658302066983e-02 -8.173123633331962068e-02
1.597116108163712522e-01 -6.750037469195871442e-02 -1.840429635588658464e-02 -2.416080866335528765e-01 -1.926001654500760218e-01 1.613335919698264398e-01 -1.707761023215748075e-01 7.030264221785248457e-02 9.752884022845803580e-02 -1.034177347431258914e-01 2.346783661811001342e-01 2.502604787253227825e-02 -4.050768551273643825e-02 6.087983742133686732e-02
-9.777600772217388131e-03 4.687564035531441298e-02 -2.303492933308282087e-02 -2.539577411867915274e-02 -5.119615594962208249e-02 -7.005501103452654865e-02 2.464121814155943724e-03 1.995520494013239277e-02 -1.031563870604185196e-04 4.447420462313331907e-02 4.292478399165994274e-03 -2.612848527346288419e-02 7.907729957458743686e-02 -1.680134583927210545e-02
-1.007402276453683854e-03 -3.959635985648118223e-03 -1.021983036282253371e-01 -6.951464823182826325e-02 3.474328911589515730e-03 2.639610406879597942e-02 2.803452118600926329e-02 5.920931718626371021e-02 7.720000385615351235e-02 -1.351855672694868282e-02 -1.437485460694643306e-03 -3.849836001365738308e-02 -9.762258042134543470e-03 2.022886615534483234e-02
-3.199843506363549139e-02 9.915375625916249963e-03 -2.649424089384693273e-02 -7.521048204382636826e-02 -2.255411725437601184e-03 1.161708730422113256e-01 -4.513922672484887988e-02 2.503693335385822130e-02 -3.501031648763086590e-02 -4.637448340271985853e-02 2.577303198230927739e-03 -3.285576856066140666e-02 1.021817959844516094e-01 1.410257469650522295e-02
1.966806804197617983e-03 -1.494255838118032503e-02 3.585298486748364488e-02 1.732502415550954411e-02 4.030398315550596383e-02 -1.899697605309390580e-01 -1.376671689503968232e-01 6.687776364119724093e-02 1.122559171585396642e-01 3.850957815314189070e-02 -1.130856928617636065e-01 4.969343187177346216e-02 3.912819605902171510e-02 2.839798585647522466e-02
-9.000093735806558026e-02 -1.051854351587408198e-01 -2.191913086039442848e-01 -5.280505289409417879e-03 1.232419112497858960e-01 1.940302705682761253e-01 1.913720002104630502e-01 -2.558510370138365742e-02 2.099688830386521876e-01 -1.535938242075781945e-01 -1.604667169621170619e-01 -6.885609402397235845e-02 7.934977060284112427e-02 4.843580633759152904e-03
