-1.053153624080803752e+01 -9.516491849652744861e+00 -8.531039972535594984e+00 -7.530922491780749795e+00 -6.531298299066039093e+00 -5.531025488606921670e+00 -4.531251360408283801e+00 -3.531877894631858084e+00 -2.531836350194428320e+00 -1.515647818080406495e+00 -5.166603519835337721e-01 4.682096645913205180e-01 1.468871901997101048e+00 2.468604724176893583e+00 3.468894253738888267e+00 4.468141864307892064e+00 5.468733112581739775e+00 6.483650903471479765e+00 7.467485408552656523e+00 8.468862275846966270e+00 9.467710863121521214e+00 1.046802223778582430e+01
-3.498726421421338273e+00 -5.647268879145559417e+00 -8.941453853824739895e+00 -3.462745079650715319e+00 -6.328816363170683523e+00 -6.964052893232895336e+00 -1.467104517065092928e+00 -8.314342924489175335e-01 2.697286200072761098e+00 -3.260461620711970987e+00 -2.445069563617822794e+00 -1.505427939135137061e+00 -6.562940570822840547e-01 -2.381129455245707405e-01 1.186731721170930509e+00 6.862972559436327558e+00 3.583218407211267831e+00 3.348829277179968589e+00 8.497007593182203777e+00 5.149843165700975334e+00 5.757477627202003845e+00 7.531200967299204407e+00
-1.052698945220225824e+01 -9.527121506292715480e+00 -8.527336947281256130e+00 -7.529516435820967857e+00 -6.530971131880175307e+00 -5.529907725412742892e+00 -4.526040337641143552e+00 -3.530875168402104691e+00 -2.526631347496396174e+00 -1.530541948635471883e+00 -5.280949395488665488e-01 4.746443409133949132e-01 1.470676519315347264e+00 2.471905060451129899e+00 3.469765089790920243e+00 4.469771378080945823e+00 5.469945498149494156e+00 6.469144396822551712e+00 7.472460873763667522e+00 8.472912974994279978e+00 9.470919408242798099e+00 1.046948049251327539e+01
-1.052830188687558888e+01 -9.527932546694167115e+00 -8.526289812881838515e+00 -7.529051951725397984e+00 -6.527521811087025227e+00 -5.529287449676884236e+00 -4.528814874250775446e+00 -3.530136041004572789e+00 -2.528773210604089883e+00 -1.527648113329307833e+00 -5.267750244926450165e-01 4.690291214395525543e-01 1.469268985431293473e+00 2.472398080270380660e+00 3.473436721007921335e+00 4.470068551938624068e+00 5.473130576651188406e+00 6.469906501810646304e+00 7.468931295316314944e+00 8.471266679804418942e+00 9.471297897737118276e+00 1.046939740363846205e+01
-7.287515687338373738e+00 -5.455421936280869133e+00 -3.412131846528016155e+00 -7.127183759856660750e+00 -2.812967948885567449e+00 -9.191167273168825425e-01 -5.595290660259911064e+00 -1.231174983055864258e+00 3.984703795315251984e-01 -2.290448261572001876e+00 -5.236723994420472650e+00 5.535426660569470192e-02 2.842016090524890792e+00 2.098247609544726888e+00 5.668585160054190553e+00 3.073403595504098362e+00 1.236639609399139417e-01 2.687515848397401541e-01 8.859504635956344742e+00 6.354769918274897123e+00 6.058523291227125185e+00 4.934284404935392665e+00
-6.243680425495808706e+00 -4.268039618416677783e+00 -4.102651402399212444e+00 -3.296833637391230365e+00 -2.143163391197246526e+00 -2.583281655046109293e+00 -1.121547128656253278e+00 -3.041212530935512692e+00 1.150554613220035050e+00 -4.644329756418665411e+00 5.044646402032261223e-01 3.738214229163021152e+00 -3.385058077992975090e+00 2.038733952338886990e+00 1.718004471779335240e+00 4.543305868354000410e+00 -8.609171878047643389e-01 7.511266171652364321e+00 3.226259970771045982e+00 6.155318468783717023e+00 1.013591733360784453e+00 3.458599784551947387e+00
-6.325766386603249636e+00 -5.438723836002090195e+00 -4.296782335465476166e+00 -4.733119251096717939e+00 -7.163109429059370648e+00 -4.927899016828693135e+00 -1.165896350913645740e+00 -6.539163577464546240e-01 -3.451176316613380202e+00 8.855615196933991351e-01 -1.630311576185133671e+00 3.643988723207484792e+00 4.021345216534215616e+00 4.091509481727190867e+00 5.091509481727186426e+00 -8.776555602795972355e-01 -4.046551252674661647e-01 9.868346650529140618e-01 8.661306843365263575e+00 2.228123265545486564e+00 2.596771171161824654e+00 8.229660266470229857e+00
-5.966872737707666907e+00 -4.949179445214892503e+00 -4.902934113398022653e+00 -5.347844223715132017e+00 -3.816757585018799581e+00 -6.581257635185169264e+00 -2.262744225545842092e+00 -9.348773880448735252e-01 -3.543963873281662291e+00 -9.754659980503841421e-01 1.351567571145027902e+00 1.696807532230368842e+00 3.909612088521616791e+00 2.992627015076925190e+00 1.429922161792826829e+00 -1.131741338114269357e+00 -2.322751164617901765e+00 1.745281783323883396e+00 5.768238864120276865e+00 6.554774859908367723e+00 6.040373782473253961e+00 1.061478316172600067e+01
-6.396582419573389799e+00 -4.347856841441714693e+00 -8.685489741591148061e+00 -4.144585447732126227e+00 -4.916690564293129562e+00 -5.373083584914649435e+00 -5.710762325598220279e+00 -4.985576993377533128e+00 -3.026197194416913483e+00 1.981548265137194065e+00 -2.952838602609120233e-01 1.719403071521067750e+00 -1.128689892488139224e+00 2.018699479026835331e+00 1.653799272182400415e+00 6.328132033142773949e+00 2.689396161166079935e+00 3.797130525223140651e+00 4.654616180558883265e+00 8.763957735710663499e+00 5.822323671302134684e+00 8.949391563140608241e+00
-1.052776564996359099e+01 -9.528197105635307196e+00 -8.528574268926286450e+00 -7.529215689409893386e+00 -6.529082033444538524e+00 -5.528400141407159296e+00 -4.529242556203511683e+00 -3.528425197709712080e+00 -2.528274025429375627e+00 -1.529091212559842816e+00 -5.282805074345127139e-01 4.711336683143088067e-01 1.471155349503849408e+00 2.472343240271898779e+00 3.470945198427530798e+00 4.471298050474022290e+00 5.471064094792694732e+00 6.469912108372541937e+00 7.471822034906242749e+00 8.471044909547659429e+00 9.469527911733479186e+00 1.047190091420301883e+01
-1.052860298210924839e+01 -9.528227718716310690e+00 -8.529086129909210001e+00 -7.528473364358614361e+00 -6.528245153074902163e+00 -5.529063748365093289e+00 -4.529351787810963259e+00 -3.529045099561873400e+00 -2.529077278619457303e+00 -1.528592372482471262e+00 -5.281852429563400619e-01 4.712743142789026507e-01 1.471129638904868031e+00 2.471695994788944972e+00 3.471304593438444996e+00 4.470648212189017201e+00 5.470700440759003413e+00 6.471141448075115932e+00 7.470684183592142702e+00 8.471955826336685647e+00 9.471187291497534133e+00 1.047182802652771016e+01
-1.052571973983540232e+01 -9.528761096637351713e+00 -8.526069470088586399e+00 -7.529735498469005250e+00 -6.530059822242355594e+00 -5.528572611849423168e+00 -4.530184664170850084e+00 -3.530130841176633893e+00 -2.526553519408810899e+00 -1.526452251117344616e+00 -5.291009027172304258e-01 4.705352854322200074e-01 1.471087880093934430e+00 2.470230899412515058e+00 3.471336297352193512e+00 4.471561468798999073e+00 5.469945661384942426e+00 6.468783400614142920e+00 7.470892361957909955e+00 8.470109663565041913e+00 9.470466784794211890e+00 1.047398980673063029e+01
-1.086163021043870991e+01 -5.814157715790178038e+00 -8.882855443836353615e+00 -7.881641469810703349e+00 -6.868349964765644522e+00 -5.876695511191725174e+00 -4.891073944962967879e+00 -3.890493788089247396e+00 -2.912022787608804730e+00 -1.900813842622508520e+00 -8.962238714377999127e-01 8.550901720133410877e-02 5.180680982863476558e+00 2.088306841698593264e+00 3.094785318729964985e+00 4.112359365419520074e+00 5.086553339509443106e+00 6.097189444163780614e+00 7.081099449055944461e+00 8.069394503876120339e+00 9.064752465203326892e+00 1.008292691525704932e+01
-1.052931479533969394e+01 -9.529165962541640056e+00 -8.529215702617712225e+00 -7.526917779648867324e+00 -6.529198000038208605e+00 -5.525671789253307153e+00 -4.529243672097271300e+00 -3.528517523611148121e+00 -2.530271747911518432e+00 -1.530302861536094738e+00 -5.287374498492027897e-01 4.690908102149240477e-01 1.473283311521461414e+00 2.470398685132902727e+00 3.470306730067182599e+00 4.475105544721529327e+00 5.469805082475589941e+00 6.475246941840095971e+00 7.470244428312231122e+00 8.471455222165031884e+00 9.470685636794009099e+00 1.046853398362343235e+01
-6.484279940599224190e+00 -5.575000650742365949e+00 -5.931033621111555298e+00 -4.281980462256253617e+00 -3.925175705926502889e+00 -4.294247657156937237e+00 -4.901113202942185332e+00 -1.081031640870554034e+00 -1.318974737984365930e+00 -3.818275456824162362e+00 1.674740969730979634e+00 2.093531935809142652e+00 -4.012913101460584997e+00 2.575905892287913002e-01 1.630831200628027222e+00 4.055910670695603848e+00 -3.856531927927777659e-01 6.672661277970057370e+00 6.504098328235911275e+00 8.720728917438725247e+00 9.239167975553222334e+00 4.528016597800912812e+00
-1.052919900722130109e+01 -9.527408766814257746e+00 -8.527328687974003785e+00 -7.531833964654016000e+00 -6.527581121095208161e+00 -5.530118431218671304e+00 -4.528392250903632288e+00 -3.528056706555888766e+00 -2.530617359348326545e+00 -1.530915173955943231e+00 -5.277872637591709548e-01 4.715803384103427476e-01 1.472621452740634496e+00 2.470418062738380272e+00 3.471628126434291417e+00 4.472737368873559660e+00 5.471649002961122221e+00 6.472541947595084721e+00 7.471922171048131389e+00 8.471025210551227147e+00 9.467453938654859513e+00 1.047326020591636819e+01
-6.459785505275286610e+00 -5.035375687590319949e+00 -4.895779082197010190e+00 -3.155733347435077718e+00 -2.926439387229528677e+00 -4.714699423725947192e+00 -5.734682295425161058e+00 -1.621881709243805147e+00 -2.252055916240922606e-01 7.747944083759075173e-01 -1.644495776624781858e+00 -3.724076508985053380e+00 1.719577907737883882e+00 4.436004248538431227e+00 1.284097828360272642e+00 4.354164296398606915e+00 4.655915167854907999e+00 6.799532491591404160e+00 -4.650430130966309861e-01 1.742167489848054807e+00 3.767324595839359525e+00 1.043721798633177933e+01
-7.205064767590894093e+00 1.228994387281789225e+00 -1.273010484958293276e+00 -1.852434685522958091e+00 8.393508627053818394e-01 -3.804522245279117421e+00 4.825221377765258612e-01 -4.619258133629584151e+00 -2.917583856316666946e+00 -2.439104556144331415e+00 -4.615848250134815700e+00 -2.942988053396083270e+00 6.532195834915870414e-01 -5.981527941541877613e-01 -2.208210335540569114e-01 1.112559587546425810e+00 1.836096545059483276e+00 2.838789269083188405e+00 4.341027893444596053e+00 4.121092501063136737e+00 8.760492096364576042e+00 5.642243089288212943e+00
-9.568135070081661198e+00 -8.116882304042960072e+00 -7.638572000565279296e+00 -4.683121398070962726e+00 -5.161150392484984195e+00 -5.457833876002153417e+00 -4.036309772691079267e+00 -9.379995408988479610e-01 -2.850471370253824688e+00 -1.139654007630532151e+00 5.715283243706428262e-01 -4.438091972569718768e-01 4.917651629836098381e-01 4.714971587038879974e+00 3.957983773341723133e+00 9.942737619917063618e-01 5.334730159519581960e+00 4.486199919370195133e+00 6.711642643845612710e+00 7.151324888662218271e+00 6.411314049284484007e+00 8.575803751994511614e+00
-6.550551332404367599e+00 -9.219599110905315698e+00 -7.277605950543277302e+00 -6.977214166359034131e+00 -3.063935810071622967e+00 -4.775675582215041182e+00 -3.357772070340091730e+00 1.168919883287652117e-01 -1.961341176741634218e+00 -9.085263516139469031e-01 -4.006233666686431327e+00 -3.087829813933632650e+00 1.088133727352575741e+00 2.853120040585410244e+00 3.005747642698660016e+00 4.006661547257580835e+00 4.517660731374808947e+00 5.311582742264385537e+00 3.627579857994428281e+00 3.750209584823980258e+00 1.238983680419996247e+01 9.886459457357752001e+00
-1.053026994622567258e+01 -9.526095564731132725e+00 -8.529409299858595972e+00 -7.525759260424173647e+00 -6.529739651151672319e+00 -5.525845418938189368e+00 -4.527802507647059826e+00 -3.528379055925398688e+00 -2.528857763179319207e+00 -1.529962103136558227e+00 -5.289071456275227234e-01 4.701926603235921931e-01 1.470594961873507245e+00 2.469527219168160315e+00 3.469889488748524542e+00 4.470310647717928632e+00 5.470970694653006561e+00 6.469059367410155303e+00 7.473528657785870166e+00 8.471336510709734924e+00 9.473834772340275379e+00 1.046938182853839017e+01
-1.052903123335409674e+01 -9.528155387802556220e+00 -8.526469582183791474e+00 -7.527262860401130240e+00 -6.527103529735041931e+00 -5.529583567245438758e+00 -4.528612883253529731e+00 -3.529146925969575577e+00 -2.528207199140029005e+00 -1.528743074698891036e+00 -5.286679728464722672e-01 4.702528552575451215e-01 1.470550826327357896e+00 2.471619455651790531e+00 3.471168352798972734e+00 4.470469510690724846e+00 5.469939319924865373e+00 6.470638989047561296e+00 7.471620319919148656e+00 8.468982724980865129e+00 9.471665708856136234e+00 1.047167524559930030e+01
-1.052919691699475635e+01 -9.529478437182577366e+00 -8.525770223614843601e+00 -7.529334097084698030e+00 -6.529128557917740494e+00 -5.530076413330716534e+00 -4.529479845342313737e+00 -3.529389551756075605e+00 -2.526292948898941404e+00 -1.529452598569067234e+00 -5.292868380519557547e-01 4.703442389992069650e-01 1.470816345038734596e+00 2.470024460079979889e+00 3.473766536536533778e+00 4.473910757425146656e+00 5.469971590760072999e+00 6.473517918112595027e+00 7.470241212370714479e+00 8.470788420262650220e+00 9.470114783468558173e+00 1.047098925811322268e+01
-1.052589564838190483e+01 -9.529849537394255776e+00 -8.529239722273565860e+00 -7.529144548557029637e+00 -6.528909013352595991e+00 -5.529217690906742533e+00 -4.529139653525570353e+00 -3.526011445305574199e+00 -2.529814899645050019e+00 -1.529723890803067476e+00 -5.292051664807573275e-01 4.708766706965175075e-01 1.472901582040568869e+00 2.470029286362903420e+00 3.470303199507972280e+00 4.470934040167113821e+00 5.469848438420081393e+00 6.473591602661391775e+00 7.470527767457749491e+00 8.473542466082353286e+00 9.470628640868451242e+00 1.047056661478497652e+01
-5.181806947095696003e+00 -5.476340335800046866e+00 -6.688122453629671504e+00 -3.342450153032461735e+00 -4.869805983117298176e+00 -3.882975511564126236e+00 2.405245902634041144e-01 -5.849770645112331025e-01 -4.772055884367996104e-01 4.514903097295297485e-03 -3.183340949838367795e+00 -5.682805715913787026e+00 -2.321937966686960841e+00 -1.135498540637330356e+00 5.092328836533882352e+00 1.670101236487554264e+00 2.155875957025983336e+00 6.283195828699804864e+00 7.700585723676993233e+00 7.778469169053876087e+00 4.848314233279957364e+00 6.420955824568945758e+00
-5.171976527604009277e+00 -5.253716264099709043e+00 -6.626656560478911828e+00 -1.689224913519643989e+00 -3.588317156994206059e+00 2.209207041114699788e+00 -4.914812127870867187e+00 2.032263962486858588e+00 -3.956371342677148295e+00 -2.124971042538565502e+00 -2.296160654437485960e+00 1.672199010947658104e+00 -3.261530979989236023e+00 4.203229141468852958e+00 1.723243130872728957e+00 3.010642721277933642e+00 3.343292413641000049e+00 2.457619149638336609e+00 5.386891577807963571e+00 4.927193698538276934e+00 5.760315975043204695e+00 1.525238839796185131e+00
-1.004141284069611118e+01 -9.564916548289220444e+00 -8.387495016233865286e+00 -4.196219953701156413e+00 -6.764002754951437879e+00 -1.933931749628005958e+00 -5.203814647823179484e+00 -3.552535977984768945e+00 -2.982069120731634992e+00 -1.821509804986507497e+00 1.932040626617330670e+00 -1.736200919867478265e-01 4.743321606727324280e-01 9.315082444020307273e-01 2.653714198113393596e+00 6.281079661850696993e+00 4.788436755464053896e+00 5.843275714009735111e+00 6.309444912728562116e+00 7.411194728430828604e+00 8.178769384729090319e+00 9.185331212418091695e+00
-1.052948605912654756e+01 -9.526254757222801572e+00 -8.526238857683813066e+00 -7.529245695945908423e+00 -6.528959995982321018e+00 -5.529728337106382341e+00 -4.529156572100793809e+00 -3.529034717855140002e+00 -2.529494053599481873e+00 -1.530210009691389317e+00 -5.255729322406423876e-01 4.743787283924429943e-01 1.470432997765858119e+00 2.470573068681076734e+00 3.470271662893612330e+00 4.470044740560370045e+00 5.469874226572832399e+00 6.470163383605800789e+00 7.470610299232326668e+00 8.474209525707086854e+00 9.470385992052870350e+00 1.047003645551474627e+01
-4.686154628951126000e+00 -3.184881199955080788e+00 -6.059589608994370380e+00 -1.570016870052326929e+00 -2.433329685512092500e+00 -2.297299246400486883e+00 -4.206561540330261195e+00 -7.856383745786237327e-01 2.385189997427252795e-01 1.911159567281779603e+00 1.314418684227833811e+00 4.934067023572309973e-01 -1.888844623895624242e+00 7.951852288193244078e-01 -3.412000839710512601e+00 -2.329871874583052005e+00 4.176970561925194225e+00 -4.542296635493903167e-01 6.228403363780414814e+00 6.239791551887307719e+00 2.098380736817952119e+00 9.179781852097114836e+00
-1.052616593038489867e+01 -9.529083167964742529e+00 -8.529063416475587189e+00 -7.529529524797753837e+00 -6.529997078532501220e+00 -5.530006890947158027e+00 -4.529172262007536531e+00 -3.529420083219354964e+00 -2.529484284872346223e+00 -1.527484496886065912e+00 -5.297579372470959669e-01 4.708776643330470080e-01 1.470002921467489898e+00 2.473672175949271690e+00 3.471004890447316527e+00 4.471083218401135539e+00 5.473783562129202807e+00 6.473574826663195836e+00 7.471580738371081054e+00 8.470871115272696983e+00 9.470463657921014189e+00 1.046984939480370436e+01
-8.484376311023035910e+00 -1.906144483890299446e+00 -3.560168626202454334e+00 -1.890798406167348844e+00 -4.743557995165332386e+00 -8.484215259163179201e-01 -2.396903349328814770e+00 -4.726126702923322043e+00 -1.651772028759875610e+00 9.479615470355773343e-02 -2.609817285634367767e+00 6.109201593832662702e+00 -2.029017708551246635e+00 2.498905732850892125e+00 2.409083552562257147e+00 3.092182640661569781e+00 2.683602571171940454e+00 3.792399192407965636e+00 3.681877315349646906e+00 7.403791452537377360e+00 5.882246668184736293e-01 1.860638643089994382e+00
-1.052888874404804653e+01 -9.528868046335180253e+00 -8.525962409309357781e+00 -7.529471781782133277e+00 -6.529478159479095822e+00 -5.528917741707763511e+00 -4.524992164901702196e+00 -3.528997686437586268e+00 -2.528786253861374789e+00 -1.528910857371299059e+00 -5.303430526771251152e-01 4.730685979805286934e-01 1.470691311427147596e+00 2.470810669728306763e+00 3.473518613048579340e+00 4.470552358099013190e+00 5.470468762584717481e+00 6.466614323922186713e+00 7.470529663630516737e+00 8.470206680961634760e+00 9.472954395481139045e+00 1.047180061347106061e+01
-9.924931849387709448e+00 -8.164527280204154636e+00 -2.955025736430669347e+00 -5.683129086986489220e+00 -6.475703094923960457e+00 -5.149640510225755641e+00 1.512963094472384640e+00 2.432962216488484319e+00 2.487284510064103227e+00 1.481287294951591171e+00 -4.020010412328380855e-01 3.912216432719678449e-02 3.671237089773360385e-01 1.367123708977329821e+00 -1.936584298984032060e-01 1.011541252485476328e+00 1.100000233732982391e+00 2.275142135718243086e+00 3.100000233732984167e+00 6.238965286764171836e+00 7.688671063688857110e+00 7.214029217332747379e+00
-1.052769576927471462e+01 -9.529487596655419779e+00 -8.528668949211171579e+00 -7.527059191668577398e+00 -6.528417596424148428e+00 -5.530191341245711101e+00 -4.528412924910121262e+00 -3.529117906296788121e+00 -2.528159813786066579e+00 -1.529362389648483145e+00 -5.288941206579718113e-01 4.712429849261692283e-01 1.471527485346262765e+00 2.471828511154120278e+00 3.470882093703213656e+00 4.469421563839377498e+00 5.471271550452177834e+00 6.471059611236514186e+00 7.471739879047342825e+00 8.470841912722052669e+00 9.471699780022559523e+00 1.047155131975358699e+01
-9.494243623036702218e+00 -8.411092803839597565e+00 -7.606789237878566645e+00 -6.657497409707930913e+00 -4.979435958062717660e+00 -4.292621246573637528e+00 -3.911210471602755590e+00 -2.993973524474250247e+00 -1.514904673262366774e+00 -3.854651895520279759e+00 4.428345103649740100e-01 -2.395454926358733250e+00 -8.696070144266004887e-01 2.984054549721149030e+00 3.533128616567750679e+00 4.945539351738331035e+00 5.409043036426213646e+00 6.622985704018010900e+00 7.905507488103540759e+00 8.337616854638463693e+00 9.215615692043209961e+00 6.952756073546416893e+00
1.452757639786912858e+00 -6.006367943559531852e+00 -6.978770044251012550e+00 1.189473341602840017e+00 -1.774646882923961888e+00 -3.433639279202734151e+00 -2.884006737213222316e+00 -3.685145051496328428e+00 -1.645461800515716222e+00 -1.716685097187384157e+00 -1.067087298960014863e+00 2.294463658084281210e+00 -3.281493805980253420e-01 1.170526022392739618e+00 1.560616276658661761e+00 -3.046301894283405254e+00 2.273768654192550365e+00 5.699414725004195326e+00 3.319025348305385315e+00 3.137015451510592356e+00 5.665816804656716776e+00 4.170982580420383279e+00
-1.204519094661776535e+01 -8.013525512225090353e+00 -7.028692345539513830e+00 -5.916684346986609278e+00 -5.256902382546877917e+00 -4.460354362558907937e+00 -3.597482637174866049e+00 -2.765774750412021366e+00 -2.473742927733225461e+00 -5.343800378867660239e-01 -2.818290409198852320e+00 1.240727007650837432e+00 1.701385562718287892e+00 2.671854159904436088e+00 3.526257072266756332e+00 4.176658367817825734e+00 5.594177489705537631e+00 6.300295621845960703e+00 7.664523574994150934e+00 8.210842663178103962e+00 5.480260317173883955e+00 7.711637914048630194e+00
-8.672489754946740348e+00 -8.644912309005754025e+00 -6.632059668181176093e+00 -5.813622567867438917e+00 -4.395218132962664725e+00 -3.751069742733474932e+00 -3.001516272238043737e+00 -1.916049700025143299e+00 -7.313300666386401971e-01 -6.770014308823380844e+00 2.777304800839209831e-01 1.929232457729483707e+00 2.744635950992780682e+00 4.605940514595101121e+00 -1.662508389054054181e+00 4.713370465659878050e+00 5.767342264341140279e+00 6.866755484961779565e+00 7.050251912345810723e+00 3.290405650500716206e+00 3.763244233264800176e+00 1.034948059042502777e+01
-1.052490685981776153e+01 -9.525925667109792272e+00 -8.529319197955439691e+00 -7.528213546696026270e+00 -6.528934673490823570e+00 -5.528957740488369410e+00 -4.530576289716076843e+00 -3.529587642374359291e+00 -2.529210434379884020e+00 -1.526134924116444580e+00 -5.267856578257852362e-01 4.693763692948031974e-01 1.470546751198451574e+00 2.471335320648828215e+00 3.469008698043504424e+00 4.471023767170589025e+00 5.471111296591441686e+00 6.470265834507623381e+00 7.468197076496766229e+00 8.470973282036464269e+00 9.470329849896113927e+00 1.047398348051039285e+01
-1.053096713769159010e+01 -9.523682541129248946e+00 -8.530225968835010164e+00 -7.527298829433602734e+00 -6.530014253136764424e+00 -5.530716440555712765e+00 -4.530565417287013119e+00 -3.527332669970654422e+00 -2.530134565112236444e+00 -1.529880008575576156e+00 -5.303724472495545683e-01 4.696468497541914644e-01 1.474549704315998966e+00 2.472981252792216367e+00 3.469681062820290762e+00 4.469775446775296146e+00 5.473687389018870419e+00 6.473276772621009201e+00 7.473069676282740659e+00 8.472437345507479733e+00 9.469324284317822915e+00 1.047035958719525262e+01
-7.143427334519506289e+00 -6.142234073070639511e+00 -5.943908328636305249e+00 -4.056691489869860945e+00 -3.597752044289061146e+00 -3.375625743602497231e+00 -8.334358471977481031e-01 -1.734717828118206295e+00 -2.297639589856493192e+00 6.696681489280273958e-01 8.936639387796652123e-02 1.496520462201021306e+00 -2.900848302109645171e+00 -2.989744367389958857e+00 4.866238280288793128e+00 5.937508477508417926e+00 5.544073859244520008e+00 6.660234754429707138e+00 6.271053591601392085e-01 2.325725881337368683e+00 9.009238281574079465e+00 3.157944142533803955e+00
-9.403085262559292445e+00 -7.949205953135752623e+00 -6.771889606832658615e+00 -8.193797467546332314e+00 -3.181865466080025850e+00 -6.143329645397240135e+00 -1.277634533160989738e+00 -7.196056648859729954e-01 -1.360720812035645544e+00 -2.434606474124523245e+00 3.633663081241600423e+00 -7.880779227531473641e-01 4.164195026502680586e-01 8.837471184928399337e-01 4.993656124308261113e+00 2.586659686840957484e+00 2.550582528549553807e+00 3.804466837088390285e+00 4.589885233527787101e+00 5.568329681511819729e+00 9.214550843889698584e+00 9.349457262834315330e+00
-1.052487864040514154e+01 -9.528601054779493040e+00 -8.530185837975945873e+00 -7.528297741643402929e+00 -6.529879797927334195e+00 -5.525935400954683274e+00 -4.526775185696092052e+00 -3.528419782153587647e+00 -2.529405583373510069e+00 -1.529502843252632971e+00 -5.303095474161896306e-01 4.703827456317153377e-01 1.472423608668826489e+00 2.469453360208051507e+00 3.469324629076501409e+00 4.471226076849481146e+00 5.471452306278724365e+00 6.472992549904363457e+00 7.469609300859954004e+00 8.473818744786763446e+00 9.469463120468635253e+00 1.046964406526900682e+01
-1.042985319174530190e+01 -9.706763323937344978e+00 -8.167438153311151083e+00 -3.516550023520684576e+00 -2.819375953248354882e+00 -6.226827432074275137e+00 -4.750750383558514756e+00 5.190849018388175029e-01 -2.664511829782899799e+00 -2.857585739460091201e+00 -8.807236796547993629e-01 -1.098853763715453624e+00 1.301283973685226636e+00 2.257495058162595214e+00 2.420830673716951598e+00 7.650865109328806035e+00 3.225709956447466276e+00 4.529597573627414775e+00 6.275963562510828098e+00 6.432305172296353568e+00 8.406342458139775431e+00 9.467354126678561244e+00
-1.018540194394286758e+01 -9.116333468010514807e+00 -5.321971486713717781e+00 -4.755231694234216988e+00 -6.401914337882925743e+00 -6.438475699197981683e+00 -4.444830213653395923e+00 -3.762908704160960571e+00 -2.984475907172315257e+00 -2.245560877997134774e+00 2.100662973082017437e+00 -4.931002110643081249e-01 6.666185886302757879e-01 2.248170138054935485e+00 2.589563154696032932e+00 3.708015809815591979e+00 4.603492698498609315e+00 5.595484252180624729e+00 6.353523715648177195e+00 1.007171375819696202e+01 8.416385230351009383e+00 9.164173317300019050e+00
-6.805789446168271084e+00 -4.019800223559006014e+00 -5.523795361375312574e+00 -4.781766655876758421e+00 -3.282026446684133791e+00 -3.133525565207976538e+00 -2.987753991440916579e+00 -5.697438569619467152e+00 1.782719321200332940e+00 -1.062144563107980666e+00 1.422217180142298032e+00 2.027063728918630403e+00 1.817779591009096807e+00 4.535813517464438505e+00 -3.118029207653405077e+00 3.756618256573331927e+00 3.810680943985268243e+00 9.933404539350965123e-01 1.082585712790457677e+00 7.902691990245299891e+00 8.103249792244699989e+00 2.544908634608185949e+00
-9.864419232604417331e+00 -9.113719133232001113e+00 -8.298314669670407540e+00 -7.161360314537572158e+00 -6.213355587953198977e+00 -5.207239801583331662e+00 -4.188452882574049241e+00 -3.119621032286728823e+00 -2.144288401304904390e+00 -3.145011388709939126e+00 -2.034924447238969369e-01 7.491280751589352027e-01 1.575892440754413926e+00 8.726768812581378043e-01 1.900056234938961586e+00 4.395661885099306332e+00 5.597466532302157738e+00 6.588640284226273458e+00 7.652509835816377226e+00 8.608686378454700971e+00 9.510289760127555780e+00 1.057586567346755579e+01
-1.053061663291666150e+01 -9.529750905253646209e+00 -8.528529278256664625e+00 -7.528537309982562320e+00 -6.529290653087853613e+00 -5.527595191516640583e+00 -4.528570137240658156e+00 -3.523323296823283712e+00 -2.529283090748556617e+00 -1.528429187156929103e+00 -5.317900397560730852e-01 4.683774567463245830e-01 1.471684419296014568e+00 2.476676703176723393e+00 3.469616309485658689e+00 4.472331748090018877e+00 5.471379407427534147e+00 6.471011140129789396e+00 7.471687056801549431e+00 8.470752642235973795e+00 9.469139069996105107e+00 1.047065886177800031e+01
-1.052875300598409325e+01 -9.528541580858535198e+00 -8.527830184521983270e+00 -7.528688424351550168e+00 -6.529303127053090350e+00 -5.529416867616497200e+00 -4.528947890820816724e+00 -3.528857954862440138e+00 -2.527811595323381511e+00 -1.528963030400593226e+00 -5.286717499521582653e-01 4.700440456244159293e-01 1.472086190161389752e+00 2.472110963341870971e+00 3.472197263416926916e+00 4.472159258005303784e+00 5.470426133749162645e+00 6.471277049657976121e+00 7.470250761983079357e+00 8.470824218270459838e+00 9.471607259390035338e+00 1.047040136056869031e+01
-1.052858457341790910e+01 -9.528841722756618893e+00 -8.528746027499432003e+00 -7.529132526367911638e+00 -6.528895173221814119e+00 -5.528085622936488974e+00 -4.528448279947030031e+00 -3.527754615992314768e+00 -2.528659272938952540e+00 -1.528957474976772701e+00 -5.291957147419470431e-01 4.711750559508764979e-01 1.471104275435200393e+00 2.471103701740499758e+00 3.470740851014847195e+00 4.471049193292854440e+00 5.470605883747341025e+00 6.470845405012365603e+00 7.469453927129510618e+00 8.474447157233953476e+00 9.470176566392181527e+00 1.047219808027147536e+01
