-4.641397856628937807e-02 -1.217694798033690656e-01 -3.927782239104898321e-01 2.392417037240799349e-01 -2.911840254765778457e-01 3.530363274943359997e-01 2.939051300080390283e-01 9.322349708902188947e-02 -4.087738748411938738e-01 1.023081475001550861e-01 2.957479761829276757e-02 1.248590760101683655e-01 1.571499779458121193e-01 -1.521675328040296427e-01
3.622486255899197427e-02 -6.916506748068865229e-02 5.548888761294556993e-02 4.178112163202059304e-02 -6.379762788215517788e-02 9.172959871949371707e-03 7.792651185677479386e-02 -3.379339644864806647e-02 -3.200214837921407096e-02 -1.464701280368126968e-01 -1.005066682321470450e-02 6.609040416455046196e-02 1.444587743633087527e-02 3.435995190512530079e-02
-5.371276718507612957e-02 -1.960190726247153237e-01 1.200121639316298755e-01 -3.225804202755262751e-02 -1.827620123617475917e-03 2.203475644849668680e-02 -5.484122160040058591e-02 2.658651572351165560e-01 -1.113582831337633638e-01 2.393386358202501951e-01 -2.803349662339889581e-01 6.424187140065201751e-02 4.235741612781218635e-02 -4.328648604688745821e-02
-5.962637325335108651e-02 1.942068384418711713e-01 -7.968451124491369997e-03 -5.496843673641896300e-02 -2.321060532157579459e-01 -2.650235095807734198e-01 4.592326232522622037e-02 8.150949157009773627e-02 2.089661131931699889e-01 1.787167428536668434e-01 -2.450083735074082975e-02 -8.069547540873431291e-02 5.730393510469207474e-02 -6.152570483050054384e-02
-3.154598969649443502e-02 -1.082617334720523683e-01 8.565045011948671516e-02 4.746492794708252055e-03 3.235101124402858797e-02 3.696148905323524969e-02 -5.691580901624353206e-02 1.523689168449137155e-01 -8.038321698788761238e-02 -2.433080015302012122e-01 1.488399941165952645e-01 3.434299274394898849e-02 9.064458012976976675e-02 -8.527963435585179941e-02
-1.499185685400139245e-01 1.470757664795481201e-01 -2.148559089797386357e-01 -5.787832974131625063e-02 8.723392404767953134e-02 7.594439621800341822e-02 -4.274840915829328236e-02 2.159979437775434719e-01 1.462489708332990468e-01 -2.392490368070371298e-01 1.769081945703304959e-01 -3.177285716585388081e-02 -2.139232380192655075e-02 -1.113822197442688594e-01
-2.048189177243195727e-02 2.842899824709173989e-02 3.283197131218719422e-02 1.181830936641379594e-02 -7.926671447310705554e-02 4.520817760385970052e-02 -1.442473940976528833e-02 1.188931255339213157e-03 7.921614277672905935e-03 -4.414101445392571571e-02 -2.537101093870723287e-02 -9.989149137060691908e-03 2.122341120892935751e-02 2.526464890145960207e-02
-3.044199952583779289e-01 3.625672967464363960e-01 -6.468216923212749547e-02 7.221364322007962910e-02 -1.415455358614940151e-01 1.578857146296190339e-01 -1.272803863075923081e-01 -1.807124931442095628e-01 -2.058778015623610042e-02 8.586173265465293913e-02 1.854330567759637782e-02 1.280042715650709373e-01 1.389634805457410360e-01 -1.445995430912033475e-01
-2.552230447104217870e-01 1.295761841729179409e-01 -1.056966632410829832e-01 2.730057513399158919e-01 -9.611243210210075605e-02 7.966558034738087379e-02 -1.895835990330222137e-03 1.357248952185646784e-01 -1.279401306698832730e-01 9.069198720081168841e-03 -5.237576902808161426e-04 -1.318005512457075812e-01 4.885976419149144073e-02 2.350258364741104541e-02
-8.425280543881505380e-02 1.875239504248090161e-01 -7.522078883891543388e-02 -4.146820434495621099e-02 -3.011039867245281221e-02 3.300093840836340608e-02 -1.611773322295422806e-01 9.690861266787177686e-02 2.845782137429659839e-02 -3.245096379328198111e-02 -5.089102647000659507e-03 -1.202670595907938261e-01 2.412319679068692102e-01 -5.687509323849618270e-02
-7.560198458362614102e-03 5.199471532555183240e-02 -1.183085127460538760e-01 -5.828219458616687096e-03 -6.148406625081088289e-02 2.274912795729795364e-02 4.481829371773231319e-02 1.697562372712372591e-01 -1.716313828491971075e-02 -2.322101249188522620e-02 3.932109803865369013e-02 -7.486252821197053597e-02 -3.308431799270399043e-02 -6.915936427193937475e-03
1.616251009979507644e-02 -5.342795697327230864e-02 3.789718778698449551e-03 -2.272783533288086702e-02 2.080587621885060176e-02 7.119761963738334420e-03 9.430506702403589070e-02 -2.340572171900683757e-03 -5.107161006205176990e-02 2.334501012305572817e-02 -2.008943669018768002e-02 -6.691660902396370791e-02 3.620103809929141325e-02 -4.943420065252888615e-03
-4.059398985068461974e-01 -5.673600622444948532e-02 3.955338352159418758e-01 5.488818039513923552e-02 1.096231585807481562e-01 -2.399028858664229713e-01 1.759148303103403310e-01 -6.574361956139546104e-02 -4.644960185054065049e-01 1.859806988816183893e-01 1.657736393785541051e-01 -1.265688610750480003e-01 4.532070045077526282e-02 2.065637885144067931e-01
-3.206125223762477661e-01 -8.385233868879750363e-02 1.974573948096960407e-01 -6.640538620506704348e-02 8.431241695574134831e-02 -3.361572559801397353e-01 4.340971535851019247e-01 2.728971691948201550e-01 -1.267673418713851918e-01 -2.435373481718453581e-01 3.655019417131362136e-01 1.370222253226429654e-01 -2.206969144930700788e-01 -1.130476518066303587e-01
-1.623301313392356282e-01 -1.354394209439540447e-02 2.191096903697313802e-01 1.674125520739849771e-01 -2.571812742170334620e-01 2.327791647628178751e-01 -7.888135427495844565e-02 -1.772506281662068195e-01 -4.526988970910027915e-02 2.777671309696971153e-02 -1.090038563318187492e-01 -1.414450782595550946e-02 8.957358921586755507e-02 1.011654164272883516e-01
-3.125578309786450348e-01 1.909611219641236257e-01 -1.483180867225015742e-01 -6.942579564713126372e-02 6.202240251061317405e-02 2.496213480201893709e-01 9.426800226635587143e-02 3.796382751604153449e-02 2.318368895233063887e-01 -2.431751302037154228e-01 -3.002196485760889877e-02 -7.814894578226093402e-02 2.099927309636287487e-02 -2.581356871717416235e-02
-5.033854421870254808e-02 -2.284625887674424372e-01 6.550399586360870774e-02 1.086611841839058290e-01 9.648882626395752227e-02 1.383373270759817308e-01 -4.432446778433266760e-02 -7.530702882304499135e-02 -4.421029152097579601e-02 -3.432724127191293384e-01 6.683199587729581059e-02 2.739044633600969392e-01 2.165911320643953419e-01 -2.001920488676585397e-01
-1.062534842885340391e-01 -1.594249148483316558e-01 3.051681450458443301e-01 1.142580195652816155e-02 -2.016497376801529018e-01 -8.023325623638777326e-02 -2.520994339268078921e-01 1.908699218664871577e-01 2.363968056276975760e-01 -1.759248581326182392e-02 2.671055030263084218e-01 -1.163996137772447953e-01 -1.934254773376618275e-01 9.632376837347259024e-02
4.203349975551529116e-02 -5.599667448940355563e-02 -6.227270381165750379e-02 9.765731830453305840e-02 -1.353940277593447539e-01 -6.818127415977547068e-02 9.326314384046259509e-02 7.190959242022101384e-03 -2.583818320992505371e-02 1.804028016365018250e-02 1.760214651870328773e-01 -8.145799770656800276e-02 -1.207460179315037255e-03 -2.364680318927118649e-02
8.548172643188391151e-03 -4.920092977887067370e-02 -3.245571699246780489e-02 3.926672647476758815e-02 -9.269197342224698433e-02 5.908770701254036778e-02 6.319505510706194262e-02 -2.152915344918808482e-02 3.931031919213524156e-02 1.484447841111534265e-02 4.188452295838723805e-03 -9.377291768205614844e-03 -2.515715342331941232e-02 -1.781715031439344218e-02
-4.526394074571712944e-02 1.025178818535000813e-01 -1.718033672683936391e-02 -2.488909809588159550e-01 -1.021771610764433125e-01 2.945894220857733781e-01 1.663304225850938955e-01 -2.908097891523099832e-01 -1.637448396242287968e-02 -1.132472006973100354e-01 6.205728877029230428e-02 -1.244859815450098939e-01 3.143409826438543497e-01 -1.194581085689899735e-03
-3.814978526040111589e-02 -5.159161242626990329e-03 2.249175940956791853e-01 -1.561083362954744369e-01 -6.527941087050530278e-02 1.870524394281619651e-03 -9.724765657413089737e-02 -2.054728912607736713e-02 -5.388012044657554400e-02 -1.868900196917322454e-03 2.472099300628071428e-01 7.916884672439505888e-02 -1.488803059184078403e-01 1.416561264190936698e-02
-2.484973130915152095e-01 -5.008468536896241996e-02 1.339866558465242774e-01 1.005327353000613627e-01 1.184228757892040601e-01 4.260377149201556579e-03 2.654169997626641408e-01 -2.624328635943476984e-01 -1.268803332537168094e-01 -2.619094250358301387e-02 -1.662570436648140304e-01 -1.205904090176314336e-01 1.708339585931679117e-01 1.876915300417028865e-01
-4.311674998420350451e-03 5.339910431823385178e-02 3.597274495848380715e-03 -8.432056265160101094e-02 8.442518171162902152e-02 -2.159586580235554054e-01 1.090821154067989213e-01 -2.279946077392091541e-01 -3.654968375415969944e-02 1.172929040599479111e-01 1.376184260482070931e-01 1.969945344727194181e-01 -1.385280932044780922e-01 -1.453471815400535563e-02
-3.918419031061994018e-02 -3.919532983749604224e-03 -6.368272355723816891e-02 4.124493841566464342e-02 2.951810365767787436e-02 -3.160267344149841895e-02 1.126179394840611317e-02 1.484237251981431194e-01 -2.588833819512487405e-04 -4.676588966636732736e-02 -9.449001625883381855e-03 2.096824261831380445e-02 -4.306924238771681415e-03 -7.203544264417022225e-02
1.268295789056547891e-02 4.469562555508580642e-02 -2.243330881089716441e-02 -7.413094361800533216e-02 -5.841924566123084250e-02 -6.328955103176264751e-02 -5.182536208999221489e-02 2.262727253002586314e-01 1.637388022566738446e-02 -1.503889877948317577e-01 1.787266298039338897e-01 -4.356905928595913163e-02 -1.314978496081323223e-01 9.701403111325576645e-02
1.590572862418839287e-02 1.705709366258368054e-01 -1.047194694936871978e-01 -2.673032269461553256e-01 -2.183441939410432978e-02 1.617049966245688239e-02 1.846893820183854174e-01 -1.253606497206610493e-01 5.019239388067078811e-02 1.228880330123042625e-01 -4.988461108370688402e-02 2.764251646137419471e-02 8.947978388052783144e-03 -4.769355004699914191e-02
-2.108164390893484466e-02 -5.274896060223905475e-02 -2.419388305837434985e-02 1.450465001509838349e-02 2.831598360544104742e-02 8.164386657269213921e-02 2.448989132194659760e-02 4.807327059845101919e-02 3.823558151690555074e-02 -7.415565677513645537e-02 -7.008211683146413351e-02 -9.906952402858046347e-02 6.036390011565905336e-03 8.024369355058424969e-02
-1.953110195059324650e-01 1.270521304214802805e-01 4.009974265135582416e-01 7.418405356057709843e-02 -5.116689186904603837e-01 -3.867230487380937665e-01 -1.258901486445801465e-01 9.073813534896117694e-02 -1.414891512502195470e-01 1.083033498728881716e-01 5.975242147300408035e-01 -6.191999400224014460e-02 -1.775179323416527788e-01 1.819324447136289880e-01
-4.629900391259336029e-02 -2.125097882104534097e-01 6.067255571871917746e-02 -1.952183291922200414e-01 9.224976777192146760e-03 7.635916800374961677e-02 1.273378757370378089e-01 2.121369706995140103e-01 1.870294127309248822e-01 2.188055113748570146e-02 -2.605644283241747572e-01 1.907592821354499035e-01 -2.541423979743648309e-02 -1.651834615152396046e-01
-2.950729439455348352e-02 2.727412149738053793e-02 -7.138200887427240127e-03 7.185583647186055342e-03 1.008382147939793361e-01 -1.193560341537402147e-01 -2.699362316357512004e-02 -1.139710288744730064e-02 8.862143932496713283e-02 -1.456848094908858547e-02 -2.633738140198105607e-02 -2.152487242408833087e-02 8.353930730842281521e-03 4.761242255501555408e-03
-4.065225332191987895e-01 2.565191799389289762e-01 -2.145340334383707415e-01 3.957411775076527527e-01 -1.795534421852920948e-01 -1.047490371759844108e-01 -1.634134416255242639e-01 1.967818755400370101e-01 1.601543217208652170e-01 -6.521821884181384921e-02 -7.222322290759584928e-02 3.028454940693310338e-01 -6.963797106227909151e-02 -5.597860633280025977e-02
-5.802408920759143385e-01 3.837377348531129106e-01 -2.223757169936314282e-01 -1.398069232155670916e-01 1.158676794373530994e-02 5.832957837016419234e-01 -4.545372235798375571e-02 -1.865769801462432431e-01 8.910196786907198518e-02 3.518780586702618951e-01 -3.184447151766321427e-01 1.387954841098344438e-01 2.436409623392299661e-01 -3.289262675329608920e-01
3.933491115325247513e-03 -6.460705880496246667e-02 4.042702719197834027e-02 6.089872060788844438e-02 -9.108040297991602807e-02 2.502557406508052265e-02 9.108597533775531982e-03 -3.517272565231989445e-02 1.402486787714455063e-01 -6.010971406758008895e-02 -1.021895437505162402e-01 4.012294356037691967e-02 5.035526587498792041e-03 8.570427809880985445e-03
5.336022111749881558e-02 6.479022186422264684e-02 1.138918549868756305e-02 -2.352675882890681580e-01 -3.640351031661741982e-02 -1.150306858323948966e-02 -6.584844967242112213e-02 1.495671153898590899e-01 2.115597030499035899e-02 1.637070946219413084e-02 3.184437098248613096e-02 -7.433008720351734488e-02 4.248137690962167090e-02 1.260507452325869415e-02
-2.663883401821326435e-02 -1.927353913866220181e-01 3.079687269794656457e-02 8.304627076578083300e-02 -1.912821462480784884e-03 3.040939821649588093e-04 2.297663398528472234e-01 1.527302722894120501e-01 -2.508232789499736382e-01 -2.257001507395482165e-01 -3.721259303046839384e-02 3.801087124582041427e-02 2.038601306964189785e-01 -2.328023995512911587e-02
-2.257648861546713084e-02 2.491685159558725687e-02 1.160534865059876103e-01 1.248804506174585813e-02 -1.642547007672106874e-01 -1.628025639171926716e-03 -1.215150060526864195e-01 1.334120838315402680e-01 -5.699211561598849923e-03 -9.131157199228376320e-02 1.172471289054950183e-01 -1.062051187630631485e-02 -3.647652214639460905e-02 3.017598473871922760e-02
-1.103773678009190538e-02 -4.916261527786344038e-02 3.879455145034384211e-02 3.396800406148118429e-02 -1.058337204201649367e-01 6.255108081858082314e-02 -4.317499008817428374e-02 7.323454561349876379e-02 9.549824828424684220e-02 -5.322869090318636809e-02 -4.642801971910560238e-02 -5.672220077251151349e-02 4.879830778433043997e-02 -7.045222063428275075e-03
-1.699159460700404578e-01 1.513823815377002835e-01 -4.976877271372089073e-02 -3.242530938371426114e-02 -7.841089527860252428e-02 4.776860876790878230e-02 1.642558664516577949e-01 9.970719253125912007e-02 -6.731244743382951146e-02 1.033198659457985370e-02 -2.953550397165391472e-02 -2.598881675436775507e-01 2.346266154818418548e-01 -4.060406698175300644e-02
-2.150967602314883820e-01 2.959651027464832440e-01 1.625549891441180339e-01 -6.114447115671356459e-02 -3.186585680998476611e-01 -1.557261418235318939e-01 1.985515640822088645e-02 -1.299686350778074262e-01 1.895669549031071266e-01 1.752857148587077044e-02 -9.077256414659956585e-02 9.427723167359858270e-02 2.918568586311438007e-01 -1.200261824685985579e-01
-4.780877173163935318e-02 -5.409242402531604099e-02 -9.814636913124365203e-02 -1.951216935910557171e-01 -6.905527465875790916e-02 1.605899578054359733e-01 1.519541822611907012e-01 1.915344511888605328e-01 2.168516463974098085e-01 -5.384639927001125259e-02 1.918233236468785963e-02 -9.177135086876714309e-02 -1.924075797586010106e-01 4.234883500576269721e-02
2.321522262680172088e-01 7.254716716407197397e-02 -1.540808872583951938e-01 -2.464034332865020771e-01 4.197607287093571039e-04 8.769171396393281304e-02 1.325378584997267406e-01 -7.262790238030662759e-02 -9.076928311173765307e-02 -3.422314249086460536e-01 -2.237912625746639461e-02 -1.031229559539093704e-01 1.334528643477171928e-01 3.530249641727437049e-01
3.061773897362207175e-01 -3.092226448366308666e-02 -2.195337102042900779e-01 -8.184330560256153353e-02 -3.504375633927169775e-01 -2.412824473105573131e-01 1.181455234086509903e-01 2.806154902538502971e-01 1.127596845554248717e-01 -4.492977708056049291e-02 -6.268709768853622522e-02 1.783428685278648784e-01 -2.525304715516605847e-01 2.683372228204901067e-01
-1.234859722210807226e-01 1.169193457025245186e-01 2.932403976468511697e-01 9.226751066804653179e-02 -5.047523057126429569e-02 -2.087682733737873664e-01 -2.271462848988169136e-01 -3.201809147558933727e-02 3.462181981671066423e-03 -3.165691947219267388e-01 -2.421991181550445238e-01 2.942555230360977547e-01 1.698884757661186240e-01 2.108402726041558040e-01
-7.663723780680367637e-02 -7.863378258065954751e-02 -2.533643226428168235e-02 -1.765577727570770417e-01 2.348718856978469216e-01 1.676727410280549613e-01 5.956514566872620625e-02 -5.609271360174070825e-02 -1.097732670343944256e-01 7.147845567839386516e-02 2.119238965373615793e-02 4.651733601123160533e-02 5.666948562047170734e-02 -1.547246913255487522e-01
1.049352008082021226e-01 8.681312462715674860e-03 -1.774880545245975938e-01 1.055377510135665081e-01 -5.013653130355526233e-02 -2.197754517236120142e-01 2.453229812715735370e-01 -1.052054695792665751e-01 -1.228440146881492195e-01 2.029522238941989243e-01 -1.891488241615939536e-01 -3.235773380221913798e-02 4.209621329456918193e-02 1.676419390261233988e-01
-1.273996190619416068e-02 6.822917277774701028e-02 1.589238993554683600e-03 -3.941130632691847158e-02 -8.765941275669067445e-02 2.550526741472720904e-02 6.042031628701067560e-03 -1.450135076186731715e-02 -6.557487071874995577e-02 6.373103763091281238e-02 2.985514426054532156e-02 7.488749649846790368e-02 -7.995416152798509590e-02 1.021321678170523939e-02
-1.798184677698067280e-01 1.851427158270266549e-01 8.663169918411238457e-02 9.579658595822160283e-03 1.032665609513770955e-01 -1.569761338837469267e-01 -9.202435842087759721e-02 4.551728565399783266e-02 -1.188319956753463788e-02 -6.437100934754801107e-02 -9.234018822564651896e-02 -1.811658743324620069e-01 1.032590409610223692e-01 2.253938123622194756e-01
-4.520610927418925590e-02 -2.726810122584537310e-02 -2.136706189091266694e-01 2.536921722318056793e-01 8.427473517703967798e-02 -1.232522418334300179e-01 -1.181780625457268669e-01 -2.356786240792733966e-02 2.258799152631754126e-01 8.175908546949450795e-02 -1.360266954892155877e-01 -1.780563605274442240e-01 3.720200719444032855e-01 -1.721883858850576376e-01
-6.416958164465328407e-01 -3.907917426712057551e-01 5.377023794200733731e-01 -4.046440037687124569e-01 -1.038503591492071082e-01 7.182813249672630462e-01 6.038165474295684176e-03 -4.770918895735946907e-02 -7.529935314705066274e-01 1.097195114340433042e+00 1.064682327898737457e-01 -7.174695567764979298e-01 6.246360716335821461e-01 -5.095554739754316886e-02
