-5.007520605293735994e-01 2.942060809064419025e-01 7.308045088413597234e-01 -7.839741263715946373e-02 -3.466592713714832241e-01 -2.804609036301039526e-01 -2.649517093816244340e-01 -5.475349767732218265e-02 4.465603502715336237e-01 -5.262470894867182780e-01 9.864132035114656083e-02 5.816044055391043910e-02 6.789028486502074466e-01 -1.601422568878732924e-02
1.557794393212247330e-01 -3.049479665909141102e-01 -4.109885500041375872e-01 2.260010240974507367e-01 4.445818855819792803e-02 8.340317235749258873e-02 3.544186876088964433e-01 -9.200015019013942086e-02 5.529813978818792775e-01 -1.846601765509606197e-01 -2.597334339035921036e-01 5.056130055499528410e-03 2.338478461184188006e-01 -1.645762295872892078e-01
-7.845347249804954237e-02 -1.291760076631209841e-01 1.860512318233948359e-01 -6.789574680821210129e-02 1.408719260309141130e-01 -2.089161030493765503e-01 3.080703493172602947e-01 1.798855175173877941e-01 -7.635681474309657935e-02 3.167770000791594875e-02 1.166715469880217661e-02 -2.026831076028752787e-01 1.361487914250781028e-01 8.147960716004888290e-03
2.286726136747077587e-01 -1.802349312098624756e-01 -1.820184648395434257e-02 8.079245531135911818e-02 5.835113289727903579e-02 -6.254927005206903368e-02 1.003734947369298303e-01 5.924439266738074084e-02 -3.578260510727662713e-02 -1.332192370430885509e-01 -3.719791225954128394e-02 1.107893759155944152e-01 3.088217568615835712e-02 3.711954043841014794e-02
-1.703526997136503573e-02 -2.626787810103140691e-02 -1.116047540881540123e-02 1.555260712430287240e-01 -4.795751124964509754e-02 1.178661249891279489e-01 1.307767270573685359e-01 4.377563863810912670e-02 -5.074321567685199930e-02 -9.672167910432749593e-02 4.414225982279759708e-02 3.067299642895104927e-02 -1.936510598968229080e-01 1.598166504015034461e-01
1.062472887505483826e-01 -3.314835313149906010e-02 -6.801955430258521673e-02 -1.741073376290385166e-01 1.826210270512519940e-01 1.169264181714027434e-01 8.742778857619516730e-03 -2.705788690238052074e-02 1.045707759471219828e-01 -1.039594641320756851e-01 1.398000275272481552e-01 8.049962659234149998e-02 3.002535364748628449e-02 -1.241013212754144834e-01
-7.136882459680245205e-02 -1.938698817470631552e-01 2.057173534856993058e-01 7.962123762691106221e-02 -2.580351724494597820e-02 3.821315503998921198e-02 2.708500647587409604e-01 3.175200999655360123e-02 -3.823537481364394641e-02 -8.994689132427505229e-02 6.703849174887714646e-02 -6.980633219160084502e-02 -4.007387919450038083e-03 3.888527635303732494e-02
1.270188893504105854e-01 -1.661272459260524359e-01 8.861150520233677941e-02 -1.151324280022869920e-02 -5.727493322810119948e-03 3.293588713654670846e-02 9.614786933060466556e-02 2.437705815611804216e-02 -2.502682331893011508e-02 4.132336218295870611e-02 -6.387816364681944692e-02 6.070303922383855910e-02 1.436573792530961013e-02 2.582899967874428826e-02
-3.215741374005599562e-01 -6.646772948130945380e-02 1.539967493369748808e-01 -2.974091268591341417e-02 -5.955984889454127643e-03 3.701097182357618309e-01 1.739029431462705000e-01 1.243922279243153406e-01 -7.272486422252630311e-02 -5.747749475302460498e-02 2.344462725993986252e-01 -1.661524340488198248e-01 -2.676005960260413596e-01 1.698856214369549866e-01
1.725432723715033534e-01 -7.565853672414081521e-02 -6.245263580246018797e-02 -1.000842006774609050e-01 7.904610914505647012e-02 1.512968692575961116e-01 4.184323420823948814e-02 -7.302180641674889394e-02 2.300473909519622912e-02 1.803948675544772562e-02 1.249301176088585125e-01 -7.599820482539026284e-03 -7.170010876800862742e-02 1.885265960148770764e-02
1.761418786387482227e-01 -7.704051086511663760e-02 4.927914080935309055e-02 -9.392343282494711176e-02 4.765254139416279233e-02 -5.538306546952675991e-02 -1.443360218730780839e-02 5.428871150870203527e-02 5.204934822121097364e-03 4.054173747893966701e-03 7.867445148219620599e-02 1.284527663816761867e-01 -1.710274492427287518e-01 1.070988409768006272e-01
4.357709544527529205e-02 -1.873426023541128194e-01 7.952330634974176526e-02 1.904560559449300361e-01 1.570454603378531044e-01 -3.306262482697532867e-01 -1.149637009691268155e-02 2.665205214667769051e-01 -3.543732115377363004e-03 2.395539364654198158e-02 -2.843723482064768326e-01 1.782844841893986565e-01 1.229868904905336707e-01 -5.928527656391317444e-03
-7.983671926734033086e-02 -1.770148537804683564e-01 6.019402128643326633e-02 3.060475183149792902e-02 8.980827974671738712e-02 -5.503153461063765156e-02 2.757425564268311535e-01 7.042212050927258715e-02 6.619729696938984886e-02 6.903255655677514868e-02 1.174455300077410086e-01 1.841633222799893971e-02 -9.990292464717935583e-02 -1.470380340850044321e-01
-7.995939775709866304e-02 2.556796535168994605e-02 -4.414767051345809545e-02 3.010105094885261873e-02 2.819381230892377133e-01 6.381049054444125346e-02 4.765258562007770177e-02 -5.659535840753697478e-02 -6.389259332648215828e-02 -2.669142459717129823e-01 2.035531161192067617e-01 3.520313405339790813e-02 1.568971421117855425e-01 -9.417496269037343992e-02
-9.249249966507526455e-02 -3.385028816350627023e-01 1.234351113103495517e-01 2.301691276033955291e-01 2.824390228418546811e-01 -3.610659318746484853e-02 1.393775101766306368e-01 -5.461657308776052266e-02 -7.976903581428362866e-02 -4.192617049577702926e-02 2.016068150264097025e-02 1.961698220202301446e-02 -1.255214317461221252e-01 1.927761291666789112e-01
2.004313028897769869e-02 3.442837621029006673e-02 -5.452339485980760986e-02 -2.680360719210560239e-02 6.969303446437717653e-02 -1.930736351447116111e-02 1.057836486456455449e-01 2.312397675614550063e-01 -9.316311819034162056e-02 -5.429086146601737328e-02 2.739121041322058192e-02 4.224040008269525082e-02 1.027199824502183778e-01 -1.464118257221092012e-01
1.542795998719145301e-01 -2.714878486672761548e-01 -1.263267334705089062e-01 -6.030882583321617307e-02 -3.711006614347377996e-01 7.259350054784330375e-02 4.015725268597281072e-01 2.869394755488932636e-01 -1.134919004525969111e-01 -3.562538333567585869e-02 3.169138606098204081e-01 -6.783687818587097462e-02 5.106921163757827120e-02 1.849435476132227363e-03
5.700691248405825862e-02 1.025646962487149483e-01 3.237384658761267853e-02 -1.052012669105908405e-01 3.299129154112759310e-02 5.398168181553802958e-02 3.271263939650354002e-02 -1.366405725383521563e-01 6.520553605914640449e-02 -7.201823957039077406e-02 1.241213781875947220e-01 -1.116263595437119727e-02 -4.540902691977191652e-02 1.085131387452079044e-01
-4.570625878402947984e-02 -1.186372307553198724e-01 7.640272783111547172e-02 1.791373365548352969e-01 2.856624409897708383e-01 -1.242346189152513658e-01 2.783294684454629131e-02 -1.364878247184440341e-01 -9.989573441567765888e-02 7.769494947331248569e-02 8.084403077927190817e-02 8.867112952160520478e-02 -6.652281310932768588e-02 1.427829787561968496e-02
-6.717170781748006345e-03 9.160519337372097920e-03 -5.053092275263586577e-03 -3.022332731317203813e-03 -1.713540738101518024e-01 -1.139320139927032099e-01 4.023705170012685239e-01 -9.496992358802762435e-02 2.200063193196767908e-01 3.909567967964155261e-02 -2.016549821513142354e-02 -7.106170544354711849e-02 -1.729915136792908037e-01 2.276736683512488313e-01
-6.928503819534448382e-02 -6.534287634412774826e-02 1.528600869219081948e-01 -1.096354937277953245e-01 3.569500319199651051e-01 -3.580196471129104552e-02 5.372357041679504119e-02 -1.280592298865922407e-01 1.652127663741095598e-01 -2.121024558452283548e-01 1.325520524765185504e-01 -1.304612105740285133e-01 -1.989794162106541253e-01 3.274085565577923296e-01
8.962045992961624463e-02 -9.098101828266388913e-02 -7.783700033672688590e-02 1.947476819980907548e-01 -6.045075977636151648e-02 -4.262364339267547819e-02 8.348020853865775748e-02 4.197656653920388281e-02 1.721083021251999245e-01 -1.466249233344642244e-01 -1.009054185352392524e-01 1.606388998540987934e-01 1.883710866508330750e-01 -1.724810628055420403e-01
-1.440142618503386651e-01 3.610622772869188646e-01 -1.782347320092440845e-01 1.490677124118041652e-01 -2.597331269408167387e-01 1.000482210145356154e-01 1.867471989447871128e-01 -2.651165569649997500e-01 -3.460636805429508772e-02 2.141520957441351292e-01 -4.271328456463802797e-02 1.748004978455960368e-01 -3.730724104140824282e-02 1.488694734999092273e-02
1.214455663067267738e-01 -2.594111081918278744e-02 -2.951620023092660361e-02 5.353141171823587452e-02 -1.696446628684432356e-02 -1.024652353102343122e-01 1.741826175479329331e-01 6.821386794346278454e-03 -1.249367728235091686e-02 9.911784389752693880e-02 4.843839922715297355e-03 -3.588308949941439174e-02 -4.397886135487104331e-02 4.633935376836738340e-02
-4.962903966022375740e-02 2.386929252910107435e-01 -5.982555128843293490e-02 1.489929550975241102e-01 -7.689744093133141223e-02 -1.794125092785275322e-01 6.874858168832345684e-02 -1.202749532807830951e-01 9.621478879177494670e-02 -6.604306956128354333e-02 -3.092538786354651625e-01 3.057098867846770873e-01 2.558216817671076226e-01 -1.380499761234335425e-02
-1.541261596042171611e-01 -1.950109596751212204e-01 1.408204682102172089e-01 1.071446899059556312e-01 1.373629116851551313e-01 2.575125478208315499e-01 -2.338537557599769390e-02 -2.073884449117402717e-01 3.138744227787279573e-02 8.962161861734788126e-02 -3.616292256399679383e-03 -1.483317929433924931e-02 1.004849924923620907e-01 -2.693488051989978427e-02
1.605393982814685705e-01 -1.871569263679067341e-01 -2.200269040467204562e-01 -2.360413604975862556e-02 3.383682182466484223e-01 1.024264590436034100e-01 2.371268233272644244e-01 -6.088139210566560072e-02 -6.666908993644884984e-02 -2.396252874467371952e-01 3.305769674279047943e-02 6.637909305820641204e-02 2.134834958674870220e-01 -1.143780694422041194e-01
2.301851011189003371e-01 -1.749138544990664623e-01 -5.122283699855231243e-01 -4.259929444416076239e-01 3.997583671370228409e-01 -1.548453226962414331e-01 3.583761673486006161e-01 1.389856682264359877e-01 7.022167703535951988e-01 -1.621883493432003387e-01 3.757944380931150241e-01 -5.809096383106564510e-01 3.327763583046324664e-02 1.152371034018935016e-02
8.130283710440333600e-02 -1.391550082776383535e-01 2.204346577703081844e-01 -5.356802604965633929e-02 1.568476101204782300e-02 1.124761884325010536e-01 1.306638634246755359e-02 -1.735272245512289035e-01 -6.638175865570852818e-02 4.360854453867296643e-02 -1.757335716309449403e-02 3.300386908443360690e-01 -9.478341503902908138e-02 -3.258389713635415769e-02
-5.489552249509310061e-02 -1.083242013248511826e-01 -4.435850633872708698e-02 1.251076249933985758e-02 2.053012482579379405e-01 -2.138629131988722606e-02 4.600596283116292762e-01 1.995968233294921623e-02 -2.847839663395898002e-01 -4.828629116446923886e-02 1.048531288705505798e-01 -1.440104014906200269e-01 7.965866732333329314e-02 6.274144204952460113e-02
8.121268856009476733e-02 -1.282571627974926354e-01 8.089798199971796541e-03 1.734500237499881359e-01 -1.439508071211046680e-01 3.779218783102900742e-02 9.393510405229026430e-03 1.055850931143636484e-01 2.628114387293570969e-02 1.968389293733162071e-01 -1.639701195577932258e-01 5.736922079709702582e-02 -7.489698632048056616e-03 -1.330542862355959047e-02
1.852021943390307901e-01 3.691978374530857643e-02 -2.606849018981398647e-01 1.018354746540541395e-01 -2.382583672124358454e-01 1.320417832732629360e-01 -1.637062115002659718e-02 1.235868070233718530e-01 7.226399442201543281e-03 1.269812533289358669e-01 -1.626387675184909343e-02 -1.310893104525088781e-01 1.272887092768477113e-01 6.062405155397398993e-02
-7.048177480574521758e-02 -1.126402261331263532e-01 1.060424479829405048e-01 9.558374416659287665e-02 1.140605628771490521e-01 -1.669977003200473209e-01 1.897881887742795537e-01 -1.419604359041808650e-01 5.190418895679644457e-02 8.864190182417405750e-02 4.559610589871800762e-02 -1.905410689253611914e-02 -2.534779519819890803e-01 3.120344347290015530e-01
-2.291972915894052720e-01 2.247080898396209281e-01 -1.540416847008976298e-01 -2.168405185579691807e-01 -2.489586895535107480e-01 2.914520183779304441e-01 1.873116344371964781e-01 5.030355923362329618e-01 -1.649138352465199381e-02 -1.809933779771059903e-02 1.079362305073979927e-01 -3.331868193166145353e-01 2.379809432987411155e-01 -9.656940458433295460e-02
6.115252061525602856e-02 -1.649470122276081585e-01 1.349941163777113040e-02 2.978183381299501220e-01 -1.895632922425207756e-01 -2.589804931129091048e-01 1.422269795784832924e-01 1.012287345180655773e-01 1.952942843804870154e-01 -1.307130287352810671e-01 -6.029537535847201424e-02 4.554152445089212908e-02 2.471607792426820382e-01 -6.038399170476918543e-02
7.548673234119510078e-02 5.825224363758872009e-02 -8.094432520827336830e-02 3.656505943192465968e-02 6.906055880179187700e-02 9.978658463861339589e-02 3.902242963141578855e-04 -3.609881868780659940e-03 -8.715677591262184498e-02 2.455193065328847846e-03 -5.145766616592942905e-02 4.882578938170603622e-02 2.536337784381236665e-02 4.602226488935720616e-02
-5.244969900471359303e-02 3.333280768471477001e-02 -1.159283950401046037e-01 7.240765729274649398e-02 2.136037280765457902e-01 8.484942650410005893e-02 1.752074876583031293e-01 -1.307990519479299701e-02 -1.056091294066284769e-01 -4.828201950706635659e-02 -1.347976971535918000e-01 -3.305115553608234391e-02 6.849257536616831787e-02 9.434369743242865258e-02
-1.530280653097212673e-01 1.181433878028217699e-01 1.139872245236620563e-01 9.766140943124612672e-02 -2.462916132524441970e-01 2.666921412611270581e-01 3.078748875205696844e-01 -1.832896941843551453e-01 -3.818307993827597113e-01 -1.255817171256427556e-01 -1.504129010537084143e-01 4.937841302628336315e-01 -9.760359679844221592e-02 1.789345854768406019e-01
-7.003693674397071245e-02 3.101243402720188502e-01 -8.258865530487585760e-02 -2.808365048965155708e-01 2.909508163972004957e-02 -6.234129784315554229e-02 2.395778413349732572e-01 1.632667243235334797e-01 1.726072963265179450e-01 -6.787099479443771399e-02 -1.686624671182986868e-01 -5.991670372306925896e-02 -7.555261374661768892e-02 1.921742694462045264e-01
1.540123303848349445e-01 -3.313553724218722130e-02 -2.040018635534422697e-02 -1.875954030122896354e-02 3.486101530666026876e-02 -4.652859370901176600e-02 1.062908453425163297e-01 -1.073158909260885918e-01 4.798578102829506586e-02 1.540935643489948215e-01 -1.188423701712737132e-02 -1.291987136473405628e-01 9.520797247939409569e-02 1.381056947966022991e-02
1.910773778349638963e-01 -1.743094304311401110e-01 8.260890225607792070e-02 6.732692942566653738e-02 9.450339847729602449e-02 -1.564598936043131161e-01 -4.708843501828211681e-02 -1.409069814232319882e-02 1.441589745877745743e-01 -9.185828204242990624e-02 6.367291295168907295e-03 4.881028063058798910e-02 2.822198724993579128e-02 5.977097665304392793e-02
-1.500800780100343679e-01 3.804958543364996004e-02 -1.875843108758414590e-01 3.166823435049197499e-01 1.105604897764454059e-01 -5.748043010610362491e-02 1.726679350093218157e-01 -1.962714023885966386e-01 2.184472737944852527e-01 -1.666889245828377941e-01 2.520678175666023202e-02 1.473258678232481911e-01 -5.872253750271513167e-02 2.692678553942544351e-02
-5.957224541665356865e-02 1.208562092340533661e-01 -7.479610873400706350e-02 1.869898680605003027e-01 3.517235397021147014e-02 -1.496698549417804225e-01 8.756544734002329189e-02 -2.341362488350549539e-02 -3.849355880794413237e-02 -3.742039162393907131e-02 -9.971772681725020460e-03 9.748674472272053637e-02 1.954322366193314842e-01 -9.112592368525851416e-02
-1.499878001050955478e-01 -2.897858735168610256e-01 3.214017496169097043e-01 3.673371858070691442e-01 -3.561903755051613052e-01 -3.978057175090803088e-02 3.619015407250401051e-01 -4.533307793017148368e-01 5.441280765300706562e-02 2.556035619949611343e-02 1.324407528677819246e-01 2.949178193808126291e-01 2.396318244982276746e-01 -2.694892573965764204e-01
3.841254050289771849e-02 -5.012414870168445391e-02 -6.686606733251662833e-03 -1.398468793666900883e-02 5.364155046392998782e-02 9.287209670563256747e-02 1.110756628174819627e-01 3.131815265347866889e-02 -8.399205473634041574e-03 4.264979449314242055e-02 1.433418023548129611e-02 5.496543778268941222e-02 -1.108668005675710611e-01 -1.016858706989672359e-02
-1.357187844292441214e-01 -3.394564579482125533e-01 -2.624705728300047447e-01 1.309340933110222094e-01 6.956148783379918488e-01 4.825708874339774967e-02 -1.171761525142855781e-01 -4.308162678705546034e-02 4.194996572655823597e-01 -3.114799188269427033e-01 -2.174824305835824367e-01 3.355189850989683809e-01 3.625405283224315822e-02 -1.734324978511041487e-04
1.205618063258162842e-01 1.334913854047698745e-01 -1.377446435001911940e-01 6.657869674638058899e-02 -6.037052391837263027e-02 -5.711040441889504715e-04 9.582149080429311350e-02 -1.003495676275897169e-01 -7.398850917184236764e-02 -4.382539896200794531e-04 8.339133031259873818e-02 7.395711494206089198e-02 1.878386807149856619e-02 1.991628881641399271e-02
1.389048161491271971e-01 -5.257626478671614811e-02 -7.460258166930733292e-02 4.007155999266515112e-03 8.770358670644987087e-02 1.534532967173783853e-02 1.267661854317228276e-01 1.382823452183801205e-02 -3.635523200959611678e-03 -8.799472789051543398e-02 3.613609136165473606e-02 3.067225330891534818e-02 -7.830656563002548476e-02 8.279138919883874403e-02
8.668549466658148628e-02 -2.593337722276838064e-02 -4.406070241062153697e-02 -6.998736934727427250e-02 -1.919685640090663670e-01 2.313751429405589977e-01 6.572614445391782023e-02 1.560844506672092735e-01 1.506557988658076275e-01 -4.532775551639771361e-02 4.448084652367116643e-03 -1.605596145239526762e-01 -9.713383661918989498e-02 1.790354825748556311e-01
1.145651359328462016e-01 -1.047749231750747384e-01 4.818235085673551465e-02 -9.392545750369489521e-02 4.757969800702579674e-03 -2.295112445237558821e-02 2.726231200155040391e-01 6.143905838179020834e-02 -1.060444128199294900e-01 -9.796814076591348758e-03 9.731984701665365514e-05 -5.303070414047469233e-02 1.410692659599035170e-01 -1.317140545433080970e-02
