5.367141295274854146e-02 3.807566071485293108e-02 5.425325399960131967e-02 6.682281756987035540e-03 1.146446157750141137e-01 4.111582104676446414e-02 4.826425945307909887e-02 1.177993786040071600e-01 -2.837127949740649718e-02 -2.738686375946718793e-03 5.607221738474942319e-01 1.109041669624157185e-02 5.387823124315495316e-02 1.184494565442472183e-02
-7.584153660680348699e-03 -1.008496668721791806e-01 1.201372119395141824e-01 5.588743153603714653e-02 1.142742547418906796e-01 9.234871848579977172e-02 1.064896443806745002e-01 1.081894209102908649e-01 3.074872193658252997e-02 -2.232905003247570921e-02 4.184786293623324327e-01 1.108455150793627442e-01 3.904071174793654481e-02 1.525509631593080853e-02
3.810046926599226086e-02 -3.800991835649701334e-01 1.953507121262310353e-01 -8.977521012524238009e-02 1.810596593068652116e-01 6.607413563452900485e-02 4.326366943677173449e-01 4.483507659823042502e-02 -3.215305542020632790e-02 5.251985017688635959e-02 4.625999489037239121e-01 -2.274775798475971722e-01 -5.388542979783085551e-02 3.911463982466882316e-01
8.177134624824931863e-02 -1.071956675367832235e-01 3.980262726578460697e-01 -1.380425998754375438e-03 -3.155970170219268289e-01 -8.997455895895234423e-03 1.770308420029809426e-01 -6.159198062296210308e-02 -4.034630750858997361e-02 2.324614247855081028e-01 4.372577303270955840e-01 2.000231892319492139e-02 2.997342989853361839e-02 2.395179756125201953e-01
6.982981147960635147e-03 2.946060417654294480e-02 -1.145736972517451685e-01 7.614496882665523769e-02 2.018930881310247449e-01 2.003590698524971569e-01 -1.472573273016541950e-01 2.036849414901796551e-01 -6.936589664629150276e-03 -1.471459619695588694e-01 6.007601993118392159e-01 1.577215728640235515e-02 1.918990935491104444e-01 -3.011104171360785842e-02
1.366901464986580994e-01 -2.224186083004385181e-02 1.040044652725795604e-01 -1.483697333894164194e-02 2.678744393871428445e-02 6.623732943181558086e-02 7.248963065754009116e-02 1.043174301511632374e-01 -3.096850153902802605e-02 -8.741933996526840556e-02 5.674348176063493954e-01 -1.655507350686071244e-01 1.563582258223908950e-01 1.676304072336949058e-01
-1.267636107141583146e-01 -2.530390029377099226e-01 6.342361011887838462e-02 -1.933052621062624488e-01 -1.105475290421265439e-01 4.320016884142774960e-01 1.443712532979729013e-01 3.766102269574032047e-01 1.217509331323581578e-01 1.384190212985072499e-01 5.919842826363619359e-01 3.125234406089427708e-01 -4.368698153476705537e-01 2.037324955424270334e-02
1.490726451246148776e-01 -2.967409977061315901e-02 1.910133266091873505e-01 1.112249791402903920e-01 -2.144351953087891838e-01 1.027047453098788726e-01 -1.092655118568260364e-01 -7.928088980896055848e-02 3.916046713723850270e-02 9.931162380468228079e-02 5.657996594400099832e-01 9.026608424631889227e-02 1.960775671349455906e-01 -3.104291533096094693e-02
4.420505466795246474e-02 8.662832400961503754e-02 -6.498653920094965564e-02 1.411502829369353992e-02 1.394157949079060099e-01 2.451426481540996787e-03 1.304714743915983410e-01 1.175520785913352767e-01 -6.087255791384095505e-02 5.111823003759283918e-02 5.818773406086399369e-01 -7.669095646738278982e-02 8.496564287539352944e-02 3.068214458792242055e-02
8.653856371227780508e-02 -2.529368031585578144e-02 -5.685999888405179892e-03 -2.117987330693555659e-01 1.203524921388248459e-01 2.329743157638026751e-01 1.000754345628715042e-01 -4.935069800633016396e-02 2.665886276197131921e-01 -1.906159775499949305e-02 5.013534883940019560e-01 1.864112091123941439e-02 7.369168983684692975e-02 -8.092538033614898874e-03
-1.209655461308533630e-01 7.697368431414303158e-02 2.658017840467149021e-02 2.818007905519644141e-02 3.530081596561778778e-01 -1.062038151904192394e-02 -5.507122080529124053e-02 1.167600282812592677e-01 -1.122134560598596342e-01 2.158380702959174779e-01 3.706656956183572715e-01 7.151547629822417596e-03 -1.207240974339981038e-01 3.053697445645158770e-01
-2.929636014319957349e-01 2.439191171401589586e-01 1.565979546880287010e-01 1.786996158716074590e-01 -4.515007244378360651e-02 -1.930956036959739219e-01 9.123762289311651563e-02 1.532275766826846075e-01 -2.537586542533120104e-01 5.756535505316744128e-02 9.026660602821628965e-01 2.812695016477183008e-01 1.784125124238470500e-02 -2.171236378049474225e-01
1.374471626158778326e-01 -3.850655798589036616e-02 -6.835533773718542594e-02 1.222815569094663213e-01 -1.114930847089965760e-01 5.146486067296727335e-02 3.890629422418474814e-02 1.441668469985547818e-01 -2.624617457709082502e-01 2.777617170862322071e-01 8.642898700907615250e-01 -1.379748794467189621e-01 2.008215090374352862e-01 -1.374157261147633258e-01
-1.732048153738846852e-01 2.801671794393173487e-02 1.707782336357699660e-01 1.118770238459126654e-01 8.909794335677306831e-02 -1.892836494891234622e-01 -1.543640848636410046e-01 5.312606400673913765e-01 1.260576781855693995e-01 -1.369376174213972619e-01 6.518109477536599972e-01 -4.605733415432029798e-02 2.948036027775163825e-02 4.240044210662380353e-02
-2.544246005741157557e-01 -1.150739777926536311e-01 2.389426543301372552e-01 2.752762329050063156e-02 1.104881677952027630e-01 2.745854243883023571e-01 9.637059697649183465e-02 1.606741077638421389e-01 -1.449418953509578611e-01 -1.090440007949385059e-01 6.299548399566834433e-01 3.132452564569896958e-01 -2.569444312672488628e-01 1.095727206927817193e-01
-1.067334933896513793e-01 8.646119309227631722e-02 1.904322394527364071e-01 -1.180140191900752866e-01 1.375306419213364051e-01 6.085178524430832903e-02 1.130379421937465212e-01 1.240177874833350846e-01 -4.830181380253333739e-02 3.254100182721701706e-02 5.995298373163371330e-01 9.574600171125538517e-02 -4.180930853376568779e-02 -4.435730945550615811e-02
6.709383630194416803e-03 -7.001269914669946970e-02 9.814664411132695276e-02 -3.388700074527065120e-02 2.127851421934423559e-01 1.389038858412686706e-01 8.071766736149686705e-02 9.390118802578033275e-02 -1.693235936982890044e-01 1.203192018368550234e-02 6.647969545185634654e-01 -6.986533571309180846e-02 -4.164142681419510938e-02 1.576697561228044275e-01
-3.588345662532657632e-01 3.512233959244907000e-01 -5.226119318274805026e-02 2.810794181739257880e-01 -2.206101995266424032e-01 -2.656283244915499386e-01 2.232537980409235456e-01 4.169750159964820124e-01 -4.079813540906968017e-01 3.358691643937284921e-01 8.339020947271799100e-01 -1.337600699263848392e-01 4.117075558148919345e-02 3.653455050408511984e-02
2.467784203665617515e-01 -2.884085834357647538e-01 5.104062001947951704e-02 -1.048404072533092174e-01 1.200588268678094428e-01 5.797762280660992418e-02 -6.694138798951519698e-02 2.631232314017489804e-01 6.873706810350471708e-02 -1.530740797783120173e-02 8.145691210839873797e-01 -5.813770347486109380e-02 4.746496852150312168e-02 -5.518190316890642100e-02
-1.475628715115868128e-01 2.019375604232701293e-01 3.087845322186479891e-01 -2.746409848069962800e-01 -2.958017627530670213e-01 -1.367147652212050146e-02 3.540561550117260481e-01 3.717574730163820118e-01 -7.385108180798150013e-02 3.547688448179581178e-02 3.819174657632605774e-01 -2.700818608243111818e-01 1.416507306805228905e-01 3.609617225014747355e-01
-6.967574699312001352e-03 -1.657948645800127185e-01 -3.832740764343517403e-02 1.076196889004765594e-01 2.840643323380003318e-02 1.371371636431087948e-01 3.533853000928099952e-02 5.759020799203146135e-02 2.549323461604862118e-01 1.621673616885074276e-01 5.882557021065716318e-01 -1.236520629051067188e-01 -7.805960281006099621e-02 1.222865647746814444e-01
4.500578755547210430e-02 3.531666272276851037e-02 1.689018199464569214e-01 -1.304919418503793227e-01 1.293184038521945911e-01 1.777614824580390010e-02 8.374597125227103978e-02 8.665119573477431114e-02 -1.930540607875650544e-02 -1.685560338841186889e-01 6.790412515306972763e-01 7.135525839485722110e-02 1.372321850167506074e-01 -5.505881656777508737e-02
-1.225552739901859117e-02 -4.259618354695120929e-02 -4.154720187072369342e-02 -9.347622161433206955e-02 1.134965424515227417e-01 3.185512909116878233e-01 -1.287309087146916442e-02 2.642217863070895345e-01 7.704902163181248653e-02 -3.677020599416827573e-01 8.798234678487858451e-01 -1.535501523448309091e-01 1.690339665991718587e-01 -1.724315229004470124e-02
-8.514344625047144677e-02 9.178042202245159653e-02 -1.282414411609617277e-01 -2.162911302908046562e-02 -1.459705862071043192e-01 4.820479069146224038e-01 2.214274557398045185e-02 2.904088034234400539e-01 2.832795500319656989e-01 -2.318790977564817168e-01 2.837191539657058503e-01 1.903943489213747176e-01 -5.635362976452877593e-02 1.063768691861047139e-01
2.703563196658526416e-02 -1.108924343480190318e-02 1.203642241463890455e-01 -4.920321010733497147e-02 1.475534056645709802e-01 9.118336862357043215e-02 2.246232676930036073e-02 2.091901721956379578e-01 -5.095608577372277848e-02 -1.640646287216849381e-02 5.660216555336635702e-01 -9.767781598092337494e-03 6.827216156437043541e-03 2.771726860098301659e-02
1.099876240469591787e-01 -5.672524290004581082e-02 2.146633991169608763e-02 8.879773156416911895e-02 -9.422808932254892605e-03 1.145914167135431289e-01 6.198064750205026230e-02 4.841643362498515568e-02 -7.976620270131006343e-03 1.110188070842868802e-01 3.865670901790020930e-01 8.282872173134205041e-02 9.938608815129969243e-02 3.001625746411504259e-02
8.537653384155784175e-02 6.099355835432264394e-02 -5.138997217797826311e-02 -8.150278956338971592e-02 -1.482959472636636092e-02 3.810742284070804398e-01 -8.500390080805764192e-02 8.468596925269203379e-02 -1.948493390157775562e-01 2.453518183849733719e-02 7.253374536582306575e-01 5.441924534866725977e-02 2.444949077998495313e-01 -1.524089963383112034e-01
6.006495435615893941e-02 6.882032526983980492e-02 2.465374321616480013e-02 -7.284625273403194656e-02 1.421918933102526150e-01 1.444522424114835224e-01 7.133020343342157121e-02 4.294731020283642370e-02 -8.824043017836208369e-02 -7.299724505124996141e-03 5.867355869446272409e-01 -2.690705652359894756e-02 8.148505020869849236e-02 5.354464045865170441e-02
-6.151578727704436200e-02 1.021700972730475859e-01 3.100298304609234307e-02 -8.083314096175590879e-02 9.211186857057440669e-02 2.088047250973561475e-01 4.680432702133752176e-02 1.611589158946658343e-02 1.139700682299749773e-01 -1.120402844491806410e-01 6.906487210590883663e-01 -2.091487178727084034e-02 -5.704988180064780867e-02 1.116577702599785560e-01
5.036401614619027967e-02 1.201831275788323439e-01 -5.043638142789070855e-01 6.044137032137977261e-01 -4.615670831160625931e-01 -1.379277350871229435e-01 -1.910036757389315387e-01 5.065824790606131556e-01 -1.701506167643422884e-01 3.894977387158254922e-01 7.834235697752652827e-01 1.552415724225774951e-01 3.205929936117356549e-01 -3.843537896684536270e-01
1.275248403941552089e-02 -6.883460558165022114e-02 -3.038074625218303293e-01 6.265400878686808173e-02 1.022527318229371068e-01 -1.758299247856737746e-01 1.632786782782066071e-01 3.498158642856139533e-01 3.486775304188537428e-01 2.196152990289288454e-01 3.941423957239702514e-01 -2.314580440123047977e-01 5.654791189577149796e-02 1.511256184919105849e-01
8.334648306476030721e-02 6.270844023271017476e-02 1.219184318244852794e-01 -2.012194571829641065e-02 -2.759683431578390661e-02 -1.427136531684801424e-02 1.640646283325974952e-01 -5.715788132520271958e-03 1.778040271899871960e-01 -2.305137806391000521e-01 5.183307169443653883e-01 2.438518736324297720e-01 -8.114968219182468190e-02 8.827728096405443314e-02
4.183767151449366978e-02 -2.382583179389002534e-02 2.212600122848032702e-01 -1.967513726370577476e-01 -9.909595330975233540e-03 -1.597308462561248393e-02 1.452255973141654555e-01 2.998968033216302675e-01 -3.580306944426084326e-01 1.116291443090586533e-01 8.396909815131016197e-01 -7.610068308264404668e-03 1.756578603223588331e-01 -1.421649375701863616e-01
-2.201628746145728108e-02 7.813897035891360920e-02 9.808437947736448059e-02 -1.060497151686309592e-01 7.889623906432802203e-02 1.992434515690411634e-01 1.227674710817404022e-02 8.585662363052520840e-02 -3.475484018839695988e-02 -2.229917056783124740e-02 6.348970628956287499e-01 -1.280330161888853548e-03 7.934009744332598535e-02 5.992578719211591465e-04
-8.544576766162507997e-02 3.181735327091567839e-02 -1.122595936372939446e-02 6.360752002641920089e-02 1.790306580956369242e-01 6.934597763254797542e-02 -1.124077660826182934e-01 1.656712635849408866e-01 9.249091182717328330e-02 -1.696723304136252969e-02 6.578475460611017400e-01 -1.153300380536908532e-01 1.092671790384142916e-01 5.323084053689308703e-02
-1.963225112623508684e-01 1.083657128569137564e-03 1.281088854644566455e-01 2.608760801419645614e-01 -9.706314927261838754e-02 -1.221849569685956038e-01 1.168502669165079610e-01 -8.964097681057961453e-02 2.846779242075011540e-01 1.253285000693447615e-01 8.770630117528084302e-01 -1.970023969207336245e-01 1.301484991370658317e-01 -1.409903477123234938e-01
4.179950234311598234e-02 -5.324076539380799555e-02 8.078569905472579582e-02 4.627755791144072886e-03 8.355454696246647495e-02 7.843098771038033157e-02 -3.918127504522070370e-02 2.303333377521228353e-01 7.991154558731591862e-02 2.137892730143108044e-02 5.362230922729569471e-01 -2.939440525616106303e-02 4.958556120333174749e-02 -3.882024412784461972e-03
-4.092995247653484492e-02 -7.874172365108370042e-02 1.189142161738461767e-01 1.129295853236334524e-01 1.028176695372368943e-01 9.406538317134637006e-03 1.217768479014944977e-01 4.118719861232272156e-02 2.151807677670735108e-01 -1.626140023257969247e-01 6.246973730574002515e-01 -4.798654699470692592e-02 6.640177487778183008e-02 -2.107260248784812752e-03
-1.354376212292411896e-01 -1.187203478914416847e-02 -2.361164286387150077e-02 2.045240693789221187e-01 3.302467434145058278e-01 5.325424591241286615e-02 4.030631889367457948e-02 -2.280496055309782222e-01 1.718064145158507139e-01 -7.003455401609889885e-02 6.090023004095164172e-01 -4.501877617139514454e-02 9.841805685156604366e-02 8.739857109529763912e-02
-3.281440349892869035e-01 2.284364970451862598e-01 -2.422460523454188497e-01 2.009503351256862191e-01 -4.686486111747302508e-02 9.078716673951296376e-03 -2.217767518095592472e-02 4.897129554594701339e-01 -2.776756547391188157e-01 2.752262331239835880e-01 1.136430880102943908e+00 -4.581359602713541701e-01 2.216948182655803790e-01 -1.053537112821770483e-01
-3.889208154752613056e-02 1.091726072182870599e-01 1.447235207645740374e-01 -4.978400985612253110e-02 -3.606809761900355016e-02 9.657530724530215271e-02 -2.422084921691545698e-03 1.212347282482990757e-01 4.293009199902904360e-02 1.363116980609198059e-01 5.770753904437070370e-01 -1.096926347161496229e-01 5.881674436565405978e-02 3.095130618573786740e-02
2.721386003301185658e-02 -1.913958702889009822e-02 1.391490374439057209e-01 3.073152065885748421e-02 -3.497611568537682680e-02 6.045761823652376354e-02 3.849421577341972239e-02 1.420639552505529313e-01 -2.260081463553049730e-01 1.073752526725417350e-01 7.494460466492035566e-01 -1.135917451218944607e-01 1.414601373270125140e-01 3.825643601745402911e-02
-3.722885944176329565e-02 7.544481302840835846e-02 -3.560240095024596457e-02 -1.230967151779605723e-02 1.441202526261237127e-01 1.221676578769551602e-01 -3.274062050713581751e-02 1.980000974271159675e-01 -8.081576918477283850e-03 -2.370452334964111979e-02 5.966695802454823339e-01 1.755170182698205239e-01 2.058587896644334045e-03 -8.337786881447395437e-02
-1.954684239191872841e-01 3.096330716417482476e-01 -1.075311746305309818e-01 -2.740151544233554448e-01 1.168326803904335964e-01 1.862529420869868946e-01 2.860141006519260065e-01 1.344965543265965735e-01 -2.579070252610063396e-02 7.443931359157321404e-02 7.977413902733508921e-01 -1.935317423704770445e-01 1.139703808258885481e-01 -1.421107500478357988e-01
-6.556952190987098972e-02 2.638042008826162188e-02 1.871346711114948436e-01 -1.286528270991171563e-01 -6.516269846429910417e-02 1.075765957672882300e-01 1.924210964494637022e-01 3.817694442444740655e-01 2.946622379197100586e-02 -1.409196298918533874e-01 4.675911526869090951e-01 -2.051522422307266447e-01 2.221961385205428186e-01 7.185366280647891013e-02
3.466124168276053796e-02 6.056047722936391819e-02 -6.668441955815390156e-03 5.523300979865704979e-02 -9.476920612029235413e-02 1.242655348871288951e-01 1.319282902664614676e-01 2.480262762763559559e-01 -1.214197645286221594e-01 1.079917676036632329e-01 4.904823430518492899e-01 -4.522091668351218424e-02 1.579194084828038427e-02 8.006993351473826181e-02
-1.680596120334668098e-01 -1.132998431864306044e-01 1.119810850990664991e-01 -1.816654291160310630e-02 7.331075100098088937e-03 1.683965044373169628e-01 3.320738793394520938e-01 5.134043764523021913e-01 -1.555874252613156372e-01 -5.889987762839897500e-02 5.451402952910446853e-01 -2.342415906695483052e-01 2.782194128302274416e-01 -1.273592509877276013e-01
3.987619086104066124e-04 -4.156751054135802981e-02 1.674743735876502715e-01 5.179233838098799836e-02 -1.231650566397540780e-03 6.292638730532189306e-02 1.728281562956454631e-02 5.009850284588278357e-02 1.088029298066855582e-01 5.941391454349917445e-02 4.185095256117071782e-01 8.797398792666079326e-02 1.206498770259846753e-01 -2.159176759378265975e-02
-2.077035529118188145e-03 -8.810968519362788465e-02 1.475350564486403449e-01 -1.297636838959273231e-01 9.807527170881066847e-02 2.358422963700420871e-01 -3.820856261936591419e-03 2.034171551979324366e-01 -6.732063748530148217e-02 8.322294392172267796e-02 5.910045789483350243e-01 1.979594922289575759e-02 6.959545958145052502e-02 -7.646432716290116338e-02
7.693749494422792712e-02 3.122848116544268277e-02 -1.888281199269207788e-01 3.239434622109352985e-02 7.984276741386936438e-02 1.886273905315085375e-01 8.206317727828538189e-04 1.439321712259720165e-01 3.096834739545950566e-02 -2.710723302756523623e-01 7.115762782654571073e-01 2.326839149393014339e-01 9.675426701410343860e-03 2.145685497064866304e-03
