2.979311341483284536e+01
2.398697257193627408e+01
2.565618823722070019e+01
2.081512260884608168e+01
2.728206966742011019e+01
2.979311858868170404e+01
2.979379041419080565e+01
2.626637169567468533e+01
2.415932521672716504e+01
1.826666748211008340e+01
2.979206166739882633e+01
2.979364466296331315e+01
2.979315119593865901e+01
2.979240356566435111e+01
2.979306223659028419e+01
2.979369960921940219e+01
2.163188272232521214e+01
2.869994562019178375e+01
2.076547691918656469e+01
2.979263279709444134e+01
2.488611700392536719e+01
2.527258584059143232e+01
2.314226174069964159e+01
2.467595859634338140e+01
2.583158364068329860e+01
2.328853581744659351e+01
2.979325905412448705e+01
2.979307856883187000e+01
2.979276000213061693e+01
2.979351838654698881e+01
2.579449794432341747e+01
2.979321017351669099e+01
2.979245824775870588e+01
2.979264003727605115e+01
2.739416763074103756e+01
2.979251156372809817e+01
2.979336586951644961e+01
2.157430158327506931e+01
2.979297390393805500e+01
2.979362907823653117e+01
2.979386077354095264e+01
2.979328640878636847e+01
2.572070243424961333e+01
2.979276683559285388e+01
2.675807827001796824e+01
2.742738293080584810e+01
2.979288610131217041e+01
2.979346678270791671e+01
2.324208452402934810e+01
2.979109845471804263e+01
