-1.012642165542936468e+01 -1.111862670771221673e+01 -8.037310635858602836e+00 -6.912125106226202575e+00 -5.993897365772586916e+00 -4.935567261408340123e+00 -4.075722226129477654e+00 -2.993162309099574703e+00 -1.960921137002508141e+00 -9.493639339324912996e-01 -3.436961130988820390e-01 1.050666518927660942e+00 -2.520633454684400032e-01 3.045737340575484620e+00 4.032583692548335819e+00 2.401446673744174198e+00 5.724145969686171398e+00 6.546261010848891893e+00 7.615484392839142025e+00 8.416454072853936097e+00 9.598767686008384814e+00 8.488283635393665705e+00
-1.318793778661506089e+01 -8.494931868296967892e+00 -4.021471023894247487e+00 -3.488516758666353468e+00 -3.499667014849986657e+00 -2.055617911797326336e+00 -2.877244057626453522e-01 -6.098685100092529066e-01 -4.731712610619192017e-01 -1.343714289449888355e+00 -1.177058980170974101e+00 1.286688517107797525e+00 2.393172100556274717e+00 1.824258607277029265e+00 -7.928291559410727274e-01 3.509364155981251621e+00 3.274714974163559056e+00 6.802279034360345200e+00 3.097782846468337681e-01 4.870553549459424758e+00 6.026924022846090523e+00 8.355728916404256523e+00
-1.053587561439380238e+01 -9.535092916000968088e+00 -8.535352598537093272e+00 -7.535887088287976709e+00 -6.532873581756229342e+00 -5.534272428263312449e+00 -4.532545741308799947e+00 -3.535493548620832982e+00 -2.536089118231409145e+00 -1.536243047226543368e+00 -5.356794108043931857e-01 4.641928117383677943e-01 1.467433307658550845e+00 2.463827763091440914e+00 3.463024232875220321e+00 4.463127468119974850e+00 5.463048491965649234e+00 6.464249465953226803e+00 7.463125650178316306e+00 8.463938597928400753e+00 9.463695217262619863e+00 1.046669528294694196e+01
-1.094393754328570978e+01 -8.421822151918393118e+00 -5.464867773188764488e+00 -5.485973332066286012e+00 -4.683354550676206429e+00 -2.367860558074125432e+00 -2.433306621620687338e+00 -1.743969658802530631e+00 -2.548537947262878411e+00 3.081709411010838950e-01 7.654200588496631319e-01 -2.786400799184081123e-01 3.720793463046596639e-01 2.628600547757923955e+00 3.528598882278634719e+00 4.858650036507223824e-01 7.671246382135463726e-01 6.702833497932250140e+00 7.326285084670079328e+00 8.173721963965681070e+00 7.955310903220963681e+00 4.579212545155922243e+00
-3.476929272582981234e+00 -8.967113509972863383e+00 -5.411982965311294080e+00 -1.179422113646580250e+01 -9.152523873392501841e-01 7.926997473599510791e-01 -1.749678863742905044e+00 -8.643427805483443471e-01 -1.252927023295657527e+00 4.234839838918394994e-01 1.212102900833956109e+00 2.546528427141470097e+00 3.137347645640164995e-01 3.252545921456846401e+00 -2.664262473482668092e-01 1.619816424932629229e+00 5.224180130751090445e+00 2.930288924477597146e+00 6.911148127258961438e+00 1.492655371658413443e-01 2.333848022513406839e+00 6.210184470546916913e+00
-1.053564116358762703e+01 -9.536238610744479871e+00 -8.535939686000348914e+00 -7.533284313976793101e+00 -6.535996720194816589e+00 -5.532278560102000142e+00 -4.536223530769355250e+00 -3.536590568721317496e+00 -2.535751514136791229e+00 -1.536191359162334180e+00 -5.331741720438163412e-01 4.672864601015884745e-01 1.463697768747790562e+00 2.464663714170438169e+00 3.464294247329222642e+00 4.463494874536976909e+00 5.464191630482655881e+00 6.464058391749842869e+00 7.463779829442488634e+00 8.463513381779179667e+00 9.465860508382302640e+00 1.046342258900402200e+01
-1.053648917952730812e+01 -9.535595020448621284e+00 -8.535209087824295437e+00 -7.533672360872705198e+00 -6.535710511898452424e+00 -5.535491256212656808e+00 -4.535730531608512806e+00 -3.536199389194921494e+00 -2.536198577081615113e+00 -1.536443172192042184e+00 -5.359379185194494966e-01 4.659928025846937771e-01 1.465793939137981283e+00 2.463857041502521383e+00 3.464018182659671652e+00 4.464158052409215927e+00 5.466364161873386252e+00 6.464691722596214163e+00 7.464009636843730533e+00 8.464890749955699789e+00 9.465716177428291189e+00 1.046413773467593344e+01
-1.079567401051833464e+01 -9.670607766455797005e+00 -6.485038244190683088e+00 -7.936114693205071902e+00 -6.692910505173097491e+00 -5.484540226502478966e+00 -4.851848425689508915e+00 -1.424367993469032756e+00 -2.939024608293309360e+00 -1.904243332215457496e+00 -9.886123270636654192e-01 3.386034785873755504e-01 3.180570850282304018e+00 2.280046732754533512e+00 5.046216656550416957e+00 4.015694294450401713e+00 4.970768309552578756e+00 6.140909158634635823e+00 6.574678931855058472e+00 7.693633261923078059e+00 8.610741711497576389e+00 9.542071942975633547e+00
-1.053484084931285025e+01 -9.535500732335165708e+00 -8.535221059891302531e+00 -7.535201375457381445e+00 -6.535432447763986019e+00 -5.535490718754841666e+00 -4.535516840490407375e+00 -3.535016019913284069e+00 -2.535649632188391678e+00 -1.535377007993774967e+00 -5.352331596341972642e-01 4.644443047317583506e-01 1.464448894289407832e+00 2.464591744271190876e+00 3.464683498171247322e+00 4.464731651273639912e+00 5.464767540720375294e+00 6.464410285380756349e+00 7.464177693155686910e+00 8.464355359700597603e+00 9.464157166806138832e+00 1.046466490152207385e+01
-1.200507326045614498e+01 -9.370722435202702982e+00 -4.379313566109674483e+00 -7.205584094944011753e+00 -7.163237627654643447e+00 -1.194402165181569497e+00 -1.600690761899650205e-01 -4.354518237662610147e+00 -4.034661139890392434e+00 2.520531768257324501e+00 2.603552265906278862e+00 -1.019804716566469427e+00 5.522440235190106961e-01 1.201455585260886361e+00 2.210037411034623034e+00 3.506409768477543487e+00 3.879690469619372806e+00 5.348638376709997644e+00 5.889038114025140658e+00 6.696140622659295438e+00 7.212126526844432561e+00 8.488474583831422393e+00
-1.053469927608966117e+01 -9.535900481045233690e+00 -8.536194704473004435e+00 -7.535176940262331868e+00 -6.535003140568724334e+00 -5.534564085304729986e+00 -4.535263679921627045e+00 -3.535178981721404767e+00 -2.534700490534294914e+00 -1.535369411110867333e+00 -5.358019471168518066e-01 4.651229754090291379e-01 1.464116148650642657e+00 2.464771203696720647e+00 3.463837780058378613e+00 4.464198052883146417e+00 5.464130334556100976e+00 6.465023122727865612e+00 7.463957242667678571e+00 8.464800998568531298e+00 9.463942326605314648e+00 1.046490614861249568e+01
-1.337035459144012783e+01 -7.316865546799821374e+00 -4.911468463003116014e+00 -5.786310063497253076e+00 -3.386387513759375079e+00 -2.463636057366960674e+00 -2.384263410799278837e+00 -2.560037455446122046e+00 -2.528303474447593402e+00 -1.067151748552898960e+00 2.048278814036433637e+00 7.403341873716926536e-01 1.520246190113808904e+00 3.038837658216833049e+00 3.966795078317080225e-01 6.845689661109590762e-01 2.184851941325876012e+00 5.268981573173650901e+00 4.601677491093364658e+00 6.742854709939864577e+00 9.095060131885357890e+00 8.673360350300143295e+00
-5.890485644050469816e+00 -8.593925350887374748e-01 -7.859330405449106216e+00 -7.537577620114292110e+00 -4.881845422993012384e+00 2.316276163956870526e+00 -4.598812449141915337e+00 3.173124947164974952e+00 -2.992224588483151315e+00 -1.474217229299914500e-01 -1.169710143951578685e+00 -2.160836669998325021e+00 5.046844281043493474e+00 2.458344902497617834e+00 1.631098300533807999e+00 -1.224146815090433549e+00 1.610063752785283686e+00 3.921516649464823256e+00 4.248664600955029513e+00 3.270076628017235532e+00 6.643552326339552394e+00 4.223174660819481119e+00
-1.053526644103904175e+01 -9.535303336314166600e+00 -8.534885418347320396e+00 -7.536323782733903798e+00 -6.535538044504127342e+00 -5.534953665665605982e+00 -4.536074858836153467e+00 -3.533838298849094173e+00 -2.535288673571542972e+00 -1.535394568673583038e+00 -5.357310145416036562e-01 4.643967554650529905e-01 1.464461568065665631e+00 2.464861947365777795e+00 3.463512095876717822e+00 4.464098903604533319e+00 5.463979157873177783e+00 6.466300579973243146e+00 7.464409041472460871e+00 8.464189875193619983e+00 9.465204286643045251e+00 1.046413708783008722e+01
-9.290706618876550138e+00 -6.678625360653635212e+00 -5.197368624623508460e+00 -8.303430987940114250e+00 -8.489446658729530526e+00 6.221942474994182071e-01 -5.603568829473728918e+00 -4.557084238004632581e+00 -1.553126208452311641e+00 -2.274975658058558725e+00 1.375158190923857937e+00 -3.128578699897681670e-01 -3.168340956617082815e-01 1.025041331616224571e+00 2.252690942681164099e+00 5.936861226640981926e+00 7.375614106574353457e+00 4.288746151015517150e+00 5.404510644331968372e+00 5.825362541161666741e+00 1.007506364171253566e+01 7.617735322593526703e+00
-1.338975819478294760e+01 -9.689593147938483142e+00 -5.601269329820621756e+00 -2.096217546714029378e+00 -6.388294815121339454e+00 -3.378088104269419301e+00 -2.067828218207750979e+00 1.455426941290425269e+00 -4.355709037367396341e+00 -3.122194072022819178e-01 -1.812279621320328715e+00 2.165725015924142571e+00 3.367110376386393877e+00 1.524757633213871921e+00 3.764761320669270273e+00 2.325567679494914053e+00 2.785195889437285022e+00 5.110598545703007645e+00 4.030212663481043123e+00 6.978670777085175025e+00 7.608899388244240392e+00 7.195284388101997664e+00
-1.202170871187068180e+01 -7.468443713830241748e+00 -6.643036639593497661e+00 -5.250636758348967703e+00 -4.838990789234484780e+00 -1.664015555839768901e+00 -3.403894217150285506e+00 -1.533840966969358011e+00 6.067201152754011506e-01 5.676143481993085604e-01 8.099989583857434283e-01 -9.058200171654468003e-02 -4.682959985899245225e+00 1.889891065018613592e+00 2.870240770255874985e+00 1.820101843473254544e+00 2.839115961723497783e+00 6.619865895761470220e+00 6.559101970512618784e+00 9.832888817792341030e+00 6.467945279246908541e+00 5.935577511095194936e+00
-1.236914094845522349e+01 -8.936072834828852507e+00 -8.114234890872261019e+00 -6.781432818972073839e+00 -5.915872034534973345e+00 -4.813414272813538730e+00 -4.034714231938961504e+00 -2.963898552136375208e+00 -1.906274292872804699e+00 -1.160312265630958573e+00 -7.024109729989552742e-02 9.519250144164724814e-01 1.915936311459656372e+00 2.855869993960970188e+00 3.789759945500168037e+00 2.247501987544869628e+00 5.701796979154629241e+00 4.448044374334937601e+00 5.084466420917213014e+00 8.932128613815519813e+00 9.681971709226843359e+00 1.067716008631179569e+01
-1.017690354860716084e+01 -5.896707064563054601e+00 -7.849504844266366632e+00 -3.496841141134390263e+00 -1.875625930973153110e+00 -5.238627454423049556e+00 -5.570056130944587736e+00 -3.987268185069367643e+00 -3.104611881759788972e+00 -1.687453365255335624e+00 -6.738719060031591601e-01 3.741943700963382469e+00 6.119237771272804105e-01 1.130206428549525910e+00 3.690076677744380529e-01 2.877807427389947215e+00 3.624407288072218236e+00 9.910513122242125661e+00 4.966624948199480194e+00 7.764141081849050607e+00 6.446398225671956972e+00 7.335450981447179331e+00
-1.053660720722238153e+01 -9.537045241756864300e+00 -8.537392498417325726e+00 -7.537653745575392250e+00 -6.526180030270042565e+00 -5.536875308914618543e+00 -4.537321360273802284e+00 -3.537632854147400252e+00 -2.525811762972285379e+00 -1.537457497282447960e+00 -5.377206815914643556e-01 4.622168527408110350e-01 1.462535350160171888e+00 2.462161152200268432e+00 3.462492583827541992e+00 4.473665683106942126e+00 5.473920999602844617e+00 6.462419180707502875e+00 7.462323753671222804e+00 8.462035267190501031e+00 9.462706057862799724e+00 1.046217450364069634e+01
-1.239367204271630207e+01 -9.046375072579724730e+00 -7.609822253316266050e+00 -6.820554019081738417e+00 -5.311657953590943393e+00 -4.867546876627840469e+00 -4.024751706647423433e+00 -2.658551607913016479e+00 -1.781648700134691676e+00 -9.531214884860541581e-01 -2.923362344110974620e-01 8.795340526163047956e-01 2.022951262313422927e+00 2.538752170835483657e+00 3.848547279272301669e+00 2.128387831020213117e+00 5.764869415661956431e+00 4.240443066252653992e+00 5.271401987897462504e+00 8.584060821174078981e+00 9.252073285911874834e+00 1.044996997883651169e+01
-1.053590789606626998e+01 -9.534816020930350078e+00 -8.535043934190815307e+00 -7.535501660609808638e+00 -6.535947443748050034e+00 -5.535036952996788884e+00 -4.534412303770123387e+00 -3.534915359521470180e+00 -2.535296128893429923e+00 -1.534927660430016161e+00 -5.356414558535327330e-01 4.647103158587739813e-01 1.464963747357778345e+00 2.464692427014757214e+00 3.464375866746353338e+00 4.464043041860509931e+00 5.464331386780193256e+00 6.464152423834255146e+00 7.464038802480153834e+00 8.463780207728790472e+00 9.464198833500793384e+00 1.046511296013539116e+01
-8.918916555508463517e+00 -1.920490502114929665e+00 -8.303201749886886418e+00 -7.472727070833575347e+00 -7.336678735321113365e+00 -5.844603992837980933e+00 -4.656956032358682940e+00 3.690237124122257129e+00 -2.338497303669525795e+00 5.120586827195925395e+00 -1.306628511323947528e+00 5.877870828529660474e-02 2.995657144249205928e+00 2.320614127050357300e+00 3.024865936675191325e+00 1.112300370341560818e+00 1.000343934986672512e+00 3.753657618927632278e+00 6.481695720018699980e+00 5.620932494779896871e+00 7.373373385262217639e+00 4.766610258247343523e+00
-1.053555763038722404e+01 -9.535698654976750177e+00 -8.535840074447069270e+00 -7.534449706700733884e+00 -6.534665594724083704e+00 -5.535578410056501752e+00 -4.535914095965296156e+00 -3.534802573648370583e+00 -2.535561430183316034e+00 -1.534968423572451002e+00 -5.357243743809814163e-01 4.643760147419797590e-01 1.464371305975040727e+00 2.464278970929697721e+00 3.464418110522348826e+00 4.465113234790885954e+00 5.464633991095150023e+00 6.464325201782308739e+00 7.464397591623390227e+00 8.465115909549318474e+00 9.464459088715635460e+00 1.046422474560412041e+01
-1.421019616039725264e+01 -6.630074719830648888e+00 -5.642152485404183793e+00 -3.601836939844874408e+00 -3.831320974416994041e+00 -2.143572460456746764e+00 -3.715382689283297957e+00 -5.814465081907389532e-01 -3.632570456650385804e-01 7.990008033017691469e-01 1.004705527380175267e+00 2.237922123089797655e+00 7.175605345529202372e-01 3.803672346455894804e+00 -2.285734838010221370e+00 4.728563521891159915e+00 4.917486189121333062e+00 7.591390262007331025e+00 4.023366837001624674e+00 1.956890364026417473e+00 4.829953968956340660e+00 5.615415540002400618e+00
-1.053320131620218092e+01 -9.535816410387095488e+00 -8.536426598036822355e+00 -7.534703666174962677e+00 -6.535674961114464665e+00 -5.536283740604467596e+00 -4.535852672362857163e+00 -3.536021681333123112e+00 -2.535779209638162612e+00 -1.536382684314769875e+00 -5.357836650853755600e-01 4.649101776832953448e-01 1.465678310191101730e+00 2.464002458548010921e+00 3.464719502424660647e+00 4.466723067855300044e+00 5.465735240077441048e+00 6.464276982640686953e+00 7.463585360145041037e+00 8.463660320436417805e+00 9.464099107479512440e+00 1.046548927406019303e+01
-1.053376395221467021e+01 -9.535720564086334505e+00 -8.535825185139078286e+00 -7.535807750780501024e+00 -6.534238807518375936e+00 -5.535111382264995328e+00 -4.536230437118904391e+00 -3.534612998027720110e+00 -2.535552464086901381e+00 -1.535074777562519088e+00 -5.352695059370056185e-01 4.648694622922882047e-01 1.464634605090715525e+00 2.464662164788336440e+00 3.464465298097229251e+00 4.464049235324957010e+00 5.464210361580942532e+00 6.464108296077347049e+00 7.463911958377460465e+00 8.464130781929585012e+00 9.464410551230999502e+00 1.046470830623397674e+01
-1.053474839133302510e+01 -9.535321780565107375e+00 -8.535216667774047750e+00 -7.535000653090826006e+00 -6.535189853134475868e+00 -5.535556973042815798e+00 -4.534669400277479667e+00 -3.535618812861786253e+00 -2.535537348213528830e+00 -1.535913528027872843e+00 -5.355955894020656416e-01 4.642039825292965105e-01 1.464312813160079330e+00 2.464511847970142000e+00 3.464494108137744277e+00 4.464500754055636733e+00 5.464504755017419058e+00 6.464754088697088008e+00 7.464111625132218819e+00 8.464314072308196657e+00 9.464727855202808016e+00 1.046488629179920693e+01
-1.053536237065078041e+01 -9.534840286116692099e+00 -8.535650894384479770e+00 -7.534755587916482256e+00 -6.535442009906855532e+00 -5.535260804336157747e+00 -4.535234392027962969e+00 -3.535169549625022611e+00 -2.535756007175525184e+00 -1.535592042248339339e+00 -5.347057882357617586e-01 4.643096622418401154e-01 1.464387870986369578e+00 2.464937187392614248e+00 3.464142270047572580e+00 4.464199974794292203e+00 5.464298568327336625e+00 6.464835486967468015e+00 7.464640356261634579e+00 8.464348375458627061e+00 9.464605025608449296e+00 1.046401815082540487e+01
-1.053541348434304581e+01 -9.535325597294342259e+00 -8.535165797241695884e+00 -7.535372103818454903e+00 -6.535031083293922904e+00 -5.534561108120458428e+00 -4.535697187551031462e+00 -3.535447555848142187e+00 -2.535680073567394999e+00 -1.535162310369974747e+00 -5.351325974545666497e-01 4.646353616633227546e-01 1.464466673068027802e+00 2.464562569490889032e+00 3.464413721791721912e+00 4.464130957356909235e+00 5.464749467305164643e+00 6.464591917327860315e+00 7.464312051168898066e+00 8.464400802484970399e+00 9.464298289946533771e+00 1.046438028358600647e+01
-1.053527016260404281e+01 -9.535063110969268507e+00 -8.535576940260140688e+00 -7.535590999505744847e+00 -6.535505861721233600e+00 -5.535408311269501169e+00 -4.535077408633449991e+00 -3.535557158968670066e+00 -2.535040051422321028e+00 -1.535587639293881423e+00 -5.354575894095674471e-01 4.642286368391754792e-01 1.465396485545419125e+00 2.464366338469760720e+00 3.464183531024241702e+00 4.464938140728261118e+00 5.464576280929824392e+00 6.464441321112889938e+00 7.464987463571812754e+00 8.464099302210593478e+00 9.464228763499045627e+00 1.046464216641405010e+01
-1.053442813218989471e+01 -9.535093491388977327e+00 -8.535493520511804988e+00 -7.534878259016714708e+00 -6.535506961359201838e+00 -5.535655481232822694e+00 -4.535579693926990785e+00 -3.534863916649053195e+00 -2.535436441613844849e+00 -1.535678399218742385e+00 -5.358961573378540066e-01 4.650417590005879731e-01 1.464537906037143955e+00 2.464745449410250089e+00 3.464111837135126493e+00 4.464110466228294882e+00 5.465241106735042820e+00 6.465059349821375534e+00 7.464391703294097624e+00 8.463877806947998295e+00 9.464007007466127774e+00 1.046433925865726877e+01
-1.053545681217849506e+01 -9.534948749637045751e+00 -8.535480750893995605e+00 -7.535416392778818917e+00 -6.535542680119919012e+00 -5.535342661833224653e+00 -4.534797331487586902e+00 -3.535677639936862349e+00 -2.535443110560805735e+00 -1.535461275076313470e+00 -5.354049039835224733e-01 4.653148444538821593e-01 1.464418576860973431e+00 2.464240336621347893e+00 3.464178347790792145e+00 4.464200602675033380e+00 5.465153904462406231e+00 6.465016187930654468e+00 7.464395167136741449e+00 8.464425371790476049e+00 9.464357839727950861e+00 1.046422432532364866e+01
-1.053515543585479008e+01 -9.535308224911041464e+00 -8.535541837865668668e+00 -7.535568846220336070e+00 -6.535403130406677974e+00 -5.534469557756743541e+00 -4.534374749118640580e+00 -3.536035051400034490e+00 -2.534895835275003506e+00 -1.535510992461990298e+00 -5.352669039910633586e-01 4.647681733423869588e-01 1.464127624576731179e+00 2.463740023022333858e+00 3.464736597781815419e+00 4.464488612657232736e+00 5.464828672056833980e+00 6.464887919073742495e+00 7.464747714048064253e+00 8.463823067193665395e+00 9.464043351059599374e+00 1.046429200673643578e+01
-7.809555245890004826e+00 -9.885545039631409736e+00 -6.515889057475734880e+00 -6.906767672664617663e+00 -3.098798467169127324e+00 -5.683843539383971688e+00 -4.715848014358523521e-01 -3.367491620067492697e+00 -2.641004118277969326e+00 1.923774204142390643e+00 -1.790719224812105992e+00 2.803743181669222650e+00 2.778499403034805582e+00 3.471438454841219823e+00 2.899580484998414143e+00 6.985821747505556178e-01 2.680648147988018870e+00 1.872120741798262156e+00 4.554376543666804444e+00 5.848169613537272937e+00 1.096762159226530109e+01 6.893597440403180343e+00
-1.053515124659644187e+01 -9.535130303014401676e+00 -8.535419549454337229e+00 -7.535174403000969079e+00 -6.535213831473461354e+00 -5.535594369877461673e+00 -4.535646143962036803e+00 -3.535849000919945695e+00 -2.535018961537945259e+00 -1.535515229810357596e+00 -5.354988534342126627e-01 4.646132927049286820e-01 1.464710895310750161e+00 2.464443851600993440e+00 3.464534718881949971e+00 4.464349020611161123e+00 5.464772034775130294e+00 6.464536484669553218e+00 7.464708466421479116e+00 8.464671168815007363e+00 9.464646924625744973e+00 1.046417823095213073e+01
-1.053482037748806022e+01 -9.535601675171742286e+00 -8.534720316190602674e+00 -7.535083725709826652e+00 -6.535468786616204895e+00 -5.535724818367848243e+00 -4.535356431860813942e+00 -3.536004088480375174e+00 -2.535038694400675752e+00 -1.535423189062962379e+00 -5.361637544225619223e-01 4.651465717364384744e-01 1.463925764303311894e+00 2.464197695593933091e+00 3.464831725101571891e+00 4.464786678891284666e+00 5.464234598319636760e+00 6.464829206805331907e+00 7.464943111281501231e+00 8.463998228650194022e+00 9.464138895611860391e+00 1.046532657776365838e+01
-1.201622472272203623e+01 -3.822695506140166621e+00 -4.600489528546995111e+00 -3.539454843915007753e+00 -3.525515086046837610e+00 1.541432974751256957e+00 1.072314927918206262e+00 -1.792137659891888557e+00 2.293926741985325979e+00 -3.116081992208686868e-01 -2.397681474174387262e+00 4.791603611344348312e-01 1.020383016048708624e+00 3.417269974669762789e+00 -1.666326942840929526e+00 5.091704689213718993e+00 3.168663296825530384e+00 5.150822426348321770e+00 8.610796659298163291e-01 3.960021943139002243e+00 2.268503554360603580e+00 2.567803587461589210e+00
-1.227173391369890076e+01 -8.541763200100197295e+00 -7.719088751512711788e+00 -6.971785328684458882e+00 -6.031899921726309621e+00 -4.607643754495623689e+00 -3.739802875592765474e+00 -2.651049102258960843e+00 -1.886010766486252432e+00 -1.157862259544289563e+00 1.816833832381295477e-01 7.926892137760137569e-01 1.670718393518705325e+00 3.112022654826956725e+00 4.247193952241442361e+00 2.132465382626988148e+00 5.707091711030674475e+00 4.136018396757531690e+00 4.619526828889346959e+00 8.571080221449083325e+00 9.351170041278670908e+00 1.027793289075408190e+01
-1.053594337234448375e+01 -9.535720242356713783e+00 -8.535656115209516059e+00 -7.533484762703860582e+00 -6.536198197102004670e+00 -5.533168411051693880e+00 -4.535622438585225069e+00 -3.536190247332529069e+00 -2.533417260443618702e+00 -1.535950279032650911e+00 -5.361941886896541831e-01 4.641183259134820105e-01 1.466486627066664994e+00 2.463869424367480576e+00 3.464215965772204697e+00 4.463714176619582474e+00 5.464137384498648942e+00 6.463884273374610245e+00 7.463758075440461326e+00 8.466283323073913181e+00 9.463914068246410238e+00 1.046411706676536291e+01
-1.393890674614695335e+01 -7.304381886945150448e+00 -5.886536157423441828e+00 -6.487677549114955866e+00 -5.552975980648241716e+00 -3.416762602048157405e+00 -2.316749266858856959e+00 -2.559217260076213751e+00 -5.078276512669865905e-01 -3.783594914401237075e-01 7.691564391775089771e-01 1.417710742266223178e+00 -4.029131564102375052e-01 3.305633105937951566e+00 2.820660141020058020e+00 1.507254246947597798e+00 1.497071101537726490e+00 5.937620578896605217e+00 7.032475469377589050e+00 7.920553068046473300e+00 8.398775356034006379e+00 7.366350695424728201e+00
-1.154539385601815837e+01 -6.975904425137286147e+00 -1.001914025751298354e+01 -5.208387532951689103e+00 -3.814224752703371024e+00 -6.968407674824437237e+00 -2.867002450548119086e+00 -1.730820482381468572e+00 2.691783429902567804e-01 -2.748146064659904297e+00 6.235144331454434141e-01 1.668268898600038019e+00 2.358895903435732411e+00 2.742988147312455993e+00 3.268568649672047854e+00 1.767391345856622387e+00 3.984851769404450739e+00 3.679568767303574184e+00 6.501965788442549687e+00 6.923043450393739029e+00 9.304866616792857315e+00 8.005278579674818928e+00
-1.053471674533060565e+01 -9.536068764938550046e+00 -8.535036643459042338e+00 -7.534282018853879492e+00 -6.535701294852930943e+00 -5.535018717362127916e+00 -4.534929265691474143e+00 -3.535488647832133680e+00 -2.534301144494262914e+00 -1.536054243756975524e+00 -5.357762476937484308e-01 4.649320790035993411e-01 1.464194203303605946e+00 2.465045961128019769e+00 3.464271644638328596e+00 4.464240858839300330e+00 5.464139933274532623e+00 6.464911366389539893e+00 7.464743981645847626e+00 8.463887842880037482e+00 9.463953370736387427e+00 1.046400568871333725e+01
-6.691373807312998245e+00 -5.709111876309368228e+00 -5.375989894088570864e+00 -6.870987273215421354e+00 -4.683559394403461695e+00 -1.650059753017069308e+00 -2.608534941952050712e+00 -4.666613008434660870e+00 -1.844856829019173805e+00 -3.195328936295149802e+00 -7.783586133943309893e-02 -6.359992879205475513e-02 1.686176680850629772e+00 6.263558481136875855e+00 -2.683918489673344787e-01 -1.582123365042126917e+00 6.097433792869051850e+00 2.526109539052831199e+00 7.816488661785269798e+00 5.602483922796416493e+00 8.427136663091898683e+00 6.089932172893036011e+00
-1.053538058494984853e+01 -9.535709520632574154e+00 -8.534892169589349820e+00 -7.535343004221292773e+00 -6.535567847842521871e+00 -5.534899150783370914e+00 -4.535656129772018375e+00 -3.535245930606693676e+00 -2.535374505276031698e+00 -1.534924035722561086e+00 -5.353515649383862041e-01 4.647464623505310755e-01 1.464241700416250680e+00 2.464380802755991695e+00 3.465008268302128158e+00 4.464715914970083688e+00 5.464258255606337045e+00 6.464777844196001766e+00 7.464176403527904569e+00 8.464824000542797933e+00 9.464096831327116988e+00 1.046407115662638532e+01
-1.053505212102422206e+01 -9.535526380281542203e+00 -8.535628900270559427e+00 -7.535221524875280963e+00 -6.535389632325271592e+00 -5.535316504876723442e+00 -4.535446688871493492e+00 -3.535294399004095922e+00 -2.534871079366302737e+00 -1.535363950173957548e+00 -5.354254845191146472e-01 4.644935053180532236e-01 1.464914664287460866e+00 2.464740663428196754e+00 3.464559927244076576e+00 4.464641078967938270e+00 5.464379563588988020e+00 6.464475460011847474e+00 7.464272878725425997e+00 8.464425012130627479e+00 9.464339673180468537e+00 1.046424743499268040e+01
-1.053465452756395848e+01 -9.535545929927716102e+00 -8.535361729223625460e+00 -7.535547166724111179e+00 -6.535750500519160511e+00 -5.534763753075491621e+00 -4.535319327969435932e+00 -3.535765759308240774e+00 -2.534582808275105847e+00 -1.535373374481089570e+00 -5.354109701107905295e-01 4.647075239230229471e-01 1.464056820016015337e+00 2.465475291352372977e+00 3.464370221238237235e+00 4.464487955312831602e+00 5.464615479450324997e+00 6.464873314242463920e+00 7.464200616221537743e+00 8.464204639535051200e+00 9.464096635918721745e+00 1.046394054625521441e+01
-1.254983759870730786e+01 -1.060247405910539342e+01 -6.164740097771778338e+00 -4.804255343343261764e+00 -4.291555143664452565e+00 -3.017075606886745920e+00 -1.997490118066139075e+00 -1.171756743623147745e+00 4.162525037483737478e-01 -2.120957974017759096e+00 -4.503978221811225091e-02 1.436245829731301438e+00 1.231087032631693612e+00 3.289406297750299579e+00 1.864421492037794614e+00 2.777118853205621907e+00 -1.257492202082843846e-02 4.253142511347502541e+00 5.678535724311210231e+00 5.191850194304212351e+00 9.450669015691957497e+00 1.040998113095211686e+01
-1.053508564254094182e+01 -9.535081537271068441e+00 -8.535594450140527201e+00 -7.534964600408621038e+00 -6.534259715879484176e+00 -5.536064306104712784e+00 -4.535563485527582372e+00 -3.535835953260010101e+00 -2.535504342818782675e+00 -1.534043537283469760e+00 -5.344470011239614848e-01 4.640182388777152056e-01 1.464389195835060775e+00 2.463843545114452027e+00 3.464836163615649056e+00 4.464872865175667727e+00 5.463821767067377877e+00 6.464271297847687947e+00 7.464132329618403006e+00 8.463984726166188466e+00 9.464216491376816975e+00 1.046501114795153953e+01
-1.053572753782982119e+01 -9.535642861981283858e+00 -8.534066714007758847e+00 -7.535126067359364299e+00 -6.535461641509423103e+00 -5.535691611130147294e+00 -4.534995704550645712e+00 -3.535138755698115531e+00 -2.535643271763207807e+00 -1.534675597805872371e+00 -5.357474532317159088e-01 4.653638455677988617e-01 1.464835971932508585e+00 2.465581298213095351e+00 3.464228488843531295e+00 4.465286746959783670e+00 5.463826954703428385e+00 6.463742077689271781e+00 7.463811457495790336e+00 8.464033499698730978e+00 9.464315742592907199e+00 1.046384432945737686e+01
