6.840987175315371704e-01
1.511573401654968452e+00
2.790585669380684308e+00
1.367409102482680661e+00
2.456456963446688846e+00
1.924378625508922358e+00
2.063560576504941402e+00
2.353230107656198555e+00
3.347890220978247733e+00
9.342553917776357242e-01
1.777887785112092445e+00
3.850254705952622203e+00
1.622648038502605194e+00
9.854856294735364619e-01
1.570335495567948714e+00
1.369606059301892165e+00
2.554678880520550699e+00
6.996898027562341582e-01
8.555518170658145127e-01
1.038133273190829486e+00
2.381693222058063775e+00
1.767002988172825528e+00
1.021489456626286874e+00
8.942479238543965536e-01
1.216680837097478207e+00
1.021425180198773708e+00
1.982256230329999092e+00
1.779002004320087593e+00
1.795467726173783918e+00
1.559332648681625688e+00
1.767010630961538320e+00
7.855739367443633769e-01
1.115403596871320957e+00
6.846597909465220733e-01
2.525749993784765390e+00
1.548389210992316078e+00
4.363923230007934473e-01
9.183639308434143889e-01
1.520376334418985120e+00
2.906892378007547073e+00
6.537647060884942407e-01
1.065562835923620000e+00
6.626983743688423800e-01
3.720712915885892258e+00
4.368806849099115541e-01
7.469751788958141070e-01
1.956757399804660791e+00
7.636204482567848784e-01
7.785758356696219629e-01
2.309769819081639586e+00
