3.223526695735693171e+00
3.724279276814318473e-01
6.720989113102040502e-01
1.791582588270305143e+00
1.075183417996861568e+00
8.336132857618584469e-01
2.333112189623149035e+00
1.134007992600268189e+00
8.748543292992434495e-01
2.456654195080291370e+00
1.267563061040908989e+00
1.630257777815698361e+00
1.239667246663079592e+00
1.231029839667143300e+00
1.145903598699864467e+00
4.934373100535600631e-01
1.466312712488618608e+00
8.671014341886190691e-01
2.237015202021877425e+00
1.504146357254472877e+00
1.436395182104839741e+00
1.595624172241571603e+00
2.835714771334180817e+00
1.424763794269100492e+00
2.409231578145189179e+00
1.796885232593500747e+00
1.321601780340164289e+00
1.642682941453922130e+00
1.284724403866913889e+00
3.242284949532053595e+00
5.874162122122449370e-01
3.256021854506544244e+00
9.519405055370869784e-01
3.371639061201057164e+00
1.492878247272452441e+00
2.229984094977142561e+00
2.058998737283997738e+00
7.208237673905518728e-01
3.642460585622248059e-01
1.822918322389901258e+00
3.758782981482706176e-01
1.141112530608594522e+00
1.133981237171511891e+00
2.001633433990911648e+00
6.727890915422838347e-01
1.018436083708715634e+00
2.105576983029032512e+00
1.455998632670231441e+00
9.081837800467645883e-01
9.113199791965449492e-01
