2.923411612400174733e-03 2.435854547127849490e-01 -1.789727032841786358e-01 -9.906464246076247815e-02 5.287345430720394833e-03 -5.678400475347414322e-02 1.216596140586392455e-01 4.458976623634743341e-01 3.277093828753124827e-01 -1.619005934630712296e-01 2.349277611100602237e-01
-5.482366931532224597e-02 2.363788469811864690e-01 -1.506817868837563024e-01 -9.880237327423355143e-02 -8.761368249397057106e-02 -1.259465002777860818e-03 2.014777338131669426e-01 4.127950870177218845e-01 3.800116720237400325e-01 -1.651943055179802000e-01 2.129806308541292159e-01
-3.224329996056287534e-02 2.625372059890991872e-01 -1.530565017438550168e-01 -1.091990859845490824e-01 -1.242446544396538441e-02 -2.628207176787938568e-02 1.071429064519738156e-01 4.762474556985037411e-01 3.248734400482173879e-01 -1.718995244795110677e-01 2.195726293944329222e-01
-7.086800912716084699e-02 1.518058600387450496e-01 -2.514997538149652545e-01 -1.218458345617005889e-01 1.732346887661352294e-02 8.431670943838413812e-02 1.308035495991526631e-01 4.994541806767396896e-01 3.782054741257971364e-01 -4.977100013680234997e-02 1.173440430871015017e-01
-3.913398429734974565e-02 2.224384047828015798e-01 -1.792217322739714791e-01 -1.079286407298310768e-01 6.197399360088158560e-02 -2.370296718587201409e-02 9.742104010713822926e-02 4.749523380181879251e-01 2.748390085498699786e-01 -1.724094043357417005e-01 2.760406319657917051e-01
-5.226598966736700075e-02 2.149666859334488922e-01 -1.454785190998965083e-01 -1.919579931444709286e-02 1.197343956378302404e-01 -5.342803084580541317e-02 6.679070200100321875e-02 4.313097301217214130e-01 2.310046337170448549e-01 -9.336363471303110728e-02 1.851945144314040836e-01
3.786284519247225255e-02 2.560111426007336544e-01 -1.872219396391399393e-01 -1.303945853676903854e-01 2.902476065134229621e-02 -2.566646383636246587e-02 6.714045480142545597e-02 4.960545328662336884e-01 2.896138727751066955e-01 -1.569305136032468906e-01 2.097745817610275620e-01
8.794902970702515865e-02 1.712497224653408701e-01 -2.168279370783865734e-01 -1.162457937412341713e-01 -7.100970860317812328e-02 -3.589882097749830248e-02 1.313549501405888997e-01 4.459360778401049163e-01 3.406221744035228816e-01 -7.870586912219894316e-02 2.268448631678183780e-01
3.019969144972482408e-02 2.265795860299884279e-01 -1.913569414606878516e-01 -1.082394039364264621e-01 -3.360811813880998367e-02 -5.872664188140216956e-02 1.288080477550937464e-01 5.024851604255573534e-01 3.032217717399287027e-01 -1.604878311649095557e-01 2.463933673838478167e-01
-1.997672823930579308e-02 2.433102096826538219e-01 -1.793044640277752233e-01 -9.915890424945073001e-02 -5.515167684359922884e-02 -9.767573817879342257e-03 1.194262293255415192e-01 4.683634848933750372e-01 3.708414634934266152e-01 -1.616610766785647191e-01 2.083477246634810875e-01
2.671264012670709898e-02 1.546251346920102521e-01 -2.098127078553138070e-01 -4.156793089227999588e-02 -1.208304463617123140e-02 1.246172596708405595e-03 1.125215124249126508e-01 4.999475730026079479e-01 3.359362428853008287e-01 -9.690944776791168835e-02 1.146525436253330588e-01
-3.250852891075772105e-02 2.014892307610904321e-01 -2.287150281750808811e-01 -1.670773320819115282e-01 7.500137030128023810e-03 -2.643811166755631950e-02 1.811443459134532419e-01 4.961763385883278255e-01 3.587614003716394495e-01 -1.057828683603918574e-01 2.007191047329630884e-01
-5.956612698450176185e-02 2.252728796322462645e-01 -2.684811410617324312e-01 -1.247530609306030658e-01 1.488177228375287507e-02 -1.021728462975202492e-02 1.944637247325898544e-01 5.046514328218483225e-01 2.959842831041053501e-01 -1.874489035288132432e-01 3.004811127627655121e-01
-7.183997065874320187e-02 1.525184335573610273e-01 -1.950967469683010935e-01 -2.047520193556747470e-01 1.369304186778705079e-01 -3.046900651176204233e-02 8.653244804533087586e-02 4.477172817888320777e-01 3.690736532245598722e-01 -7.217831638827738872e-02 2.668325127907095751e-01
9.337395379794078201e-04 2.670196637418571495e-01 -2.458020340020934114e-01 -1.857227773460102815e-01 -6.012188470464030488e-02 -4.270051254932613616e-03 2.139794045141968915e-01 4.440176701671398329e-01 3.624841022644386679e-01 -1.589689744925349979e-01 2.517198297765037007e-01
-1.661367254895683709e-01 2.465041758649283432e-01 -2.012292931372882676e-01 -1.089963697388959402e-01 1.487049565295225084e-01 2.174911013249847258e-02 1.223316208925342430e-01 4.925356933707272789e-01 3.480352497914062093e-01 -1.458595498513993449e-01 1.276298198374390958e-01
-6.785678622634239154e-02 1.205780889267829142e-01 -1.920993875085821867e-01 -1.304893618125431975e-01 6.810878067044916218e-02 4.862303404875262247e-02 1.722123388137035693e-01 5.271279515467828247e-01 3.391207530870939957e-01 -1.234336112706602429e-01 1.233768879264686424e-01
3.081442253721300775e-02 1.836101842982036103e-01 -2.110938905965454304e-01 -1.323728173391468532e-01 -4.155639482288168290e-02 5.785639576435174306e-03 1.649058342636789409e-01 4.964055048542095894e-01 3.609372988674959259e-01 -1.607353440971676095e-01 1.885682506604084985e-01
-8.898207578548604849e-03 2.451452675971568240e-01 -2.263951874556212607e-01 -1.045442717596888615e-01 -3.386291357571579591e-02 4.590851561148178578e-02 9.174853716380215740e-02 4.422729465535766291e-01 3.471793122290414702e-01 -1.697611482416864770e-01 2.564758376581063870e-01
6.474404373528454271e-03 2.286898978430016161e-01 -1.878059596508466766e-01 -9.658953584869048314e-02 -5.195008748138974647e-02 3.589544299333463639e-02 1.334075143852179179e-01 4.035208505534527146e-01 3.171794860363412738e-01 -1.188641833637283929e-01 2.153108583616832050e-01
3.461782521125419954e-02 1.919425111852050281e-01 -2.339484582563157444e-01 -1.025165647732321078e-01 4.066354258730802557e-02 3.292257123640689176e-02 1.975879957188160507e-01 4.161823805437658286e-01 3.062191176461540598e-01 -1.852811352230495090e-01 1.868789023255919279e-01
6.168845615044198788e-02 2.346402614909454676e-01 -2.124705964053401619e-01 -1.562221095880123034e-01 -3.102070246519362390e-02 -4.556689289111742758e-02 1.029569760310890952e-01 4.903706403672139502e-01 3.188559759569041807e-01 -7.805830986361739221e-02 2.000949894185895250e-01
1.449437664421399617e-02 1.936962942031333901e-01 -1.598045873275159567e-01 -9.754828693940659212e-02 -3.648629236681537671e-04 4.565275124814928941e-03 1.755452850443581514e-01 4.003123796372686227e-01 3.550557862216529581e-01 -1.688705822369369058e-01 1.681876107539896081e-01
-2.780368060975449418e-02 2.197947615136198740e-01 -2.167428964356429566e-01 -7.070603129342509230e-02 2.286460560451142668e-02 2.033964363220784957e-02 1.219597481063354472e-01 4.489056368452046253e-01 3.204801119334610982e-01 -1.334270411754675811e-01 1.796038300808527610e-01
-2.138050257151154904e-02 2.058123086179526051e-01 -2.625257165008555993e-01 -9.697133370447007239e-02 4.129910161965618526e-02 3.316235519052308095e-02 1.268793095013315553e-01 4.313046947311052204e-01 3.588237027637061760e-01 -1.297166029947722232e-01 1.985813715492384113e-01
-6.482555281818014326e-02 2.362227318259055575e-01 -1.487906787080106319e-01 -9.381960431472168016e-02 6.499569482869774206e-02 3.405919305012462123e-02 1.359666494208442711e-01 4.587627245741521254e-01 3.020144680250755886e-01 -2.369842855374602320e-01 1.976673478554774877e-01
4.985466575701126557e-03 2.638010942464145137e-01 -2.242172339340247345e-01 -1.257307583630961900e-01 -8.923918931481919503e-02 -1.364859310818777177e-02 1.593157470503695494e-01 4.178935064802198340e-01 4.149458199881123632e-01 -1.626924030481572692e-01 2.398552316293719733e-01
1.839325018328839476e-02 1.185062593398979874e-01 -1.852206157564952604e-01 -1.587778289837185330e-01 -1.001835905254729389e-02 1.176951382846613652e-02 1.727127206318782304e-01 5.148946776724682151e-01 2.552787611865479644e-01 -9.427895669593892858e-02 2.420092658480569592e-01
-3.132891792937057829e-02 9.277872048059374044e-02 -1.416445158257073067e-01 -8.189469766730451961e-02 3.243856672020149073e-02 -3.320079961538423968e-02 1.678468303151246510e-01 4.946011434328049239e-01 3.365992945154284710e-01 -1.358427097781457205e-01 1.849157735536636760e-01
-3.259400531925196048e-02 1.696415458790402064e-01 -1.734340627912596411e-01 -1.367467426856623924e-01 1.745206269186135722e-02 6.797197059800366703e-02 1.514197831074136635e-01 3.715758597042707612e-01 3.514507998127258115e-01 -1.423652644771754017e-01 2.408967416819386143e-01
-3.776658557322045556e-02 2.577028090414655304e-01 -1.783347375713925653e-01 -1.510522173250573308e-01 1.209761174631655140e-02 -1.385688894919313938e-03 1.416437865933635187e-01 4.592522509015840582e-01 3.536412963281889144e-01 -1.783694457923024057e-01 2.078396087478777132e-01
1.027197006754439028e-02 2.287139038129769597e-01 -2.058561175417466804e-01 -1.096316230326640911e-01 -5.106215194190878714e-02 4.448235017177405715e-02 1.359425907623227070e-01 4.193112573737317050e-01 3.097118118182196622e-01 -1.074049947112277331e-01 2.107896914228833130e-01
-1.988937195750518916e-02 1.533012297022540993e-01 -1.468953891108563947e-01 -8.972086573462081938e-02 7.154800341898348570e-02 3.448265155231446805e-02 1.261395223281528699e-01 4.424362330319100423e-01 2.954239642633670893e-01 -2.083394211662682460e-01 2.267821318741743974e-01
-2.405523049151910009e-02 2.200147775845124332e-01 -2.126612217935528737e-01 -6.107699183851710706e-02 -4.474520291905349084e-02 5.621995536663173393e-02 1.403883426239785071e-01 4.670320726359325492e-01 3.174831962536742158e-01 -1.902117077939749490e-01 2.168806985737918580e-01
-1.973077036598852585e-02 1.643186001993375556e-01 -1.456641718006047304e-01 3.785826513573416902e-02 6.698701060681482022e-02 -7.112909440131322605e-04 4.720226610869641959e-02 4.734455555923611780e-01 2.484928789925482107e-01 -1.910213716633323011e-01 2.040917163403498935e-01
4.309586854737855466e-02 1.811310525257013304e-01 -2.569055827708940920e-01 -6.013707957168384910e-02 -2.523674601560034828e-02 -4.526429331678748225e-02 1.620839449135286492e-01 4.453393211970922971e-01 3.316733618215133572e-01 -8.916182814640298548e-02 1.986506690180589174e-01
-1.172284362083698128e-01 2.610688529554419102e-01 -2.035715438889758311e-01 -3.611329275721354704e-02 -1.072794486570143174e-01 8.778756218940486633e-02 1.335520790720552409e-01 4.631418616493389040e-01 3.594882657337028498e-01 -1.489318353841590642e-02 5.931597165195055810e-02
-2.291619793666358276e-02 1.209086217459882234e-01 -1.578250207278009964e-01 -1.372459766300685724e-01 4.347399213835573956e-02 7.559329435587197610e-02 1.427826806369264234e-01 4.331781267436021765e-01 3.332535614819735481e-01 -1.160775421443174388e-01 1.701431485380363595e-01
1.619326875255180931e-02 1.796063180166035944e-01 -1.798488636018376885e-01 -8.315292086398073934e-02 3.240522503981704827e-02 3.249625109065856776e-02 1.258288467906100438e-01 4.343120196578735825e-01 3.102153180518293363e-01 -1.996175860383582190e-01 2.168308113061375164e-01
-1.226975546019444113e-01 2.007541621336409177e-01 -7.104260123644288993e-02 -1.806592660734049893e-01 3.268400284657105304e-02 4.740107703486769186e-02 1.308817891091811902e-01 4.831877698369924645e-01 4.277932123014114296e-01 -1.761020706153049731e-01 1.130681674663379238e-01
-2.869624494372348053e-02 2.521817597130172062e-01 -2.338850022501799686e-01 -1.578655880987528126e-01 6.063186219587718417e-02 -6.329953446105581437e-03 1.706778214597287902e-01 4.821368997648947663e-01 3.171479131319648870e-01 -1.971551291283385465e-01 2.264243498035207469e-01
4.654025866208397200e-02 1.840100984900650549e-01 -1.637010500350490616e-01 -1.645342566821457464e-01 1.630447224091037192e-02 -4.047208754421556531e-02 1.653103605496953898e-01 4.724544104891192364e-01 2.643743464272117483e-01 -9.506519202514208955e-02 2.000473276293714964e-01
2.681462659348169547e-02 1.716080505027546832e-01 -2.255653345395524645e-01 -1.178370323150412791e-01 9.438422133766731503e-02 4.640721776602819808e-03 1.388398164423568226e-01 4.463926026648352141e-01 3.042192790107972056e-01 -1.478410463653509477e-01 1.896127830933524994e-01
-1.228926339738683690e-02 2.449264981689808496e-01 -2.290661166812318073e-01 -1.105792135997417797e-01 -1.062337687845714973e-01 8.024129828370915596e-02 1.328663313900548815e-01 4.280505839182339733e-01 3.412522030575546594e-01 -9.839130034406737280e-02 2.144914361903691447e-01
6.218675723449076237e-02 2.104859343341230205e-01 -2.332537989354494801e-01 -1.312918128139733964e-01 -1.345051827919180043e-01 1.938494965279614207e-02 1.960985740890241191e-01 5.119342544794055483e-01 2.800539085106052428e-01 -1.820414746921231730e-01 2.862165791349252641e-01
-3.547803248803995183e-03 1.804930764451193326e-01 -1.927562197566528301e-01 -1.827773554165215419e-01 2.237402023495287801e-02 5.574550662774395426e-02 1.666575975754792938e-01 4.617563966148250376e-01 3.145433276208737250e-01 -1.734634998749833013e-01 2.362436413798720547e-01
7.575209299954391295e-02 1.261644535741218709e-01 -2.017111326013339145e-01 -8.023386730373238684e-02 4.494556929231154074e-03 3.225586918868122988e-02 1.593377087219059740e-01 4.768279049329601782e-01 2.998768103270527119e-01 -1.622389698966967553e-01 1.547432613301712723e-01
-2.010026458503116550e-02 1.866927676637824829e-01 -1.690424097097393830e-01 -1.653752050041279731e-01 1.118635475266138886e-02 -1.798682557810159580e-02 1.561838635692119615e-01 4.563419157380839697e-01 3.773723220570180392e-01 -1.666393888138888169e-01 2.366355581120350438e-01
1.617246877445936010e-02 1.605312457129537684e-01 -2.178701190046985758e-01 -1.562230987202437305e-01 -6.438996400464318259e-02 -1.654241877121612886e-02 2.170140638139443079e-01 4.817346881882399456e-01 3.652185604581872913e-01 -1.528157578748804146e-01 2.524390196298010314e-01
1.546691522607593350e-02 1.770133991035041376e-01 -2.296195174971742137e-01 -1.331389443704123210e-01 4.701990035958933389e-03 4.495167841467452574e-02 1.769765545203401957e-01 3.997698820731312996e-01 3.305573367306633981e-01 -1.258130027336089862e-01 2.244023966987508112e-01
