-5.824024153323380248e-02 7.541871636880098650e-02 -1.105175604891341368e-01 1.895662146062269265e-02 6.885363020503439124e-02 -2.626886762939278364e-01 -1.755594067491973165e-01 2.023043072998098879e-01 1.726482139030287299e-01 3.889616971149770924e-02 6.209869571958011036e-01
-3.348275113686335208e-02 7.893889791345619356e-02 -2.444328061596577062e-01 -7.441927540472202673e-03 1.461379277481492933e-01 -3.066517043109059926e-01 -8.735979123582106320e-02 2.233432154783341339e-01 1.157262136202741876e-01 1.090695991782060364e-01 5.972118575244023120e-01
-1.634836964513286528e-02 8.656664056348691016e-03 -9.606746557119703878e-02 1.331100373703696105e-02 5.364007075953045739e-02 -3.221733540611912971e-01 -1.930325833865290941e-01 2.893074160555992869e-01 1.271124888659121988e-01 8.237298717934751768e-02 6.442798730893763981e-01
2.236893158781760177e-02 2.108538459937134291e-02 -8.504174158772224990e-02 -4.879990272877404028e-02 6.136482431664215531e-02 -2.483770487399703797e-01 -1.522429243770696550e-01 2.266347942237770807e-01 1.474107303647375078e-01 9.177326749326947253e-02 5.548824159270220324e-01
-5.300616116176527781e-03 -5.030924871898189571e-02 -1.081705004711645546e-01 1.336965163039086912e-01 1.176197800864116072e-01 -3.284815659066988580e-01 -1.427573107100947869e-01 1.702718237973157023e-01 1.744427915366157378e-01 8.390727387903262890e-02 5.461397873989347618e-01
-1.360137743611969374e-02 2.226580786779900831e-02 -7.147990634346761130e-02 -3.021063437132936666e-02 4.563154031911670350e-02 -3.569223290586334696e-01 -1.601901225097168147e-01 2.824862712061258496e-01 1.729072812051291319e-01 5.581986151398385387e-02 6.443523386862155533e-01
-3.385074213817505090e-02 5.434942496204204360e-02 -1.117878321391853197e-01 2.183360966736932682e-02 6.194833841896144055e-02 -3.085088576979518882e-01 -1.396799941746928453e-01 2.241183802378040879e-01 1.507299173023881611e-01 5.336618274745461715e-02 6.185403038930890052e-01
-6.766307394465288783e-02 -1.567177108330220642e-02 -1.377352080723257821e-01 1.277617745132161864e-02 4.482423614769324299e-02 -2.697951313856813416e-01 -1.321089364551632506e-01 2.986793499550708941e-01 1.621916959930524149e-01 4.150333796857735846e-02 6.540580545045125982e-01
-2.846262909548488013e-02 1.708100475786703681e-02 -1.513158180466696590e-01 -9.131460152553954809e-03 9.650456036785440284e-02 -2.736598578588968489e-01 -1.470837854047785109e-01 1.982908707286861472e-01 1.724776322318865018e-01 1.014692437498783545e-01 6.148889698013130234e-01
1.041489628262616193e-02 2.234147156068166246e-02 -9.537890414461482058e-02 1.540773580663674230e-02 3.330599740889140375e-02 -2.876120088037288358e-01 -1.932699985215872995e-01 2.713214156529046295e-01 2.191144268313907073e-01 7.204419556806902769e-02 5.233695034378321731e-01
-2.417401447390860741e-02 4.905175901113408704e-02 -1.054378641748859313e-01 -9.555853324228621992e-02 1.175139048917904633e-01 -2.969387295382371894e-01 -2.209826103251258111e-01 2.721047843444810432e-01 2.022774161905607215e-01 6.461622642170800068e-02 6.285863919738706729e-01
4.745493444160793495e-02 5.913580178595023717e-02 -6.953862021574171159e-02 1.285633649496484981e-02 4.711200645131199266e-02 -3.950186746818770134e-01 -1.812082529451932433e-01 1.971443064234679465e-01 1.758792279526182056e-01 1.810495810503850653e-02 6.791367072669547422e-01
-7.045056003934568878e-02 1.089188054139432066e-01 -5.775841628005416034e-02 6.538836234383721413e-02 1.153518124921043414e-01 -3.421881062503990267e-01 -1.797162971903926154e-01 1.943135507357748315e-01 1.050427862337224016e-01 5.805789623029476709e-02 5.940988973896157432e-01
-5.807034726065873897e-02 2.249097890259298474e-02 -1.780507065569655045e-01 5.367908208550003363e-02 6.390296490060810852e-02 -3.067246815288273698e-01 -1.183242555180050865e-01 2.835663683479972552e-01 7.330121638707498555e-02 9.709936736955994407e-02 6.581887439502250858e-01
-2.217824441003514099e-02 6.646847300778810363e-02 -1.522709290932060533e-01 -2.409289764287893612e-02 1.332886829168025700e-01 -2.895056008069308295e-01 -1.902175276742354981e-01 2.388625553062419804e-01 1.505866547191671567e-01 1.073031695718461992e-01 5.728143951845410253e-01
-4.808584934855002213e-02 -6.193994663061899719e-02 -7.706708226074492074e-02 -7.971918697957866562e-03 1.511724559374523769e-01 -3.032213796718367660e-01 -1.560156747980057101e-01 2.600141326872436043e-01 2.036799986699031617e-01 6.895942136826975488e-02 5.615345738239483353e-01
2.534695448427650918e-03 8.409886088658126424e-02 -1.392804561363690241e-01 -6.572093595560495050e-02 1.028608604322902853e-01 -2.928765304442527140e-01 -2.232769074018083333e-01 2.477391687774609386e-01 1.663273341691128560e-01 4.800742332193749101e-02 6.606452179813253611e-01
-1.415438965847029551e-02 6.218600480241836398e-02 -2.246306557400497561e-01 -2.184633251871389084e-02 1.218760169478206729e-01 -3.747038490479368544e-01 -1.719047287151219128e-01 2.767913765251915903e-01 1.839029715714847191e-01 9.861488680861280054e-02 6.549274301038661150e-01
-7.555095968418776287e-02 2.225630573192945855e-02 -1.083583173401065636e-01 1.165954521096917301e-01 5.991494210021815203e-02 -3.475357227828361206e-01 -1.506793176489814035e-01 2.814308588882623030e-01 8.929354371183929884e-02 3.918462034437424080e-02 6.645073256488982505e-01
3.075116690599379032e-02 -8.803150907724799010e-03 -2.087601825486100626e-01 6.523540934968199978e-02 1.338796932801705752e-01 -3.325573657558989482e-01 -1.561531498654278871e-01 1.891781813463443429e-01 1.684880408196176016e-01 1.449350333659841783e-01 5.648650550889712241e-01
-1.011354793172565374e-02 2.521619336697523278e-02 -1.006953586796634631e-01 -4.293031247287506375e-02 1.031059389350656441e-01 -3.134684714482161016e-01 -1.576739072757836202e-01 2.576406939890620862e-01 1.635387487640213022e-01 5.188060240445277471e-02 6.145581514277892454e-01
-1.322396527924478704e-01 -3.468517179190726274e-02 -1.618739532660719016e-01 4.742290799346324248e-02 7.872208180603230965e-02 -2.503957308828724249e-01 -1.318210416890341352e-01 2.449672072327330197e-01 1.594189332346631904e-01 8.583467365392241644e-02 6.857084775806222554e-01
2.175148321710562715e-02 1.360942683400265807e-01 -1.289301990463630199e-01 2.647128602589029350e-02 8.765700703033837277e-03 -3.997445634484746990e-01 -2.178743125626205757e-01 1.775693757728404043e-01 1.860669917356098380e-01 9.761477859984403482e-02 6.832739217422097999e-01
8.115165950623575222e-03 2.874886282642645507e-02 -3.525834787865882863e-02 -7.390065070853817086e-02 -4.927474373256242584e-04 -3.113721656109875724e-01 -9.687160073602989196e-02 2.689713017339834256e-01 8.690772201455054802e-02 3.522211134288777412e-02 6.809890795821703646e-01
-5.590192678100179210e-03 9.021829355156678332e-02 -1.651705278343586492e-01 8.119225572493407594e-03 1.579066390110746010e-01 -4.041989021427137563e-01 -1.934080430077688151e-01 2.280689140955312888e-01 1.628147414125437065e-01 4.781752726182423446e-02 6.644810558370082276e-01
-5.385998982460619283e-02 6.677827451240188339e-02 -1.450981792928300596e-01 2.274333740468345924e-02 1.367623342290097965e-01 -3.521564690810375930e-01 -2.080912720114672376e-01 1.911532223298479383e-01 2.125637797873730084e-01 9.417961506914085401e-02 6.260840779565854941e-01
-5.682608075626506550e-02 2.318863077846807647e-02 -2.004933618567606712e-01 -5.144225373602888396e-02 1.050627841959577979e-01 -3.094394487273764982e-01 -1.101894509763959307e-01 2.421744406198125810e-01 1.620172318981375759e-01 7.733047051806907213e-02 7.096757691214832242e-01
-1.391390929268003507e-02 4.475867033797112371e-02 -9.317480191169393022e-02 1.076481444829573662e-02 4.566480535923511663e-02 -3.318854584612772052e-01 -1.638684589655086399e-01 2.826888955001816695e-01 1.360829515953846658e-01 3.419610287849283309e-02 6.397451195907007948e-01
-1.652418792711734044e-02 7.557202848311075916e-02 -1.720710726770317001e-01 -6.461623014299586187e-02 1.254393952755845920e-01 -3.561639024251985197e-01 -5.385609756207412196e-02 2.836093922235159437e-01 7.181684469949972671e-02 5.869672599929538076e-02 6.391558351325113962e-01
-1.168574375657133180e-02 -6.066185597388105283e-02 -1.221158971839817892e-01 4.726252632250305813e-02 7.718773991417529623e-02 -3.279132187820120170e-01 -1.479144969504035401e-01 2.484462899490086918e-01 1.565181187227301374e-01 7.809363872446464794e-02 6.538416300930699476e-01
-4.659883249611572464e-02 2.015261396237424951e-02 -1.897395483964881280e-01 -4.935679126679690804e-02 1.129375135671795288e-01 -3.562417952451623071e-01 -8.242646327530363248e-02 2.945580502201540773e-01 1.259476869698998025e-01 1.065240149077022191e-01 6.553022821316590862e-01
-2.192356210032049904e-02 7.652724712726520669e-03 -1.260492768149648335e-01 2.676366398046038653e-02 6.313665406048261930e-02 -2.924487600734094195e-01 -1.599658170340863550e-01 2.663562313433988638e-01 1.344558839383216686e-01 1.022933926458653719e-01 5.907875964206273922e-01
-2.776490010504530787e-02 5.884594043562764443e-02 -1.281192455245699635e-01 -5.853102964230182462e-03 6.649330593517414900e-02 -3.359034174380905458e-01 -1.881558019400519366e-01 2.805244112136420775e-01 1.429765658749485857e-01 8.408506145130045795e-02 6.439299141403964644e-01
-4.942846576469844128e-02 2.761310153567434617e-02 -8.829347984571432606e-02 1.504699522394590920e-02 3.664705374439644614e-02 -3.041684016711825311e-01 -1.771278647754709057e-01 2.618308332003840277e-01 1.700316545139368418e-01 7.336291471080981508e-02 6.255443902070191298e-01
2.803161831145466187e-02 -3.532912483293802752e-02 -1.938068326777844241e-01 3.028098008533883917e-02 1.382149949084151008e-01 -2.915728246330782647e-01 -2.543730557283723770e-01 2.766587516110878830e-01 9.055628100454261864e-02 1.247463383346867211e-01 6.776516046957486994e-01
-5.583105831020879900e-02 2.853886363190867494e-03 -6.883265404372576612e-02 -1.737328153532761640e-02 4.849635830204500342e-02 -2.567398953738759815e-01 -1.465009320107616142e-01 2.905078501101708843e-01 1.842637338746818398e-01 8.353481343721153030e-02 5.266799102657012677e-01
-1.771696229136862600e-03 2.211111425111529985e-02 -1.082483197113454504e-01 1.719370203389257099e-02 4.690676473647979738e-02 -3.055764865060981439e-01 -1.146410503083952342e-01 2.500362755290697070e-01 1.338251955617267841e-01 4.258655607590263598e-02 6.086366756458900795e-01
-3.475585339969919363e-02 9.157097857763205062e-02 -1.329585176804851110e-01 3.955027358011231620e-02 9.274301769079856816e-02 -2.857534318512087168e-01 -1.602116594921013659e-01 2.457352079118922950e-01 1.122086723691772814e-01 3.195525467910876466e-02 5.909747886938738759e-01
1.792091200510530571e-02 4.430120302926969511e-02 -1.296792110272561860e-01 1.055828907149374690e-02 5.523844591014877986e-02 -2.618643910726544677e-01 -1.223622540063545594e-01 2.379763701887205873e-01 9.454341923250104973e-02 9.802221870649086011e-02 5.464037290416365877e-01
-3.018327643959316936e-02 -1.063593143121496776e-02 -1.839769435526057428e-01 7.876449360906968150e-03 1.791787196832143603e-01 -3.358291625260501623e-01 -1.361382301413487095e-01 2.506400791470357881e-01 2.039749315514283734e-01 1.246795085391569635e-01 5.214725868881711079e-01
2.957541731233581314e-02 1.326381907090845580e-02 -1.526933120794933263e-01 -7.710713233207209735e-03 4.350599959634093156e-02 -2.986024121900167638e-01 -1.488551406466183669e-01 1.785371871993994275e-01 1.978812533967507503e-01 1.560045520687030340e-01 5.801520805839989192e-01
-1.625655084769037778e-02 -8.339486768165016092e-03 -1.119411417645264500e-01 1.017020436871606329e-02 5.550573717119151179e-02 -3.544323309687572587e-01 -2.007041082843581126e-01 3.320832094472177531e-01 1.205647022649135869e-01 9.071675797095110627e-02 6.736917384896086158e-01
-2.726752114088916434e-02 5.252167572577055160e-02 -1.230187315649080709e-01 -4.829708068275799515e-02 1.374527971577412799e-01 -2.937109200564774758e-01 -2.524485816901788082e-01 3.048610509782618827e-01 2.248006876891007755e-01 5.797076753927943304e-02 5.581945871241591473e-01
-2.869439544087960814e-02 -3.191659166416177529e-02 -1.275257820277533594e-01 -7.197858216258777933e-03 4.021903296916662374e-02 -3.210639526896402751e-01 -1.544998489188062485e-01 2.998978741419501826e-01 1.309941846125352860e-01 7.334069691027569893e-02 7.175053714026748963e-01
-9.619798658087420906e-02 -2.379266230690434136e-02 -2.163822441156720566e-01 4.447018033731314074e-02 1.291440746067069045e-01 -3.844007620039623929e-01 -1.012325564465106215e-01 2.583089273941546193e-01 1.943416447756572407e-01 2.233097165549464691e-01 5.634903988642457895e-01
-1.118295446408283829e-02 7.824920556500328250e-02 -1.245999429794698021e-01 9.157307239858555881e-02 6.346541963990347257e-02 -3.216235107712397956e-01 -1.970108756664621374e-01 2.611686616352092982e-01 1.368947163429302949e-01 4.673615266037083743e-02 5.673887867183547984e-01
-1.855152204057396864e-02 -9.644587639971070533e-03 -8.677063691510045196e-02 -1.154339756271936454e-03 1.070065229833785519e-01 -2.584689844553145210e-01 -1.620257203967092330e-01 2.695312647081402613e-01 1.676179404763510350e-01 6.294608681308463960e-02 5.205727073020880447e-01
-7.600476191003338600e-02 -4.703817566221653312e-02 -2.230108378525864077e-01 3.169440407265330939e-02 2.513335976055454668e-01 -3.117489566151916414e-01 -1.772977617163332409e-01 2.409803646297891122e-01 2.519339433263316219e-01 6.210322573168475246e-02 5.881136894694594108e-01
5.326164976275123836e-02 2.687097924867251977e-02 -1.593487971165410688e-01 5.342420344891389561e-02 6.163128841422393922e-02 -2.617977460760873565e-01 -1.827082125608607555e-01 2.145851748238545575e-01 1.479576677223929659e-01 9.809067513143025774e-02 5.390918482803501721e-01
-8.115179851148685009e-02 5.883629720544495539e-02 -1.197848500196648375e-01 -1.830782800399631191e-02 8.080104500478037244e-02 -3.130038756512092402e-01 -1.837575857389410761e-01 2.534211594528952838e-01 1.787038166375339299e-01 5.757532282650616728e-02 6.777270278772383749e-01
