7.408405026422273387e+00
8.657052723896544677e+00
8.714043180913288111e+00
9.218314234189262990e+00
8.428718454808542759e+00
8.902365711862964659e+00
9.672077096173238075e+00
6.135060848954544177e+00
6.230963652600346236e+00
1.914067656558881225e+01
7.777101417731704380e+00
8.753109038808597475e+00
2.130227928877936705e+01
3.104023978751558666e+00
2.154610240328116078e+01
8.427919408884871899e+00
8.805298815256623612e+00
6.743766187035460824e+00
5.103296009664437527e+00
8.027191664554964134e+00
3.338364546033302460e+00
3.089004222904655705e+00
8.071337783847610581e+00
3.096464144539867291e+00
8.029991212101446507e+00
1.414253392410360810e+01
1.893228026855686608e+01
1.710432244928276546e+01
8.012393737947881789e+00
8.287248985650229827e+00
3.368361061890642105e+00
6.485932738688675592e+00
6.276503150559109123e+00
7.754864879402243005e+00
1.966676592169357107e+01
4.320605324171617134e+00
1.099244890645587702e+01
1.330527914971105119e+01
8.285262186848026289e+00
9.442118315945151608e+00
1.290262946768295471e+01
1.528181484270393575e+01
8.861061250733980543e+00
1.832236424569201461e+01
8.253369505636763748e+00
8.121839811171618351e+00
1.590534811583271946e+01
6.262482556370439823e+00
1.597840262264338129e+01
6.928051398045099063e+00
1.048529228509420719e+01
1.443067504952154856e+01
1.693975589500642087e+01
6.213450010998384343e+00
7.082748684928985128e+00
7.442643682934609650e+00
6.270626862932296319e+00
9.462700604140039218e+00
5.423327894189929665e+00
5.007691119637023291e+00
7.534740935431917919e+00
8.860952174289487004e+00
8.437880818140502726e+00
9.280374340394811128e+00
1.283571415173673635e+01
8.772832000549511733e+00
1.897913791750451651e+01
1.393670484734586523e+01
8.082797902393705769e+00
9.739040226228791397e+00
7.519591188235599688e+00
1.334913336331146283e+01
8.899353785032102948e+00
3.190176044372517339e+00
1.001820847618219013e+01
6.029551727146837514e+00
6.274684408534939806e+00
9.563493022858004622e+00
8.152108605597229385e+00
3.899498824939108044e+00
6.898133459715851679e+00
1.142626607579109965e+01
1.714953575319873025e+01
8.447452448467203112e+00
4.981419938522678059e+00
1.439450526242084827e+01
1.128926843022427740e+01
7.863865858420986399e+00
6.840529617140203911e+00
1.231444332087047044e+01
7.332939856700477321e+00
6.648137144747152227e+00
3.136467863174855708e+00
1.368171764249607847e+01
8.516849610666207937e+00
8.950350084698477815e+00
1.347706459368795784e+01
1.754176592339688057e+01
1.273793823002002235e+01
1.243543915352057461e+01
