2.979063432285627400e+01
2.978993815898176223e+01
2.979034319596279445e+01
2.979086270424190275e+01
2.593778651742297114e+01
2.979078681925545169e+01
2.979009342570707020e+01
2.059629534960025410e+01
2.979066553767306402e+01
2.117423473133784739e+01
2.878840721756538557e+01
2.979056073691435458e+01
2.978996356049539429e+01
2.979034089810801333e+01
2.008084863423382060e+01
2.228866428848533232e+01
2.651721945037745698e+01
2.979077548200685399e+01
2.979041275406472167e+01
2.817627252966986973e+01
2.283564637810657416e+01
2.409710404064004763e+01
2.979042803344878010e+01
2.620612148058881985e+01
2.557477469348870613e+01
2.979065690439853498e+01
2.979044102664791538e+01
2.979053849962125256e+01
2.979030844498612751e+01
2.570645719394515183e+01
2.321500676487026738e+01
2.979111924746186091e+01
2.979054014830914454e+01
2.412849501603945868e+01
2.979062009239574138e+01
2.754670837885369750e+01
2.979060264436036576e+01
2.494472283251112898e+01
2.340155226117341414e+01
2.058748479143595134e+01
2.013410426823206834e+01
2.271609076064410004e+01
2.414476501818045406e+01
2.505046853886422298e+01
2.979020389419577342e+01
2.978997730588763204e+01
2.646337083133917645e+01
2.979043428575851493e+01
2.979095544858092381e+01
2.437816853230082970e+01
