2.589094165597630592e+01
2.541753679254239984e+01
2.204802513561450183e+01
2.980611626977496087e+01
2.980711696313212755e+01
2.053637236008475142e+01
2.980594706854554587e+01
2.980628770214613610e+01
2.002636626384212803e+01
2.799043686230535144e+01
2.980592179909917760e+01
2.535188817310767817e+01
2.980638136794800275e+01
2.980682788664474714e+01
2.273533829189949529e+01
2.980565564486921915e+01
2.980718350799273253e+01
2.247168485915376834e+01
2.980657166514749434e+01
2.980682503306858422e+01
2.478682811573847999e+01
2.546415570577062226e+01
2.980627001713579460e+01
2.431719339973640359e+01
2.288747794388188339e+01
2.980635676261999834e+01
2.497225911168072443e+01
2.222295014305989724e+01
2.980649595315269806e+01
2.980606667825195544e+01
2.980654267513524047e+01
2.590997434891841422e+01
2.980601208136972247e+01
2.444337609607458006e+01
2.980690863423893688e+01
2.980640147075706636e+01
2.312998827825697035e+01
2.980686344665653564e+01
1.959389294608607557e+01
2.671200310437304637e+01
2.430973270249380747e+01
2.510242212382950200e+01
2.980632921727269391e+01
2.980660052832173079e+01
2.468688124281156249e+01
2.125207637029268071e+01
2.535756894599477818e+01
1.895259535382556138e+01
2.980610102806207706e+01
2.980655270438481708e+01
