2.963892285242191704e+01
2.963972000492150372e+01
2.478282847518506316e+01
1.543407201745150914e+01
2.582264607312052718e+01
2.245717943706818076e+01
1.843714458576962301e+01
2.964107783400600837e+01
2.276599629858660379e+01
2.963964924663417833e+01
2.963945582412500102e+01
2.694893942103927742e+01
1.852524712026327691e+01
2.963851830756921046e+01
2.422753838396872084e+01
2.963945779000032488e+01
2.657073048705175466e+01
1.606746397515933467e+01
2.963912023970053866e+01
2.963993916239152071e+01
2.203325281308267236e+01
2.750134505751331204e+01
2.964074477560127718e+01
2.624032138426624172e+01
2.010469409045960987e+01
1.923960050953877143e+01
2.963938712779048146e+01
2.964039764890380368e+01
2.320347702785221244e+01
2.964040799337974263e+01
2.963934547801970254e+01
2.964104757061285511e+01
2.963925223618519311e+01
2.964115653602535261e+01
2.963757567976986707e+01
1.531024742693075780e+01
1.805300691470908703e+01
2.964016061177659012e+01
2.963933789038150479e+01
1.745559133006166874e+01
2.963935279241914955e+01
1.656373894918348100e+01
2.964168870263656075e+01
2.842485678299395246e+01
2.660572690268468321e+01
2.720024218606459954e+01
1.957334169504265731e+01
2.963946185224041585e+01
2.964081598866592060e+01
2.963910020163427461e+01
