5.077704515976745547e+00
4.930770516188211161e+00
1.449593147042561869e-01
1.917654663281289917e-01
1.556614239316582438e-01
1.327985682150975566e-01
4.660958960616073732e+00
9.619649148551305817e-01
5.625837346782307513e+00
9.470704955281403215e-02
2.180304619661256882e-01
1.925492520931664231e-01
2.034643352017924678e-01
1.946954204330151039e-01
8.360083960134004344e-02
3.560358877790018362e+00
1.987879508561530839e-01
2.004259109646809200e+00
1.582214003740497921e+00
1.297614715951316278e-01
1.237107952364617375e-01
5.315921858381491560e-01
2.661535941617462764e-01
1.760427426530551398e-01
3.650286966022676660e-01
4.262444938213424406e-01
1.514190129038649912e+00
1.585654968628005812e-01
1.930305230348666745e-01
3.540632251982031242e+00
1.365012508107458500e-01
2.198463042174673698e-01
2.381175634942067909e-01
2.492228741764272171e-01
1.773315734517822984e-01
2.989615439269190489e+00
4.692611691860797407e-01
3.005968880549886313e-01
1.248923586393612783e+00
1.695877994522043131e-01
6.941682813124259166e-01
9.729563214520937919e-02
1.342812125955216151e-01
1.638758067187588985e-01
2.672058668033270745e+00
2.532345383845645559e-01
3.964080844195839726e-01
1.427979494998262711e+00
2.547059912798279036e-01
1.213183910041621405e-01
