5.648937362185432853e+00
2.440096151073901931e-01
1.476872033196984235e+00
1.655332218142535894e-01
2.381602820934931308e-01
4.216462260426363517e-01
1.788882647318300878e-01
2.341637429082799926e+00
1.743318447398179705e-01
2.674118045877184602e-01
4.759254582688482449e-01
3.397186097815257932e-01
3.110129613129263837e-01
2.342456119638052225e-01
1.659660499710434056e+00
3.327983483123347352e-01
3.335989054867430359e-01
1.984389141775731447e-01
8.698312747709218140e-01
1.540954930395520006e-01
1.869435196576085811e-01
7.466816150667540120e-01
2.806502913730836712e-01
2.906526038082103414e-01
2.711857205938972837e-01
1.553000108228435039e+00
4.308087256065389337e-01
2.905504215875597485e+00
1.469906158647577454e+00
3.597428058219431790e-01
2.619874161477476759e-01
3.140862212602723025e-01
2.131122811570974829e+00
5.400878209775357153e-01
2.769750368916124028e-01
2.040479822554526756e-01
2.333197744970627874e-01
4.717060099530140937e-01
2.675448145894357976e-01
2.144082090190992940e-01
2.694609509069994857e+00
3.056809439723069954e-01
2.046154210965320241e-01
2.815020320489175720e+00
4.208701063399572284e+00
3.262209284050783253e-01
5.673632461604981359e+00
2.740141060337427104e-01
1.112492252799187398e+00
7.191158186328426849e-01
