-1.011400459718020350e+01 -6.480661932339572218e+00 -6.844142055103743516e+00 -4.627407830866449245e+00 -4.480122709455078400e+00 -5.563519545668699884e+00 -4.773105734313496384e+00 -7.148966352558582038e+00 -5.631836011928164076e+00 1.917491558950296104e-01 2.539902529487044092e+00 3.821818199484814382e+00 2.432840714041203611e+00 2.935928768791280064e+00 5.645573016612398298e+00 2.024664070104274405e+00 4.654314076312115134e+00 6.683795998586855802e+00 7.058595317174671813e+00 7.580614733568958208e+00 4.923184290691267506e+00 5.568511242368295200e+00
-1.048175515302207828e+01 -9.482457325539808579e+00 -8.482006766579376134e+00 -7.480947524986508057e+00 -6.481512584469538041e+00 -5.482113764367337438e+00 -4.482119374654512711e+00 -3.482417002997630462e+00 -2.481589548967100711e+00 -1.481179595670919724e+00 -4.821604273536124197e-01 5.177786641500077280e-01 1.518663279034864644e+00 2.518642715432415358e+00 3.517722076990375868e+00 4.517983897843132368e+00 5.517697698690659180e+00 6.518087706782587532e+00 7.517744398929842475e+00 8.517679876901873115e+00 9.518210075118313185e+00 1.051777402243829229e+01
-6.521141606526736467e+00 -9.044074613392346862e+00 -8.990939440109805503e+00 -8.165231353105843581e+00 -6.818327197004532714e+00 -1.186097147647888317e+00 -2.866708666538350769e+00 -3.214070738164131580e+00 1.555930318805623491e+00 -1.919040301914549218e+00 -2.127344719339403945e+00 -2.115121281996704461e+00 2.595729176422469919e-01 1.964947189309925513e+00 3.000439424195311400e+00 3.746826480311308494e+00 5.055600413392972392e+00 5.312198116434364792e+00 6.061151433012968326e+00 6.591873426794899515e+00 1.042781239941563420e+01 9.389470290129263930e+00
-1.048053626580678355e+01 -9.481985269622377643e+00 -8.482890977100893792e+00 -7.481680660085267220e+00 -6.481622813777491388e+00 -5.481668694452814350e+00 -4.482370509342715081e+00 -3.482436059550826357e+00 -2.482324896888306043e+00 -1.482256262139845404e+00 -4.824522124095551590e-01 5.177741213278164167e-01 1.517010287805021562e+00 2.517520950599131169e+00 3.518906013532102861e+00 4.519546405835573211e+00 5.520059214396892955e+00 6.516686873002468516e+00 7.520074637098732140e+00 8.517258094115678801e+00 9.517422930760803368e+00 1.051769043640655177e+01
-9.737003853166086742e+00 -7.227909746651636880e+00 -5.343092297117816969e+00 -3.790946669023963267e+00 -3.879142650618252475e+00 -4.104086473141914659e+00 -1.933477305149714054e+00 2.936322202221900435e-01 -3.489970005421953458e-01 3.834300216473278677e-01 -2.854871149360945548e+00 2.656994811695558845e+00 4.635965169998179647e+00 2.857534941418516716e+00 1.815222242526592478e+00 1.036759932374909265e+00 3.005724055365631475e+00 8.706550952997222481e+00 5.158146185173666076e+00 1.697692812220521486e+00 5.940739150597482698e+00 1.428859992238952659e+00
-1.048082556033670443e+01 -9.481222273951209090e+00 -8.482040973549523244e+00 -7.481712820177737200e+00 -6.481218548660912404e+00 -5.482089938765209780e+00 -4.482191758399647341e+00 -3.481158809905698703e+00 -2.482208492403655598e+00 -1.481914611702599416e+00 -4.811206927353612883e-01 5.174388269131906526e-01 1.517902871424510636e+00 2.518627820367166592e+00 3.518034552985982444e+00 4.517668573016479172e+00 5.517652517015292801e+00 6.517485735768625332e+00 7.517619980329827811e+00 8.517657643014743485e+00 9.517741171473815598e+00 1.051760013198311583e+01
-3.588808032974274198e+00 -2.811562120795847441e+00 -9.628065873088218041e+00 -5.104364214177916637e-01 -7.445431132611521896e+00 -6.759172472336880233e+00 -6.057135965555582757e+00 -4.972997934213726268e+00 -3.773102821932844630e+00 -3.088439848502428475e+00 -1.793622274953678541e+00 7.190252622575359354e+00 7.847385912353177506e-02 7.753409637237200780e-01 2.152430582054117636e+00 3.098294488650879863e+00 3.731139660605724551e+00 4.782163862766016571e+00 5.589489978678953364e+00 6.839713278226858151e+00 7.767813826636283281e+00 8.821387119045574821e+00
-1.047889507494186745e+01 -9.482090882279642585e+00 -8.482264048673890500e+00 -7.482815302231102805e+00 -6.482964075424439088e+00 -5.482355348088518099e+00 -4.483049533583894686e+00 -3.481916583397177689e+00 -2.480098954655892030e+00 -1.482730306007638887e+00 -4.825784184715953273e-01 5.202031961896196322e-01 1.517182671210981937e+00 2.517572455785488827e+00 3.519042842767460044e+00 4.517113634131177946e+00 5.517814838073473283e+00 6.518755578181957944e+00 7.516837232492195042e+00 8.520157404921267386e+00 9.517848619005903288e+00 1.051695539870045515e+01
-1.047923845526852205e+01 -9.481869106265623515e+00 -8.482096542688934093e+00 -7.482308765026688846e+00 -6.483182226392353087e+00 -5.483155150982470971e+00 -4.482247223230944044e+00 -3.482517157765974147e+00 -2.482896511527622252e+00 -1.480535288426013452e+00 -4.832489388910339301e-01 5.180812728675796563e-01 1.516814242032429760e+00 2.518009747293847411e+00 3.518409724262614446e+00 4.519897754219433850e+00 5.517788822677992755e+00 6.519060547378918713e+00 7.518663729456330103e+00 8.518917421725646477e+00 9.517481188205140441e+00 1.051789626005020217e+01
-1.048145315931603250e+01 -9.481198774142695740e+00 -8.481205867095422235e+00 -7.482161020352094738e+00 -6.481847455217073062e+00 -5.481825632466510001e+00 -4.481730812652550355e+00 -3.481801134957510868e+00 -2.481921614571037438e+00 -1.481870473785836140e+00 -4.814453958110398446e-01 5.177537450058853352e-01 1.518193511800332018e+00 2.517815141515292510e+00 3.518029815094033452e+00 4.517939420924939498e+00 5.518010432408614108e+00 6.517550254748620375e+00 7.517859628932045624e+00 8.517680613832038006e+00 9.517812094227830144e+00 1.051754202558234930e+01
-9.948251756933260026e+00 -1.135859624961982206e+01 -7.931986801427437506e+00 -6.648653646783468929e+00 -5.855205422992004749e+00 -4.741840040988309468e+00 -3.718488079318195805e+00 -2.800012563007152178e+00 -1.865120129657630521e+00 -1.175111674560796127e+00 -2.616530757023871612e-02 1.304525624998078781e+00 -5.915863897792452697e-01 3.128310598540295029e+00 3.563219543553571178e+00 2.528955317228235522e+00 5.724331238975363334e+00 6.763896094370575263e+00 7.403267320849266753e+00 8.576070509405361975e+00 9.598458625185768867e+00 8.467708533235255075e+00
-1.048174922269854648e+01 -9.481463705274192577e+00 -8.482092649760566871e+00 -7.481666565957421966e+00 -6.481940572234716313e+00 -5.481922828677031845e+00 -4.482145820829007477e+00 -3.481924989345408505e+00 -2.481816751035768931e+00 -1.482115064832289164e+00 -4.818823682990966972e-01 5.183348124000115575e-01 1.518309744921596760e+00 2.517893782732155472e+00 3.517863276329904920e+00 4.517930048433212775e+00 5.518137539652260060e+00 6.517718403515484482e+00 7.517975802448662037e+00 8.518312617120416874e+00 9.518139867958689493e+00 1.051782998713580142e+01
-1.056510598616885765e+01 -2.950597732809171703e+00 -1.032117519579502840e+01 -2.700567447551850186e+00 -1.838388660347458847e+00 1.306435487347123336e+00 1.139335949797461556e+00 1.498956802103715846e+00 -2.545016957974728822e+00 -9.292982975302668258e-01 -5.951827196036295620e-01 1.309360208865134045e-01 -2.561810345993710492e+00 9.580276300319330307e-01 3.172893115693592225e+00 1.532115553227001659e+00 3.389953064292059004e+00 5.849252768908139721e+00 6.484595536269583960e+00 8.953670701164745394e-01 2.173730954293434880e+00 6.873268734511898792e+00
-1.048127501356324842e+01 -9.482185064730304092e+00 -8.482042728838578682e+00 -7.482261462983755607e+00 -6.481492794034132032e+00 -5.481653294441356294e+00 -4.481860353526718299e+00 -3.481269604441791898e+00 -2.482243276116504305e+00 -1.482242255386969632e+00 -4.820270751687516508e-01 5.181602473286144317e-01 1.518191413107253140e+00 2.518090249123902780e+00 3.517723911526536185e+00 4.518411421301701481e+00 5.518466026606894559e+00 6.517538123848774845e+00 7.517569900575018949e+00 8.517756969752648288e+00 9.518424362960194784e+00 1.051794564080509531e+01
-1.048154494437300599e+01 -9.481002534654992431e+00 -8.482303875413798266e+00 -7.481286960569303091e+00 -6.481873500076194006e+00 -5.482405911115076691e+00 -4.481239835647006231e+00 -3.481351087716490156e+00 -2.482590909031289428e+00 -1.481650534001257569e+00 -4.822235730561281741e-01 5.188649120655952629e-01 1.517446001144978851e+00 2.518340301784604662e+00 3.518189323219388598e+00 4.517400366338817363e+00 5.517975446852776855e+00 6.518142622980207079e+00 7.517439750107861585e+00 8.517490324648946398e+00 9.518224802884194702e+00 1.051768515733155773e+01
-7.247482081574465163e+00 -1.178535593412829563e+01 -6.368555700407374509e+00 -6.091706249607563350e+00 -4.136030599487013681e+00 -2.991204270094070417e+00 -2.042530211991735456e+00 -5.034516725984856222e+00 -2.202553315531686984e+00 -1.602725301729462037e+00 -7.010465316588833096e-01 2.227125705963026281e+00 2.006623088863170423e+00 2.792736081989960706e+00 2.655349954715517491e+00 4.330153523176673680e+00 5.516967629234305726e+00 2.674480116863086288e+00 8.042967693486584579e+00 9.393840457037962111e+00 4.879831489380427989e+00 6.081356525188918560e+00
-1.048168152130455866e+01 -9.481984640725615421e+00 -8.481906011023285785e+00 -7.481547135182410102e+00 -6.481984618373870077e+00 -5.481774739243753913e+00 -4.481845106252215771e+00 -3.482144559987567334e+00 -2.481703899123427703e+00 -1.481524187394153813e+00 -4.819766313514826095e-01 5.181902355768563950e-01 1.517874230376708766e+00 2.518036079339015743e+00 3.517836001447665950e+00 4.517730337313638600e+00 5.517907385460368630e+00 6.518112336031421705e+00 7.518103320828906533e+00 8.518116072497591063e+00 9.517917898229583784e+00 1.051797449656509542e+01
-1.045378265332346501e+01 -1.000551924525424852e+01 -4.518538561635699224e+00 -3.464476282076259128e+00 -6.338896928585515234e+00 -5.756111545256817230e+00 -6.023386930677970597e+00 -4.179267487455053498e+00 2.838314927870664306e-01 2.287771476393321457e+00 -1.436819452023180954e+00 -1.331464900520066941e+00 7.924819846972549486e-01 1.854684486026980217e+00 6.991808591808728046e+00 3.367137931594413214e+00 4.340900839051350601e+00 4.888104675301728541e+00 5.723284224225174022e+00 7.022268687090928552e+00 7.780660486746723059e+00 8.573054454788838541e+00
-1.048194288597864698e+01 -9.482181848450133899e+00 -8.482364044948054627e+00 -7.482172080738992648e+00 -6.481327430768436315e+00 -5.480886326594786695e+00 -4.481898636980483630e+00 -3.481853024526078144e+00 -2.481365145607421496e+00 -1.482484230263667158e+00 -4.811806617812681708e-01 5.179863558574133720e-01 1.517897328869864282e+00 2.517548760907214245e+00 3.518216861919919225e+00 4.518068632618946978e+00 5.517702876166863390e+00 6.518296605484048101e+00 7.517571470276878998e+00 8.517785696820777019e+00 9.518382212655106756e+00 1.051792485876516814e+01
-7.672151726432483443e+00 -9.948256828836102628e+00 -3.670567201454800976e+00 -2.729708681708458595e+00 -7.138968593389278361e+00 -4.911916182972145606e+00 -4.264821379859925266e+00 -3.442152080731433195e+00 -3.506581082509530933e+00 -2.215873396958093267e+00 -1.793492666201212393e-01 -1.153999135261576381e+00 4.688066884557978042e+00 1.688538672163476306e+00 2.993264263270326797e+00 3.704289617459841644e+00 4.482028903496022565e+00 4.331833647530644704e+00 4.740940020150889112e+00 6.357671636082898203e+00 1.090176897440181136e+01 7.343668281324285729e+00
-1.048014097254380772e+01 -9.483374941755400300e+00 -8.483166593719596804e+00 -7.482542264867911186e+00 -6.478130865503418434e+00 -5.480600613762016238e+00 -4.483133483339438285e+00 -3.480916190553795531e+00 -2.482534784484968782e+00 -1.480536568571212186e+00 -4.830617789517681615e-01 5.169000740755720358e-01 1.519474055956711922e+00 2.516641076992858217e+00 3.516975965689532302e+00 4.516709190200682400e+00 5.517306518148298977e+00 6.519181516360154305e+00 7.519766997884630655e+00 8.516645353626120851e+00 9.516547914933077834e+00 1.051971573789011494e+01
-1.048182740739795094e+01 -9.482068463482626441e+00 -8.481980948962933198e+00 -7.481442957439218944e+00 -6.482116348364115765e+00 -5.481822720982796326e+00 -4.480885922231449214e+00 -3.482261299409648458e+00 -2.482221096076724365e+00 -1.481165408410793916e+00 -4.814721115610716140e-01 5.179568833925625171e-01 1.518505782566300866e+00 2.518024355850444707e+00 3.517874964258894011e+00 4.517795816741214665e+00 5.518085405907859453e+00 6.517530233345254942e+00 7.518237055025332793e+00 8.517574743113744518e+00 9.517611891708600780e+00 1.051779289611362422e+01
-4.808013700751989639e+00 -8.692258662114511480e+00 -4.220251592956849152e+00 -7.033904867792373672e+00 -6.927093278313227742e-01 -3.715423100440065074e+00 -1.585026308934936790e+00 8.976120443959136885e-01 3.667684753661156538e+00 1.159403479975719575e+00 9.660956963954527854e-01 -3.736233160486745142e+00 -2.007847257880510661e-01 3.235087505542511899e+00 -1.751202073079480392e+00 4.574036126745258279e+00 -1.581427436454731161e+00 2.695759907193137295e+00 5.375355981502133673e+00 4.670955818130716253e+00 6.437578474374523907e+00 4.735390512418749864e+00
-6.372033110989050897e+00 -5.161465737113165808e+00 -1.022448832109997596e+01 -5.671927711978927533e+00 -4.055175089242585962e+00 -3.762561679385067137e+00 -2.785230600162001746e+00 -1.512982866431986650e+00 -7.494771679313023682e-01 1.807223345979552143e+00 -1.828201218292179187e-01 -5.076335781657638435e+00 4.783871705005399377e+00 3.225344531911356505e+00 2.211310465210496901e+00 4.494002187300583984e+00 6.462560014002921349e+00 5.243363363820604306e+00 5.109581183136864269e-01 2.615544285887059672e+00 3.932644190338459467e+00 1.066540132375503269e+01
-1.048181863975802486e+01 -9.481822894039476424e+00 -8.482204624536372251e+00 -7.482163251462329967e+00 -6.481438876214346223e+00 -5.481675022366379935e+00 -4.482409783723694474e+00 -3.481776834550245781e+00 -2.481861845674844247e+00 -1.482060187580922062e+00 -4.821294854310558264e-01 5.187804092737611228e-01 1.518609358844418722e+00 2.517658068713799935e+00 3.518207504329339486e+00 4.517824618992468899e+00 5.518002494153638082e+00 6.517763315615312081e+00 7.517919494685797233e+00 8.517617105421683377e+00 9.517798199233672207e+00 1.051890621977772433e+01
-1.315782715553170945e+01 -7.992002114944727786e+00 -6.842198833016345461e+00 -6.296882192049449323e+00 -5.681996768031089218e+00 -4.569899637314073892e+00 -3.509791892696476623e+00 -2.240505013347997565e+00 -1.511466706796548154e+00 -4.807598314541992601e-01 4.884031606553578264e-01 7.942982214264026064e-01 4.498249098935088175e-01 3.045858889531066094e+00 2.591914396106317131e+00 1.208703961325679144e+00 2.607645401581958122e+00 6.892871403315727896e+00 6.131651121021637785e+00 9.530402930341949741e+00 9.927810799804221986e+00 9.011670293883005556e+00
-7.544734397585394881e+00 -6.682754466808582983e+00 -3.041123756255661892e+00 -1.020610771190016131e+01 -2.364503677017548267e+00 -2.586166928714341395e+00 -2.357575131055635875e+00 -4.619828882861232167e-01 2.704414482550181020e+00 5.403328695822565697e-01 -1.863804586061516222e+00 4.060004020051343865e+00 1.392837902271617523e+00 4.311871612325900216e+00 -8.816402259225717408e-01 -8.699470063127723307e-02 5.305780397167667140e+00 5.112945110718242425e+00 3.214824275835235223e+00 6.815165028234240197e-01 3.561667043749491945e+00 7.588919596867690132e+00
-1.048175257613711153e+01 -9.482175098562766635e+00 -8.482248948717645121e+00 -7.481580065394004109e+00 -6.481827819550563419e+00 -5.481058360839424992e+00 -4.481827879155209970e+00 -3.482454122806140973e+00 -2.481979364359906626e+00 -1.481362419033589006e+00 -4.823954420333560478e-01 5.177678448910061348e-01 1.518384037708692347e+00 2.518437979912214075e+00 3.517519353126941084e+00 4.518533280288631104e+00 5.518114460801538002e+00 6.518867461180143152e+00 7.517846686934889888e+00 8.517746834253719257e+00 9.517600855028085505e+00 1.051756864616816856e+01
-1.114401430810913496e+01 -8.638775399720220349e+00 -5.791652852482597424e+00 -7.156343937313755177e+00 -3.972326923406229504e+00 -2.757862471373589752e+00 -2.273017443103910296e+00 -2.663852470700308395e+00 4.499355482935738504e-01 -5.173000443637810974e+00 3.920265448192304381e-01 1.884295365361406516e+00 2.471523060939166072e+00 3.737662257729019721e+00 2.124205560110731916e+00 2.347253950551485779e+00 5.047164179052092692e+00 4.952929602656269914e+00 4.660527933435298920e+00 4.014358773981539841e+00 1.034259895657738682e+01 7.544089860044577378e+00
-1.048100311105904581e+01 -9.482250584120089698e+00 -8.482047883624378670e+00 -7.482151945883597222e+00 -6.482219314033326185e+00 -5.482110520655457009e+00 -4.481340354139145887e+00 -3.481774067336880663e+00 -2.482220640236675990e+00 -1.480962989682502950e+00 -4.818331727927436248e-01 5.180734788829557402e-01 1.517948964780023502e+00 2.517910028045818649e+00 3.517682084983038138e+00 4.518493587320492111e+00 5.518089363520786605e+00 6.518324161117723392e+00 7.517771834676912235e+00 8.517845222895783053e+00 9.517487073486492477e+00 1.051801412755792065e+01
-1.013801525042436680e+01 -8.150027774593096908e+00 -7.209480507600706467e+00 -5.005324868662993865e+00 -6.064582476739199812e+00 -2.978511446756753056e+00 -3.535081026561129214e+00 -6.274655752919937157e+00 -1.380531456192150896e+00 -5.154023470827117093e-01 -3.073628500996648860e+00 1.587163957408171289e+00 2.573872972185274666e+00 2.804966048807722601e+00 -5.055608917419376347e-01 3.964784864503652972e+00 6.165605603578009131e+00 3.746903303380294759e+00 7.647615363196695881e+00 1.035427840778417519e+01 8.864553955472976199e+00 7.518783167658892985e+00
-1.048132432048964091e+01 -9.481677910143664789e+00 -8.481923011893561792e+00 -7.481449095362968649e+00 -6.482164693826957702e+00 -5.481608999723732722e+00 -4.481781897897057831e+00 -3.481811119074171401e+00 -2.481485498899742126e+00 -1.481712067330413163e+00 -4.818728620355710035e-01 5.177417231554404253e-01 1.517821209674542260e+00 2.517934603785931813e+00 3.518040785735310649e+00 4.517949422990740871e+00 5.518129425292675805e+00 6.517584363167948425e+00 7.517546506767933678e+00 8.517973506992527533e+00 9.517940769141379320e+00 1.051787450367754673e+01
-1.048171093416481625e+01 -9.482053415003138142e+00 -8.481870473447159497e+00 -7.482090347531174856e+00 -6.482164827260083584e+00 -5.481432826342901521e+00 -4.481639304282969860e+00 -3.481858619573440450e+00 -2.481913828375651221e+00 -1.481534586372687201e+00 -4.819898690012305309e-01 5.180410024794745993e-01 1.517837117341441555e+00 2.517868674275552721e+00 3.518347526815809090e+00 4.517993918535388786e+00 5.518098107454459722e+00 6.518131169405855019e+00 7.517955898222609790e+00 8.517879712310708840e+00 9.517865798351444084e+00 1.051796544986692794e+01
-8.694568248858210779e+00 -6.905153315233518718e+00 -5.924492874047228241e+00 -1.125931885162132318e+01 -4.875577696061076161e+00 -2.648805692290743252e+00 -1.926595555287098360e+00 8.158318161675568447e-01 8.349162423840414959e-01 1.416044833180992946e+00 1.822127562336073092e+00 5.559487737567705423e-01 1.039196257900862452e+00 -1.079558864938002571e+00 5.182810704980855832e+00 4.580891869517563997e+00 1.458214747619368978e+00 7.021505190355274983e+00 8.274909290863035949e+00 1.472327785805028988e+00 4.095281251493354091e+00 5.141790115680636042e+00
-1.278794021936288416e+01 -4.658030472220453078e+00 -5.025590219823190097e+00 -6.961790461900358551e+00 -5.729395818361944670e+00 -1.260561077775794292e+00 -4.598339398094906549e+00 -2.492335561521029419e+00 -1.634031607543978915e+00 -2.427885744987241967e+00 -7.110729660159881282e-02 6.313150485391658684e-01 1.617564649430032420e+00 2.697453602245470705e+00 2.743696857682624834e-01 7.338489524978003331e+00 8.095512014988717198e+00 5.261310991358852718e+00 4.286669303534965891e+00 4.733955272370395484e+00 6.157598416141866871e+00 6.950494712541878783e+00
-1.048157943277193738e+01 -9.480933810160911079e+00 -8.482260594652455410e+00 -7.482296499000367973e+00 -6.481254527853288039e+00 -5.481249573217203519e+00 -4.481873633847994753e+00 -3.482314082370571384e+00 -2.481062347577351446e+00 -1.481127987192435214e+00 -4.820638173683118310e-01 5.180488726632166419e-01 1.518076365305621067e+00 2.517723245038231639e+00 3.517441285266118101e+00 4.517479558898642722e+00 5.518275191499428800e+00 6.517638211561877171e+00 7.518154238774018339e+00 8.517847125841814915e+00 9.517495577646929661e+00 1.051756197722120767e+01
-1.053827482346857458e+01 -5.537000782446584779e+00 -1.053274224574463425e+01 -4.733524411077373983e+00 -3.041862076155780858e+00 -2.990789078336060669e+00 -1.159210906178554712e+00 -2.520350117852656169e+00 -1.649218696890930591e+00 -3.704370883235982959e+00 1.258805099234274305e+00 1.736648957853789421e-01 1.547277868950477364e+00 4.031339343926944707e+00 4.289450991802894464e+00 1.958259437348013110e+00 6.096201605689348213e+00 1.352811969452765162e+00 5.400506126301809928e+00 3.568989608315610962e+00 7.325915253330026466e+00 9.801847164953821689e+00
-1.048168043148790929e+01 -9.482814044776283424e+00 -8.479956233027303725e+00 -7.482821249487738413e+00 -6.482726954939685982e+00 -5.482980863275852101e+00 -4.479752578857262080e+00 -3.479638793590398294e+00 -2.482798137786710768e+00 -1.482795515182345980e+00 -4.822087521580229463e-01 5.201027606698502836e-01 1.517803675410418052e+00 2.518018140372893399e+00 3.517958692190317649e+00 4.517364605245257181e+00 5.517106926915310794e+00 6.517852700230736929e+00 7.519854760644106406e+00 8.517415261742737442e+00 9.517241409895087045e+00 1.051717996495690066e+01
-1.048153214055027860e+01 -9.481887898323204666e+00 -8.482220827517183537e+00 -7.481539576229732091e+00 -6.481801732358599466e+00 -5.482417746362369115e+00 -4.482361926612522751e+00 -3.482540308413184960e+00 -2.480980432507655209e+00 -1.482159911570221311e+00 -4.822225411507190529e-01 5.183067182925604754e-01 1.518478707495065194e+00 2.519291327419605153e+00 3.517766044559801131e+00 4.517475665631620174e+00 5.518278748812999623e+00 6.518474356355991262e+00 7.517715827646584970e+00 8.518190712752666371e+00 9.517765999856319326e+00 1.051764627647670736e+01
-7.531929225038025422e+00 -1.327006304035140616e+01 -6.232785346164836149e+00 -7.320199370602931133e+00 -4.403061407657140158e+00 -4.747778987880006518e+00 -4.198088551480798181e+00 -5.265100426955495738e-01 1.560959375140542615e-01 3.148327166274814459e+00 -4.227930990175693404e-01 -1.799889884997424749e+00 1.929676443749558934e-01 2.716810969897623274e+00 5.542572227160818876e+00 4.839283639786584601e+00 5.463643605400102743e+00 3.074372116785624165e+00 6.333378891870334648e+00 7.995958925604775835e+00 5.003665430751097709e+00 6.383747744169118832e+00
-1.048142673921861245e+01 -9.481957317414607900e+00 -8.481923029842709738e+00 -7.481763334098216589e+00 -6.481945254924616151e+00 -5.482071367177111298e+00 -4.481879667463635641e+00 -3.481696610423670180e+00 -2.482137859883629005e+00 -1.481561900201176840e+00 -4.819466332820407928e-01 5.180453275414933501e-01 1.518223128196858340e+00 2.517967848953862386e+00 3.517989060756823605e+00 4.518062352118157321e+00 5.517869650301596707e+00 6.518208353695532864e+00 7.517959832129143649e+00 8.517866722223420339e+00 9.517903028902672702e+00 1.051793975281443672e+01
-1.103481059822443733e+01 -4.332264700898686094e+00 -1.577166174627329776e+00 -6.169069944877754175e+00 -8.924723140815903344e-01 -2.203267466462625723e+00 -9.931733430716198352e-02 -2.879370046600364663e+00 -3.176495119852407178e+00 3.939934726833261291e-01 -2.745661073460510249e+00 -2.875717927807533783e-03 1.007730472740571148e+00 1.211518264413634638e+00 3.922151395370426230e-01 8.165458365998851775e+00 4.681366459318879514e+00 1.017391245927173449e+00 3.549020558007502935e+00 1.837150239087969039e+00 7.051592998821352154e+00 6.203058618488594078e+00
-1.286338710164555188e+01 -8.464469332815021119e+00 -3.247511884394607584e+00 -7.015509261126741336e+00 -6.387172372342100779e+00 -1.031308445605758184e+00 -7.535731784710191228e-01 -3.251211857602723576e+00 -1.932261684988199057e+00 -7.170941851577716797e-01 2.810669407678831000e+00 1.271913431955369767e+00 1.436063627731881231e+00 2.192086163306000479e+00 8.869648735301693954e-01 3.789872534345080091e+00 4.798005879348773206e+00 6.278476121648187025e+00 3.382409806780112493e+00 7.634551296948546728e+00 5.608588443368009102e+00 5.971623061212747885e+00
-1.048136361535970451e+01 -9.481861790980786964e+00 -8.481625667180512806e+00 -7.481347596611485073e+00 -6.482085632498948868e+00 -5.481988454576232073e+00 -4.481813354756340573e+00 -3.482045704837547717e+00 -2.481494939293350299e+00 -1.481510484929771110e+00 -4.820277303118487566e-01 5.181010902266685036e-01 1.517789618704810550e+00 2.518242815170779636e+00 3.518189625475905302e+00 4.517690406773587242e+00 5.518359219316742781e+00 6.517766723070639756e+00 7.517859691415335277e+00 8.517675811086196092e+00 9.517612883482478026e+00 1.051760243031789344e+01
-7.611374129018103396e+00 -8.015610918217232594e+00 -2.842536095802084439e+00 3.666566961583450635e-01 -7.304353193683168932e+00 2.682044902592388702e+00 -5.186640535907161897e+00 -5.009026233534286554e+00 -2.285603118195370431e+00 3.916632277156707476e-01 2.236269603121689986e+00 -7.966486614910416320e-01 -4.389995514597606618e-01 9.762579285467909429e-01 -7.235586531688329437e-01 3.275622364196721037e+00 1.978014791923412563e+00 5.242444089858567580e+00 6.115756225574566329e+00 4.431085503610966647e+00 5.097133472617328742e+00 7.819127628264832097e+00
-1.292970568217574900e+01 -7.377092106685080530e+00 -4.451375356562288665e+00 -5.991592344743677856e+00 -2.842909280486663803e+00 -1.946780136278280615e+00 6.986793510005826491e-01 1.564397824755985322e+00 -2.515229076987309575e+00 1.247874636495786893e+00 1.873992379542309683e+00 4.844788116524586741e+00 3.278625896598665435e+00 2.313750656212489432e+00 -1.882272668457585008e+00 -4.366442304270412578e-02 3.836442448806536731e+00 5.117650379019490714e+00 1.736894142367143345e+00 4.316134780143180194e+00 3.364184540375832810e+00 6.184931267280973088e+00
-1.048245714604851031e+01 -9.481818728148923014e+00 -8.479884602129438065e+00 -7.481449238955985237e+00 -6.482550017535665177e+00 -5.481986850500103259e+00 -4.482927992939938378e+00 -3.482730112969873559e+00 -2.482644237577893875e+00 -1.479924477636807012e+00 -4.800109863281232236e-01 5.170982033014315249e-01 1.519709996879102576e+00 2.517683483660222876e+00 3.517806291580203748e+00 4.517046101391319013e+00 5.519695781171325422e+00 6.517490804195402276e+00 7.517692320048823262e+00 8.517277047038083637e+00 9.517422683537006378e+00 1.051718702167273456e+01
-1.048160122402684635e+01 -9.481670082292751545e+00 -8.482178174636560541e+00 -7.481682591817593320e+00 -6.481264144859505194e+00 -5.481554650447575838e+00 -4.482227802953920204e+00 -3.482067734680388327e+00 -2.481973723254405684e+00 -1.481776282868592531e+00 -4.818186021663866114e-01 5.178432159803190160e-01 1.517915352501660209e+00 2.517699956216594259e+00 3.517936653711585038e+00 4.517583593048840385e+00 5.518201827325611930e+00 6.517698928036473660e+00 7.517866968431269115e+00 8.518261528827931528e+00 9.518268100240016238e+00 1.051826423338868821e+01
-1.048161773925474449e+01 -9.481703175062470734e+00 -8.481463244015511549e+00 -7.481893179768873026e+00 -6.481777829880046582e+00 -5.481743438000014734e+00 -4.481078518385237075e+00 -3.482154717499556185e+00 -2.482134399766247057e+00 -1.481814367527304555e+00 -4.817696193402447591e-01 5.178412815386614909e-01 1.518311159854587089e+00 2.517819749360732828e+00 3.518189089542087089e+00 4.518228577619252562e+00 5.518151523714722728e+00 6.517703356390649461e+00 7.517724463885484099e+00 8.517515534704381608e+00 9.517470868473704826e+00 1.051791996712034383e+01
-3.963907955309985631e+00 -9.039701871923561782e+00 -4.715683844705035987e+00 -7.359305403171276794e+00 -2.938994082518853190e+00 -1.740278038167435426e+00 -3.459620554342589749e+00 -6.535503276222913271e+00 2.694374033185891193e+00 -2.422956393523239882e+00 -1.799004603347809983e+00 -3.308292908833178059e-01 -1.395092538462998411e+00 7.315772014954422531e+00 3.453920984504740055e+00 3.088848327098987046e+00 2.043929814895039776e+00 6.458561939852510037e+00 2.955537697911120087e+00 5.663948717784121456e+00 6.371447832274330203e+00 6.052261833822067061e+00
