5.591314296867614386e-01
6.598123463492636676e-01
2.591113873215250774e+00
7.304039157160524542e-01
1.750868914420640854e+00
2.590490965756047537e+00
1.547446717437380714e+00
1.226624849578082266e+00
1.169370694388082388e+00
1.981685258633674396e+00
1.205216207392606931e+00
9.270762803640597571e-01
1.608749301112759822e+00
1.604114140663318810e+00
8.660543536371734241e-01
1.235072849316317889e+00
2.654256145087042551e+00
4.257593509779642460e+00
9.740831594954714179e-01
1.849029675439413989e+00
3.874158687513181043e+00
1.349991303829348288e+00
8.451213748427768291e-01
3.602060862737101132e+00
1.049292286844490718e+00
7.204698841796419728e-01
9.570806021277987741e-01
2.363698766505746729e+00
1.349493039061039124e+00
3.215235811060667359e+00
2.060978799363309300e+00
1.226512943052041171e+00
1.166558003192829984e+00
1.432168286129740009e+00
1.600765475940220339e+00
1.455245321866355912e+00
1.546989894315953018e+00
1.185123283374357683e+00
8.467936882889143257e-01
9.267590727030300402e-01
1.201154356570638626e+00
1.412866907996617849e+00
2.966726496244835420e+00
5.613991172267293051e-01
1.801600867960303942e+00
1.435172691000189182e+00
5.351838436288756107e-01
1.206370405487292574e+00
4.848973475573980507e-01
1.052891817845782896e+00
