2.979052345205264629e+01
2.978989311905966275e+01
2.979062847607461606e+01
2.238059093745454575e+01
2.979044380191071184e+01
1.790865995959751444e+01
2.979084985230854699e+01
1.362956215231514001e+01
2.978994356972803814e+01
2.109452898790923570e+01
2.978989695073569521e+01
2.979037252146401826e+01
2.979031506653797479e+01
1.809594225786504751e+01
1.538867848848216191e+01
2.413390182807837903e+01
2.978980259701244293e+01
2.586948277784568972e+01
2.400600223244468623e+01
2.978994194418327623e+01
2.979138484253737573e+01
1.732978317735088325e+01
2.402965292195332125e+01
2.978954829690298567e+01
2.978905720548928926e+01
2.978800826716244288e+01
2.978843303775506968e+01
2.978950057764451387e+01
2.220396995329398848e+01
2.979034027814408603e+01
2.543387566650788756e+01
2.978951957146995611e+01
2.175277629278669167e+01
2.978965205179311226e+01
2.978875934527138725e+01
2.978961863290445677e+01
2.978921714290031986e+01
1.940246453917607283e+01
2.978923399116007431e+01
2.712206708075530059e+01
2.979104791552565956e+01
2.661161459594781675e+01
1.672288187908144508e+01
2.979053034407991518e+01
2.979056058461659262e+01
2.979069640978035949e+01
2.562922555998620666e+01
2.260324757098013748e+01
2.449193547532111381e+01
2.978828106140721843e+01
