2.980173746993566652e+01
2.979907522413250121e+01
2.980141338132995088e+01
2.980032962889144343e+01
2.980182107446611539e+01
1.527994898327726325e+01
2.979916894255655535e+01
2.007877778448836281e+01
2.867625102497455813e+01
2.529673005178163692e+01
2.980322291201876439e+01
2.979941934103469592e+01
2.980353121421728702e+01
2.980004761622380371e+01
2.301908859426765019e+01
2.980288838885288172e+01
1.504288539563724214e+01
2.980135690218139999e+01
2.980199452234070634e+01
2.980247402918910637e+01
2.980063377215134324e+01
2.980429821074167052e+01
2.980143943366447346e+01
1.881409539493948202e+01
2.424517352122069269e+01
2.980253572234975934e+01
2.980286902556451523e+01
2.980144295015583111e+01
2.980088806428519987e+01
2.980310518370312423e+01
2.980418058996469810e+01
2.722678740028107214e+01
2.222443166373778922e+01
2.980305985463028762e+01
2.980311213485965638e+01
1.367758744279660910e+01
2.034426945088261363e+01
2.762827346235262027e+01
2.980095387487546077e+01
2.626796014627424825e+01
2.980144320243516987e+01
1.666156539144354554e+01
2.980193138759560512e+01
1.970041576223630742e+01
2.174238548279171468e+01
2.980182580297591244e+01
2.659348193581791264e+01
2.121344043763885168e+01
2.980168980458881478e+01
2.980349495728289355e+01
